1150893
1880033
6565339
5681253
9386589
1544093
7333943
9914791
168183799
6087029
1604163
9980541
8598491
3728131
9024057
3476329
5516433
7545063
9028773
9529359
2666351
8256437
6284957
9695849
3238873
6038301
1697591
117455471
8105051
2764357
4688683
9063863
6215009
3332871
1209671
7189509
4018197
9801581
262871
765379
5254141
3082063
2369491
607759
9889043
5109539
466479
3626671
9532137
6810983
3311143
4828473
9605127
5354193
7017829
6912101
3308653
2854897
2954269
3518269
1018667
7482671
2524811
9165749
7014731
3802661
1338933
6366411
7117847
5460879
3046329
250341
4321997
7376867
3430373
7428099
6868359
8611413
8380549
8463711
5676461
5959311
2689959
7118701
6598711
9700719
9348123
452299
7839803
8651133
232191
2422831
2994833
2494647
8459239
45150183
5848197
4297527
562467
7713379
5312979
5612613
9104149
7508841
660173
6656487
9495319
9869317
9777933
1701497
7727573
4001947
3407117
8702509
3361091
4161849
7498843
1065781
2931379
661067
4401559
9835979
5997917
4695721
1434893
753423
4962371
8135703
1276201
3365997
2630703
9332587
3734959
4623873
7640371
7275547
253191
3481043
7250037
119869
9949043
3066069
5269461
9908761
9210499
7971441
6190519
6524631
3169907
3725603
4913349
6115893
1001521
4566843
3825749
9878377
2107037
2894531
6504957
8084161
1496863
6640157
2928651
6875547
3408501
9490013
6276171
9229837
4889751
3590149
4900003
1787253
6103083
1583171
4171403
9255689
2505673
6583181
6980219
8723379
3071961
4460153
3703029
9485893
4380281
8933201
2121137
9477473
4326863
3832147
4367229
8111657
8845903
2197709
9536139
8567211
8084113
655971
3695827
1026443
104802909
8425023
155247
703667
8164923
8324773
7508547
1799587
1687171
9296521
762887
5962439
6997427
1487627
2445663
9474167
6619411
1635117
2582843
5818153
6895221
2220013
1621607
1192181
2442819
8806889
5477961
8962223
6976611
3947769
7871779
2086081
158276919
9464309
2265301
3209429
7901571
3820407
157017
9351531
4580879
8509521
9632229
6426583
8459821
8868411
6160591
4608697
173167209
4216481
4950051
8660353
8946979
6317611
218417
2524549
132353143
202077
7994233
1000101
2978491
9174757
81579
1001619
7093061
9955681
9669111
740491
4365273
3928383
8924363
586131
4616769
2026749
5518239
8488893
328671
7961879
7172079
1080659
720023
3133881
4876469
1425511
550713
5479847
4391481
816399
8953437
5834123
6101049
309907
580523
6265073
4594419
4970213
5589869
638159
5699843
4885413
4770429
5816329
6186201
8537883
5371601
9108573
6130347
8464899
1212573
7592413
993221
2769199
6503337
3804151
8765309
6995289
4619511
2081757
5459257
1879159
89093681
3107683
1203311
7319137
5159061
911031
9369247
7774991
5545353
6607253
7002161
3341713
166635893
3440523
8564087
5961609
3688363
6096357
9026973
5291317
5898617
5549513
3457897
2234961
7917599
4352971
9199029
8043999
9978103
7411919
6583949
2333581
1115163
9798547
1773633
3014013
7475933
166083
7611587
323671
4100283
263699
1169151
7147587
2699029
4793119
9256963
8241491
5775989
7838469
5480141
1094293
1414121
2784097
3459149
9510371
4532061
2387867
4376257
6720609
4264131
4787599
340051
2969727
6062571
1814001
7494807
6191857
765187
6488433
9159241
5538081
551917
1380591
743839
2185117
3309593
3225867
2520943
9732523
4838859
46075657
3551057
9771999
2560483
324179
9397259
1075481
739657
3931361
4025953
8697557
5493667
2935111
9418361
1420941
110041677
850341
8640163
8738743
1125291
1252771
36112147
4501393
9106879
8102253
3343947
865311
8528727
87812579
2035957
4560831
7726407
5021709
453767
4910479
5489267
8351439
3215823
1902427
2333727
7359621
7621221
6610931
6541979
8753133
222501
3872953
6426803
5217749
7557281
7431007
2165481
9362711
7330767
8137969
2232611
7781057
3972219
468119
428589
8229223
4965399
6647623
6113051
5901507
1416703
83291593
9836851
47871089
7276369
6444219
7450451
3955941
2663703
4278697
5472151
4567917
9588539
8428441
168243
1663369
5567433
6664467
5563661
1033519
92824257
7432861
3133477
3273219
2399899
3483599
8611013
2034279
5157139
4198217
6264263
1861871
5314159
4344931
5315721
8994179
1689573
266559
4225187
3089233
2937747
46727
6759487
483079
117003717
4461587
830487
6570033
9040911
7932551
6597511
6379809
3065063
9178401
3216521
2530103
150409
6464769
7945441
5414887
8455887
3934327
4672263
1037339
788211
1952051
9243111
276237
2613793
2297787
6001769
5480297
9937509
1478217
7373617
5566487
1921823
5495947
5189611
4892467
5726897
9439603
8385151
168271
5210369
220279
9523381
346601
2321137
3598829
689769
5380651
7551463
8289357
308579
8239383
1989161
9286781
1908637
925709
9713643
7289659
8180251
2904969
7297503
3924063
2075643
722827
1581319
1790423
2447069
2982311
8509821
3919071
6084887
3731981
5802913
1036217
9238559
7765409
2377411
3542929
6054219
2884449
9921327
3603077
4727757
1779989
438741
1564243
2829221
9532519
5239241
7153481
8200403
6844579
6318223
6876489
1887561
4521289
3454633
496977
9290283
5194401
36206871
8856207
9656967
8038737
3003479
7070603
4252187
4761927
110205657
6666209
4058739
6118799
7702321
9938139
170342109
9122277
4700081
3266501
1083219
7234667
5257051
5296933
6493173
9417069
4210947
4315213
2028737
117217
4560273
4578331
6763367
4309619
8902021
1304939
8032447
5637491
8659977
3776241
3925111
1878321
208097
4934391
8068653
690197
2969593
596877
9208079
1023031
3755161
1587957
7015129
5991961
191503903
4308683
7170921
4860097
4311437
7511431
8230423
5723481
9711357
1331693
2178401
5001833
2749599
3115843
3325601
924699
5607509
1556021
6648163
115431
119703
4956633
62521
9785009
2134347
2220447
8430801
6962001
6897659
5572721
9697677
1896189
7883663
309331
692691
5224157
5607093
5773079
9675073
5223647
2005413
1586489
5376141
5359593
74027
7995103
8130037
2257741
6056637
54957651
3150809
8391187
2470649
3753249
7659867
7224017
5359619
3387787
7719117
2918217
8647721
7498723
5396993
8498023
5502129
1397393
5542277
1536103
2441771
4497269
908399
6435343
7087147
2347017
14374291
5595813
368661
4944363
9608097
6688071
2451477
7328629
166417061
6224953
6147353
398941
6083513
1276809
1516483
4607763
7939301
4022199
2670159
9083051
1184927
3297359
8500623
454893
206659
6308637
6287967
9392701
8440407
6203369
9110647
5118381
7024457
6839783
4208897
2232607
4769993
1721373
5249957
2739383
7743637
4201689
8939429
8099341
8369651
9963127
9423079
7337233
64914661
73884801
163812793
2857127
7963091
7757501
8855299
746593
9107231
8722897
9202457
3866691
6678301
8937483
2453273
3502439
2611547
4347341
1951439
5324467
6128671
4528461
8835957
7981273
