9144777
3584301
2124843
414039
657777
2255713
5473641
8284997
8367673
6188739
145449267
5745197
1452227
9176141
7180901
9045283
7021889
5524509
693569
3539051
1032581
6925813
8309121
1595009
1879231
9549041
6199487
3040423
4339323
3807687
5609853
100503519
8531053
4292487
4379351
4184589
1363627
9580299
5651739
8271147
14133781
3036523
7923413
9993641
22359623
7205019
3173223
984291
6452811
342807
1973033
1969919
3709041
49148619
9576579
9562113
4023893
1082443
1438249
6304233
3330091
182715169
5718793
6775033
1767879
1021433
2803139
7011213
6135071
4195831
119957891
1298973
7082737
6804613
5616003
6749139
8530169
2987567
1662069
1129013
1447289
6749749
3383301
7847653
5869109
8766449
2969741
1823201
7794187
3404517
142809
1759891
8518063
8209297
1057937
1453693
80076319
3976639
7347577
6000843
26906143
8937199
2969563
9368703
6989723
3376517
3692771
7869169
9871161
4699393
3743609
1131803
9025839
7957751
7504251
6946999
91469489
2251891
8027899
48419609
7956757
6116407
2255807
2290089
2454917
8396709
8868977
1867731
9909007
2485559
6482679
6242677
6028769
36261847
264851
7616363
352237
360043
1215001
1601059
1882839
7204399
9745421
63829901
4654951
8590227
2254721
64951
5525419
1842519
4316963
7761497
3294363
6727457
8102709
3586639
2885541
3882497
8348763
1509643
8904127
1314563
2480283
8741401
1641661
3780851
2368421
4804009
1889787
4684401
8525731
5867511
2276461
2937431
1425709
2390927
983793
8921047
5421387
2307263
1949187
1407291
2720573
6284989
132011757
360959
2287437
9648123
3798209
1464199
422021
82056671
6704951
4017749
134633
9436637
2670637
7507877
7223443
1800679
6877199
6398041
6901723
9217797
731983
5626877
7775869
6387629
83584043
4061543
3867373
6440101
2528601
8992457
1197891
9859083
9575297
1665069
8970401
7770237
1747673
4544773
879187
5061873
9575571
1916383
8832623
1165997
3150931
3157341
7851197
9609907
8227857
6007327
317601
2703787
9590679
2705087
4593911
5540567
5197483
9080607
6797361
8155729
4022239
6512309
4515707
5039269
9676653
3329757
1620953
2465477
5904601
3999863
9423779
8425933
1351853
3060569
4475181
1759911
5084217
4020143
3161851
1204707
2025779
294239
395029
5104347
9292581
7942133
369099
47716777
4857089
4624957
7316307
1124727
9468491
4686017
4473271
2813463
5618639
1037417
9756713
1030407
5048469
5562449
769767
1608889
7330811
8323533
7957561
5291889
6076041
3867853
25844401
2558291
5487391
3580511
8075777
3603977
735101
1212311
1128133
6821307
486811
8293951
4082673
396887
3221627
199680023
4062121
5080153
8829023
8653961
9143871
5323697
8148749
6908791
6177621
1238459
701821
2598939
9213081
6452423
3433153
212343
1782377
3379857
9789801
132516569
6103763
5633281
6095853
1640511
8214279
3898631
1684389
7641099
58479
7389541
168676393
8259167
1011927
5681647
3816611
5748517
5446199
9003723
5951101
143803
5900323
4868303
6859939
7465653
7825733
3154097
7189467
2032791
2346147
3136767
7802499
69971
3992307
2176209
2991253
1343823
2085789
5031001
6732871
883521
5695489
5187627
3272369
9602687
4786763
2510001
9930697
3855041
173213
1497377
2009231
9193797
5456641
4134207
7750389
2866069
634447
2086031
3129167
1742359
2897223
1808277
6434427
5252379
5199809
198561
159122209
8746487
2503437
5772757
3964849
9780293
9238671
8181667
3225567
9343501
9075219
9991331
4724149
5744181
2198587
2827363
8201997
7868871
6208933
5911307
1244201
2099791
3118403
9346389
4984253
8884597
1177851
9479441
7449069
4073741
4105197
8693381
8675931
2109601
6646963
1105869
5652587
3344363
7550349
957613
1168211
8982801
1210191
6914659
1652039
3924871
555007
9446229
2347359
6712743
8953583
9576067
507317
4856977
160360887
1792083
1029473
2822857
3010083
507847
2181407
4247611
6574099
9086159
224199
1649819
5406689
8491491
579499
3443047
741711
1063679
2016077
9638099
3866289
4637173
596797
5253881
1528503
7676903
1482671
6619311
4737837
6856109
3532039
5415673
4602219
3586649
4525557
7644031
9195309
4497043
6776203
504627
4860267
3650911
941027
3663569
59163827
3775533
2192783
3742463
6245437
1527757
1026073
9107111
4334563
6313051
1059793
2460213
2224339
7768297
4941683
5023413
906451
3652733
5867171
3134533
5063023
6291827
9640553
2576549
5388637
2511331
6004139
8327683
761779
5418739
3758051
1641349
5195609
9664081
6697523
112307119
3399737
504111
6830301
6072199
6971669
7412981
1395877
9593231
1123761
1142017
3287391
181307429
1832419
5832691
20084051
2992557
8070823
8945697
3666873
9945581
6746251
7405119
9214351
3613123
3546343
8263747
2288879
1731
6036763
6977897
803389
8205319
152133
5641387
8212843
7961421
5168149
1071789
5021621
2481489
9543119
1483753
6209849
2253717
96909797
3285963
5432669
9677453
2034121
4561709
7668011
7333957
6548127
656289
8445163
3873079
3643321
7024547
2821903
111800639
2986349
7871817
709563
4609809
8920903
4226823
5752899
2194661
2849173
1808617
2377083
3032507
8119937
3335247
2555993
7304907
7175143
3451167
2069453
3123429
2844179
7299881
3272781
4261183
7812043
4115887
821949
4660603
2610629
5391621
2918731
7598691
974497
2561117
792137
3273573
3334349
9713567
858783
8185947
7775337
6168883
7248157
141407487
9019229
3709819
8836063
9587343
2632289
4344733
1861133
6287323
6779929
3396097
2392881
5919907
3877601
2315337
2610861
631651
5972421
4820713
7384667
6905499
7459063
5349729
5949523
6316451
3779899
7150873
692143
514563
6517259
9470127
8309539
8622191
1642847
7637771
2153911
7606973
43498337
4305403
5839333
8413391
6430117
3129527
4074477
2586689
4974263
8914609
8018697
6950081
9792441
8945827
845961
7302991
3107419
8799767
5164723
3628801
533627
108892411
1662757
7773727
5299367
9930501
2921579
456383
7720331
3896957
8388681
9626013
3455207
190544809
8126867
1752213
4870391
8984703
1270941
929193
1905987
624049
5455607
7248971
4310821
8321917
5627957
6778611
8274517
51077
7318313
1474857
1072937
5815447
665411
111029
4594781
7393599
5347309
7204983
9847039
6362287
8965681
5216691
4010101
70835251
128289423
4487281
3016703
3864171
8519319
4724923
4176743
4444231
3213997
5290491
7281503
1507809
8475569
1218457
7341651
1919597
985331
7457881
1794877
7703201
8538721
3993003
7739727
4380779
5108513
125772873
2139279
4750487
105637651
5450181
9260037
285951
4392343
187017113
2606173
1043763
5704109
5332099
5678067
9492371
