682451
8052437
8200521
7154197
462851
2494893
6563363
8875129
9325021
9490909
6621243
57046811
2565713
3729861
4453647
169813173
1950963
6680373
7702427
3328051
8667011
8297283
9872433
55501
6891199
5190007
5995981
6369433
148383
151766327
2642871
942897
947969
6310269
2677611
8657623
6274323
148250091
6660789
1532181
573801
1362493
8435237
351213
3909891
9528637
1752417
635323
9398329
9716679
9386917
453363
23754941
3524137
9900523
8672313
2418717
5993207
9280281
7839563
2937203
6807659
3473903
3903569
6408017
9148171
9921797
5090959
9809629
3325871
1752371
6461957
3399629
9660447
5617943
7626973
569377
3578303
5344779
5846377
9430747
1996537
6858169
3625129
1152981
1160719
3454453
5531933
3820789
9020729
6215197
590381
1930253
8883771
3168077
8696431
188431361
4294631
6174007
7169317
8580069
6115639
8053117
2727391
3452187
4750373
1085981
1032313
8240287
7401341
9117317
3801413
951567
1294317
2702181
9815681
8777989
2989257
8164089
4170583
3896691
9020069
4672231
3056389
5895247
8829427
1513597
290247
7664607
7973141
437163
8686101
2304059
8659397
1902733
9166831
5682333
3139557
9502663
1384187
1138309
693841
2580909
9591559
2157577
2841367
6319001
6836687
2365811
2652547
4736489
1779439
7389949
8364877
2425289
7577837
8881841
4961289
9410869
2923309
6961063
5918107
6027333
1082681
6530219
9660347
6489579
170202359
7910309
287569
1781223
2642933
9601109
7688097
2925253
8734871
143657
8020299
4065449
6896707
5632623
154389
9451939
2014017
9914163
7984301
1442343
226389
9284427
9386349
5893203
57541
8566199
2511263
9140131
4307263
81031911
7519351
6012597
3239869
4059241
220739
6544603
4711063
940817
2855157
3597003
5290069
6555887
1961401
9694893
8216487
4975943
193149
2362109
6205129
6885517
2213271
1269131
5692157
2708521
1316001
4593483
4763389
9660791
532359
1440947
2186797
2029637
727641
7471217
1944811
232923
1105019
8568109
1512497
5711267
31149
355849
4261777
643501
8420787
3723791
2296317
3275191
4554147
4016143
5240271
6202113
1930881
1061063
6743183
9872007
1319011
686159
215933
5791139
1237099
2260373
3757583
169053751
5131711
9374327
8898787
5026489
7247759
3677477
9329361
5920563
5430887
8011881
3998223
2105607
7046229
7879801
5789297
3759353
4059959
1708267
7142699
8204331
8648617
4267029
9146477
1486497
9948677
4675923
2720331
1683319
5964467
47342521
4545117
5345353
8681091
3379167
7452441
6616801
197269
3026561
2601603
1443989
171535749
5857161
7059007
4200917
2691947
2523833
7575849
1480697
8883721
2008883
4277403
2920449
6868561
5577501
599451
3952389
1772591
3378309
9381921
5589613
9279821
85314119
5903179
7628237
747217
9296701
6845203
9807841
8814637
8183787
5040833
3211241
6805633
7591949
1038497
6644141
1429301
8873267
2806491
8923311
3917513
3136683
2488773
4090151
5213057
8969971
2525947
2898711
8721987
4700891
188462829
6279427
195825437
7254111
3135491
6046367
1621897
3495159
8236767
21452887
1299257
8840237
778763
7745789
4228963
2002601
1756111
9985233
4939623
2710653
8429151
9906113
182509
6784963
9511393
4606883
9776699
2254201
9230673
1724579
4100779
1240579
5550697
7832507
6109791
5130593
2049283
2919161
2408857
2393261
7155479
8777497
1373791
7939543
70446813
6486797
2637349
7961549
2435693
8135661
2239889
9072621
3728183
7245507
185651
5303399
159367
8713027
1395107
8808441
855031
44329917
7794153
9848269
9451249
7118983
2023119
8407761
2019159
8880347
3078203
4868393
6045627
7178857
6819273
5995001
5520111
1359501
9323313
29452061
4116143
8190929
6708629
3274899
8686967
1821057
1736181
2587689
7912223
7114727
6936681
3070277
7455163
6850699
8530679
5991151
2368859
1044453
3490819
6373497
9453587
6133353
9407291
9479233
829469
3148047
1441267
4689709
6442671
1891471
3368529
6345341
7776579
9975573
133769409
7680099
9465757
8528739
7016329
4804653
2926263
4433429
5858837
831813
7042939
2718369
1195169
1703007
5814709
7200217
106524073
40211
5908701
337047
4644449
7621117
8018681
95503
3875379
3597609
9948711
8502587
4579501
2184017
792881
2609143
4481197
4274781
7113223
6393093
2970951
4670699
4097969
8575223
7096509
2806223
1059759
2102061
2021377
1449521
993977
8576779
3444499
2049391
6829339
284481
5067101
4333887
753737
1493547
4029497
627187
7004969
9445217
5710589
3784049
4048583
9775753
1699583
1630227
9863823
1777963
4124731
1418081
3408907
909009
3788457
7957951
6847951
4565183
7470133
7333599
7446653
8107011
136905241
30658089
5321447
2261507
168353
5931917
6036159
2748903
8921517
9566289
1336467
3525937
9551869
1408833
2208757
898771
636373
2228583
3166853
7631737
4012173
6030591
5408359
2160489
6565883
7898833
7382741
3144977
5908209
5892997
385251
4989047
17941
7277279
6021441
4448343
9818693
8352257
8727769
1294913
5591983
7268653
9882027
2277
6872513
512629
3843283
9373847
1021881
9156899
8404521
6372701
378763
1933731
3752043
2317459
8295009
9899023
7735613
4814757
2731287
853833
5475713
276429
1834639
1008841
424523
9071841
7546233
7945883
8210543
2377539
2296871
2708671
3236513
526879
9161343
2160219
5534697
3018129
3632419
5161831
9145009
5673757
1761189
4389941
3559561
5358077
3840143
8885331
7937487
2753249
8968379
6341167
5212919
6211489
6723333
8943237
6811369
8434561
41058409
2585247
354539
3324893
6450393
739751
7515997
3455479
4394103
3246707
83711
8030587
9181907
3373759
3241443
9785749
2261499
8173271
66095607
8046183
4971809
6286819
5887113
6166841
9135729
1419929
436953
4031839
7310939
1664173
1801557
6789393
2708001
7484303
9917901
1731951
8265217
7306773
938869
9046549
1470479
6389453
3799509
4230777
5800421
8715173
2065053
6316887
3207419
7579373
4610429
9680619
111730397
336181
4226551
7537463
9535809
2943597
5535181
9952073
4848027
5698673
1398053
6356287
6160103
8139989
4196229
5923539
9832149
6864083
9278469
9874931
135349
8751107
4952433
7370369
5670377
3966893
1038711
2576087
8561577
2153463
6361689
7928963
283419
1249189
7451867
1872887
4714799
2440713
8443119
1215863
3891253
5906701
9106871
2197641
8483971
8901727
5255469
2954789
4932649
125935931
6484273
4498211
567159
2155917
3828857
1589727
4878477
182642863
6974979
5019327
641443
8018279
9923361
5626883
186514991
7091961
40716849
5907081
2938749
6358871
634039
2121893
6832989
3163667
3367033
2650827
5541229
9077347
7065411
8264109
8983651
2117301
6498437
8783333
9347469
2036837
2875269
7181753
4861543
7398643
7537007
1765129
5017559
2724743
1895023
218549
8069777
961427
2850841
2160067
7869437
9487027
3685253
5982753
2194927
7029027
3837347
8259319
134007753
7356251
6591877
9230923
6085551
5156537
4961067
23000859
9892551
4089021
7334911
2199371
