4285507
6184593
4512677
116330927
5187459
8735497
5556147
2880103
384267
7924623
2854687
7811681
644309
2006333
6149569
5839579
7159031
8578287
8668513
8822487
4468913
5982149
3056257
2609593
1198297
9021547
2363383
263507
7270817
61261877
2765409
3854897
8828621
2228131
2816951
3283217
6918027
3615367
3874199
9512119
6017039
9717661
2070177
1177637
6337517
7486999
9719967
3905917
8652643
381981
3806209
2830649
8814431
6535417
3109287
8967533
2427051
4996299
562011
8813647
9900499
6650851
7177989
6492927
4105059
124122467
7869923
4439177
77937031
4365727
1523697
897021
7179283
5365671
2345121
9640583
3870807
3059697
9883943
35843347
1857473
4968479
7692111
6848189
162573843
6650413
1513649
2294247
1116261
2827117
5526473
6113093
2392587
5032639
2637309
3218511
871451
3683773
7290353
3213501
8835481
8365439
5842933
6897629
3943497
1451179
5341281
3868873
6175401
3124139
8972677
7126617
1855951
6220043
4970087
8141023
1821601
183169859
102272847
4458457
5812829
3750893
9018783
3389213
619727
4692323
8608591
3838793
3056893
1595349
2488677
6709823
7434467
1050909
1900851
3066553
322709
4624239
2154719
2828411
9700707
4915027
4143
7347119
9106297
7920769
2579329
907903
7123361
7756643
1698587
2785717
6425373
7125377
1744159
5304147
296941
6306237
142167523
6391021
17157529
7403209
1717933
9318987
1199639
4090427
9788689
4474539
1734967
8768399
8022189
6930281
458173
3297361
4763401
4149413
4645239
7978353
6807689
3292633
3758661
451989
4414889
7756513
9025711
6402413
3663559
4995593
1138561
104474343
2258531
2407137
5569707
6933337
798331
1209049
3754241
2992509
9054877
2697123
3258101
3891559
571567
991841
93371
4522849
883233
6990549
7558827
1406343
1715097
9447799
3713263
7605329
6666769
4475019
103822287
418873
4534677
9802191
131815873
4898891
6853441
1835557
2385969
4271013
6318557
1191721
5170131
5944377
6915149
9104141
7471233
1217449
126571139
1504217
5687777
559919
787463
7848889
173219241
2916777
5639533
4848263
8968023
5841311
3764199
2358343
6696571
9703309
8100339
6790639
85747373
8149411
2416499
7183163
154811
5947459
3090719
5585239
3451277
2559301
4527763
4517841
639303
5662137
7376383
2577563
4919393
1436221
6453903
36915249
4516367
4994563
601257
9492797
5708619
6172151
868279
6793193
1140799
2130177
3777371
8948497
9036373
977367
8644097
6978931
5920917
8886581
3812271
2200057
3063687
6676653
8313463
4387217
3241753
2607921
3117437
5891887
8100717
1852397
5053689
6611893
6611007
8055127
9520689
7109971
2156889
9742249
4130507
8315397
6253061
9431541
9389293
8509977
1686331
3774363
7097173
6931357
3760747
2862563
66252417
9326117
2035069
492663
578501
5961767
9431607
1110301
4478091
3280683
4676793
40413691
2017969
3182211
6422199
6229113
1036077
53643
3206479
9919521
1346479
8945411
6303779
3184149
2025427
5547547
892293
6435913
9584643
6095261
8366761
6184981
6941597
4828741
7819537
143973
2029049
9415729
3901727
1931089
9237997
2465479
912067
2134833
2089009
8554519
7805109
4743011
2498273
102660589
6658579
7253753
1835687
740477
29811
6394819
5876687
6599357
5282599
6974729
557689
4178653
9899397
2137883
3218509
3325701
9918841
4978623
1875647
7475481
9381141
8506987
6275227
3591477
6101853
1028883
1395419
8999281
4560879
7482083
3863457
6575659
7708351
2856251
7553601
6868363
9244583
5789169
8404967
3999801
2565831
5014817
814671
104979
4566977
9252149
506207
6452919
3606491
88477
8065141
7964791
7168649
4676031
3945999
2048489
7400809
6674387
4449189
58187
5862861
289973
8757267
3802279
5835179
1391179
7059323
7441481
7793273
9823441
174755909
8604343
2890977
8171981
3376643
9588889
3178217
80121
8582079
7531273
1865401
4468097
122398267
3225971
446609
2655401
5625627
149301043
5965231
1220927
4837523
5440993
2053333
4386237
4711101
1497969
3535339
3043019
6995089
6388781
1360339
22054603
6273579
7761863
8666193
4589119
4207063
1376869
4443553
8366841
4640437
862687
3612509
5974709
6163181
4621637
2235373
9202453
511713
645911
7199611
5713839
5669417
3565879
4343471
53427
1949597
5025171
6568089
8570037
9375137
8670879
911467
3609433
3806139
1418699
4151539
4258313
8308241
4200961
9743417
5366781
1702417
4526579
8132457
4141483
4931381
5570569
3508487
1570931
7601871
9002033
9607241
2912081
5773431
3938993
7703407
1081823
7624413
7475781
8411069
9633491
6705453
6205519
7324029
8803797
3920063
3758383
1022751
283957
1405249
4794569
9094259
4285061
4891747
7629439
6481581
174363873
6309793
2389323
7393707
1712147
8990531
9026169
8001693
2731707
5574199
1360343
3269611
1967693
7817157
917887
8094101
6611141
9078701
5360869
2820173
2087881
173310167
3878859
7897497
4675071
7952857
9137911
2085749
845653
4273443
3272459
8207651
3409189
6461809
9241903
138799
4877669
41627153
9158847
3831497
6745943
4195341
1424147
9152827
933971
8687163
1305721
3011593
1836443
1492067
6984849
70457899
631899
5531663
4023803
5220499
4649577
9153823
2459069
7950977
4314321
5520551
6287929
1617999
8785831
6217203
9372943
4896849
3197797
5999963
5749499
7330229
3143857
2883901
5212287
3581237
388459
2364309
6116063
5619239
2550031
185108907
9226031
244083
2000567
8419457
4729557
7840943
380303
114443
1696861
5429373
99117
2566009
4372263
5786967
2654513
563247
4052901
2265329
4353219
9177227
9560271
780359
1424721
4306951
7956777
2971977
1872779
3421471
9165743
198737137
4430293
9759317
3297503
109706459
3645709
4772569
9283809
2288341
562269
8757313
7139967
7271099
6729803
5130389
8777269
3509689
7615191
7352879
196621731
8657367
8008267
4288791
347637
7127379
9371649
827093
2363843
447259
9881147
3599583
4351121
4011537
182126581
103357
5719869
7310693
5545147
2049941
1852741
43523521
706323
2776843
2058899
7802823
20276261
4142543
7463637
3749021
3083353
6832793
4325947
5226827
8841417
2713093
8777047
4070243
9114241
3598719
4622629
7074883
1291257
2586273
2871899
5284063
6839099
8149399
6774769
4656531
9198987
325649
2230457
5233783
2263763
6383641
5744539
5757939
6631301
4423703
8752013
6554201
6185061
1429129
205177
4103249
2518057
9630807
2730347
4302563
2216343
61627213
2926777
9512319
6457011
2753209
5066269
4297299
3204821
48130639
1267511
3193571
3414327
7996267
8110173
1479741
5432369
6676921
5626543
8719091
8480653
8515971
9771843
4816971
6346599
6874537
2560527
9967139
8101027
9000589
3060473
6014963
5819599
8987487
9629951
1176863
2789291
2878089
6386813
6178309
62421
8728117
2972253
7079991
4635291
3822171
7339441
3964249
4621301
3252271
443913
5008129
2279627
6680457
6958139
