6545909
4282791
1241799
7172933
8396291
335709
2847081
5575369
4349583
8645081
6044811
8047151
3099109
1755279
4215383
306359
7109699
5465453
7417213
3351417
3144193
4229239
1725681
7974399
249991
1062413
8498679
4082659
3636321
146859
1367113
5983079
4885057
9737421
1191739
8550859
2464459
4416531
6029789
5943743
8112631
9500659
4531841
5993593
2937153
8062901
7475843
4252821
8905713
3461673
3325837
3568009
4118453
6777623
7841353
9579187
7958529
9235493
1973221
646263
4053559
954713
5864083
6381713
9907041
4134921
8594219
9864793
6087549
2719887
4144903
7305589
1952363
1053287
1044533
1154301
5880667
6864867
2818281
4617431
2183627
82256303
1723677
1556977
1088847
3387967
9703421
4477167
4813333
5691889
3162667
558303
4238807
8909811
1827639
155253
449647
1187271
3171897
8440017
1641771
9966581
906321
9661817
707519
3210299
2825243
377083
3838669
9827423
915283
9751113
5433791
4088069
214773
2361683
177037
3555473
760537
5003093
3237727
1817561
48881
2016117
2156301
587941
2988841
6521811
3489057
1655973
2740283
3191647
7163651
4427209
60242281
9464087
4536929
3847231
5747889
5782889
9381699
9373111
32212239
8998643
7664891
6013783
9342957
1834009
3991137
67217
2913567
463883
4664967
6642859
4262499
1490873
8681399
5471131
4089253
4394629
6567527
5006949
7404479
9543791
5379597
5772527
5476017
3263303
5532593
827823
9483969
339903
534783
1504163
5660033
5817649
7570637
9940501
2254391
6037171
3145299
3454987
6430131
8833373
7294303
7652773
1695693
5068533
8601591
9305619
7524903
1466939
972253
3087999
4186319
2053299
2223321
5761181
9309061
2460883
2350873
5132117
51104157
9640313
9985789
8892939
5532449
7355427
1129393
7489541
61040309
787391
8085067
2052957
5386051
5372189
9702457
102345019
8782257
9613109
6892379
5185837
9750713
7627059
139089
7306187
1094093
7328223
6586527
9462611
3849369
6864839
1304721
7906327
4520697
9526809
9497097
7912829
7856947
147722629
796759
1867847
1432191
2646863
154108497
5230883
4297273
6452921
2921737
3464803
5743577
2373791
5558951
5160023
5968901
9384679
4410811
3148319
1264753
9502867
4376599
1884071
6197609
5268413
2588083
2080701
2432723
4799247
2596847
159376041
4055747
6568369
8806613
4890689
6799369
626133
4381581
9856849
7908033
3211937
820827
9620443
6578097
230353
4532833
4906853
2877703
7025339
8719251
676673
6500463
5897719
5988157
6656779
8682837
3993531
792913
7119653
2242691
7154379
5695253
2639009
5374293
3990041
9475759
6387601
849961
7746327
1022439
57509
4742321
2767479
3727169
47097179
7611957
5657983
3238957
8065571
9886719
7607013
1895767
4470193
3492311
5427057
9727873
6512127
8459903
1116583
3510959
404799
46851081
2549111
8085567
6461313
870481
3686103
4422653
3908597
9331901
5172527
3524727
9875917
3334099
560411
3599467
8607627
3309973
3325883
8662447
4469287
3568531
6558569
3317273
8446809
5630273
4464943
1584187
7252739
4272471
2467907
2684353
6049613
4729031
2280367
8011491
784741
9015817
3758469
2859199
4061469
4172723
1901497
4563579
9605849
3250537
4092479
7048139
7490523
6984669
7991737
4174119
3984929
1234179
3624141
9783247
56995179
6013487
5693417
195607783
1435163
1846459
2101161
4053727
6041983
493043
2322889
8361901
3079973
174517
2170507
3599679
7409303
574823
7492491
1597539
2337363
27359433
8986197
2384539
1608531
215699
7784063
3394429
6430867
1958663
4273351
3386367
3748621
7806161
6528769
4181819
9556389
5218833
9991459
5539819
3557677
4157557
3405827
9144279
3578199
2995691
4266651
7111961
238409
669867
1327731
9157761
948357
1556679
1982559
4743713
4911123
6256467
2327611
8473009
6535219
3655827
7364657
7915383
3556509
6669389
3475011
2996131
673747
570837
6027891
4423981
4067439
7152737
5546241
6411057
767863
1252347
727333
7879997
2448757
7685781
3385251
3715889
8276319
6837697
616399
4925089
3431697
90947
344959
7229531
3845447
8419463
3403313
3472309
8483727
6957751
3504733
6962687
7444971
4186203
7523603
5284329
5773349
7150143
58000711
2150669
9023471
5998079
3421149
748003
5429113
4965391
5551769
3470007
5539617
4253587
8033069
9222021
3459197
6851997
2285193
3368091
8775163
1611471
3406243
1343471
4445769
5511881
7213177
8579451
7295713
8000537
6981973
2782387
6091333
2850947
8080411
3318331
3329457
9428207
5945987
7530627
635871
9967763
1962473
1299289
4253639
158716263
950093
9544247
9548289
3075177
9493103
2058773
2761907
4513663
134868721
8170019
7562797
3687141
5353441
7272993
5644477
970803
92520403
8676161
4574977
3055661
1413233
265021
7703251
3104377
2143209
5701073
9900227
4424843
8802739
8319611
4050459
6512629
150595411
4164641
2730669
5524081
5767077
8140811
9982443
5453053
9836523
6765623
4608603
3958783
7343831
2721739
2790821
7083649
2427001
4275101
4815009
9277381
2530989
5029287
5822581
4439137
6348679
8904629
2472779
7201419
4064889
9542367
26777
43848497
6017839
2947517
5781393
8438471
2289567
9584017
7602493
85523
1959451
2435209
1428223
5339789
9327311
9452127
22036751
9282487
5419027
9311559
4989381
5556401
4703741
4321227
7204523
8227129
422059
6311093
2004243
6466093
2376613
7404673
6015199
6156813
7756043
4022997
8686587
7245157
7677987
6621981
9124987
5025907
2072167
1864177
1819721
3289501
6041209
4952233
6357491
2635533
6565709
7057183
3029113
1795397
9341971
4813639
3752799
8806621
5334747
589357
8603903
2111747
8035291
4982881
1299601
7664721
2560213
7966149
9420057
8284589
3318963
3468477
109335481
8804371
6404537
2203431
6922169
2406973
1041473
1676447
4416907
9334399
1337401
6238217
1094127
6067007
5579607
4170213
6901793
5754299
1830761
6410697
8949559
3586071
8978897
6241331
3978973
6865913
9686927
5576499
9534087
2574141
4406941
780947
4119923
128683239
7352191
363611
8054567
182523599
3140393
1811111
7900607
9654139
1794173
5353807
7401613
9142859
5763599
3660707
3050887
2486033
1123607
2088037
8139719
1638277
6793029
4195433
7081393
6997789
8885653
104973427
6273299
8421479
5389601
2474721
2270927
2117889
6675711
7622833
5534433
3764753
123859223
9802253
5486041
3459417
3234813
8491787
2669397
4148401
9871997
5459709
4360119
6267729
8551233
6337017
9488657
2106903
524477
4800793
3593937
6982299
9758797
2010343
5548873
1461107
3403827
8907569
138194797
1283517
1466247
8568031
1238681
9785857
6999929
7882063
8223539
9959889
2906939
2229781
9268999
3914877
7106347
6006393
9668369
3235259
4109521
2991961
7628949
9942109
8880167
6768587
7753591
393443
8310347
6801839
3387447
2994611
8300437
2471857
8367953
481881
3036701
6333503
871827
9353991
6751429
4645157
5401861
5797649
5381317
9135239
7584189
3277721
7173349
8688419
5319901
7855621
1656043
2839861
4752397
5068559
606321
5104323
2245053
9214573
8566437
7607929
7467819
6906087
3489561
9359871
1557301
7357589
2977517
4773791
4095893
4464191
