4954679
8119403
3390679
9026027
161234031
4880343
1101233
8094607
248923
8453127
2552179
1910703
7794957
3172359
1077837
7614343
2073727
4607449
8944731
5001879
6717309
3805159
3876219
8484123
5641151
2269177
4046269
1482071
4588911
6355113
6413719
2986341
2597567
5962791
1270653
3981363
3954361
6518401
4342203
8250421
8012721
7427787
7317477
3523727
6443439
8116067
4266773
373447
108539
5336769
4342043
6075261
4941369
8790607
84031723
6895899
1482363
8872949
681319
2874663
76077
9721
395119
9188253
8585953
7892173
6166359
9472877
125073
7191747
6681121
1748033
5673127
9833347
9109537
5464341
1271257
5804173
4453087
5917113
5814923
9860487
4911641
4959461
3278259
1896721
5885977
5391191
5583457
275709
7108473
1123747
2128773
7041959
8091659
9808991
5400393
3147307
9778899
4260169
5863799
7793557
5057127
8287401
1855527
117917
7211051
6845273
7040299
176230041
3054409
8139797
3079679
3343061
8943861
3899437
7160459
9677023
1568999
117576403
8964021
3268253
9962163
3350197
7830617
8654337
897779
2195701
4687913
1675981
7285379
2317739
2566303
2647893
6028333
7634767
378139
5348459
7919321
8160029
7980259
7502987
9590729
3658409
3868849
6550661
6601373
3720329
2975427
8247263
7268097
9942971
421993
8498381
582363
50092061
2121881
503803
187362397
1977513
6464289
30243
9274571
9814351
6398911
195714523
7695501
8093063
6507561
5687889
127810791
230893
5978521
5643501
6610493
970513
3273251
1870041
889701
1032291
134459281
3700247
6888191
3315673
3501159
248697
6122407
3613431
3632917
3769901
86843
9240339
5154647
1620469
7094711
1522193
8227459
4751723
8634447
6889003
8706693
7103969
6507313
2649459
33354709
7572859
6983467
6547237
1408711
6142547
6634009
787889
4551203
2335003
5118693
75541421
3964983
584481
6427827
203573
8589471
9943471
6517383
9736837
2334531
1947457
7971483
2079621
5045917
8367873
640697
2976877
1769887
195761
5181801
8186989
9687307
9826907
1405619
4292223
2075257
1603419
5927639
6172583
2033649
6307299
884141
2439621
50073417
5686281
826259
9984003
27748837
9749569
7632703
1124411
9267581
7008483
5799881
8085691
3132263
3396501
1444251
1369499
1489041
9326741
10329
4539101
2368773
5782351
1855159
3649957
6021263
1315943
4031221
1651751
4813371
8936943
6684943
3228793
231983
7847167
9204763
9659123
5128417
4527273
7683853
4087633
1078567
3981989
1841833
1668617
9118877
2820607
2568459
94227247
7756687
9931663
1076147
7872019
1867931
3532681
5647163
5245589
6855401
544223
2854819
1046169
9546341
3976487
9556013
2692931
4799853
5819289
4632537
4594621
3170317
5771583
3727991
8606421
8469031
2342311
1742179
7308287
1822683
6539567
7374933
3060101
13098221
7307359
6129539
3357817
624681
3410399
8009873
4282049
7021077
4457311
9942291
4247921
320657
8938117
4143981
7997243
1483177
3616681
6365749
2467939
8504397
1702853
4923029
8194407
8383233
5068961
4767493
5610057
9320151
3444059
6317827
2524257
9277283
2402881
87999647
2040637
3966569
1483041
1529191
86773
1810449
9241719
8244123
875889
1969701
1288259
4343617
3939987
9360123
6262589
9307373
3053701
2610989
289443
4795269
9005979
7742371
5953933
8741779
9415921
5732707
1948597
185674541
839529
73981393
423527
6042251
4221931
228777
143399119
8859793
9517667
2587097
9689841
8918357
5018739
8285977
167753
9470341
5527201
9407673
6126707
2219517
1269937
5494523
792691
4294561
9750879
1019181
174763
871341
5321169
4147821
141140323
42391347
7584263
9271889
6330563
9122281
5838097
3661099
8305677
681151
4327927
924833
5261999
2659301
6034951
4698311
8642081
4797857
6075581
8181681
5195969
1210417
9094127
1737463
2069721
3123737
3054299
461121
7870423
8691063
2091691
5948883
8648617
2548301
2148537
3546311
6159297
5477733
3572919
8846933
342429
6318031
7237629
8824473
7536793
6901563
5398361
7621781
8913597
554099
2322263
8374489
3576547
295557
5808757
102033191
8069561
4261877
147505601
7166039
7222691
4099959
2025007
4432099
124896041
9086713
6706597
5641929
8458713
5371373
5053363
8710363
669133
62151349
6889151
9464153
6630849
8326949
70883069
4944277
9565959
8429257
4756181
6858553
2879381
5056291
6914749
9142583
2189387
3493189
4197903
4900639
6660239
9955131
3940353
2465177
9932597
4001383
873613
9226309
3367033
3367103
135714667
1760861
75099797
2999921
458343
2399473
9948281
1704387
3398501
7566643
2917603
1497891
3197481
5423611
3695463
9305637
9217249
2940203
2979049
3424383
884371
6979159
4275311
7523607
7459307
5117349
5698597
7799649
2377779
191801669
2655947
3050609
9989771
6202839
6304271
2023403
8350563
7739701
8069001
1235443
11691
1913813
2037311
5143147
8685009
2571249
9792199
71413
8202369
1982811
9524847
4306957
1895873
4781209
4250441
8865997
4463377
4662379
9739981
1136067
6356589
400601
5089951
3865047
5309823
4181807
147697
9781089
152391087
7637373
1131011
7515287
4405997
6232141
5117331
9677189
6729413
971279
1064011
8623447
4138983
1046499
1325011
8586723
123133453
278653
3116353
494101
1616539
4828497
7989987
1345309
3376261
6257661
8186121
9307997
236319
8537921
315711
4640901
4972237
6605367
4764227
4258283
1408511
3706311
4477321
1283979
8143227
4172331
1538709
5042627
8066007
6611697
2201589
3705637
49645537
6369591
9126549
6091473
738307
9561837
6469159
29135093
6506883
2468111
124635233
3960943
5614871
6959821
334461
3388213
6539791
405859
6624239
2974773
4844061
8786577
7063931
8916101
1388541
439281
5254793
65577519
4058257
1970547
6593781
4058863
5170297
4228661
9656661
6143163
1404457
6506487
109045203
8632511
1739567
534927
6804649
4060519
2753257
4183519
429503
7068749
9579829
347287
8654997
5669349
9123713
8377899
7049461
22869949
1361779
2911539
88883751
4240669
4439511
5465541
3644697
8829491
110821
2714071
6675357
3306579
161096179
2289123
9356411
1039857
8772137
1225429
2366047
6773347
1563439
9813019
418531
3483823
8367761
4146393
8797337
6593763
8109971
2105971
7293497
84169
7467911
7000659
7503081
3638833
5310999
1659571
2936129
9336709
2590813
4599283
9378127
3932011
6580727
2062491
6049807
2254527
7930833
1499293
5763891
875249
2989647
173937407
5643951
4036621
5743573
7926019
6657081
6991183
3079193
7804771
3162147
9132711
1391449
4311869
4218249
4364549
4046253
6032023
1702941
4185087
8286279
4321817
435819
1905019
1725361
1664413
6791459
3794463
7214213
7010897
3694737
2487803
2300559
3261751
6785067
7782079
9689381
1105843
9509089
1036513
3038181
6218141
7579939
1645323
6349867
5188779
6192149
7301011
7997153
