6255651
5032617
9011557
6703867
1493053
2433951
8918193
6418577
3760503
422247
7994601
3091217
520611
4357371
4505281
81620643
54391
5149767
8015693
8195239
4825223
8950089
2163823
3953777
7993323
8589289
5984439
8796097
5755977
6384979
4013517
3411921
9880279
607301
1624417
6598913
7791543
1286837
797679
6267799
2704007
78120357
8641767
4970517
2034223
4651369
2550349
9241299
2333883
7712703
1284247
6554359
6104439
596251
3068991
6807287
824967
820449
7363031
1498063
7995337
2920081
6754583
7771351
67370321
8508071
1375077
9299037
3492897
3839309
128159341
4480421
7030591
8215871
6856163
43237
8052637
2043657
836459
1416919
8254013
866423
3818311
4283673
1512351
6854709
20054229
9303947
2816629
6739539
3836527
6480597
7629643
1503599
6304437
496607
1413529
8424929
6165737
8453713
6581651
2460293
957677
4896599
780067
7706857
4310227
9974599
8664131
1239027
3554283
7473317
9055603
7142423
4404321
1550957
2977267
9513503
5471081
5674131
4169241
3917231
6446591
3238033
879123
1481259
4405553
6394511
209719
7750411
4652259
6516863
8193133
9419973
897059
3836963
9377953
300913
844547
3913071
3158161
1479103
4054357
1856403
7302653
3977963
6263847
3711003
4999749
9787851
154840127
8399153
9380171
8295009
2445719
4321879
9895107
6648423
2750719
3115297
1157497
9495273
5094607
4593737
8539049
41069
6865057
5655299
471187
9380539
8337289
196889
2375443
2753273
880767
7806777
162539201
345971
2249907
9294067
7763629
9759337
9959573
995121
6557531
5437393
7576599
9706767
3852607
6207157
9574321
5761241
8525161
6356059
603587
5331319
7542237
1764643
2349317
940791
4144943
4800577
167281
7341581
838929
2664373
3275481
3245523
1760251
396743
7809959
4387581
3196423
4101247
2648749
5096133
4353427
2745451
7769213
5144653
4898149
6306299
6623203
4503673
9942477
4636593
6940269
126061
827307
1260909
8141707
3570579
9391181
6067299
5152931
4730923
7563449
7031411
7687751
8348909
9104133
6387153
6281389
4246739
44841687
6776887
4924667
786043
4562163
1856563
9253873
8233373
184284137
2974797
3102179
9881663
9257329
9831563
6906317
6068823
5251687
5878057
3808071
1089531
7283033
40450529
3736413
7277289
72699491
2892823
1620873
3277931
1727597
8467957
2348993
6566167
3565021
5139111
5789371
3330217
1109849
5430967
6097179
9933541
121783651
7826437
1220341
3355249
44106377
140129
174931
3820111
7510523
9262337
5857089
2710193
9758753
6291299
7852577
2074971
1702053
205311
1727969
1365611
2943471
2679803
8478253
3182833
2702233
3301369
1264581
1212673
4865567
8006017
9854661
4213637
6967691
2559717
9060257
9112301
6890981
53222617
7706567
9669493
9793623
6630487
3278297
8796951
6172697
3040933
3827321
4236373
2901479
8354237
9141941
4322919
7374233
6224639
882407
3959961
1024879
5517221
1078693
8236029
1994657
6582017
7810461
2693867
9892973
9628219
4336207
8485487
3136901
5013701
6815079
5335757
5342381
9329527
6351739
3452561
7895897
721593
7052867
4475347
5048303
807539
1989051
78459597
9772887
4379987
7200833
5150969
18601121
273723
108524733
3051837
8775737
811041
7802041
7515103
8217127
1532183
5223049
9343567
952833
2532853
5069757
4284081
325479
1275627
5403379
381473
9507363
68247879
9785141
2618687
157764541
5999141
3148517
942679
4270179
1388523
1277781
9918719
9605033
9482959
8531027
6066039
8047001
792257
645429
3729963
1410787
9200069
9438341
669411
7538127
9574591
1546547
6640349
6742047
4614161
869047
991897
3672807
4512437
2140343
4515149
8796019
3569041
6502901
7758647
6472863
7471677
8274877
9492747
3723389
1347037
1946433
9445671
187724101
8002957
4574063
7041587
3889179
8377709
6588217
1206951
4778571
9776307
4165827
7112207
6842273
3394917
5342611
884433
2987659
5573227
1529197
9268053
6774359
5162443
1979693
3302969
8695941
421937
4975051
6847099
6407347
3943081
4565753
7968089
9175867
1336151
9400099
7635183
9610189
9163747
45241
7029187
9763347
7472723
5211511
3451811
9721941
6925137
4229797
5218447
7187201
8070577
4044983
4959627
3909227
3130027
2542929
5299711
4816169
7138391
9501239
9453039
852107
3094849
9057167
3427909
3367173
734063
1326823
6959589
6329169
4641461
5745199
139960959
7909439
2957793
7308207
3667311
3433777
5404423
2625051
7026143
636271
7976829
7979109
3312367
7718101
365179
21670793
4157499
7648339
9025601
4461539
7894349
9372557
8888407
9112623
4093869
7594401
1753441
7402397
8795051
4800519
9464469
7223177
8051231
7525943
3841439
6485209
2203449
4721127
3966819
2730017
5598591
594891
5976487
1895809
7081817
5737737
9592201
7118029
5884319
8870237
2927181
137874693
6748159
348481
5100463
192375563
2883743
4707209
6662813
2060669
5332611
3933723
5655269
143741
3854223
2789501
7071529
1675911
6516167
6022501
3208181
3239481
4468809
8468157
7503043
9060811
50359527
8396179
8916899
3554317
6730167
7785023
6906441
8096857
2641121
5669879
8746677
870499
4525443
1161469
30869997
9009713
4928649
2143801
3208983
4813147
3587059
2690807
102927443
4094367
6462989
745587
4211329
4834599
6620269
1345767
2527627
8037967
9314303
9937759
495287
2632189
452311
1636367
1077769
5980343
674787
4858111
5957247
5463727
9086209
3958239
1051157
2894373
8895047
7551441
9007433
2502149
2755841
8524459
8273917
4825657
5440271
5057831
6022689
2679289
1785773
4515177
145432163
541651
4367011
4932167
7338327
7769527
1811521
2399943
6460151
6919169
1139621
8429181
3093129
3666193
766407
7261821
2948711
7210327
1367441
5743377
3997893
6363999
1085191
6647077
234431
1502339
3369459
4485377
561393
9290689
216989
2616457
3247457
5875501
8895867
6638337
5931607
1713823
9566749
8140227
48966451
4794529
5695977
41886451
2987629
8094357
8487649
1534549
4350777
9842549
2238591
9840509
2106149
9262681
8778507
6013543
407241
7727813
2443701
1059211
6821003
5930343
5354163
6150667
1173021
4700481
5936951
8339187
9613443
4218223
9246333
6381991
6789823
6304689
7807279
2495419
2406813
7092027
3515477
6989619
7688783
1921299
167911
9886767
4987589
137752901
91607891
19021439
495059
7259933
4442031
9964029
6502011
3719833
52497
547373
8959519
8430329
1918869
7877081
1862413
6654269
5399081
1461753
8927133
1479083
3469823
2422799
1242809
7518827
8727233
6412053
6476523
2982983
1681981
712067
2704567
7735163
9265129
1707719
2719553
2023507
3714901
3483703
4457467
3054291
2118449
4608341
42358059
5001397
7770957
5943311
6304161
6851937
9616429
2938719
52369921
228027
2375947
7902633
5710687
9173711
48579473
6229521
7626743
8758977
7365441
8898377
4959917
7744473
7175443
22334843
