1664273
5294809
6742781
1513661
4933393
185767
7132437
4237649
3178709
1838927
9241069
962969
7417299
4992489
4771043
9728477
2762439
9814783
2476583
4927997
6616239
5685509
1917657
3423743
2245703
9605381
4032839
328859
6252577
9045089
5678387
1935509
8578199
2113711
254189
8087671
1647289
1562561
7969163
2481391
3043923
9904849
1493957
9762193
2573853
129420967
1462893
1233309
9543789
8260661
9217279
82017579
7760593
1869979
1276509
6924219
7109659
7736677
9925897
9243973
8183159
2073719
6817517
2882677
3379503
8240991
650543
9054589
4732711
195139
5977201
6703611
1058827
1215821
5733891
3149017
1542109
7435219
130277919
6998637
4074539
2604009
4008593
9928791
1487477
6308559
5067517
43883577
6735229
3039433
2265023
4937303
6529113
6348083
1078461
8168293
5438569
9484823
2729053
2145827
8532179
8569321
7726383
3504793
3511463
3518981
3584923
7447649
1934819
1869797
6093063
8932979
175890727
1311297
4564041
8009271
4646387
3559557
7639497
83939709
4349397
4672041
8695851
6715321
9487121
7738311
479199
6024153
3621799
8801653
1313279
9626871
7408889
8003583
5959759
800411
1438333
9524741
3971147
1119709
6191791
3015147
1127521
4065549
2991011
5732099
1338911
3469721
1753099
828451
4780329
9430893
251943
9655481
5335411
9107839
7872011
9066931
343829
5332947
28887731
6222219
6087791
3765271
2977393
8971503
4540691
9086147
27914481
5041691
9679083
5922913
3421663
6750581
8106353
3764319
8188857
7488407
45129
2106569
529449
194798633
6542857
3693699
3598729
9024709
8574113
3877037
752651
9671587
2066301
3230431
1019263
4649247
3862781
5427421
2598821
6419587
5309313
33046937
1312797
2225653
7528351
8886507
6959703
6906839
4781711
896451
2888999
1355729
125797
9615213
4403297
3183493
127694623
63231807
3471179
9362423
712527
5074143
4610981
9225083
4167761
3494157
7261493
5557617
8141411
3464597
6988123
5942403
663179
4589067
9583869
8029121
127030903
8625371
4594967
6397011
3263853
66445747
1941491
9983637
9706919
9761333
3135523
7826431
4911241
6777101
5599821
252743
3467877
7271739
5303071
7398679
9153587
354851
5322889
7887897
7129871
3960207
9819291
7171079
2520541
8236401
6971097
591161
8382197
6077781
5876431
5816579
1945511
8080967
4189827
5270069
359823
2134567
8716359
8254131
180533
649737
3581307
108281
974389
2658001
6683781
723959
5205463
9982251
4806083
8293233
4456807
1791803
8878359
8243667
3472949
1806609
4595473
8926677
3630219
7296791
5202349
104584917
8093077
748509
1607977
7522067
3353163
6474707
7664367
7313103
6865437
3562713
9698847
2668097
7866201
2186447
6597011
452229
6009553
4962617
7306193
324103
6974407
7250883
7854269
6438143
8637211
5642433
6504367
219949
6808201
7606011
1595613
4248073
5554893
135629741
5056683
144623
9480577
7556251
7346447
9489803
5925321
2001573
1292953
3262929
9597173
7185053
4946943
1337917
6236669
969613
4957787
3363769
712707
7982009
7612361
2903299
2965763
1122709
9923831
9288847
8180891
5349069
4692963
9064549
2192147
5956121
9747759
6748939
3675983
3748991
2638521
6904169
6988973
7545499
3836961
7653313
150557
9032263
3650631
243879
697533
1419121
8893729
1901467
8863487
5030619
4966621
4430179
1788823
933727
2521709
8821823
6978493
6265869
5849287
5806639
9251509
3796879
1440627
8051187
609347
9596389
4975981
99967437
8969473
4747823
9585439
3150713
5991961
5973509
7892037
2808631
3379401
9939309
9513181
8166699
1702279
1748331
7908127
2695843
7261261
1687637
742613
5041207
1512617
1694453
6396769
8897889
3361803
8882939
8629091
5265373
3901677
2294541
1544773
2838447
3516439
2134797
1475989
3977929
2566063
366113
2067863
3923127
1225759
6309927
4868667
9806381
54547357
4714777
7421469
9166409
3557889
2700723
985747
3771717
148122437
114439
7416209
2405619
2127943
1961011
6671083
6164729
825659
3985773
6334103
601961
3566337
9363737
852389
3062211
285753
7376309
3810433
4377547
5897291
9689759
165066133
1086161
6863063
6147773
8815347
760507
112472001
9852627
306341
1087517
8955461
7572207
9204653
6826609
1196473
7459621
3417667
4393499
1864399
9234297
4667411
5132069
9245171
9478241
6243759
8750479
9545501
253783
1615381
2718597
554049
1175423
4637221
5868001
4721831
6290477
938163
3005539
441239
9527371
184533
6025533
8602351
2054729
9279171
9436073
8658891
1217517
7946319
2665583
58066543
3880681
3820379
7695199
301081
7666321
1192827
6363039
5140683
6493387
3727751
9364913
3210829
8216761
6214409
8557789
808999
6070477
123954961
847277
8484191
5791403
23559
6762977
69311667
5208343
422149
8629807
2636503
5769639
4651767
9414991
8796653
6213567
2793841
1066569
2569533
66980943
3162323
7872531
3963431
1705953
5952649
6474709
6703997
2486097
6924849
2769717
4279817
9771649
6809661
8750187
8401457
934307
3728839
3260691
4045887
3645949
3734511
4481181
1369761
3023529
122647317
5543497
2958307
4613727
5806289
9585089
5876807
5150893
6348203
8746643
1657957
1543551
4189527
934119
4459729
9350769
3957741
4076529
7306963
9768051
7841403
3882603
8213
4623633
8179529
6341933
4038511
3733759
8341787
104569541
3579049
1506503
7890951
7000577
4692347
5889661
2401637
28031791
9872367
7604729
2943931
9152843
81357
3524579
3244223
8163889
9410997
6452159
862933
8419599
5494267
1725399
2817189
5233327
4992351
1230329
8557641
8592023
6443687
6495951
3234039
9524853
2449271
836099
8686677
571709
6777073
5624483
5961601
8484819
6262623
4959077
7047467
6232861
3983403
3929603
1803169
88914133
9766869
7942779
6473969
7514647
750353
6013857
1134237
4296237
7723063
6186667
1683369
1033803
7659471
3627899
3540647
4443327
5359241
2638381
1983071
3291057
118930961
6698029
4825767
64614553
2100369
4541533
4559709
7373227
2854431
236741
40910207
1472803
6730609
9191161
1688497
9801711
8631011
6673093
7498421
2150551
9423043
8445049
4177491
8587977
9176993
5461711
3358639
5582677
3201543
5137131
7207641
7162631
5843933
153257
4669977
62645629
35243
1555611
5275567
867651
6715993
8150363
9233123
2357283
1687017
1535689
5404603
1783133
47405363
7439123
9248449
5048669
1637259
3933771
2037327
5604317
4742931
1715119
6448649
4340057
6122949
317163
4525037
6627613
1709161
807017
4364751
8509379
1638589
295073
955039
1887199
3707591
7271667
6641759
8727391
3630619
74631
