7151099
3155443
3720751
9006363
9432403
5566891
2731843
5728607
7304797
3122691
271163
9835009
6053327
2980951
1822393
1952137
5764821
921527
3572483
4463393
7572367
2976989
1720661
7976781
6324051
1465927
1818213
960013
9828461
3484813
8130383
9919129
7787559
5277241
83921
5749411
4323061
6541311
9057017
1886603
5451137
665407
4111079
159297
4824189
3464509
4529877
1517397
290749
9557073
7548661
7054697
2324951
9494317
3990677
3426477
8714727
7612197
3712589
9374981
2289089
5004591
5145201
5385033
4462371
1395563
5708069
3913003
102347347
5094197
557043
4850173
9694211
2872431
5995533
7027543
3719289
8555759
462949
207237
7488639
7029263
6409459
4593161
139593961
8110571
173571301
1474287
7655571
9977597
5993149
7492211
919077
9434839
4053563
3665757
6843559
7718753
2846859
6231563
8660497
9609667
2140197
3901931
1591991
547229
3978531
7590887
4197349
7125389
322731
1727731
4483637
3959219
8307621
175959347
9729683
1344647
1162487
1691073
8366419
160343733
3480841
6482871
4751863
6931527
5565557
9833821
8446701
2049899
2464447
6115809
3552393
5859597
5875753
4776419
4562857
9554081
5943821
6264927
3786917
3776809
5355051
1840299
3348983
67468423
7155929
2200257
9328401
9305347
4829871
2265123
178783991
3192303
9983729
3142653
3832863
2242267
3275083
1083919
2098637
3737409
4182091
2225887
611287
3634053
9936659
4477277
179687911
9631671
3422591
6687829
8006419
9533391
9165797
2961309
4382753
6032033
1174561
9243999
6827253
8615133
3837331
2918889
5413641
6891359
1798239
224407
7389363
1355589
9966091
81243209
169731
1397173
4476097
5123621
793159
2794061
7200699
8706851
5769271
7046497
1601791
1264031
4768023
145350933
5934837
8666723
9990191
7297807
1723583
1008379
2379023
6094287
4285089
5603073
976983
5951163
88480249
4347569
2850813
4923857
9856933
405141
674449
5267083
2099449
9838743
6715757
4320803
78474211
4795457
4870173
1737263
9910469
8887603
9588981
2943729
894303
6232467
5885151
5476629
6793501
989771
3431817
7811951
2174023
7222973
5638781
6981943
2210803
9194127
1314049
6075753
8923151
8428379
5534203
5394433
2818663
7162483
4146817
188427731
6380333
8577577
514513
4748961
23426787
1485661
5475523
6607111
4805483
3085019
9035291
4904303
2540687
7686439
4263233
3972167
8064419
8372361
110211
9581357
8389619
7894851
4655187
3609761
8592051
3956753
5550691
7359113
1483101
534279
1378381
9266201
1344729
3735667
5382777
9887033
7969413
9627947
7329119
4362753
2206791
9737859
902039
9742473
5791729
2632071
295939
2043999
9217601
5070539
305251
1113027
4879101
6447907
2891611
541311
7989293
957683
4276111
5881227
1055553
9626481
796327
7562111
3250337
5570827
3353959
7071619
5129773
2595147
5888023
9860153
4439409
6244579
4487239
5232427
9669889
133491387
106274691
7945791
6358903
7826681
5235579
1823759
1551227
937289
2598839
3632851
34394357
2277849
9823181
6427557
1997289
6046959
8574079
9479901
1798559
5094507
6306881
4404337
113642259
5227047
303613
4495903
8364301
4880947
4799149
3201291
8388169
1001607
1450271
9013901
1952013
4956831
338387
7584263
7813963
4869077
7972711
8413667
5756759
9635973
9438579
9597507
9948783
8869923
6627919
878399
3995203
8792981
3957769
9042653
5328973
7952461
2404931
6583881
4815763
9120161
4206989
250979
5313147
5819233
9464703
7547211
6140741
3264611
2951757
5306529
3242999
9406483
7873189
6295793
4839263
5429519
4489357
3639617
9072271
5890317
1299997
291391
8254913
4506901
3692829
4966617
913947
9903343
1149169
6603037
691807
8870101
4564423
9330811
312283
6782809
9397733
6018207
9884599
7040361
1949259
9066889
6611
4141999
1160401
9508249
5669509
5991861
3440611
8490267
40206223
4426001
5678593
1543899
210817
1573353
295907
9658571
867669
5546597
2755487
7315053
2533983
157339
5141721
339717
6741049
4952353
8431429
9919617
4397917
4322541
3493747
6533527
7344073
1305441
9307987
8430097
149501
7961189
8240911
9696979
7130483
731773
6078939
2474993
3566623
2322271
3572337
5648417
1002813
9748193
7486341
3376203
172351
8264099
8440297
999477
6710081
3980237
7784251
8527083
3275809
3912873
7907997
9721107
5956459
9730779
8397163
282991
2567531
89284437
7610399
187358403
9311923
5565691
3120683
7203263
4754871
7249719
7753533
7402581
5459277
2718941
9382539
1717037
90475869
414507
3056271
8479789
3590679
2588011
7937571
5880433
6449861
2322727
1683833
4002179
9292313
2801979
8670361
115583
6721523
9983609
5275053
8924787
761833
1417701
685483
7200023
1483541
1974147
1670751
7537741
6567139
3856927
4062081
4120059
9562003
5619291
8556491
3787439
1156361
4852863
2749717
687443
3650859
5890337
5357381
175811
845721
8232389
85180889
9270123
4446819
8176391
6361159
7173929
2071531
8919837
3494439
4742813
267949
9701727
9460959
5690973
2258069
5832867
7957673
7296137
1057797
4815603
5713977
523317
3068807
5867591
334577
8887243
3419913
8078111
1679343
7141729
1415863
4632369
7065863
3849371
4441541
9976459
147188743
9328443
9030467
2505171
7526441
1876527
6083321
3608791
1715109
5751193
193020753
4843449
7227653
52109
41951851
9955241
874703
4415487
2388709
8583043
1588981
9401363
9904057
1680353
4806153
8753401
511719
8846033
1675531
8382393
8980957
1095591
166497763
8182609
1390333
4153449
8513427
2868493
5854589
7575423
5286913
2494051
2070573
5940709
1305137
2112567
7265637
7925153
1003139
1975773
3885749
8603909
1377207
8514769
3618937
257367
866167
1582963
2148901
9384393
4359789
7450733
2227901
440799
7293897
7586931
5411271
8546083
986513
2263211
4122213
6466029
1585677
1012971
3724149
3469401
1341063
9445181
1592081
6300351
843037
6183999
67121163
1727669
5146699
9301593
2148851
6211533
4055521
1081169
7190489
270867
9080847
7251867
4479499
2950607
8722437
5656649
5766499
3766509
6578257
8886723
9935879
9143857
9653847
3316413
2695539
991377
5887251
6391937
2397199
2077489
136165337
9387707
1678811
4479721
7637721
6898787
7381899
7766997
5860819
3005447
6979041
151671393
8278031
174601
1784143
606779
938807
5518227
186287601
4458023
157235351
8125623
6458227
757291
1817961
8926189
675977
4870591
2987069
4494901
6818281
1783069
13883
8267747
6679393
4410501
6273287
6935597
9319471
5055473
6082353
2508909
4042587
6137149
9169217
7177021
2911329
4675081
2220071
8335213
4893577
1920317
3756733
1052263
1132681
7719413
