2430067
3042311
98384817
9386079
8888411
8984559
7589851
5424819
5964889
3570079
2511539
7513951
621513
4202933
3786003
7783747
3067779
8641457
2230929
1646919
3431133
205581
1162133
6577993
6227123
745907
9004941
2570111
2056261
2090719
7363057
1366157
9268433
7525891
5207389
1680369
6105409
9786869
2003139
8563137
6991327
7575157
4851861
208343
5813603
8306401
2270601
3919217
3099913
7634347
6872387
2646963
2113079
9776567
8279963
143973449
1083451
3833779
8978391
4795319
8767473
95211
6048203
3282143
7950813
7863307
5382279
8687431
9635531
5135273
2949407
9996809
3227807
4623977
3020679
8951487
6211357
8804509
22767649
4352643
3758741
5623777
1034133
926349
896039
3026489
8028691
7873983
4262831
7245481
271569
9771689
1081481
8971263
7296583
2170833
8735557
3001803
137853
418727
151901
216967
342871
5094209
4640573
309703
9831347
5005463
4933601
8473857
171854789
4440967
3101937
9769089
1664563
5661951
6670979
8684829
93701
6698671
2779059
6610699
3635083
8887721
2031193
8779893
3980667
7806921
6643717
3573027
4592863
118631961
2444491
5652561
5388191
5131769
6937517
4984733
6886681
4838157
5822389
3874381
7651169
4703811
8158957
2386509
3131171
5053963
4149819
3168879
7519499
2892841
163103
2955743
68645857
6691673
4036447
827267
2560301
1994641
4070271
5009607
7614393
5164721
931351
387627
2383379
4888383
6922609
5438519
5067653
2432943
2345187
3100369
650071
2646257
1759973
3268573
4217509
6052123
8401063
3648163
475929
4103283
4651917
5190883
4267991
7054859
132844129
4365077
186277
1449149
4097531
8678109
63924897
5964349
44479
8441433
7748917
9931791
1690319
5487893
7633647
4147589
2629453
327319
3381531
55043
6407831
1765363
984139
3439999
5308949
8842619
6559381
2395429
3713479
9636573
9154429
5964329
859707
2883283
3860491
1016399
6120073
1002231
183620437
136535273
9647873
6335607
6539021
6290033
6375951
3956701
914719
7453353
8338111
9856763
6044163
180217237
9068081
5111181
9521703
5639053
41062597
2750771
1560209
2134233
7586393
5439131
56770009
4036701
8521593
6486747
5749067
35774767
8998999
7825411
2546561
1077649
3340971
6787751
6340331
4463059
4330689
9360201
8562853
4312007
890699
4695403
8766663
3244249
7415317
4388201
2800607
5744919
5935041
4045031
9106753
730311
9937371
6889931
9579043
65407
5096237
2659399
4977
8234361
8749903
1515479
9404289
3525573
2085851
6359737
8690467
2073493
6061753
8321883
5525181
3342283
4639219
7705213
7093927
9953957
2379157
1008731
4298063
1600539
152803857
9408663
3343273
1421541
9159227
3488533
7027519
198795441
8564581
8359717
9529153
7869729
8370677
8050099
9497351
205931
1794903
9307
8445827
3970797
8676279
9444161
4173343
501447
8661663
2077263
6296763
3263307
6566023
124279819
49727011
6416237
4471851
296361
2352907
4885691
3204497
6640503
75228381
3948691
6930679
5808261
6171587
3575983
2090663
2305739
2465093
180547
83841759
922709
7473357
9376089
8006451
5572229
8582573
1842007
2704623
7409183
5706797
6539887
5760019
4114127
3425999
4990257
9103583
5573693
8553487
8015153
8562539
985833
8076521
3667203
7445087
9844777
6962131
9392843
5529331
4690627
6529731
4655011
14360977
9100803
4848893
6324021
2045433
3423611
63151
176111451
3862381
5484311
3202019
4738083
2038023
161047
9277057
9827869
4155439
6986421
4879423
6296759
5965031
5922989
7369817
139923
8972981
171063621
9636833
8615327
8759101
7589023
4258597
1989033
4242663
2046249
7220497
6364321
2958181
1997897
9987747
4051757
9939851
7037083
2280297
8134433
9044237
6355567
3920589
1609847
9971953
4492289
4926533
7799527
9738717
6657757
6520777
211997
78449307
6182089
7124949
6118461
8745351
4883353
4514907
9264509
6058949
3837321
5428731
7547061
5800203
3254597
2176683
2712427
9313419
4069211
9149959
104391
2859261
3769851
4751243
5542737
114349213
1284293
158044601
9817419
9267313
7946483
3756911
4692693
2482811
9902133
9062283
170637
193011
437673
2597277
3464073
8701497
3210873
8413991
7977673
8120303
900943
2324961
7238107
3123319
5943481
5254657
2024807
8602087
3282719
9768293
3435413
6666283
5241469
90639483
1358771
6835457
5022957
5799549
103150329
5145657
5389289
7135249
9013599
6588437
5989583
6458957
7448083
9425429
6557441
9821973
4525437
8986813
6469793
2936417
1351153
3326161
7030131
6336029
6967099
5190163
7485753
5215253
9832031
4488771
7154461
8714081
609173
5074203
4177327
9881499
1026809
1435307
6798717
7393757
3377317
7376199
9079359
189526419
901521
3311287
3347057
190311233
4817713
1522373
6513499
3244441
5243799
34779561
7232633
8680869
6876457
2561909
4452459
6726491
5761637
4320329
9264989
2309799
1762603
3702797
5610979
990397
4658773
8421359
6722911
2217549
1963121
61997
2151189
9174831
43978717
7436723
2746121
1470239
4945559
9753943
1243879
6762219
7209773
7569783
1712967
8374789
6199601
8056129
473937
1825237
6357801
1059673
6129871
3656689
645963
8958919
2819577
1569377
3773051
7814901
8648521
8691201
199227
2937509
9696927
1020411
9401919
196574437
5874673
1198871
3237001
4890601
6918669
4769103
3237937
1886707
2673811
9409223
5023099
7869419
8070207
9253969
6362477
7494353
9792191
6941871
6014287
6751849
1604397
9606843
40001
3938443
6623037
9958441
1709437
1763101
58911
1313967
6088939
39861
4181541
7384069
8394779
8737151
653797
4954319
5791209
3675051
1840177
5742949
9135387
8481531
6647107
1497789
7611131
8046283
7665541
7469009
2376847
6525397
40721977
1450207
9913599
2930579
5961149
6711207
2533189
9776909
8167953
2235019
4349563
8180631
8542167
2569441
3014117
8558527
548583
2932963
116855617
930829
9003127
2871063
169000299
9959191
332073
3457451
3314239
7559779
9758577
1953427
5361959
5159283
7251747
123065747
9415023
2349723
8163207
7835851
8146053
3043409
5004487
1180593
6736391
6930107
6045291
6321989
4894187
2248267
9994953
1547451
9786973
4249723
7689339
4495761
2368787
7334009
1547943
8351419
6193133
3059201
2919111
4877323
2350317
7673403
7554873
8043879
6090381
7930753
3222087
3866523
170555849
9209659
7758663
5782839
1363691
9249667
8629491
3623033
3187753
8591783
1551173
4504379
3681189
7850989
5792939
2786151
9278589
8060981
12649
8721187
694499
242119
175191
3943787
2038349
9282671
6045921
5409889
7135751
2149703
2727379
9433191
2203377
6757393
8191437
2765177
9837081
4763101
5561681
191378599
9708681
1491389
5777543
7016063
2185211
9619201
6181611
3519717
4959041
9208661
2193013
5395883
9356047
5558347
3762207
5011489
7376139
5712117
647713
2791469
4401257
8991769
66829
4113331
3814283
9613849
1150919
2920079
4038099
7441829
183699
7077587
5115439
