7315609
7603759
7822953
117327279
8886863
5504913
9031483
3416833
9369457
4971807
8294939
2563347
9854313
5798649
4543907
5231803
5042909
4501237
1010363
2128577
5457233
6620409
8615659
3480861
391727
6737793
7190751
7537293
722711
5141421
343333
1805357
8139737
8747847
3123039
749881
1233621
8471193
4428663
6114961
6416943
98274117
7356813
279051
1133679
5458871
5156227
161851
9813733
9585653
5497637
831667
4955501
7481719
5754921
2830449
7102037
58594359
4499013
4686311
5058997
8871739
9580703
9569319
2168253
93919
2188583
523233
6940789
2078573
28028631
9324903
1552809
9960961
8618479
141975993
683383
7593447
665469
6908047
4009901
719331
697039
9990077
1170003
626441
5526519
4927223
6789117
8744367
7943287
857823
5036129
4106221
1673427
9367137
133283
6302549
2856837
2922087
5753207
1656447
2079207
9579421
8707541
1816739
9883627
38529501
3156419
5330757
1360887
6847231
1161053
9678589
6127837
6747859
837951
6948403
1246563
2099847
6572943
5399077
6408127
9420147
8206141
3850629
6493641
170272243
2669703
101979153
4508899
2388977
2892863
2401073
48974449
4093123
2831803
3072813
2954789
4527723
4139437
5142881
3867443
6793401
3877733
5908263
8021319
1683537
9936353
296791
2826583
8835463
9230387
2066699
2605001
131587
675309
6964577
2439709
3390987
3757469
3839809
8725671
8837039
5329247
5525273
2795167
5761327
4957187
5332593
6746321
8105269
7850273
6916143
1727297
934983
5656833
3056811
6440187
3903909
5350481
3455023
7644433
184961
2282639
2432281
8905463
8335951
1605497
2739359
311337
8353721
4050609
1099319
3572601
5980389
7231269
6754487
1254989
9978269
7095923
2885737
3726611
2751431
1932473
3899591
5730737
9077241
8805011
5568089
3643679
6465123
1177807
9148113
1155171
1847463
7733041
1373559
7596853
5653777
985193
4991669
973213
9096759
7157981
8916221
6367723
9137257
3970113
8292107
5919673
480523
6978163
1760321
2247007
6867247
5563993
3382347
516537
5622409
3104231
8665333
2723737
4637457
3370233
5662807
2076371
2499507
1902167
3177771
8814419
9321757
8109961
8283189
6691687
7578307
3494939
8778231
1026869
4151991
1974691
460239
1006311
7735459
3914147
117826813
9271373
4114439
4546413
4934997
8211689
1821043
8449819
7298889
6428689
680781
6423591
4676947
6711587
3064391
2506031
3144561
3579429
4251561
7800037
5302439
8862121
370053
4038799
5029509
101573101
3018221
4555481
8383653
2918953
6496361
4789789
4345457
7392569
6696831
6549899
2712117
736147
2799173
9576443
1468757
2636343
14406339
3445177
5656647
7827539
1266893
32469
2380269
7815631
7717347
9811737
6578143
7073083
3215613
5074017
9894339
8521169
112615991
3086587
125666907
6182957
4532561
4989271
3418933
8990099
8160833
6119859
6772769
4268329
8250897
7359347
7072611
2338771
9261801
2623249
858453
369199
5639367
166546467
814301
2680767
4133649
8088461
68509169
8816069
8651767
391889
9081669
9187047
5832691
5516283
7381401
9698749
6018381
6428407
2587581
6248151
4279611
8595931
2829121
984991
139888777
623467
7362279
7069199
195187921
1740103
6977149
9578907
3656033
3242043
6511869
5104369
3968661
2067669
3628841
1556333
5982577
2828533
5798831
8786209
7452943
2397253
4013859
5058599
5512529
7799733
6471549
7885177
6833461
6465697
8583363
9988473
8560261
6658579
5732379
2718381
7374141
8368907
2344787
2404499
3924203
8843481
1748987
1042559
2836603
3365249
5221547
89357
3373867
6506723
1013489
8196903
8077693
6771311
7536019
6113323
5350043
1146063
42335527
1477421
6769301
8907383
5501283
1520979
2806917
6111417
7396799
2920077
5490357
5678573
55801
5013737
372359
5088301
348771
2144673
13099
3279229
5489021
3339103
4024659
5253107
6638021
2781193
4359327
2857747
5631099
5521463
9321457
4761653
6135913
860233
7294329
5447979
5013523
139357
2926431
6058021
2851971
2501781
9024729
2159319
1127653
190849
5540743
2586483
187603193
7420711
8172871
3653443
8969557
3367013
7308563
5401603
547833
3603797
5496991
2216103
7344219
9069641
7210327
8130227
6535791
2138441
9039889
38870043
85488821
5351249
4795891
304489
9387253
3085493
3769331
7796051
4029029
1435241
2644519
9069663
9782877
176837243
8387893
3465159
8034381
3400421
5311399
9750423
6490863
7034357
1135281
6060691
4607337
3950493
7229549
28329777
2144569
2287169
264403
6484237
5211243
9934619
6539533
9321647
1670101
6526413
131113601
3811059
7040499
1614247
9112931
2721901
2738861
5931153
7938819
1626431
7556967
6315993
462697
81462001
15186363
7290877
5920523
73748147
4743213
3474109
6348797
8535021
7525467
1371777
4870951
6788897
1179261
8419059
5855797
690461
5169009
1493451
88636593
8599447
2060777
5095029
4244431
8775503
5931123
9753513
5785479
6728281
5253819
2565721
9821149
4268461
2332859
4356427
5255641
7438703
2828433
9744147
5635401
9650283
2226257
8982339
1808631
113770019
5906873
4306929
8723369
8552501
5631619
6973561
22715963
3837397
6750591
1456243
9944979
8020219
7234609
6430691
5684357
9881041
5592099
7281181
4975371
6644733
337207
4953813
8603213
6552269
2019099
139685679
4647061
8354127
2364623
8641451
8823511
7126539
3072483
9769607
2767731
77849157
4649531
703461
5913919
5940123
4428403
174767891
2534119
4357359
207637
9016183
452867
6344461
5814779
5103671
4673473
121137761
8330611
281641
4597579
914771
1053891
46469493
1284293
9423731
995119
1173217
6210253
7565041
1125967
731453
8973013
3327857
185943
7495853
1159139
4518151
2388323
3186169
1028293
6026797
1450587
8300019
8219451
178552103
1807733
6288537
5102077
2087637
2278441
5489637
6124479
9094223
9474311
3878409
6663357
7369107
4961529
1913857
2877691
5872093
6470341
3204487
1441693
2773297
8031493
9716183
3964093
6290111
1017093
8288793
5317211
3452669
9668223
3014379
977223
181337393
1324151
1708939
6018077
4438031
2717431
5363073
6507189
6181759
4677691
8457841
4726803
3090183
4208399
3222239
314239
6991471
7263997
6329991
1853313
7956533
2456867
226641
4221217
2732659
5064563
2507079
7824581
2377099
8349941
4096019
5913119
7696823
3799199
3072193
8958567
9726731
2577631
3504491
2821707
8723381
7002939
9719017
2351591
7847923
798133
4802297
3603643
3334897
6902949
2357047
5698307
6470571
80008151
6202569
3535531
1342977
8497153
1832569
8841419
8922773
1929109
5403033
4694889
8853757
9054913
5913187
6836153
4194237
194763313
6577507
6837177
4197061
8921443
8143517
2084253
6313211
312097
8682733
7005287
834877
1710723
3587443
8533909
5917693
8695049
5669441
8662943
8233771
3563549
4686747
2136103
796807
1976283
724107
7730079
1766631
5533837
6862587
3384907
9817673
6587329
6362809
9481227
4263211
6857017
