1421633
9724761
6429163
6379863
8687147
2790919
4209491
6815569
582733
5168879
7224361
5228173
89049633
190161143
8829031
6274429
1640949
6051803
4837361
7737939
2077063
1830827
7870769
1715059
3325107
6825793
1939953
4479751
9459297
5533453
8009203
2985053
7015659
3757353
9830751
8384049
9453067
7070319
8395817
103721069
6344571
9877489
7139031
2146637
3612787
6907349
1354341
5205557
5197083
1599703
8996029
4678193
3338371
2580037
5149817
2557533
4581911
4735377
633351
1795827
174381
2041489
5011001
7060441
7731209
3735963
3247849
7757989
8359877
942791
8393273
8166409
2447011
1106667
6559649
2106589
2039419
9643981
507237
4933009
2514893
66897
4827999
2384303
8740729
4960819
1710583
376687
9265343
4772641
6074737
5196169
7176099
8711397
4871757
6511037
9617411
8759729
1502597
4140731
3146857
7989293
2004191
3882641
278779
5442441
5237273
3738897
7678779
8964083
37743923
7697103
50675971
3774191
2478707
9446339
7560917
9613343
1749001
7487113
727577
1423119
67118063
641599
71170837
2990137
1000173
9489807
3009507
8154223
22452077
8007963
4371161
7986177
5946221
9920401
7405609
2657517
8558291
9466161
4016907
9938669
285449
6425549
1635151
145527
192262667
6756641
3512543
6595469
9198651
2108223
5602251
1876503
2335589
3392547
2595627
6883103
2144049
8346127
3447241
8799073
6179019
656613
6111843
1904653
8249413
9253751
4111079
674797
5657269
3416213
3822699
1746219
8376809
8084167
8933261
8084379
121524077
2044499
1935703
1749759
7678667
5157711
3285547
4603717
4833523
4941581
8926649
5677559
8310381
176986091
2180599
6198197
8713349
7428257
6379033
493343
6396207
4281843
4513117
5376137
6616563
680499
1597991
7760831
5175329
5009799
7346087
1019177
481153
1250917
4583503
1800591
637017
6142671
2273903
1851103
2317937
3573373
475267
6824163
5596891
8186727
3030769
5729943
6780273
6440527
7682607
9170833
9345489
46719837
1092381
232979
430277
8298247
492747
5447433
6839407
7788787
123019811
9981883
1668579
8471707
6865407
651383
712563
8862517
6652231
5025433
5523893
5711139
5390153
8316467
3910839
1768641
4558409
7212553
3628189
7627817
3186621
2103783
186701
9717479
4915697
7615777
6681589
9291023
36908787
6015287
9222819
340107
9651559
74859781
3271799
3078797
55509
1130473
8448701
4788401
9008779
5484483
4047781
3063409
2775319
9717591
8978713
3868439
8563171
4439269
2854273
152432673
38303
2910949
197307107
5602561
196421
8834049
5156813
3146149
9795623
8836349
533253
9568823
360463
7359639
4508379
5480993
21677691
9950279
1698183
4017053
1837181
8875849
6719649
6531803
101399
8935347
1634297
1604437
8188427
18904677
9383241
2168871
9851479
1533047
7811419
256259
1485823
4575151
2704471
8334837
6315949
5014639
7063867
4383907
6405653
3793377
1435967
3574913
9406289
7134293
463711
7928291
7758771
1116063
6924059
6429351
94005361
8673331
3559369
6285393
8185207
6222083
138829
155907123
7521063
644277
4757867
9057583
7460729
111116927
5883977
9638791
3712883
8587623
8131173
2457769
6202207
8060069
9914621
8166127
1730347
3439921
62303473
6715619
83335807
5482739
8640407
911587
4239081
2474297
6289889
5773853
9908319
2562899
2390337
1530463
394399
5474377
3472721
3600711
58397
913509
4204261
5512393
5281777
745567
9272939
6984097
338683
1519191
144046591
7349727
2851821
3446559
67306229
2634187
5167153
40255387
8522909
9881377
3528473
9508847
1383201
7952639
9841289
1202733
7685681
9735843
630013
9177843
1413999
1227401
9026977
2438951
1650217
1478207
6160833
9155471
1558869
6526173
6916129
5162069
393613
5122443
7288899
5714937
8654389
2979103
4008011
8483729
6124221
7723307
2319007
3993557
5623361
3120777
8798601
3343229
7458703
7241669
1404597
263313
2428533
4810051
3816831
14244593
976973
8387401
7263731
407879
8174449
9810957
8098489
1246087
8251353
2475011
882357
6178929
5182869
9136929
2776121
604113
8987367
3181679
5331551
3314493
5483361
3311567
8587473
737439
5715169
5003747
6874197
7949361
5058129
5783979
9546469
1964063
3532279
39928503
6718001
5238403
2875949
5122269
505207
1041583
87018989
8698969
7047017
6713987
5942553
4886327
7965107
6965123
249347
7878851
8822039
3747883
8781249
9796833
4789547
4051479
3940597
1862513
1657061
9519747
736407
9622977
822763
5603099
6942333
8645031
8283171
1065767
2370287
125910949
407323
6625109
7919631
4912631
8136543
1809073
6044229
6843799
1836363
9760353
4837397
1993163
6722619
9372353
9856379
9902153
5724137
7380277
8670763
3062467
3426341
8888221
2431449
3855159
7822731
4370401
2048743
1164497
4083451
2716317
8774471
662683
9230763
896883
6442221
5120941
8440627
3949929
2416199
148387
1319939
8374009
2761881
2648819
8482873
7276893
2943979
1256267
5123731
8838839
6722123
7520491
1362819
6443519
9509629
822779
2044869
2263997
3087471
9502741
8457161
9084251
6262943
46830823
1123951
7081197
7576463
656171
8864723
8717471
6513449
237259
6054447
3324623
5813089
9747079
1742519
3133721
6850489
1570833
8801131
4014161
4205779
628081
7955847
569321
5217971
8061501
2935009
2129339
9571413
3444761
6094829
828831
7111599
5851567
7362467
4425693
7514351
8116417
2912747
8860741
6073851
375869
5476569
9449429
2011153
3622127
7547289
3778073
5151089
8231383
7442823
4756453
6581649
8539141
2832841
5015449
5151893
2953511
9521187
4331789
9278833
4323159
2159903
9712321
3057983
5446473
1160793
1587863
208299
2895111
8855317
1282667
3969469
3071233
2314441
1664201
2178181
5122353
9868893
3246679
1655969
719083
6353671
6218777
5459863
2070753
785411
8882551
9620403
1715969
3421161
7627589
7929137
9602497
2702981
9971593
9191971
5701819
5663517
834801
3404481
7573111
9815491
1597379
1774501
5736863
1356381
5121867
1864529
2514423
3699617
930777
7228393
2387551
302247
7803183
1721973
2887979
7474573
4496343
2746799
770687
8506919
3452317
7565159
9692529
6110217
724759
4528919
9320319
9841137
4833529
2956049
8477987
9407421
4685041
7440709
2872231
5038443
5367057
7758959
2506891
6040879
3232173
1867169
855973
259697
1939383
9186169
2612581
1318389
8636099
8985803
145819
1960677
4235987
2366791
8484363
1342663
4335781
3616747
4099707
398333
1467111
2312709
5159721
7767511
4416967
1119511
5094677
1455851
6318713
3657391
9578161
3307939
5234627
3595379
30553361
8864489
6354677
3072911
8468767
8519349
7119777
6913227
8755941
7660651
2243113
7488971
2129223
6918129
70319373
413501
3127527
4478301
2581599
1874019
5105473
2347741
