9527707
1701581
6207543
1383141
515761
3487477
4401603
158129
1752179
7898809
2745751
4201993
2197613
3406817
3500607
5752399
9737179
9460393
3105899
7967989
3942927
7952663
2997267
6881723
3410391
177307907
297551
1374829
7753659
8549577
3157767
5433589
3459429
655787
9087593
24675133
9446823
7802841
9234567
3464827
5983051
5605853
3673487
9058359
7190069
8969613
1903953
3804551
335263
8162629
2779929
9117651
7996429
2675231
1625539
7530679
1349387
1947577
6640889
8718779
3189437
8292811
3281961
5153939
2282837
8621273
2109069
6246821
6391941
1624021
5055119
7496451
4761291
3227803
5411311
987851
9784137
5084999
1369527
9387667
3684043
9237157
6897859
5441447
4656813
8068011
7010469
2628391
75361417
2245187
1243273
7471743
5920881
4072547
4535419
6905447
9227549
2205223
7853469
226643
1924467
7009707
6947229
3757609
5421407
7212589
3215969
489067
3889161
1388813
7582799
6135993
7468757
1390969
2022301
7592779
21389
1371073
2840021
3057537
1863093
5355627
494569
9214229
4915901
5052121
90517319
6444539
5888003
1725179
5979769
18458671
946559
5020571
3403363
2974513
8133551
1701469
5125809
1402089
3519159
7805317
4155813
7252147
3036213
136072359
8478817
2178721
5338423
2666537
3357211
5694507
7714001
6952513
162554193
5703091
4402387
8859831
8526327
4669427
666661
5970229
1889337
9706183
465799
4337619
9666279
4127137
6535249
7361753
7075587
7969003
2849017
9812203
7392737
7435037
51619679
9311077
7150619
9915999
8562887
241821
7654921
9606683
2263847
47463133
5891777
4121603
2058801
2684737
6480217
339823
2753419
7373003
3772807
2640131
7220049
1998163
88277
8203369
8470973
5095751
6515983
4613127
1316377
5267011
7214059
1458607
39074677
1142393
9164371
2821931
1785067
4966139
7986691
7124061
4142213
8684881
3547939
5261329
366377
7260439
5735251
9780461
993
8107057
8969047
5044797
461727
527317
1487913
8075203
6951979
30711977
2031707
8458567
8236807
507761
3969427
6735901
6734513
2235057
988157
7461117
3769631
1600127
838457
3284941
189159401
4426571
2711607
4131449
151511
7256441
3186087
6455183
9148703
17769
8037501
5382651
6358193
6293879
3171147
2610737
2191003
76728571
8163143
3978143
6061147
1677673
9447087
7017201
5403909
5298227
6281829
4908557
8235687
5240027
2628651
3846731
6564737
1322091
122272229
6775757
2797571
7787457
4719747
1358273
3817241
5961813
3134203
5357947
4698671
1365631
6240027
2467739
5918703
194479333
8803103
3851521
9604761
1486109
160254989
9758207
5129761
4009931
5650781
4255393
4351811
6308071
5645231
9154851
5393747
7510623
3245363
4622183
7522759
9547143
1893399
9015251
3524339
5742157
1946733
775447
2325369
9689449
3577673
4233833
7529229
2122539
4339387
8327673
1639679
6198031
2072869
3010989
7622571
8731133
6205143
3425463
8925937
5065589
5024117
6030329
2687997
8417661
8992177
7951873
9195941
489821
5069069
7763469
4872723
2596219
3995327
1733281
3267479
2894191
7927919
6004899
1902813
2729373
2028833
185420761
6402563
9582643
8497127
1182123
1852963
1868747
8676857
9108019
511597
9944627
6991017
484979
4758873
9404341
3275659
8150363
8843997
3220289
5698551
7202643
3313543
8430221
7440041
6976733
3791563
7122951
1478297
165234061
5255111
8355031
8319511
4142169
3149157
8662713
5366153
2163157
6419741
9974543
1817779
4728887
9329671
7118129
9061229
9695023
2717569
1439097
6034289
8000761
3535947
6995641
8862239
4339913
53793449
3557761
3599999
918013
8074881
6931897
2137169
146295379
9430349
4165861
3136933
4057283
8852477
5515471
5480511
1869883
2812497
4785261
1752313
7699167
9649039
2636169
6081509
151260657
7374031
406629
9762613
9904959
7950221
5327441
3346323
254257
3272101
9499787
5177353
6152297
273593
3622459
4177197
8872481
2641567
4766499
3307191
5541707
106779553
197847939
944759
1730321
4762693
8863759
3448793
7747353
4154863
123196067
3601877
65083389
3821329
92917
166503379
1880251
141185599
5362131
3163123
9405411
194491423
5170291
1654381
4329793
4275641
1584147
8012153
7111821
8923343
8766339
5961001
8093917
4275177
5335897
5919643
4140559
7483029
2224043
4477949
7639583
6389171
3736553
2106173
4332717
6162791
3076243
124720013
5286241
6704513
2476523
1095347
7072123
770961
657217
9319523
4294803
3553989
5623151
95013
9972501
8409619
9671371
1827781
5296661
2717087
7981191
5008817
6959363
6099353
5503701
3683381
2829539
2022831
6184513
4169779
6447617
1839127
9443559
9087731
258103
9220487
4790681
5608047
9152567
9492937
2314157
1631561
3639071
1574007
5911993
4770803
9564373
5003101
9968367
4272609
2167123
277161
3200613
6638509
727639
3638709
5226317
101104663
5833959
7059039
8227303
5182967
8969127
8784749
9687569
2438919
9661471
3246589
1220731
5775607
2726057
2137321
6846883
9957207
6758479
7761309
175740139
17001
2403341
4078159
6795703
2717977
1370917
814199
8827059
1124389
5279639
910423
6771987
3938473
110405691
2354147
2350351
9615133
3382369
2737857
4123661
8851939
4422997
5578097
8476271
3300027
534897
1691273
8166183
3690087
3881503
9714239
3966009
8593949
169459
7884103
7398429
375977
4288239
4831091
6277347
2988733
8457171
9054977
3786611
2279763
2609191
8160713
6602833
1954357
198185999
3710651
6237101
2885007
167567
1161341
2427179
5026159
2797559
9740871
814587
287327
6628581
5521303
747971
3169761
47931761
2597811
3273959
9099163
6568351
3489953
25199
5147927
1802111
9129021
1734949
4201953
1123267
8301979
951051
7599139
271629
9158699
8000809
3849693
1922101
8108789
7880011
6390419
8030547
3082829
5298299
5329563
1886947
8812487
7961123
12949
3029301
2082577
804833
8238291
7890693
3711053
8296041
258417
6323717
8744393
4930613
1190653
512457
3916087
5857291
8755229
1763921
2977029
5436657
162135869
8751099
9221743
5067543
6786541
8764471
3329319
9052747
858837
5669737
3936111
1094759
9931597
1509069
8963091
3145859
196913117
949199
3367621
1662593
189528029
7332363
3287119
8327529
4461091
7036377
9097957
2557059
128753983
4407921
8760247
38047
231177
2222921
5487217
2313969
5794387
18807353
3050503
4782181
7387483
2744561
8077943
8783423
2958467
5450501
7430359
8806333
4994813
5339061
5885397
1012139
3942819
9304707
3171323
8447231
3315739
544929
3364811
5693439
154716609
147803
5884871
963639
137664743
126063481
8608313
1137517
284797
2903123
6885763
3127777
3181439
7349871
1506207
3067067
6402579
4185107
410747
