6300099
3624187
6403117
1937281
4669683
8317733
7270269
4378031
50354463
6890627
9715697
3261033
4869523
3838163
7978067
8033431
666509
2990591
2250441
6065979
7336581
2110163
8465347
6922767
1581247
2566993
1933833
499913
9544763
4316987
88096829
267883
1292293
9308529
1345873
8344643
2436927
2644117
5700469
3508939
3201677
8037531
3635663
8409029
468299
3976167
9498141
3811559
7762199
1198031
5225523
2939307
8501909
58168881
50886997
5718867
5193473
4200201
3255253
8060809
4616493
1474457
5243927
115464531
9598569
1920687
7034801
9263871
4574303
3871409
110227
7147109
9114709
8033077
132853
9363341
2314463
3643371
2956313
5406387
9251497
4753931
7695573
986763
8116039
3704423
9988263
5732303
9748623
9322307
647741
2589733
4213451
3492227
5177721
7094019
8696063
6814201
6703113
3176711
9172093
5134943
1497809
4234333
2636181
3162471
3093547
6845799
3818963
2667791
739037
5437391
9189429
4538853
42681
5316777
5929879
8586727
3787159
8785413
59400187
3337877
6295513
2748569
5606307
49849323
6796163
1161697
158138499
7011689
6205409
2532969
9757277
8192703
8516693
5161691
5152793
7956509
8020893
8821783
5864771
8491349
5915671
9774497
4161941
9351457
7270187
6508033
4202273
3971427
2824037
3441101
4983159
1063537
8146273
8993347
6564123
4216237
8075199
6806903
9638073
2271381
194568933
9335489
4747027
5936739
103780041
3482129
5190829
2892569
943157
7058437
4122661
6402831
5745201
3960077
9653587
4240021
5389903
475373
5153727
2582513
6202443
183184457
5839349
2508451
5496039
2689487
6849303
7376061
3622219
8327719
6337533
7898353
4335787
6216737
2341069
7158457
1014197
7553039
7469143
4155397
3278831
5532749
2210029
3697613
7169017
7822441
7350889
4556767
9890969
2485803
9629207
4582903
2832913
6667893
7979007
298221
4580019
9812657
2104231
3969521
7839531
4846183
7355681
6676329
884649
896431
7876087
505453
5169053
9946941
2387319
8042847
6797149
4789827
3474109
4220209
4121069
433563
8779307
6380563
7771249
6332589
5089369
5050059
4355769
4846263
6530649
3537177
7266927
107031557
4348093
9921409
4429211
4970717
4767923
8158783
1615007
6427619
3349779
6535161
4551509
6653831
6075293
4815739
2629491
2096827
5809203
348007
660163
9900571
5115507
5033561
8921593
1591573
42106687
2840329
1997399
22843719
2096269
3983321
9269599
741281
6635761
2889189
7222197
3045493
8888483
3675217
6034069
6286713
8443553
4480193
3847333
5974251
3756783
6205457
57491
7669759
9841589
1341071
1960589
4017411
9439503
7598813
2647441
455197
8958773
9483603
2639257
8598329
2571651
6478701
4360463
21981231
7100167
9528893
397457
8927669
7268121
8730581
1215389
4448189
2765081
6658609
1320751
125084903
4600273
4132079
5607527
2387283
5950351
787081
3986751
24753
6588753
150143
1803493
966789
4465329
173128971
159778859
3703877
5109663
4282219
6574319
2543601
4964439
57811189
7987617
5231571
5942223
164125321
8545239
2178657
1774731
7228983
1974249
4637817
6272881
7976051
7604083
7788617
7837707
158407771
3877033
68062779
3085879
3709169
7629699
5669789
986389
5957123
3390253
1150911
3476823
47623263
2410371
195641647
8165437
8642813
9816127
8620017
3318423
3097459
2771637
4686771
7319307
779527
9023233
3492677
2482349
110557
7288621
5190293
5632739
3700529
6845067
3021977
6394903
2813079
5727587
2146711
6243873
9690857
7364203
5413329
2869543
2412789
293867
2348353
9979921
113428467
2199227
6485673
9590949
2161563
4972543
2848873
1666741
5185033
6106671
4153411
7544047
8802183
173275627
1667959
9219237
6421457
6349173
6181869
1166787
3229519
5566721
4262647
7555797
6003697
3483687
2628807
7601301
4557441
37772793
8631397
1070529
8022483
8888583
133304321
5185611
9936991
444749
2000541
4497859
6427167
156010931
7057009
7502419
8184423
7873977
376143
6794097
7776053
6901887
2586573
6085133
8415319
3958899
53677163
7515237
9570181
6161241
8203839
3335643
7255741
117964119
1327869
22246451
862771
9024483
2137983
8225727
5408207
4899437
6854153
5003209
6519381
6163009
1829961
5168877
7389883
6332739
6972439
1891019
1277351
2197863
8621809
2614093
312019
8296831
5920471
9295063
5300849
1477291
9095971
53275991
5816511
1954179
4411137
6269437
873071
6333707
6256661
2123723
8270993
7175983
117607259
9158259
2911529
5869479
785893
5441393
8595003
2091823
6845227
9483831
2348613
7427161
7104237
826113
4988757
9580013
9124457
4909981
6993079
4999321
6295391
14087659
7367507
2003391
5734991
9703977
5852613
5597309
5033829
9888239
9737227
6382297
1882009
8626911
131338839
5094337
6405083
7721529
9308431
5379131
3942393
5585521
8215863
3179529
1377697
6039221
5834283
1128197
2162811
5232749
6895407
7135747
2614759
8220093
9788657
5083081
7451963
2420237
4732731
4299951
9590979
7097181
1510843
681737
2606419
2422543
91816701
9521109
3063383
1329301
8230993
812009
9077933
6565713
1557647
7232459
8799287
1284047
3356999
50443187
7030281
7397109
9284109
3356383
8940033
7579997
4159611
8721399
9549029
649451
940361
689261
199052261
9640369
9734757
1706181
9600287
7808063
3605503
1301217
3210919
9632233
1351631
3788721
8987907
2296429
7679861
8122587
5926421
508449
192482709
6071957
158697
5851683
5914839
2526473
3658881
8521147
9254151
4304309
8080213
5525473
4245981
445107
355269
2245043
8478343
4951581
510419
3195469
8093829
3986117
2892951
9048931
778053
7646569
5425953
3504021
5829557
3871257
8746067
6035181
3237723
689067
6532133
7573483
9358599
8417449
9601389
4302717
7133889
38781747
8514993
9674671
2224819
7113311
4313543
3633031
3752197
6312269
64723367
8951863
4350317
1826203
7674189
4668429
8166203
5007993
7711803
9147759
9033497
9682417
6597501
3274133
7884171
2882839
9662593
2037897
1957443
8828657
8939107
343507
2825349
9228821
3082611
2871619
7857549
4111497
1612383
3278503
4460889
386667
4325741
7545061
193817813
1009123
7174521
73093809
9640603
8265539
5692697
6191621
2083033
341173
7355521
961697
5156911
169676831
8500951
5856403
9293563
8578633
4626849
49936247
8188023
3153327
170439
43874889
9247827
5198343
9093239
7553263
8068521
8337119
3770709
2071009
8734017
7503847
3535471
8452919
9861203
9310583
1133737
973501
1552781
6900307
2235201
9355649
8023007
5162111
5246667
327417
5756001
7220791
5763753
5531359
2490219
4436573
4886367
7142139
7481553
9891459
6810389
1692077
9326597
8883023
5960201
4856989
2589169
2537321
7702911
6144977
4638891
9175357
9061743
4214269
1946579
6447887
1639691
3265683
6904689
746837
255771
5525953
71131
6029473
9309143
9828907
9693791
9567367
43016387
3724261
203183
4125231
5068161
1843237
5926261
6657477
7861129
1350563
1061541
4932107
9293553
6630361
698981
5322981
2002281
9909847
3282407
5547243
1279289
9203401
9912767
3096467
3043181
6246241
4890317
