9042381
291703
7738663
1325557
5348649
7772097
2018649
6035283
5657211
6491619
130179349
442671
376681
2488827
4611139
8920813
6811731
7748527
3141247
1718251
8442171
7119713
3197239
7945843
5454507
7541231
1120517
1081237
3165009
9304113
7279479
3580729
2327393
9982437
6861901
1757723
83847543
7890271
5828599
9242799
1123347
5687993
9377667
6963669
1177489
6209273
9430419
7803851
8683219
5547071
6703927
9532353
594917
7920771
8626603
7785249
1940823
1169047
4808573
770397
7061853
8670707
6211167
49780847
2041703
5418521
5539883
3449677
1688663
1162419
9608757
9451247
3685817
7672151
4877197
9949097
3606023
3956857
5167029
9124487
5983227
7465109
4654929
3720131
8746679
9233241
6017503
7464941
5197863
4011353
2939279
739291
7046569
2050349
8738833
3257791
4169781
6707153
1918743
66165397
8617663
5321511
3229299
3473833
4393309
4833409
4109121
7982763
3056019
6714433
1406213
8951059
9269123
1594663
7626629
9257677
715319
9682297
4301553
4688699
9800323
992857
5320257
2916253
9801819
7803489
6579607
5317149
7103567
7493091
5859689
4116393
5818863
4182909
8334099
3386803
6798077
2219881
8034369
3749667
6391331
7966903
7905177
7907013
8046051
6007599
7774263
7817607
9951427
3203469
1907687
607641
5136637
7593409
353301
3473103
102277
5846773
5098251
1630639
490689
3891701
5246473
6824603
2805069
3861121
3795869
631921
486579
2910747
8162499
5936313
1897403
6093101
6868877
9223143
1408889
5406227
9835083
3246379
35695031
3326167
5919763
5492841
3333569
8227461
9227083
3347853
2012719
7210109
2938869
6406411
873733
6451343
2581519
6726437
4781813
9191589
9002701
3295949
246867
7878079
4505301
7375841
9716717
1191141
34278047
501387
4882473
7482547
6724209
8418583
8731611
1719471
9787117
3062921
8819051
9095321
224043
5706437
197153
3013067
6790221
9455557
113957057
1811701
6480109
554621
9604503
5960487
7745903
8835019
6117587
1697467
9932017
1085139
5947377
25441297
2279189
7677919
9994723
9190031
7289187
4712271
1080553
6214013
28069
9568449
130558707
2232917
8801801
1537719
840231
147242627
58667
4041513
9091529
1981167
5532001
3563631
3071583
9817189
2115909
2914093
7831353
1899411
1382613
6373209
4319023
6621587
7928139
3309061
2635363
1659371
2220301
4959677
528449
476043
1155987
8946187
4337819
7059217
3112717
4579973
8021767
4164429
6150329
3788751
6038841
6781891
8072389
1777947
7284593
1354703
4384747
9290461
9412671
4134009
5235923
1566601
9721907
9046047
185448723
2898367
114275289
72524901
2058181
68351567
8020143
273587
781733
9882701
8885321
688653
7578421
1692851
8054031
8623429
2327381
7430081
1141153
1427881
9092243
6258981
5467623
6022251
5162771
1616679
7666861
5551963
41681903
5810089
5987259
4148603
1004243
8430941
7938769
2412039
7707967
4175359
6925981
136082497
1765059
6693371
2602023
9438853
8213411
5291409
3134033
5404979
940721
9779831
9736643
6808901
1463047
9396889
8925737
8824007
7147517
8771659
7162677
7555057
5260457
8655139
8291619
811871
6591337
996439
6595939
8665993
1964243
5152477
859997
7055727
4859459
9010117
5018997
9399413
4822563
8281867
2630577
4741893
6329341
5415741
6345709
9954403
2525441
4142083
2119449
8066007
1639351
4457553
6495439
3795291
4414317
9932373
3911017
3448527
5004259
6848123
4403289
6695171
4022693
832967
3640591
7962571
2646519
7283143
4503349
2970887
6133933
5721809
8099689
4943793
5817831
9364827
2616599
4868743
6179237
9735461
1585389
7115071
6068121
468313
5110521
8453627
2753873
133121287
8669571
3521159
9527363
5099277
6996607
7159383
8421801
2548051
9642063
28091
3322167
5051137
5218539
4798787
8229519
8172241
75938041
1563189
3874389
5925091
7357347
7408027
5237003
192873317
3197831
9438691
5687901
8696567
587691
6016917
3426803
5020391
296891
1547979
2910073
7490119
2302441
5671743
4602489
6525431
4081213
9042611
2988937
5460583
1993321
1912883
4819361
4125409
834097
8079791
771609
1639681
459741
7555357
4777961
7302331
1988599
3384621
5256119
9493669
3880861
5898077
3460013
8071017
8161957
4744369
2821681
5282369
828563
7200479
3585317
5396933
2985397
7323401
3717263
4194931
9352261
72119
7175899
5139201
9078241
6436537
1764371
3072443
8865387
9583563
2185347
5480309
7632333
4000603
4685439
207577
46362391
3235239
3164077
4355473
159556359
160957
5465051
6274199
3316409
2084299
3531157
3968079
957687
1202747
6674017
218077
9472311
4316903
8161119
7767639
2861133
9777309
758487
3984897
9610879
6129839
8256279
3488839
7827737
8884069
321047
806283
1770891
7763913
3078513
3211567
8858343
6147719
7233511
9799549
7549709
5798821
577089
4335133
4093913
6810241
5325949
7160709
6462267
8874039
8326379
580543
4203959
6293539
3883849
4147057
3907591
5184231
3523527
7861361
9874501
7788711
6974577
7493539
130413079
105195577
5749923
8926031
9228003
4652163
2107901
147113027
1250751
5132841
859011
7006523
19632881
563063
8906811
8505031
7864897
3690187
6354863
1833849
2987903
3864603
6896339
449397
3110951
8255611
3097601
5169699
3558871
7076683
2859109
2199329
8245269
1942011
4287257
5169679
102308049
6515077
8433477
2015343
3451147
7237181
6813569
637837
4769091
5277349
2473171
2076137
2953761
6544837
6693859
3583711
111057
6599899
8226187
6660417
5771621
1198381
126399
6937807
6059833
1060973
5470693
9422847
8080029
1100421
99195109
7608307
7166187
2308329
2651683
1305801
5478801
2398527
9465431
9608003
7853189
7738487
1832897
3312369
7284379
5627587
5954171
4526101
7937521
2350577
1917889
5724831
6151471
5015151
1818037
955539
6512201
3926121
2722791
9156413
5456207
184251
36976487
240119
527743
5595237
5862327
8887541
2895847
7282477
6178341
1212643
172791891
6022157
274161
768797
9040507
6545371
2475379
7949547
804807
3237217
213787
5016597
2891999
5392403
9902163
3834687
611541
2328491
1408889
9067119
6797079
1998657
5942111
4728401
1841821
922897
3158569
8608897
4047563
1907577
4550003
2536047
6328709
4100081
1686339
2405347
2998511
312087
52645051
8932773
5301817
1085331
7534991
2847693
6613817
9922829
4650937
6158773
8140339
96753861
8268653
2985207
8621861
4775553
5801919
7406677
9159619
9409877
4226601
8188079
2898817
8959323
6727217
4034981
2894427
2815523
7196203
9588019
9386033
9339091
5871691
9070529
7470137
910301
6578921
6414929
2434923
6265299
9470229
3569141
4791981
5941999
7960699
5940713
4893483
6996479
3510807
6404741
5669351
1700123
147470691
9130709
1160737
6934867
5069353
4511053
2050961
2786143
7855629
4180509
7779813
48534849
1363097
1006563
8932567
6044523
4552331
8044481
7951741
6046661
530339
2196399
7712403
9523009
3524367
9279371
7685231
7944371
8395939
1930947
4171437
7505177
4177277
