41419531
4715877
5393277
741303
2516333
7168109
9670799
6523231
8174663
7790191
6664891
8766317
5128521
1408839
3745039
9691049
5984937
2197321
8700087
956729
8251853
9441577
4480821
2971777
554691
8850171
8665349
8611041
3948303
8820423
5630959
7017011
2167989
4075523
4382097
7549229
2701829
4789029
6076581
4277789
299909
2902099
3208937
2465579
459279
1410707
4426201
1049651
154850761
6112671
1096887
6097057
4566529
6133487
2057267
1433911
8791607
9164273
568629
4033097
2727283
5982859
9041927
6835087
4397011
6691459
3773739
961753
3587699
8288853
8055727
69346537
5487421
2695411
9967873
3588629
9543517
2453107
3008331
6737333
6785297
4394177
8144233
3151727
5355009
9722317
6086369
2969951
5853701
9933113
8753777
1434329
3603373
9652707
1431621
7487741
4773043
8013543
6028967
7813277
2956629
1337099
3527097
5557731
4709189
9031571
4597457
5079747
9374447
2498121
542271
3758963
228193
4809919
578541
8844671
7443519
119773187
600177
6195043
3680399
7420727
569019
4458673
3950623
5854839
172118401
83217
9477807
194681923
79125359
6910397
3936483
8646339
178828097
7579543
3062003
7778657
9019327
2406469
9385089
8465269
9455323
8407593
4658097
1163947
9092537
4137067
5107311
2383353
4122451
9775957
9303271
5186207
9264081
5875561
7909101
1570151
3784621
9644253
9893787
2090093
4434459
8886441
8560047
6814667
9600283
9440917
5473347
1038509
5823693
4457261
6672853
6599623
1026011
4082703
4511351
81304869
4448023
7442387
5814243
6593229
8192143
42101
6557981
8212227
2996163
3817157
1575953
5933749
3686803
5472243
8968419
4018947
3669171
8243923
1806663
6241637
6933851
4134797
3640987
6266801
2162507
8530571
8374537
1825359
2471389
7200699
2350041
8214433
1591769
274743
9668143
488093
2013643
2851067
7560281
5115877
3247321
2334269
5752083
159244569
9558467
3424011
219261
7148839
6864067
1793159
3329639
3123299
9924873
7558757
5780457
7521451
9179443
9921651
96341
9192437
3155253
70156203
3506437
1443813
258829
944791
9302741
3976609
5091079
3126389
2398889
70561
6316763
4208327
9847739
8721423
8448711
4736121
70752407
4637587
4305573
4349617
1531917
6006253
5145147
1720077
6937927
8778533
3154331
2918281
4836267
2016123
8253289
4794359
5400791
3465947
8788659
7379429
9782127
7356941
2774349
4771579
5076979
8395501
6964709
1338551
3371421
2225621
5482987
9451909
9627029
4258867
1711787
4251777
3211523
9581
3657773
9772293
9245013
9821999
1767447
523649
1345627
9739857
53965991
1099353
8666163
2349863
7587291
740591
6991599
245909
7724791
4135859
5215693
469157
2297691
8724141
9229431
1766717
5671603
875249
6314927
6592139
2811923
4154773
3142861
2481881
5222897
2781827
1130451
6298793
3050253
2479061
7233039
3509797
3035103
6656767
1665003
5972117
7607721
4350883
4477181
2587099
5934823
8771181
6123967
4099457
4266303
187797
7011891
9217603
464707
2294853
9111753
5421779
9677153
3820151
3628007
406917
36311017
8043277
4207347
9820287
9253661
36694913
5665771
4400003
9062369
2223321
5288771
3451127
1999867
7483753
5536941
354073
9296937
6501363
7262581
798481
3549687
6110151
5716717
5061597
4016459
4738247
5482151
5696421
1968399
8625307
8102671
2617227
2261839
342179
801161
8649751
764963
4140323
1345291
8212817
8254663
5680041
1199107
3404849
1148913
205133
3490931
9797443
7860001
825041
2805031
9853777
1611133
5529729
9781493
7929493
8558529
3569651
5747503
6532729
6112051
5532057
5827867
4147053
7781013
7225217
2308697
9285189
2944777
9891979
1479013
8743803
627569
5942717
4492991
2310243
3463187
5331271
1162113
1742103
841813
1962287
632957
1361849
3533601
2346163
8322543
948581
2104053
3227831
9520927
1939821
3814193
7668969
8092273
107477037
1186969
4666251
110547061
9213033
9220363
9892823
2185271
8223633
6681127
8744341
4850891
1000517
3644537
5165611
156217
492691
4946223
5459159
2122579
4260779
8019637
5201571
322243
9128311
2677229
6916807
6604487
9685719
7671897
4413143
5089887
6959223
5619509
4083827
8136519
7193573
2408559
128947267
9990067
7158479
4676033
1724091
673609
9736213
8230389
7872151
6696551
4664779
4319173
5446343
8604831
5815211
236011
2813759
3048797
4631743
3422237
638597
6421713
1785531
5241003
3404499
8251661
7130021
6079043
583657
8664111
3011447
496823
4217501
7600261
8885323
5265153
1518203
5319839
1590959
5562723
5950721
6823169
9512887
9714981
6480767
4240657
4204013
388781
4835851
9454151
3370441
1971459
1194069
1934421
7811997
7477219
4459393
9811889
2154069
287101
9221113
4284747
4277409
7287251
1309959
5199167
8497047
7980693
530651
11163
9648637
89643
9255483
1414817
6717979
1685731
2967091
4150011
3095921
8009009
2889777
653267
7432653
2669949
3673967
5676849
4204011
1240739
7582683
1354143
4286427
8963231
3749099
4890171
183157317
1101719
3271149
7330749
4823067
2877191
7977447
946661
4397583
9314871
8626689
2811313
4873903
9391649
7156289
4263193
7117829
520559
6351167
2583787
67273
4045681
8458303
5221117
62157341
1649949
3132397
179500737
30863123
5102077
474101
8019021
4274549
5043539
334563
3481513
7269949
1385619
387581
6993119
732257
2797323
8849589
1138179
4264609
3517193
7257729
9411389
5932403
2269283
2418997
4353231
8075983
8805269
1395703
1825639
8198237
4445811
6621751
2146079
1276653
8145341
1846417
6138863
1507401
7326869
9157333
294543
7820511
4069303
1832159
9688623
5849911
2425179
5139197
8052017
184844921
6981491
27028411
5886627
7348393
6000109
7227273
5344069
6913671
2176761
2352903
5477311
499409
1742263
214579
2855319
7034857
1912051
2419057
5938091
1848281
7398279
4904731
2169833
1368567
2600659
1368003
3947147
4003821
5807587
287233
6983257
508643
804609
8784427
4090937
2459939
2470373
4614273
9103957
128181
4470499
3293913
90311333
1823063
9143101
6996297
6006423
4155769
8495453
3982939
3816951
269167
7837127
2592633
2393627
5530399
2395599
44261639
9573581
7637567
3503981
4122427
9567991
5451809
9963637
655009
9422367
7858147
1848623
8500091
2128059
493377
1980559
7689473
3951899
8262739
1656049
3596741
4375487
4525607
683323
4019257
8254701
2169969
467413
6393493
9474813
799317
196664563
852497
3299617
1140379
3805113
9843329
2253923
7673027
5162057
2000289
8291707
196991
6554221
8051003
7019459
8833951
7241763
135753
5954833
8904679
645831
5268057
5038877
5423187
7800391
45035859
4321287
4191097
1415781
6184811
5112559
2522373
168168997
2717353
9203391
5526409
9921927
6481369
14579
1997787
4283501
2617749
2484649
7397113
148048779
2608519
4724061
4263123
8311361
4156611
7467207
9261433
6965043
7851617
4855451
4091999
5943417
9650897
99473
5772143
6292807
8592677
6010783
8119051
