9304669
8389881
4454603
6611731
1213793
6089853
7090973
2406803
2912011
3402569
7807511
5923707
8552221
5181637
3123551
1035177
151047
4898471
7189029
5762763
9346013
6276401
100353
9308883
3220543
128639887
4539451
5771007
3569761
5718127
9513221
7955557
6363077
6110181
1089961
126858693
4192659
9981773
9171449
3258227
6419559
183538071
754597
6056683
1485969
1498957
5218131
9214693
9043189
264349
5931903
6941259
8823929
108715527
5852917
3759373
9694543
2267731
8347987
6274219
8227847
2997959
9499527
8339429
463389
4184999
4972577
8267769
6936467
1453037
2504347
7661729
7926129
107998427
1763687
4835979
4754441
6398753
695971
3763351
4498771
7844531
8201741
234453
4130053
3879343
7244093
6488253
6711651
6972051
8555071
7957147
570087
5690643
809799
662523
8277321
4957389
6725859
5180813
8376341
6665593
9594169
491799
3634841
2715557
6886609
9069633
7125293
7887819
4177263
9120131
4419987
7813999
149328793
63161
7165023
8291479
6737217
9991231
3410187
7051149
7499171
5274621
9891591
5834877
4827593
7336207
8684797
8367679
2783213
96338917
5956229
5185223
3075991
2184853
118951209
4361603
9482501
463711
5174441
8342467
9349339
5663817
4304731
4215577
2789009
7515613
182907
4524147
797131
9598697
3777097
6940509
6006761
11017
4187997
1079867
91279
2643581
5720601
1597487
8471663
9716563
873523
779933
9337069
2591409
2534607
2044947
16705341
3731377
4626893
6653059
6662283
1879693
8886013
3549689
9671043
211587
4151521
4990681
9385397
6038901
49739189
829507
1414837
8292583
1437017
2920867
9381507
8239723
7032249
2847731
6966219
7590489
8906073
1949663
5464091
3111621
3018263
5273387
6059237
2735969
6975003
2281969
8169813
7161539
3712169
9522651
16299411
7233481
5525231
4148981
4377933
9178033
8658057
3687483
1305783
8724943
7105213
3500779
70539
7290567
36860477
152422379
256589
4384299
1080789
6113271
5948633
109945939
3423239
3205571
3077651
2812397
7516943
3308473
5423603
2874499
108157
6573661
4635601
3446221
755661
2749653
4819007
7701961
179389
5619249
3530031
2685169
8693167
5116127
1095543
476869
273517
6354789
238477
3115719
5363253
3485979
5521131
7535893
7915009
212489
3519031
9462111
7525177
4856233
9135759
3578429
2355829
1862197
9055321
5652073
2349867
4657719
1593971
1109397
5197841
4175971
6130341
5500991
5112813
8333567
7543443
5764523
3860119
4430971
8564949
6578313
5026417
5391601
9620519
740877
4942829
82331
3362011
11111793
6504697
2718573
7929949
6079099
9432739
8762493
8867569
1890793
2075517
4448599
6163177
7977493
1261201
7988599
99587371
9859899
4356667
8254189
9065021
76790851
1312141
3459159
1296503
3457551
9400219
7154873
8492509
4902653
5457263
2705671
1170031
192682691
1823327
4795049
1578281
800033
1829577
153191533
3042079
3806833
3591391
4619557
2771939
9924341
1707693
2756771
8918957
493177
1615507
6982579
6500263
9342023
8151393
7693243
1012221
1851949
4350473
6729539
6792773
9949331
1411393
9175957
1744981
7617121
4065521
6923677
5015933
9620561
1095419
4378647
2597291
4105729
1660209
5010779
5848019
2780251
1348461
5063793
954551
7824913
5452209
3271197
190121531
4336411
8316387
7759191
501071
8421347
898761
5197989
965699
4792663
5406097
696453
5160493
2595481
42456187
149943053
2243099
3185531
655429
5211841
6778099
7512351
6530827
8120293
8773673
5301831
3300341
1123557
8019773
4636497
2756153
199453
9115983
7239331
8262743
287789
2942093
2602879
841407
8524653
8973209
3493779
6096399
6229823
934803
1648717
8115303
3749377
9514051
7026781
6802427
7459807
6429263
8852323
3009287
1135279
6544563
9749289
2233301
4937117
9863037
4391989
7100503
8587337
5338321
1862507
1606483
3942493
6064891
7205617
2282037
2775931
302749
171500041
617841
6384737
3297193
174941139
34809
8860491
4815423
3346497
7199341
3177127
2553567
9441681
3947103
2338753
1029889
4184409
502697
3731071
6176733
2271139
4471993
6436231
846049
3782553
9894571
1361243
2381953
1262089
9081723
8505057
3219349
5622199
4090857
1495581
5884591
170089089
1158149
1207477
2812391
9544081
5109489
2823547
4770929
7591693
1825807
2571077
8296771
10925253
8291303
2385243
1030719
1189421
277677
3571747
7774503
6745281
5835163
296153
6235723
8885319
8264563
4458797
8094119
9219663
252201
4169587
9764433
9550861
6451083
7380269
5412423
5665363
1381799
7168071
7835779
6302123
9665059
8133053
2613321
8892091
9866423
2404389
1738167
1748277
3681849
4520261
2175569
4786533
6726603
4181597
5975037
1459793
83751939
7792317
5929861
7666027
6297663
2362421
6385817
3178951
2641183
8839717
5216837
9665031
1659419
1729167
1370401
4730661
3242903
2702559
4938639
5478221
1068477
3621227
1686623
7240003
6819647
4060043
441997
154409371
9312007
5873219
7928539
9399739
899977
3479687
7628071
9689999
8712573
1246733
1112263
6853027
1243217
595521
4486371
4421969
4875991
5562473
2220089
645781
3474727
2337149
9059779
9748581
4677741
6293137
385467
5635737
5199609
5362211
7505781
2421781
2565753
7248371
9554129
3623533
3247691
5807163
5957603
6788133
5425679
9077817
6997077
3270429
9409929
7689839
2855143
59523551
2171399
7328919
159518769
19426837
2405103
2736051
3861913
1666491
1934641
836311
9652173
1498437
2702367
40165323
4710183
6839641
93879
8288213
4287743
3439977
1016521
7832821
8784283
4939487
9150597
155337
9004209
6983487
2574413
1687649
8228051
8445929
4359903
5310667
7778273
16311
7249703
79779181
5984417
9827573
4142661
8281363
5257119
1199399
8396597
63607
4335943
27506261
3014391
4562221
1575329
1822619
5490191
9388687
3877981
7849401
5275273
150381
1283797
328721
4352393
9201123
3168411
2346407
1980089
8060487
9659541
4366819
1822457
115611183
5577449
9616673
7145267
2958351
2347977
2211291
31828361
8340313
3712837
4361919
8937209
1306769
1162711
90193
5226857
9365727
79707
9213919
786199
3384461
1087439
8400249
5746271
3916421
8366963
5980929
5429457
7385771
3165813
5572989
9321213
7114891
9958297
5040493
127037963
8192729
9243099
5071459
970219
9365393
7936771
4734717
2352289
5523747
7028429
4797561
1952617
4048193
5320001
2940053
9303233
946627
4368067
3752951
33680821
7748411
7791813
8867731
7935787
3668159
1929073
8591953
9772943
2661601
8954419
6242949
7506567
6163127
2418099
3981611
3479039
1471103
7296129
3257087
895603
2660553
2839551
9123751
4810831
4004401
3919157
1713897
6057769
1090841
2556717
5509689
2406893
8724081
493217
7167587
9845249
8664071
7643029
4509371
9998197
6479629
8944999
4641037
2333419
8960341
7584307
2926901
7462409
8313543
9669101
7359837
6020253
1820103
1228583
8522599
6590301
3925869
9193901
5696463
8402339
