8464253
2332521
6688491
8810327
4782203
5850291
8474589
443881
7549129
2536643
9223997
2594303
1630033
5686581
3501771
9050139
8775251
1144877
203819
6483831
2033229
9278829
5918113
3566239
1483741
8944463
800537
9382419
4092551
6158069
1794821
7083471
1563337
9771313
4335137
161163319
1732433
4995733
7485589
9873449
7317327
6479913
6519941
923413
165100907
6382159
9582607
4332427
7088271
9141047
5674673
3227299
4605769
5915927
4726177
3640991
4793789
1551033
6375351
7198371
2810027
8092849
8899349
4880871
7731419
6107233
2943667
1750377
8731059
810661
8741927
3977593
1066147
4686041
3681337
8149567
1307953
157145753
9826659
7564897
6990971
4163073
2917497
4343709
48743
2934327
8110643
4484031
4388241
7714323
944877
3998793
6732139
3688351
5118281
2140147
4740271
2207987
1167173
7386439
8302901
5468417
1082621
7738457
6262213
5251321
4152233
8484351
7803331
1823947
9435521
93299
3515107
7307331
8239003
6455161
8910113
7162463
8632763
6055107
8341499
4055211
619413
4911997
1545731
2012503
7382267
8323427
4434983
303233
5669193
7814639
4754431
6228993
7573359
97021
7447377
7413
9507781
3036749
3313131
1508869
8784399
9391919
2177949
1489827
6993367
8955429
5702497
122367837
6961289
926271
3341289
1213067
1397887
176905887
3506877
2776863
3700801
8178249
76423
107832149
9914487
683459
699743
7983569
8528417
3629439
4324793
5889439
6568703
4034553
5637453
5369629
7446063
8632037
4131183
2651839
3214671
9879317
2340433
9595071
7890279
6145643
5900183
6627919
20426597
7881871
5887171
1692169
8267211
4023771
7339401
8223691
9491777
6082081
6519623
1412593
6574913
927669
6020753
2648011
1417371
3899901
8340651
194382247
8365297
7699169
3272853
7379479
8879169
3454771
759619
6003131
2726031
5368617
5121159
7854231
7137583
2088421
1432741
8783239
9671107
7535003
3727157
9091541
7646247
6634857
5648781
396003
9046109
1168303
8815503
9026707
561087
7949989
6435647
4296557
5672179
8951009
3225119
2802523
4360311
88748169
3399833
194955083
4497071
3183149
7847453
3748201
249723
7872347
2066509
9986547
4784907
8091499
2928701
2243021
3813801
95372311
6664911
6858071
6289911
4062611
1546593
6804959
4882649
4692731
7912891
895583
1773523
5720997
2485391
2436641
1417133
199548937
2093469
6293711
5999191
2711209
837051
4614343
2712083
1480821
66747
9016631
8367801
6339183
9625471
5204679
2687863
4817477
3462537
6099313
1069727
2295043
6641153
137328647
3885669
1059859
6072933
1320701
9031101
3820773
7680919
5082243
109326087
7060607
2781423
2363013
6805161
3939791
2088461
1495831
2426761
7867493
6126929
6063051
9004553
72419427
8921159
9087433
3781167
6532677
389647
96368859
7919941
6409581
1436583
2904141
1462777
1893899
9026437
433887
4171509
153440667
4175861
8342737
22066039
8937901
2850643
2355073
9760391
4616691
8479493
8619941
7561931
8163821
114142767
2336293
7838631
4557359
1827271
2870339
6443521
6638063
8628021
7207281
7250647
94141643
7038997
2455899
455307
4681921
3650801
6046901
5866433
2619169
9515609
2811249
5779497
732007
4606069
9965311
1037257
6354233
5119227
6807201
2961397
7686499
6312871
2756583
4869717
48182441
3677473
9063883
3930209
5554727
5691453
153480093
5586859
4442803
9091821
6445937
7424299
478867
4266011
9841523
4927249
1765457
7699167
3512831
6768531
3717849
3751431
3776591
46825067
5537161
6553367
9945611
205523
8505573
5457147
8829607
4989973
5592309
5235817
7150469
7443519
9683887
6806263
2710609
1066057
8733327
1340819
126643579
3177093
156103983
3049631
3442257
8447157
1316931
5789473
7880941
5665923
2216569
4902841
3187199
1850637
53091289
2284601
9542663
2716517
6408149
2387331
5697033
8371589
6334849
2907061
3764657
4150093
4947763
7991687
3518721
8684589
6760473
5834771
8938553
2233329
6838067
1369373
242713
6842707
4737379
2123697
7655737
4055479
9670767
1626823
6812287
2635159
8381177
6598489
7651637
1362011
7759029
2434669
50122511
1734337
514831
7991031
5077631
3735561
7010883
6158587
6502181
9930639
4774161
3485603
6819047
16469381
6932387
8779859
9781467
5143367
5300731
6323011
4420527
3771713
7750369
115536409
4601663
151119287
4158341
5153823
3997753
537883
6883909
3581169
4850493
605053
2408421
199824937
1291641
4159869
1287387
8870227
533813
7050533
1274043
3703087
9117557
7866813
9927053
4067703
3596401
7272367
7893181
2120543
2634291
949689
9815157
276659
3093047
1278627
389759
5080449
9307987
3306549
7939701
6868117
3949103
8509161
5127379
2444241
3193701
1546193
1309773
6165729
6559263
7305687
6625527
793627
5344541
9693231
171460139
6204041
5598173
2890613
3132199
4844031
9614933
1925243
1455113
1687779
5701711
1596287
500171
7253023
8300871
6823197
6732199
1309729
7366473
9598251
115083
226117
1950423
4026887
879201
6146177
4356761
5634823
1773473
3931057
8613617
122293847
4903443
8936387
6638389
4224367
3258527
5713757
3960313
8707213
3018891
8020741
8888811
6652627
3323353
3154403
1860131
7855497
8210983
1649863
5734003
3925453
2936981
4971187
9026473
5290479
887309
2609261
2627463
175759
9153189
6692873
2314411
9091119
5124139
6640697
3189749
3938911
8449987
7348729
7864557
6669803
1189591
5149383
6116511
9761957
9598259
5821821
2843729
5121481
7614237
8786797
8925587
5430011
4176113
5263877
289657
6606927
7527471
2218219
62593
186561
7441569
7516697
8079337
303757
9224287
7931919
7725523
16517133
2028111
9810243
8748879
6272049
7096307
4042599
142723
3899949
3118983
7342429
7373253
7965537
7130251
863719
9435423
2957629
7816517
5323447
8994673
1976327
8510143
128756709
4504607
2323073
3604069
160856313
6803949
6762179
3438619
4157831
4608997
4087911
112887191
6713317
3055187
5633423
5276537
6781567
7024853
5490871
844657
3652937
4130711
8941267
2809671
2990691
535471
4716739
213127
9152847
3299229
3677983
3455713
4667439
3771863
2074739
2704787
5786989
411601
4309007
3920387
2936613
6758527
8535541
1675563
5869903
5563719
9379971
8772657
2351711
6571927
6590073
9240339
6414531
1854281
7499049
1303729
9072641
8116091
7391813
118907423
4216157
77253
2462409
3313387
9678339
7858099
130437963
7117687
9329259
873303
9484201
738697
112020143
9893599
100681
8538427
8334801
649887
8206631
4328797
7526489
4652093
8459967
2833561
478723
6089689
5874661
4066743
126362807
945349
21883909
679063
9332037
91661
5915407
8815091
7909031
6992851
5832609
7710537
7221823
6251641
714133
5415717
4006589
728347
96766317
9218727
7650949
5958367
7692429
6817307
139283119
1596491
3082187
8222889
2835121
