3110551
3364511
3252007
8481607
3774337
5251177
7049797
7160179
8190933
7257777
1919471
8574141
2755977
150751
333327
392871
3542413
748457
5396987
7626361
8515343
5412819
169864319
1131943
9939789
2322939
5821937
8078993
1139597
8433999
3065009
3158143
7327979
3812473
8894247
8900021
78278347
102651021
6193923
1428019
2295897
2856829
2082477
4428653
7848299
274451
3180443
8578547
6242363
6323907
4531039
1884701
303211
5547033
8708151
8202401
465393
187598073
4563147
1110227
199828199
3440417
1821451
7195987
5755611
6863597
847251
2848507
9986241
9989529
1132541
9465967
2387393
1588927
8805491
9321181
2784887
5305063
1493343
5782877
33468387
1081229
3339209
2989923
6832969
2163911
7187259
2477791
6681659
4772463
4002569
2696343
4093037
1171911
116047
6090871
77812981
2691873
16146229
7614569
5911489
7886253
4701161
5079683
3242459
4535277
3303073
8425149
6091823
3410613
2622807
2673139
3598509
9311641
7235797
4452513
9299201
7534593
8727809
3462619
5172843
6015547
170547
2483247
1982717
6609977
9910193
6556521
2766793
2857943
5310547
27596113
5743
450707
4363851
1883023
55391497
3922307
3830829
7592907
2553713
674831
8595663
3118409
8815671
5705121
8418941
6482579
413651
7433097
1319139
37150219
7888499
1137581
2352973
4131987
937431
3506961
112873
9950931
7704079
3145077
2257747
7427523
713541
8015217
4863763
8785097
1437611
7540813
150294673
726691
594467
1783293
9073781
161907391
7126069
84603331
1876133
4438539
1192419
1698803
3368241
406137
7186691
2135541
6157437
3910671
6909541
9607521
2606181
2307653
6051929
1705161
7186803
180492223
8705173
4443173
3604783
7467921
8614697
1093191
5717963
5924509
423501
1049017
6187683
7775733
4122869
2393421
4828771
4175537
9240143
8311341
9518567
2570503
7577049
7622107
9623419
5897773
4212343
3677773
5975263
5979523
2037851
3301179
6265727
9505671
9947757
3174669
1207611
8251189
7563507
170613189
963741
4813721
9836519
9053793
9658693
8700101
3449061
3665937
6545501
1010377
4588377
1156233
3559667
8751893
9043377
5613829
6567947
6538949
1981639
9494069
8477869
199432537
9920967
872391
1877777
1073727
9383779
2639011
2302677
8468809
9535647
2776459
8460221
1471317
48768401
7391973
6956961
1460779
7355943
85975997
9365387
5608529
4144703
9210877
5232629
3743117
4077081
2553239
7925821
2873257
3644273
8970479
2104037
1157011
89351651
199659
2956109
8365597
4203117
5331003
9652551
6947811
872499
9438119
3404563
7442929
9709923
5540953
1222891
8962947
3748391
4709861
8930137
6015859
2570753
5542351
3109169
2307569
802197
1247427
1260571
7654883
8182101
5439889
1018431
7339113
2007451
3112419
8074163
801557
8952957
22176779
7043473
4604771
3082577
9099519
3487691
3021893
3731853
2316459
4085849
3319149
158849431
3649769
3159461
6940121
665047
8490689
2599781
1649653
8762941
426713
7918447
9570853
2567971
4312161
4127307
7203939
4272177
592401
2932743
5652417
6567679
9487191
1029509
4661069
7662201
7770937
8344071
4291049
8396899
3577031
4344541
9510349
8498547
9079243
6578621
5769697
9241501
9020871
4949607
68613
899937
6525113
1741759
8248643
9886397
3172071
4150593
9122627
2657317
5912391
3128013
5756151
6765033
5958583
2835519
7314139
6890067
9043613
4592013
2357793
694541
4915713
5106353
2533143
943279
5274987
4125859
4183529
7731217
5110803
9316091
5180683
1328871
4175539
9683781
9109093
7429481
9073801
5510641
2592941
5478847
5431589
4323383
8322467
6447149
5975279
1105057
8007909
2702577
9374981
9844009
9595163
790163
4169793
149105477
9775013
255783
936653
34791279
4908411
5293067
8088797
8931899
1242119
8382581
1919137
4429381
7759451
198263433
100254693
3976471
5622853
7802743
4931497
5506883
2933861
4337007
8990279
9305437
1256273
9960681
725609
2351711
3938521
80081641
4212143
7682983
6530997
7140237
1942119
7349777
9709337
5862109
6639733
9239807
6275619
2645239
7725949
4978241
9784821
7284267
8364837
845553
481151
2859927
6485027
5479469
1897827
4551097
26227107
822327
6597449
1135117
1546591
4102999
81593
3114057
7741843
4000517
9621499
1687901
6181579
8382361
1336167
4538537
761861
909159
9004537
5976031
3304759
8148849
3851719
5154291
7472169
4967027
6606099
1108393
8270883
2813967
982479
457813
5743071
692029
1420599
7398989
7972191
2743327
7702713
1318723
7988039
8520743
4011681
4243661
3660507
7640967
2162137
7750727
6784587
4430987
8439623
7058583
3888417
9143633
7697369
8805507
3322739
4729733
4184341
8303927
7860771
1096883
6639479
1717907
705737
8476091
2255787
5694233
6442671
3647661
2318827
7043133
9994081
6740257
5131993
611581
4310897
7783199
147067503
2735923
746083
4755201
6656991
137020671
8205661
1413431
7740663
420391
320189
7583027
7594573
2479201
1709071
2928707
1359133
9609977
3536263
642541
6257953
2336457
3451191
7389029
164015871
5444861
2514259
4152973
5088061
9838677
8513823
4985629
9033231
133631
2872531
6258939
5071447
4868059
3140283
8709073
2238731
9037393
131588301
5979823
5812443
7980293
2709961
9316647
4026089
1429569
1812837
9533839
9886201
5492159
3791159
4131521
4304871
6910053
5447259
6673453
3931951
1790321
9898597
8577577
1673099
8184111
9964333
196407
9058447
6461071
5158739
3655923
8387587
6960501
7416163
8524803
2773087
4721359
1590267
1608817
6349229
9134827
5989731
6650319
28366561
4892459
2503613
5990239
8663633
3136771
1666181
156049999
693733
1585323
2966563
7333219
3666121
775331
2404281
900183
6664183
3795479
3430237
182155577
9105693
1365981
432697
2949679
7391413
3274147
516741
8224697
6439817
7504391
1815049
8819037
4428791
750247
1271469
2692709
4110663
4369597
8527589
2944233
5308231
9679373
4681609
973383
1577373
7884809
8967483
914947
559023
7643503
8770857
7502933
9030813
8613693
17147
5457281
1956149
5483929
2300279
7435631
2056603
511957
8696301
4601067
3354187
3430341
4389761
7320973
2009717
4293437
5613813
3123413
3500569
1792269
4930603
58144777
2481311
2780383
3989661
7569639
3891243
59531
4392343
2859547
2258761
3510767
1063973
2416923
9367693
470773
150184319
7966227
8187001
4365729
5486579
301199
2304839
1605127
4564193
2492007
6873829
1791563
1594347
5641443
7329157
147441053
7143337
6762841
1282543
2224977
5226379
1866057
6112069
2743661
4573803
8205203
7025681
8742259
2550737
3115873
4335797
3883203
2248117
6511167
4937031
2257537
1783879
5511101
6409499
7057393
7083313
4357967
3425783
840079
6268703
9041403
6716447
