4006993
7754069
6874639
5263241
9452889
1078019
7401657
3845473
8958467
8792833
6487707
3237249
8516863
1000493
4568751
3345749
8123749
4155891
7367223
1846053
1789289
9736763
7075627
8228611
5771253
7837523
698723
1574541
6916651
8414551
2703813
6901711
3993037
4425127
2665231
8733041
2173783
3575747
4146459
2116951
3577599
1630227
6376227
2580079
8345119
5282687
9596061
765331
831087
4751313
5303973
5179913
3398229
3778921
7504481
6137233
4176207
3189233
1957299
141660891
3448269
7854361
4045851
7538929
6302083
2866469
2278977
5602277
2275681
6052679
3584717
8553967
1977939
9045047
9701331
946209
7164991
5716113
179529707
1179543
3889827
3409453
8143157
5590477
3056199
1274689
4083591
4937653
4623401
6774621
4941647
2395291
6412053
962139
5625677
1112473
538037
250487
7096369
4239757
4154063
3908851
8688881
4852929
862609
3825759
176524433
540691
4618023
1957253
5795271
8818513
9426043
2198639
1917617
7799
3897797
1611327
8046477
4914307
2335197
9791463
5037381
5562569
4638091
130151
4368227
2529447
1693861
9232173
6337931
3649949
6661737
5716433
4117053
8762837
1365059
6769251
3849229
322177
9633367
1116451
9332929
4902811
6784017
8591329
7182601
2647897
1384117
5073953
6566977
2300723
2770843
4888371
3275893
3104869
5611867
2003407
7953037
3990973
3028853
2933143
1658483
4193179
4806349
8755937
4647537
775841
2043929
2917681
2315527
1788753
8166381
4871169
2300303
9723577
7043881
4430571
5000353
157634731
2933827
7792363
4723027
2554561
9314081
8092981
2163197
1954397
3650747
5793427
4845183
3981489
3186507
8596451
4916681
4008469
8627833
8621539
9480941
2206221
12143187
1021653
8731797
1685903
9775963
5246097
9586661
159659581
8887197
7851443
1299307
5486021
5743253
64557527
4296439
6686683
2695257
134018743
3251429
4400503
7816857
6545861
3442429
1214611
164279
1954749
9687613
152106611
6422273
3311341
7970607
6823751
92222623
684701
4814417
8763989
6541899
3016831
8576601
2788421
4970407
8008453
7448283
9749471
1897839
8838901
8586797
3335341
8200491
4145293
5486637
5088751
1550143
218331
2374629
9760043
2796537
8125097
2366197
9737389
4457087
7426191
7201173
6791849
9318043
2517021
1329831
2407097
3190091
5678253
4289811
6704117
1272817
8031137
7903373
1060531
5254219
9171961
934619
1632289
5639671
5000097
9092119
4409289
4000649
2409959
1811203
7798361
4568347
9852233
9455561
7762271
9297901
9641019
4124101
6247811
3510291
8943491
2937577
8962743
4533341
6987991
78586119
6143311
685783
4842629
8640169
3909787
5511023
3298779
1258527
8608227
5967391
2400251
7017489
3563847
9022077
9100311
283459
1143651
3147769
119002211
195909
1522683
2230547
3361727
7644613
8918143
164071207
165727
2312409
1438987
7488173
4683329
7587539
4187731
9001027
499891
7322523
116913879
2333417
1490329
6927149
9456909
3029763
7735761
4977313
4393289
6282391
6224437
9101229
518479
4431629
5134493
6263569
3092239
267181
9909249
1509919
5136357
4161977
4550207
9823571
4358357
5623797
187206297
9931397
5341191
9421159
4319459
9010533
893127
9817721
5277
5612777
4074989
3705519
2210723
3175593
741473
7037931
3734993
3168579
1977193
5123569
6841143
7004897
453341
8896129
9393929
9492979
8558067
911371
9413223
8718647
7717081
17839551
3323383
2705219
864581
1507057
8326321
7275927
3851809
4070157
8480083
1330509
9768033
4398019
2243353
8384933
2573059
7158021
8102843
5343317
6079723
3527203
2451187
5562251
5245763
4022529
8322611
1227791
2866447
7698111
7989961
6932641
7890971
5695101
1627643
3304221
9230139
223717
4858837
7227217
4362643
608803
6079011
3232633
8019601
996079
3052687
5100609
9192221
6788413
7905463
1877161
8333997
6365169
7381801
5555623
5941047
7426883
4477521
8731733
771963
1892131
3444621
5000129
965997
6733203
3029143
935349
2541319
300073
6536461
225989
6698381
3170643
9528933
8041057
3926519
2814721
5904103
118408799
1852703
2451871
3555781
4676279
9373677
7316359
5818631
5262847
5890283
1228427
7335199
729841
8649017
9004433
169694281
108391951
3439
4634777
6691849
2604491
5578377
8255951
9352439
8230703
5233551
8771159
5674241
1168233
9558979
1468167
8713757
4219167
6725863
6323089
9077269
7919201
7278267
55137747
21299109
8433869
5257107
4877981
9179617
2020633
5183759
434807
9913901
1400773
3197711
4438153
1035859
4208699
137173321
4904263
8694831
4410087
3595563
170071501
3406281
2908387
81097
8687893
70756921
6848233
5619561
5967559
8456939
317427
9353391
350153
6411519
4080073
4169513
5388483
6879239
7011371
4276911
5388231
3220979
2565119
1495727
7256521
7074519
2718013
9243579
6064487
732427
1304263
9687551
1729987
8009213
4156219
9897727
4072503
2152433
3986403
80807509
1874371
6568529
4388833
7434131
176821613
1953773
9727401
9732267
8402853
6288093
8136567
8757551
29931301
4952071
1337841
2802659
118878361
7034693
3684877
1909689
577237
606843
4723313
3011307
6367629
3654949
543523
3194687
8378339
4861711
1677407
7538297
92375553
2990309
5851029
6398573
2733139
447853
40150691
2399693
3014859
1410923
4429673
60037327
9849097
7034367
2550011
5364577
7135613
5789
6354821
2273221
6196459
5426019
385607
8179751
7658103
6735171
8706881
3991617
3998621
8781509
738649
4208361
5349251
8040883
5831511
4280821
1457123
9399043
3142797
1671391
8880979
5692723
763183
330777
7493739
5451663
6829559
2421441
4607677
8205583
6028379
5038209
2463203
3165851
367693
6518667
418869
6648793
40351219
672481
4695651
2291887
6221853
9118237
3851773
9001679
1952921
2399857
4467311
7167459
3328963
8953161
314409
55868577
5257177
7759259
4326689
4988017
1497523
8390749
3582169
3004837
7657307
291583
377241
5911879
8366007
2907951
4774669
9332053
9812201
9689089
5617209
2283563
9904061
1758419
8313653
8921891
5958101
3950127
45873
4243871
2168121
2398353
5446767
3054033
29623583
4199761
8036943
1766437
3318699
9922653
8483749
3122271
8395449
6435493
1981287
1190749
728549
5548521
3363223
1122509
1780029
9994269
3343421
5411891
1055783
7388371
3111633
6034033
40346733
2055303
4606871
1476187
6874821
7278787
5714207
8272483
2965383
6791981
3752807
9468473
8684179
5665693
3830657
6558417
2036557
3335763
2187417
5338953
8849749
83518439
74593
5050651
3075137
8007869
4507731
4474837
7100071
2263973
613267
60327
6664589
2947983
7294449
909787
6045533
1229083
8070609
8979921
7795731
210897
7089681
7123217
99359179
2692809
47204969
1489433
5355183
9373357
2985857
9919103
7546019
7620983
1163739
2516537
2607111
5478099
6097117
3889077
3950373
1974537
7611661
2348733
