2874491
2285119
3976967
8691921
3889531
3350043
9769109
4993083
5817303
9102527
4324159
5171201
4200479
5008901
5905193
8128319
5651649
7189127
7917827
8963069
1684581
7408911
1912899
8609451
7601659
1266567
5049481
7193641
8689773
5299469
7699829
9289229
4225111
8389683
5408397
71581147
292799
8300043
9222069
5237867
3286559
192423
5826211
7178413
3918499
5575711
8660419
5388789
3996629
8798157
132163733
3323539
9079291
7893079
5120513
2815869
5562533
81667643
7835671
132874807
1820399
4212189
193780947
6019503
501813
9269871
3800967
7455699
6175763
5103097
1043599
8185983
7120221
8133711
3475201
3919537
3713547
7860463
3223819
833153
6650269
1089689
4983939
7317527
5542423
148866317
6475393
165959
2113027
957587
839417
9045069
5830013
6453233
5973189
1494887
3388641
5549341
4429
8436401
6806447
8212487
4029157
9085847
9362519
6835327
7592979
7368071
5960013
7473651
6551221
9927247
3343157
4064849
3321919
5275789
1179223
2831421
4759461
3089461
585157
4644363
2488519
850461
2541773
1433759
4352203
2860273
6487719
8326381
8187299
1571873
3732703
84885367
7728131
636087
2346257
1358833
7429597
6610341
1028649
3764571
5592321
6397773
1139853
4400633
2532941
4728867
9033611
4028391
4169643
9431507
7586491
7066221
2463859
9896139
6845513
4065649
4916391
1604541
4777493
588627
682279
4974841
2134999
6296389
9763357
6717153
935497
8479631
1516881
151471163
237443
4000379
7921819
8582477
7184047
3644127
7934811
8789783
6987953
3793853
1906069
3287961
8074003
4385851
2734459
5240191
2508713
8479431
501579
3404913
7707737
3691801
5390719
2056539
337787
5988781
9889753
2450663
3738023
6935333
1212389
4214633
441057
2304537
5613569
1659413
7155271
8961131
3065233
9409619
9775113
124791
9039337
7809541
3506293
2233069
2354279
9960541
5749041
5136901
2355877
3297039
882809
1315973
307583
96861007
4452819
8988927
6878683
587781
8199903
731513
965823
3204539
4765637
5544859
6046981
8414289
9328873
8099847
6031557
32168501
1661381
1599893
83339159
1856139
4406759
4557207
5171281
8200307
6090837
7475203
7499313
3627699
801609
1396509
99456183
103073
8240051
3277431
2670603
743511
8996561
894331
762681
2600359
53665231
3900329
1087043
3515553
3234233
7613129
2848867
9407303
72334341
6925291
8718071
8376937
94143
1654063
2100449
6941743
5297967
4380523
6701237
5126889
6083713
5784089
8478691
3622669
4400723
2311799
6767877
8337703
4985643
9471653
450453
1719281
145679909
7098819
6008079
5709123
9667481
4356809
1069673
3375243
704307
6051083
3658313
1175169
7823527
137679
5610601
8622509
629371
9124953
8738571
984247
280503
349823
5345899
3106519
6960807
3545811
4280353
8197553
1975887
4681781
9589677
3220919
5671171
5936733
3027343
2948811
8821169
4278853
9229637
4838953
1920753
6229221
2888777
4394007
4443959
6751573
6189797
2858543
6845297
2114877
9192441
191619
1878637
7449647
8670413
7253839
4091257
2141071
61558999
3669597
2522131
5702861
4612389
5643829
8113041
1829847
6160941
1683493
1392167
9097209
1913067
938959
4294173
3806377
1277143
4276009
7159937
3019563
7188253
1412619
8329949
7207379
8146873
123999
2203247
1862403
1309511
1706851
8528903
7494791
837917
1086067
1093627
8875007
8389091
9976891
6942521
5730561
2969577
2827997
2928537
2986151
8748193
7288799
7341107
3866751
1647039
3032769
1687309
7928393
4044363
3651977
8783481
8937711
8966197
1918301
1673627
7912947
4016839
5152711
8953741
178010483
1669017
2624909
7988473
1047147
4038439
6574179
1091747
3608541
8828323
2000787
7167741
1534517
1238553
8042031
6035719
1735239
9810897
5880897
3730691
9128257
9729653
1316449
7681219
2914889
6613581
8210073
383279
8400629
9406197
5659239
3655849
760851
6449833
7823461
5506027
8867011
6577411
7218513
1327123
3252781
5549907
145288601
2054099
552883
3200721
4929419
8506711
5740013
7971499
9706863
9890897
2951771
8521927
9366541
8446437
9040649
2837999
6918933
1594087
6885473
5737953
8505449
3697009
9620903
6032479
5146721
4024149
6967953
7503657
5823873
195951709
8825099
2885547
4293823
670373
4102611
8359051
9408063
5372819
8377761
6125283
7593509
4966749
1832773
1442127
9547779
5844347
9990569
1667379
6052673
335017
6949179
8371087
3172269
5884959
9560993
3174001
5949001
351967
4771327
7462519
7919651
9419461
147733201
2509383
4534421
7177599
1769337
6779531
8545953
9711263
3800767
9868241
9788719
7751297
6211599
4803627
7865491
2805509
2237129
6132959
4822157
5601001
6279493
579119
5313029
7333313
9643191
4890693
3929323
9688421
1029929
684087
2960649
3360539
7611977
1398211
8891933
5661703
208377
1538121
9682257
2310453
4579303
6132287
4758811
9302829
635381
4246043
3690559
4052371
8951429
4982507
4495391
9029613
2491503
5697957
7283377
9027207
6503419
3208053
8136211
116099563
8033281
1865293
5847891
6882983
1486421
1153189
554887
5343029
1595013
6488677
2221957
6303737
198467501
1218587
3000767
3099873
7073723
4951609
4683521
2234299
8021797
6995803
2901311
829429
1832573
8828299
9077343
7947479
3241909
7131771
4106967
2280063
2373857
9219981
2745739
7245193
3836871
8607939
2068647
6732137
3952647
164479
4527769
79923739
1839721
8671207
8775489
55873
1932489
97547257
7732731
9908321
6400431
520423
251047
7348017
7741863
67825179
3690109
8539861
3908379
9850217
7573957
805107
4157949
3259103
8485657
5394637
6863303
2056263
1514977
1431211
159014233
5548817
7748449
4796613
6692673
70978963
3122359
8116551
891691
526841
3377537
5426217
5400701
4185067
8841117
1635343
6557663
4048317
6507473
56331
2650639
5961177
254483
5657587
6453627
1919777
2358341
1989373
6186633
1480943
444161
6640051
1115017
3764347
4569421
2625479
2151081
4509889
4317597
7085269
1998067
2834293
8324947
8342163
4743581
5773141
9880339
9495781
6898861
5106459
7059817
6757563
8964561
4604593
3409909
7929843
7015663
5823303
6211051
6515327
8768961
1490951
9003937
5532623
2154307
3630021
616511
1165619
261961
7322623
6760933
4403257
1322559
6589669
65447353
347859
4835341
4173711
9359033
187842707
1696863
3220643
5085463
23178741
2636237
3208473
194182709
1925931
7959157
8165361
7516359
2929051
1030129
721117
7971459
3747269
3874247
8474349
237767
9173141
8795499
10152413
7326391
134800983
2993201
8472153
9234891
1183473
7588669
7744771
2676331
4219633
66834151
6095961
7281387
6811901
9104719
1360813
102520361
