9522949
2115759
5246697
8990413
7191901
7738757
2849639
2549669
8148193
318473
733727
7261751
6174227
7354523
4297191
5478381
565019
1532459
3385907
9961989
7933883
3906051
4887081
9329311
4593797
5307359
9432781
7731023
8522313
7905559
5354807
9505023
8696927
4627077
8078383
136261
4199439
1133353
4851427
5018821
3415809
7021719
4012003
6112359
9774971
8966151
358863
8247827
8803237
6262357
188872537
8660861
3906923
7225783
2881443
5355577
11840449
461847
9966789
5470053
4606579
2292081
4700899
2616461
9035457
3619037
9342959
3471731
2595649
5330117
3261829
180316587
3351729
8866613
3300139
7970519
2331137
524017
101396693
15213593
7894397
8772949
9176039
6071931
9657639
7222733
4215639
4689833
4584483
4485509
4279021
4781121
1220127
23233051
1539839
1654099
2303887
4377317
8552899
4330451
7502093
800797
2578903
5308553
5394547
358003
5645629
5807887
1206783
5824179
998941
2198907
5396767
2746851
6557861
9405737
9438343
1372723
6648121
8668107
4499327
6656691
1527147
4575931
6919989
81736253
1393793
1872869
337611
998321
2826799
5015891
6030091
1433447
2896271
1003409
8598319
2137237
7487151
5814777
4574389
6053143
3054099
3369953
8767007
3304669
5095981
5634699
595591
9567439
4072701
706371
5203463
7137671
998397
5381651
5898137
23383851
1149181
4660017
1091897
5862689
5289129
1861911
3972583
3592609
2407681
7063971
123872829
4463823
2780107
5064467
6582269
7449421
3955003
143106363
8258067
2678841
2310957
8798621
3781639
9698901
4000057
1555749
7986801
2207167
3191447
4868667
3292773
9311537
9955217
5253037
8302079
817269
4927059
6685611
1624541
4729829
8229843
8432259
4868853
7754119
1968317
4500967
4295737
7124003
3472207
4682059
1410929
2654561
8765499
8400683
1834221
3704129
9425559
8556091
651631
7877667
9051901
202421
2714927
783711
2928543
532171
9634923
3676439
6261181
6109023
3648111
1187587
7335653
2163781
291549
9720929
104421
394669
1152519
786101
4808191
3163653
7927463
165665267
1730419
2153471
4915831
9973547
1822603
8709153
9317523
7255459
2552083
70563
8242501
7804729
7576823
6970239
4378441
6161569
8539201
977841
2853251
449401
9886969
5185507
1861939
2580841
5838911
248029
1811927
1680243
4196453
5217477
1975927
3453801
8349641
5763159
8085069
3432677
1192287
3654769
8440191
7783249
630559
7066591
8052831
7716263
1457897
135518981
8714449
8266463
7626609
8387891
647463
9374699
485069
5303903
2311521
4533799
3973381
3458519
4629067
7491743
3817421
7793797
2899639
2424599
46285447
8352263
7879131
9507323
3021869
4946801
339897
9862867
8040713
6139823
4735371
7786447
2166001
5366209
3195007
7796151
1945023
8406627
7327267
1814079
9069203
8649497
9548897
6931623
7868557
7704981
860907
8168343
1051
2093869
9828343
5050903
9299837
6621509
7153803
1471639
2883327
786307
8615239
4604583
37793
9212433
4545509
605533
3749881
3071663
9260619
3944287
8590403
159365211
7379633
5644441
4484721
184341261
4146309
2493621
7977169
1014047
7274169
6848063
46793119
6807881
6187501
9433857
5642713
4692739
3617469
4036993
3649129
1313091
9598309
5923551
6540309
8510673
5946147
3930877
5636349
7510171
3930647
5858839
6216289
6741087
4232183
9257963
4658483
38388291
2518439
578893
55077747
5758263
6880849
5202579
7494093
585891
6192709
2287831
8634631
2052319
4515591
885253
4750383
1455417
7588069
999587
2040971
7584441
7410531
702599
7891317
9010671
174451221
4061881
8196891
3789037
4060183
8873031
171551
240703
4579663
1295877
1097199
170880957
6493289
1108143
6013319
2532541
2088713
8102591
123894019
3994203
252117
5496261
1443191
6382431
109653
3008427
1363231
1152709
8018393
7475393
64931
143372027
6790563
7508569
2739947
1278757
6930329
5382067
3375307
3824213
6166137
1840969
2982583
9497489
9826379
3430511
7588837
9090369
119354627
5228621
1865043
6357887
9579863
5827671
1949419
9527447
3286243
1135521
5119901
3867019
7335311
657079
4183057
6227089
1633593
6243897
625091
2067769
9982957
9959413
7342589
9623719
102835353
5406173
2889847
58499473
3326571
6237177
4018741
2554009
97669
4815151
260383
4287553
7009807
1903287
7195873
3401249
47357
3003271
7028273
3246941
67427139
3773753
8545681
8424173
2823353
212679
1786879
3977083
175900647
6138013
1517
4787947
1817157
4250023
5240913
7953937
4835891
46053301
3007459
9739917
1121761
6411673
2990779
555981
6940569
3942331
7755957
1512017
2471659
401009
634107
3905333
6988441
5442469
7245991
7626173
7700911
2826507
1180761
3390831
2859209
1630443
9344097
3438481
81674619
84745271
5761321
8580793
7919407
1518491
6190841
3745703
355013
2357673
7565701
2402447
181886117
4577091
4393807
3018071
8381859
8713787
1467911
4812291
4315963
1647009
5229661
3545257
793217
4563147
1116223
6698421
8893053
5239133
6031057
5287299
6919207
597577
931277
721771
6547703
9950179
1280051
5778721
6939503
4827479
1969509
9518057
5634573
9171323
508753
5085019
8038713
3266341
9443607
74903757
7656183
193429611
1585371
335029
4021199
5396713
3231007
5102111
7984141
3264437
5050421
7918243
944409
4415197
3455349
4299569
6267733
279079
2721731
5284199
644523
4764957
5483657
5959011
7723589
7868487
8800289
3302521
4529921
2508111
9867623
2711059
4887149
7118163
6955667
5358331
204491
4780939
7542491
2923671
2029227
5835067
7315293
2535513
5640583
4270793
585371
1085353
57408513
7141463
7656943
9948501
7543811
7970709
5238507
1599289
4557679
7691373
1827537
1017477
2383227
6347067
1139671
8364979
7110921
7579331
5742657
3833059
4132633
3007949
4207969
3143097
5106661
2570961
2320051
8160661
6780503
2134389
534311
6729651
419927
7472623
2883111
2607289
2230751
8878379
9973857
7681251
5821549
6681143
5998457
4013573
296827
4415973
6538131
6835877
2817433
141631273
2700663
1373413
1662039
664637
8945173
6663661
5292647
6580731
2781731
4784613
4176291
4653489
9665591
2934567
4496011
2866309
1884407
9309769
2232331
760741
8515157
3730157
122091
4713203
2821987
6910227
2720777
7004161
1649167
6643357
5368577
2768417
8510117
2392383
1667431
8399767
9682371
4261959
9589159
553861
8962273
8445429
2535303
9821901
9485371
1144343
6327553
6371059
2839187
4151251
1009331
6127471
9058803
3267561
1119143
2984307
2729919
76269
6689049
288439
51586191
514531
8601691
6841823
9161599
4523293
2048391
59520751
906529
8260433
6092557
590793
6230233
68025557
4811727
450021
7951047
9011649
1129299
647633
5999061
9823117
11801427
4829121
2803919
7955353
7422441
9819763
5509197
4707473
2329443
2103479
9711173
2670983
2600603
6023767
6056629
3680737
1085047
1162073
9584107
6123391
9849799
914069
4123993
1861143
5634787
7790187
1549377
196091
611429
2637471
3293767
4596917
6468487
1381469
5646471
