1511731
8383861
3791093
7623733
5865173
7856253
777469
5450157
4888863
4035657
2461827
6736859
48441683
9664107
7243811
9676647
5879561
6190929
9935611
6394091
9559793
105209583
4777837
986953
5133521
152482243
64724893
1059881
7626867
1852297
6111019
5276881
9225261
7964761
415157
113431
4708927
2769893
9449017
3936199
6810981
17169
4290721
1721209
2086639
8826417
8547339
7572701
9888729
3933591
3251841
27991637
2859859
7440423
2869757
30466507
7073697
9977169
9436557
2299701
9235713
31463469
320029
5558913
8519547
9812509
890971
6247007
7260163
408359
2025043
9596193
3755173
3019317
427637
1861599
9076929
8221843
4312709
6800773
97996121
7993011
180952803
7713387
5350513
9643803
159516917
8605157
7013107
9108493
1591941
4019773
2416213
4340001
7452251
3593459
9110191
2265163
2518859
8259443
228581
134170419
109360133
9988173
7292251
850589
5315551
2601151
9871623
599301
4759747
8129003
4538141
3396357
2810539
4170937
5708151
6375137
6750561
9450797
8594681
2852927
1629697
9180229
3628289
8522161
1454343
3392547
1198299
1615907
2884391
6000093
2010181
7981831
1208877
146747
4849497
27796687
3150079
3650783
7204093
1459211
4050331
5059863
6218747
3847779
2469477
5237549
1328439
3541891
8922901
4553101
4703801
3836171
9880851
139821571
3150989
2363951
3693359
6003313
642379
8217869
8932297
110080807
384487
484853
7131669
1884301
320077
1585057
9575609
858003
5036739
9374747
7282287
8287459
4806639
293483
7966623
4012967
106477
3238757
3296729
2399489
1565471
7186663
9645867
521039
2535077
3986271
7851439
7004219
7599001
8443217
3374961
5565567
8203531
6514207
6406481
2098043
8930103
9271787
9776579
4441109
2413497
429747
1659171
8378053
739609
197907631
137766949
5134217
9208177
5063253
6939291
5299033
6830247
6194907
1668357
4312351
946353
6972137
4303137
897791
8142377
5023679
5100129
1426243
379061
1642489
8282893
2261381
7487231
1022447
6676893
136043
2533279
4206503
3506453
3181893
2803179
6309449
1550273
5880949
6637083
2124119
6650981
1982437
2747291
3490663
390887
7532333
6245261
6755909
7832787
9055993
112023
9577199
4091393
8993003
6725371
5642481
6073929
9287679
8212661
5670973
2433099
5631253
543083
8177271
6334739
6677961
3029667
4022577
6954519
8695671
3334311
3418727
4189497
4062299
2219561
6244589
4095439
2908471
9449571
3078971
2912923
2508631
415221
8880339
8935649
7360361
5742959
8450961
5076161
8277319
8659803
9090229
6021077
2133179
6611997
9315097
1037191
592859
700727
4273597
5941401
2717637
165509
1651967
597563
7813763
5432171
8265477
5181551
4665827
6141943
4372631
6075717
6380123
1083901
3432809
4602863
359967
8139451
4609327
6806471
6355563
6740959
7035749
4743691
7661789
3140357
5763453
3607291
219831
4145273
3653881
8923149
6235097
4835897
5229901
226753
81308761
16073
4991851
2565109
4874973
398141
328043
5839053
6959973
3557421
8600257
1912651
5918239
1929637
5549581
5301407
7151197
9439691
9038037
8189987
9087871
3261599
5245473
1604699
6742717
6011297
7579517
2669881
6211843
6693537
7740117
5001401
8004797
1055597
8999927
770593
9254259
6059713
7294123
1553671
6565217
1407733
8438151
3161319
3882781
2534733
9819903
2967241
4163733
9388043
2301931
3062499
3997059
8818881
8777941
3501791
7189339
8370031
8400383
704387
6032173
8146413
5192947
78306671
5242399
593383
8135253
808161
562193
6715303
104312901
6594769
2074893
2927291
2139181
8095323
2668287
36981
8802401
1714989
225873
8265601
8816613
1182449
123299
3790411
4729779
6693393
2076001
1868879
4285217
5075683
2990331
5473861
2047139
8240751
8728353
6739867
135620593
1419017
4658713
6978953
8993421
8763169
3646743
3226431
8332343
6033861
28928307
9740947
4934541
3704589
3880259
7434187
9756177
4353763
7306867
1459083
1932227
9001937
1305709
5077811
1914261
7924287
1109683
4412497
1334987
4664449
1498431
4123281
2357521
8069857
5802043
3663837
7910289
8104529
3346191
4706577
335447
1959437
1272377
2819613
84761027
3212789
5840487
1472897
257443
5245949
4362979
8348613
859423
159130051
1266917
8401181
501209
5419683
1338691
3063129
1357943
8586299
9712187
3947717
1903537
50781
234993
7321757
1703881
5797373
5852019
5165223
2535963
8443257
8849483
2608847
4150197
432229
3582773
1549213
7737119
9344019
7099797
3632719
3293637
5462887
4029729
9387413
9762599
1271511
4512939
8032847
3482357
2782427
7549757
429947
4603291
6023109
3169157
7206797
890949
1292061
4615369
4761087
5236921
8953057
992571
162989513
7640929
5771879
7370683
8792427
4647849
9975591
6732501
2407227
8695129
6480989
7331017
8549973
2869691
6834957
5993299
7988827
4636289
1034701
6983317
9239747
9561459
96936227
9906129
5827897
1009139
7253479
2513089
7715227
19451
6860389
7668143
9839983
3643543
347251
159973641
2065959
6068847
9788707
7096779
4457249
3296921
3129351
5151927
3690197
9720873
7082409
835151
9498061
5030251
827911
51645361
3853659
8588871
7167269
9617607
2052247
1518887
1964047
1233341
178633
3845699
5079031
7965999
5206501
23951
5357831
6488889
3084237
7141873
7173297
9282033
735363
1949717
1237903
684047
7521487
2106153
1747529
6659799
7871061
9804609
7901059
6831029
7207091
1901009
149948827
4470773
7903937
6788161
7194409
2402359
9763431
186186573
1369191
2224701
2595421
9060031
2192253
7555351
4422917
1667449
9901399
4858239
3558279
8696277
9237371
723629
7481041
8925791
6075391
2186959
947727
7388931
101224249
1700721
4246407
1725061
1235519
8321899
999239
429683
2836591
7779117
4929339
2479159
8419591
5867089
4179639
2924229
3513821
8880781
3443587
8571619
3032687
9105527
3424703
2369451
1998051
4395981
363921
5597333
7950393
3316841
4715599
8772593
6022387
8793993
3277901
3120739
6863177
3670849
8448607
4652749
170317
4056139
9674897
7526467
8898897
6667607
7468087
2351547
4710997
757017
8388757
3575821
9344981
6177231
7425301
3717873
2923509
6496323
4939271
5764609
7873293
3397201
3283211
8992587
3337191
6251263
1417673
4812991
1610971
5986041
1873753
1652939
4445849
3795989
2544099
4591637
3988613
7187991
6195739
3585633
1545249
6092291
4057581
3832073
7150833
11081
9786359
5420603
9847721
2699541
9564107
35729669
3115563
9019679
878443
9996083
9948771
3195127
4810691
5437867
6451201
3881809
2306087
3007157
5909523
9404977
4272837
7248953
2192217
9389089
9391073
6966971
9416597
4012021
7183413
570047
4969403
2972843
1924073
5537919
730191
5530891
6083809
6267521
2333539
1156087
4807971
4911313
5725989
112981679
4891309
3643173
2273037
7257133
1177719
3662607
1275353
2355053
1088553
57119
9372131
4502397
1574991
3309169
4371259
1720979
1695941
7645909
6059359
877981
702099
3318163
2893627
3644971
3742273
142619749
9998969
865067
1404923
