3749619
3496779
9590947
3411897
7852717
6803469
809313
942677
408539
4341239
3575427
7924537
7754727
8233363
4811127
5829687
2552293
1698573
997291
1444953
4383953
7888509
3631323
8418457
4460153
814619
3596287
5750339
6589653
4737951
5782829
34896101
6101529
3155009
7622247
3941201
1303019
154887041
2448253
6268493
2344011
2950059
8982421
5789767
4625639
1616373
9463779
1168727
8091127
292651
3870583
2782283
3707109
7596747
3750343
7188091
5484027
5546431
6018117
2269707
16526979
7120323
7296569
7044647
8277319
8932843
1554891
49049091
8075187
9038747
1209139
2509779
2031063
4974519
4849123
9241739
331497
15111159
5133923
8072531
8091921
2859903
5278673
4665443
3434361
5959453
9328147
5630583
6485537
2897561
944219
5044517
8906473
5817397
2555973
95593
6249601
9637143
1725867
4160819
6577691
7057789
3654379
3867861
8613879
1299497
9779283
4952031
7166191
9338447
3506801
9140811
1217289
6244581
8423583
5579509
6143117
7771479
3209687
6616141
713951
7420567
1395389
8030571
2902261
8322643
4671857
170649
5460453
1752183
3883537
74137153
403891
768687
5554991
1837393
8666553
173170857
6526321
9211611
2672511
4654231
2898333
512753
377357
4621627
3405521
1947691
3725663
2088567
189334511
8195611
9042747
6304163
1010271
7159461
2874801
5781751
6215709
3651533
8682209
1607207
6441021
3813807
8157911
1278039
3935819
7306211
4504409
4368433
964493
9149583
4075849
6719927
9014559
504333
6503889
8330259
4992743
7352053
661021
2381943
9803871
8766453
388519
3770023
3775793
5141281
1504259
120299349
4972329
4172903
1028097
4974743
3454073
159152361
6292957
6281971
9998683
167503001
6482131
2209503
8273321
95451219
1231593
3187039
3372711
1360931
1367881
1485987
111983
1709917
7940587
2754409
493911
636971
4985313
3470269
274641
7337269
6024849
178968051
8930649
7645609
9485649
183046273
1433059
5656863
1642697
4533829
7016523
7849481
3009671
2818381
75983
8681037
1731343
9552021
6993977
110709513
7682111
166076729
3581657
2402327
2722209
3559529
7418371
9496147
3124653
2025671
4625677
2163841
267993
8483933
6265591
5063329
9298751
139226037
8953927
9422727
7861797
7020841
3882513
569169
5561219
8121109
5238193
1599379
3385371
6139797
1974217
2362957
5118691
6642839
126311617
4214351
1302017
1654841
115051439
8627021
4430609
1564703
740077
58779913
827687
2096167
2657589
2562777
4924789
9099401
3267497
6867423
7488097
1996069
3951571
7558353
6723891
5771887
8546423
177834901
843607
5739167
4579791
1723119
5400809
174337
458837
2411623
4752627
887029
6359791
112665773
2944199
3760549
7129481
3440059
4608871
6910821
7242597
9943483
4822943
3142813
8616861
8494111
4039653
4882863
177041
7437739
2163479
1286431
9193767
4879143
2881589
5702181
9627461
777511
89151097
559121
5159731
2689021
9746619
373267
5227557
6846081
7318387
1418697
9304467
192761629
428559
4161559
7276357
8530853
138419009
1377727
1068043
8921403
656463
7502489
8385443
1652087
8344229
8509639
3855909
9353363
9826379
2592543
6384051
8760183
5053453
1294717
3899059
2892451
4282413
756997
352283
5084249
3172981
2432723
7076399
5423317
4513241
6881117
1186797
2472873
1666717
1137133
7852023
9805829
4699963
3579339
6084787
1140581
7679293
1160233
8085091
3286177
1153739
5228687
2999559
6834111
434163
5531951
7895949
6575801
4235311
3062709
9735431
89528111
4516311
8307269
6174337
1358143
4357603
5064641
9029907
9100961
3111961
5032573
7954207
8260919
1730537
6792457
3795009
748741
4393081
8038119
2680779
8907811
5164781
1632761
9962683
145588039
3934411
641097
9278367
6526297
7564207
9726683
2065853
7724709
5166367
385959
8875971
1072249
3689367
9969421
9066739
2957409
5907593
3019599
6298157
5077629
627881
2352071
6093393
2341469
40666883
4086753
9536537
3653541
6396723
1851537
9560899
6390969
1178369
4910923
120876279
8441501
9821181
5586709
9919911
158389
2956637
2080377
9043149
2331329
6321303
3515587
3575529
3369399
7292851
6302629
9394281
5839213
656263
8170203
7166683
5772659
3267547
7829519
4204009
7892637
5900413
9048503
1693233
8536887
9155577
8119217
7814431
8708901
182367
8500313
8665679
82945887
9388489
9913127
8414281
6430673
4181499
4048147
2785993
7989303
4078759
5004963
1637517
8343083
2426897
7732637
2882709
4991559
3252397
134300411
5062393
421699
3180967
3148949
9729121
5083287
5310751
8452683
2200749
16804011
3341599
2900037
5934147
3955863
7986693
2368529
1620349
9304873
180662529
3082693
2201813
8634073
2254721
999217
9134153
381773
194827
7853457
5918169
4707463
7559291
611171
3025343
2635173
7343493
5312521
1816299
5801237
9913447
696171
5288847
9324937
3243039
1057793
3980173
8789517
1517923
5797923
3788597
4205979
2243387
1168967
4970437
2637587
184792593
1738359
1086879
259423
3584519
8910641
6954931
2161909
4871757
1041047
8508133
3938411
3856199
2344127
7415789
7226449
2767799
2122863
4347003
4092147
51644093
4367211
2281667
2675393
2807159
8703271
9483467
3725469
4626511
3196121
2459887
7933029
7487507
8412483
5330163
2845231
4832013
1857503
3695483
9118089
1061009
5280341
723481
45033933
4055979
6232803
5630217
77703
2581773
7899471
1582119
2396409
2090043
2467303
2197817
2108691
493833
8497309
5004269
1196661
5988673
9962811
8989821
6091649
1927897
8070017
300071
4407839
9003757
7257259
7987241
770723
1160277
149185157
6894013
4815703
9774467
8815951
178019491
6374161
7349249
6519491
7518819
490987
8427599
444877
9060193
248433
1021001
7740981
1245949
3639077
36967707
693749
6883501
5090937
6098027
6599421
852343
8664311
2165919
3166059
7634509
3392447
8949927
4168291
8794519
8790421
854527
2219133
7148839
9415943
8348377
6491359
4984463
7737663
5594779
8418639
7299891
9601893
6696303
6212359
3727041
2649033
1164897
9916933
7939881
6051099
8734859
1223189
7658853
5803707
3238237
29211551
4484719
664173
1392957
7475581
2646689
8957847
9619681
3681973
9267371
180757889
127031623
34851
4682301
1345009
2347513
4862213
1553869
2949497
5460091
702091
7391749
7682967
6189999
6828233
133880131
3366883
4138289
5553193
396591
1777667
7139861
5440677
8923739
5284001
9543299
813581
974049
119209
7793429
4554989
7322033
3393323
5694329
4743729
9385689
3396401
7260129
7561231
2387839
1736067
490943
1652363
3861801
9569533
6437053
1539027
2237401
4315201
104807071
8106917
7751087
9458071
1196951
