148147
3071717
4949069
3211609
5674101
3225161
1666413
2692051
6730927
4789983
4532639
8588267
8360161
3521129
7962597
2500499
4146467
2031513
4631989
4255491
8430481
48689579
5003409
3328561
8653629
2434507
8388021
2731267
2469789
4797181
4737867
25499
9197783
1487533
2849001
3516587
8361271
6092383
8010521
3807759
768749
7664127
8188519
4944247
2366393
2269897
45939097
8367437
3460043
1076679
4022177
1302833
6774371
5423721
7095313
7953853
8871009
1822791
5629089
9611233
8687797
5767669
5937889
5644243
95017483
4665359
1261643
7915773
7452027
506291
2592299
7951169
138119763
3314839
5478273
7991451
1907287
5249523
2378757
774719
3998351
9776651
7713693
6718391
3943349
9391489
2328397
7133653
88237
2319633
8382331
4844757
6569327
4022839
4583243
141814247
5773661
7878023
165384751
6539781
3303593
3483697
9940301
3791147
330623
8624509
274619
5224461
92241
754299
196885757
6920003
7438613
5671913
723971
3347061
9365633
1029783
6110999
9377213
6962801
2244577
4192523
3274663
679599
5731619
4420377
5886313
5136897
6635879
135259
7016707
3676583
9234489
4819611
4677111
908309
488299
257863
1828867
4514787
8982347
2799127
8766101
7227781
5783777
7615517
99079149
8678039
5829671
9007163
149855339
5242091
7873379
1209371
3593933
125998749
4886957
3780031
51494947
4652431
8723109
9737937
5151547
9239373
6276121
5198621
8204439
2982439
220779
36303299
4470967
1814421
6102859
870183
6736357
742979
8577841
3463283
855867
9540121
6609891
7172107
157992671
6262567
3091377
1798443
1694353
9059309
6165993
9045011
4138141
2103781
9407787
1337059
1906077
5965233
9757483
8635631
5502489
7079983
5288137
6886047
9032023
663633
6571101
4192127
672823
3651439
8702763
247877
7455671
1542139
9804787
9720317
1506131
914467
5369469
7400377
1189031
3395099
9751
172347
1234627
112683
7679039
138925963
7445561
9500737
2450929
4663791
9228193
757281
4099201
2549939
5602477
4364107
4459409
7099473
189285973
6631579
9807909
7167523
112437333
5095811
9002833
2719407
2158561
4506911
70384359
4375169
6820581
524353
1975453
9663343
2664379
8264847
3214061
4400061
4894629
4345873
8780877
1465517
161974473
816139
4922047
884873
3545527
2311073
5300941
8252339
3127299
569927
5239149
6105323
1415201
117131471
8668887
2995999
8498971
8516457
152484731
1004759
9571071
9807287
3964173
66581
2517959
8689037
7565749
1932099
3277109
8205279
2436761
3835033
1552311
1845363
5186367
1138757
3049059
7347059
5187557
5938673
4422773
3737307
4067339
8678159
7329149
5473449
5070543
9920657
813941
644357
6800361
9982747
6523091
5243857
4927163
5846693
4788563
9190989
3022673
167426229
4873387
7114759
4524717
8472969
9468961
736737
8927801
1528837
98347
1215277
160275087
3966571
1264303
6111651
4495113
5514449
9546579
447651
1972351
4294371
125464799
1626109
1401643
2765159
5392461
2891029
5864617
8904503
56158481
8897493
3175163
7455413
1233941
159937
4343677
645309
2379451
6686483
9466387
8019921
9407881
195054427
4084831
1846199
6833547
2655743
5601269
97844569
1595439
4394253
2974881
915609
9876249
9391647
473851
3902521
44284511
2478169
8696333
8642769
738797
7148187
921233
2298097
6222123
707493
80805329
2758367
189505583
6931389
7896219
476557
6962121
9540121
7973209
9177061
5825153
978917
4001977
4784649
177909871
2482107
2970641
4843413
493631
201351
4353377
363297
1509011
6545793
553177
7114961
9732277
2960707
833573
5005227
1893643
7239967
5133673
7479081
6229357
9588653
1918061
5314479
9953779
2250371
9584189
3955663
1500553
55955157
1421687
8052041
1074257
60941
4958661
8262857
3515373
7067349
7412289
9290231
8241131
826413
6534297
1576469
3010243
5786553
5663637
44173917
1948923
8412043
9837473
6605783
5694149
1904753
598351
9868247
2204087
4141617
177655667
3801273
2862089
7239779
9605261
9026639
137643727
9306297
3942573
9845157
8312167
5393661
7381431
8539923
7931561
4506767
143571
3680539
162967
1170013
8117287
9265799
161927
988087
9142767
3782919
285253
3756537
1968871
9658939
41475301
201843
57802913
9373563
1033261
7268341
7065107
6275873
4175561
86634827
9814233
1094807
4671363
174173761
4979281
2917397
9621417
2514193
858699
951229
7153579
2194007
4718527
372743
9222723
7227629
3653537
9203383
10727
5177899
7848557
5892909
1927571
6758219
2133803
5330007
2920851
108636421
1898739
393079
692711
7926957
3392127
6406481
1638871
2356243
4098851
3499193
8463467
9402943
871377
394737
9854301
8402709
1499629
1943607
7667107
8775557
902893
101563857
4611407
1154401
69743357
8256261
908573
7923571
1034563
9236233
2401501
3640681
895833
784691
126741027
7924893
7671659
6876129
1996291
6840127
3713697
3503129
8382803
8749229
1790957
2685157
3275813
7198549
236349
6046467
4313983
5835957
33352317
8723533
8833721
548311
582257
6428093
81817003
6612031
2401789
3047857
9027101
6012847
7214161
9960047
8403721
8153551
7512757
8673619
9433079
3104577
4234867
4046701
8439253
62229
6760487
3788973
9920579
3193119
156629
8739283
7448443
120469
5574647
7451263
2516581
2498319
1927043
1425081
2453297
1082457
9217877
4345793
3640209
9740413
196500257
3533247
8226533
1025703
5347577
8709239
4057049
4467083
4624417
7581641
8628357
8215707
9271891
7385019
1882687
7105359
6706481
188042133
1850733
8071341
7777939
6158471
5599487
1521179
6264399
3657781
3980683
8617439
3112127
3939243
3401003
4829339
4320403
6887761
2884129
5355791
6043853
7208723
5372603
7349839
8383481
7022237
8345893
6090487
6909313
2951097
180079
7395911
6650253
9585023
7961559
3057051
1132389
4133243
70764041
7863869
4727049
3969359
1178983
5015837
2013443
7651471
6036293
6726393
9377459
5016969
798253
7882421
515803
2484481
865759
3094397
5572301
6835443
629851
817733
2247793
4843959
142962111
6812207
8108167
4647857
5446807
5369401
3608987
6504913
3812303
2769649
4339429
7443203
625589
1310621
2047033
2946677
8780783
3703747
1435429
518793
9805631
76145363
1575133
7553577
499821
718069
6871073
4974319
9989797
4276537
36679779
7800209
9499437
6454621
1307237
1213407
9734301
5705339
1284033
3325693
5906167
660249
1969379
2618409
9233733
6188947
4171493
8039357
9216099
4464039
1606951
5362637
555953
8281253
8006391
1569227
2191517
627901
1940343
5385769
3465131
5154629
33414239
3275519
4932337
9972631
155223
6238939
1298437
719039
1607657
3091097
3005641
6878013
3780381
426153
2471867
1396637
3068743
3945377
8303211
5709763
9367767
9190559
9261033
3718763
6373331
4908667
7983583
3012129
4327431
2007009
1239237
154109
5531431
4946627
7478629
7416137
2616663
