1289163
7307059
7624931
1564997
2573209
2751709
2317729
1522261
9060597
5104003
3600697
1857257
7464097
3499793
5286781
9045183
5052709
3411353
2490933
9564321
4281749
8718811
3575827
2125327
8690669
564407
2936211
7424679
418279
2770393
4096739
5343389
4987511
5546653
3154653
1877981
3323171
5187981
7377043
8067391
93009
7516387
9689039
6481141
8898849
7303371
243357
2097949
4459349
6696951
956741
3085833
6542977
9892999
4817567
1846109
909957
5794123
7600451
7347679
7465691
5214113
410603
2842087
2712437
2586403
4612913
7614637
7392849
9659193
765761
6860193
7852259
948227
9071169
3278567
4365413
1363959
9780017
8575969
1831977
6842861
5997509
3586929
4797449
1265693
3148439
8511049
4076339
9960221
5297259
826867
3458961
5259479
5136851
6521989
273103
5244133
4880487
5523313
4636411
926443
6713819
1814697
8086259
9170287
357827
7498059
3230293
3726979
7452817
9485907
9147363
2979261
1303179
1813237
5208317
8173879
160342619
2138693
4266727
2006793
107657
9354643
7018087
6722939
1990611
8914113
5891951
6661217
8827301
878291
3289513
8407733
6631693
5416233
4829417
9789749
9516913
4550989
3234497
4339091
8116803
9684247
5763069
7669837
121653
6214019
2771913
7682139
8340557
7128753
8683203
9258339
8206893
6075787
1944391
7576243
8675381
2176163
2725307
838543
107075867
3483147
5111697
4784693
153192201
7228187
2707951
6253333
1763969
120163097
1684679
676589
2848997
1565177
3658941
9191881
8498767
3548347
4028311
8736169
5205483
649499
9820763
9465977
8077067
4271987
9316859
3473151
7668659
466223
7803663
9029927
5530407
6159009
6524489
2947037
171787549
9699591
9106009
8876807
5819111
6396931
5011923
6656489
8574087
144925151
3970323
2278377
9775359
9503563
2757117
4333373
6400979
6917079
197221109
7826057
3966159
3914369
4206753
9462671
8667619
16118497
6722307
1187263
4407907
9639611
305651
9763041
1393741
7270643
9920883
2262009
6816369
9610999
1765109
9007451
9433127
2009541
8575517
7566823
6540929
1288889
7950261
936001
7104987
4481979
7074171
2210867
2760033
128149
5462613
8637103
6326173
5528681
7212891
6362749
8559717
8104293
2796011
2809613
4345651
8599563
9054477
8781551
4002131
1608883
4213673
2508917
7679753
9183421
9694179
1305813
9436867
26123593
997063
491851
2151039
7257519
5348279
100588051
4945697
6297433
6695441
3590867
2499269
240709
350917
8638473
4391527
1417639
131415823
8410637
1767261
6515277
36617979
1489019
3121849
8364423
3224537
906803
2825569
398601
4345017
186178477
8973617
6690089
5943753
386579
7616779
1397663
4028287
829511
5647057
79899633
1251837
6919561
9760847
1380587
8857491
1037449
4781157
6389073
8529609
4050137
5016271
770033
5928489
763169
7837747
2317323
9566843
157549
5091271
8254003
1881141
8030909
5481089
5706013
9398403
9343111
5100483
2998433
88724339
2693573
5801517
7427631
7372627
8978851
7980033
789669
6408849
4607329
154745779
9021153
6449679
9966551
2577391
38206183
8882067
7161677
8939887
7543927
2343013
9717793
20258429
7079427
4802587
63413
7364853
144857881
1452061
376679
6654429
8614089
6712183
7985709
7903003
3718463
6022033
7234381
3160809
1300243
57720033
3312973
6724531
9752797
4738303
2915491
350089
6335101
7006401
2809533
129415653
4589043
1978507
4036689
9982409
4375533
2467157
1734379
7107639
2870089
5354647
68876927
3537599
6545049
68667573
9365727
578391
7373133
8141609
4119121
1026213
9618587
6938531
1630267
7387673
8386673
7886671
1920133
1943991
4935823
5594203
3393221
8154679
3526839
675637
5767251
4053661
3242137
5350393
793697
6944939
1226101
3244223
8083723
1806391
4324237
5723459
5403817
5929251
36890017
3773767
6558877
9812647
6966461
516717
9499927
2318383
9744643
5602769
13043
5270273
4481349
4444417
4360611
4249159
1827647
3479503
5375277
4213809
7859313
7937459
3179947
3820577
1628543
5920697
7404001
4701221
9059611
6337199
2987711
1771549
8427107
5851291
750273
1350493
5222839
397183
1267373
4569657
5529981
5297059
5484997
9323289
2607157
7134457
4008527
3473689
7918647
1164431
2595007
1636711
4862049
4324707
8349239
9947493
254353
6413083
9056251
4464749
1024707
1894711
1187799
7669847
1052173
4622301
1332259
5852993
8120341
2097689
7033937
8785957
795109
1882477
7928719
3866287
815983
7532667
6317687
8628571
5617883
4695541
9627949
6387333
625267
4101311
7374909
5744491
5960573
5984809
7737387
6989693
5071901
7023969
8941117
1765113
5132387
48426617
86269
8251099
533789
4668947
9537049
4241629
1849969
7548343
2930251
4375581
8149247
8387187
9709261
4984419
7643173
9533269
2711493
3191417
94885871
4625893
7270349
4904067
3202287
8692057
849931
9742281
107759
4987647
2697751
1393113
9854341
9767227
3677007
3752211
8239067
809467
2356851
9355367
9360161
4804967
2402689
1128219
9538933
1014307
6720113
9598093
8714279
1522643
9830879
668921
3603847
5563503
8909039
9369811
2183771
1683249
5725499
9061127
6189721
5390623
1850551
3291593
418017
3723001
432471
9649267
3231853
2474357
5743753
8119203
8453071
9367429
1694599
1786961
7893983
699073
3721949
3187341
3961063
9023899
4661709
1959649
2025759
2197681
139583099
1477057
5440067
4175899
4971421
6971333
3607671
1702293
3503043
2758043
8604841
5380621
2490537
6871407
2712201
239697
1608509
8281407
9798471
1075433
7718009
1798631
9618397
5318209
7803261
6188993
6378983
3854577
8033603
6716193
625897
4058973
9183559
4486877
5144547
4894223
1150529
2574223
6870303
3368507
3115577
3084661
3573553
9243163
372049
6684709
2926641
30446803
9315251
5508297
5668213
4049811
6578421
8984881
8446171
4196229
65265039
6502671
1780873
950939
6956061
1230607
8212829
4146803
248779
9342489
1911189
9244589
8794163
2605123
7335809
4028609
4894559
2576823
6177701
2599327
3409491
3759453
106169
1942253
6766389
6431417
8869167
8676333
7663701
9319101
2647363
6844413
9865307
166525337
191974749
747607
8444089
2572131
4486169
1749181
64268139
7481107
435957
652461
1620741
156373293
334813
8277311
8814741
4389653
3222473
8717969
2624269
1804987
4851383
7914037
4700503
3876753
77658001
9733569
