5072247
2370741
9381327
191965287
4711463
21769669
8935517
6406847
1718843
6021919
1836863
8951763
8324763
3905271
5073279
6089727
9600953
9297649
4723197
8835483
6750481
7019633
477143
1633197
5473303
5415101
1387431
5561747
5911929
175891611
7513679
1082703
1854503
2939303
422501
1576489
2726183
5296717
3077727
7352189
1772167
5996123
2348969
7902659
2049659
1718311
8009101
8692213
876419
7260417
3267129
2224117
187064083
1638889
5951599
3211021
7123267
3402999
1115841
4034019
83556993
7144271
2637783
2372187
3553111
1657589
7752771
7272507
5916877
5622099
6906879
3838839
9976437
4908047
8587409
3320423
8846039
1962773
4045187
6639941
6670769
9263957
8430169
1184753
7683531
2635571
5764963
7782133
5764219
1828767
4535843
8138479
3101191
8410057
7920209
6298509
9804317
3252823
7247271
4388103
2579011
6232471
6108103
9373429
8187043
3246801
6807231
5221391
4989583
8328487
7401363
7881919
2807599
3119357
8677397
1546011
1857673
3902521
1562937
9760873
1603791
9199427
3684331
4356541
3016743
8397023
6769587
2178607
5019799
100723293
3255203
2128203
5666327
5175343
6945223
1337307
7784797
7977817
72766231
6543989
9420413
2167391
2982773
7797901
7168167
1614551
2980927
3369137
7642809
3203497
2551877
3326657
5925197
1439311
155473741
4552077
3937561
1737047
4283701
2645259
9778301
9636703
122358389
5531721
91597407
4447817
2674759
8115549
16189
9883321
6573703
151264283
6311301
2707549
1196727
2533813
2863053
3619997
147412083
476051
2213713
4085731
4331549
6111781
2964379
1232699
4598473
335817
2725047
1081891
5466737
3012793
5982681
2655431
1409731
112592989
1467127
3727777
156733331
2272193
1444681
3407783
7634521
8458231
9603829
2723867
2979563
3663177
9684951
4178943
2654333
7177067
74399
9045793
3052221
2464361
100784543
8151491
663397
6042173
3136471
6169491
6929081
1567943
6070839
8979861
7915959
3119403
5429741
9391297
7637543
3323903
1470277
3766367
6472731
6737097
8564519
41377
9004613
8532581
8922831
1966599
8024929
6018647
8220903
3234273
8885943
140841487
7648473
156496001
1994289
7378699
6083919
1044023
8197837
538841
6809567
5213687
994417
5182529
3043249
9576547
8094691
3352397
9927411
7631543
7584081
1274949
5086903
1206763
1546251
2108443
5312599
7099971
5617521
883619
331093
9932819
88883351
183538603
1619997
1138369
441979
6070149
9299233
5189247
4955223
9156693
3660919
9912047
5484091
4942963
3026957
5788077
3947707
8995147
5668353
7626207
7744999
4117441
4370107
3445549
9629967
6055301
8924557
9311757
6489441
3389047
4474491
5591469
9548841
7974137
5826097
6140429
8091451
4573243
7269407
1025371
8375693
6934713
1722649
2039503
5452747
4750311
8247113
5089703
5542751
938809
3444967
9014481
280483
973307
130434003
8833063
7246483
8213751
609203
7609903
6836261
253803
1144513
6532999
6731347
1927723
7057619
6085177
5485577
9267923
2793007
9066729
5048473
28475083
3576293
7767279
453481
1410079
1776519
1936899
8910201
6116731
1142131
8885401
4568817
573369
2074987
9386259
910221
1236793
4851157
5638287
1065091
693421
105433121
84747
154359
3973687
4126931
4013253
8887401
9807347
8110261
9800199
3143929
5224633
4212803
5284791
3525441
7752593
7542053
6240707
8403093
1752139
4463267
8167569
2388183
9112397
2652913
5031889
515437
422759
508993
6189469
3538853
9317251
5368529
9800643
4593417
2427127
3917919
1817283
8416337
2001579
9220287
6191483
1153501
370529
1234831
4813629
231203
1408687
20120981
254551
8105413
5343649
9621027
2038397
6177331
2070959
1016023
1062811
7198519
5671319
4955891
7637489
3310683
1494159
6878283
5341437
8417049
7209099
1811109
8335393
656231
5941177
9276477
557761
5000529
7503797
659989
3689089
7907283
5814613
8114379
2641731
3363711
6761059
577389
8725763
1510591
4450019
38546327
1367499
8830807
2422479
4374651
128326559
9193311
9622991
4659981
4014523
6058091
9287593
6259209
2128241
6441001
7050961
2843161
5504451
4336487
9235017
1112617
7258799
1385091
5354039
6131067
6127569
3474321
2107703
9097753
12293821
3563597
6846249
4184121
7203247
5862079
5484351
3291569
4297233
1553221
3225267
8710103
1271887
9392683
1983199
9952403
97557817
3488989
4679279
9189463
4877831
2042753
3054029
8880763
7868907
3190321
370021
7248711
9749483
2825819
4928649
3285903
1649199
1474603
8687723
7696179
9111833
4740109
8015387
6277111
832249
7028711
1716221
4563909
7607897
3192159
8060667
5217647
1809489
7934517
5132139
7202773
4196659
2083561
2590813
3512489
8602497
6464203
3807623
46964587
3366161
4327293
5612027
7685761
5715769
334377
4897133
9523221
8987541
7611513
9672901
4333237
9569123
2631221
4834399
1901841
555313
8802059
7957097
5093251
7682479
3825429
7085211
2684333
515259
2862927
2354717
9685273
2482267
6141353
173054901
6394743
3881317
8423131
2048781
1965209
4948561
2829391
4628847
9864213
6618861
8397367
3150453
5766571
6209723
177676991
2077437
657199
469559
6543671
4883889
8917357
3612211
5690129
9015531
1612227
8181511
9856601
3092437
2566307
794947
5858033
2186697
6771163
9682909
9049709
7244941
1781623
6430163
2058131
6444603
63978727
4998513
1044153
6725977
7777507
83637943
9389163
67541
4188857
2873613
6950201
831221
2017699
2337401
8847357
1526057
3444899
7974337
7536469
4888139
6209041
183720917
50575127
4602147
892841
66127627
9877499
9653951
5807927
9970469
6143747
8487811
3052893
40674689
6959361
1698377
2179639
611527
1179973
7676243
7616331
6042203
9917429
4981557
7694253
6932211
3848919
135822271
1549079
6614127
1144261
94111921
709153
8054541
4814531
1216213
5279379
1005313
9550907
9253579
3218963
6726167
7185623
6364617
3279239
113155763
105231739
3885661
6874641
6401929
249121
4360757
3809207
8939597
3878953
6981561
4635779
4652999
2386847
9082319
2204599
3101701
6441893
1865767
271231
9060487
9611909
4541933
151463571
6737863
9786361
6314799
8142813
4828023
9785319
4261757
2762493
8918257
533749
4783237
162912013
9419299
8686753
3197277
3061481
993011
4832111
9237173
2834331
509251
553539
3428451
4262001
8644561
1823643
3080263
6915819
3239291
6798319
5991373
2301409
3250961
696683
7684751
26023
330483
5156993
8510877
6045109
1317473
5068657
3315667
7045899
5299379
169171
6009701
9033439
6870331
7759639
3674619
4426457
7363701
2430631
7012103
4060603
4977671
432207
8811663
3277367
6834921
1129
3043479
234243
8967077
8859961
1359029
6763161
2663253
742267
4447117
1513543
3835381
