9263337
2795579
471503
4545183
3474761
3363181
169809
8573637
7869597
9918799
4158901
1765733
3806931
9706021
1596709
135691317
4069051
5579053
48972529
6368473
6823077
3978849
1730953
6056279
1445253
4720567
4473723
5797233
7213589
2971369
4280019
8364829
8534897
6425983
6843883
2884801
5624297
6252003
3518031
8423511
7942639
8420703
650799
9440291
9863059
9802933
5046831
61659
6258629
2111843
5148169
1208887
553357
766349
1552137
2056833
2882607
7558521
3818193
5414923
1243219
753359
3355053
4743479
4305681
4565807
4877393
701251
9020981
869999
2717461
7682713
2539121
7583181
845967
3166399
5565497
2148377
8558779
1005157
3225599
3749833
235073
6297987
12213599
3699681
9615987
5750707
2964603
9364399
9402927
5092289
4722219
8907973
1418347
1003587
2900167
1707511
5151433
1500283
6646181
7957653
9197363
3431279
9493959
5704243
6592801
9869557
8594901
3912013
9591763
9452057
4521649
7693379
3637519
7269917
748481
5124323
8597087
5296009
2303049
1437021
2950251
2033107
2774787
9350347
2139283
4187009
7215851
6086001
2602609
6443673
740487
7247831
64724203
9544741
2799693
1088981
109872461
7736487
9338391
7682417
6522131
4937539
3074839
9129109
9256983
4693531
2596063
236677
9699483
7144273
4437077
1061061
3336783
5655927
2251493
4149871
3873909
7490561
9729761
90605371
1263491
6437257
1597473
2373097
9412369
8056221
5875471
132719
7624923
4338583
7664559
7654931
9894779
5262393
7838481
9277183
5619711
7430131
9965587
3746319
9782193
5795083
843551
1593619
2039477
9789307
3976981
4478791
983743
400543
149591071
59571503
7269843
7397431
435791
1647957
724159
135172291
4056149
8060697
8379567
2007193
9195291
9754777
4383501
5875759
3232723
6526467
3925283
2795673
3315447
6663673
7838057
9941627
1572651
7513
3855239
8497397
7626499
7739521
7216793
4581373
8706323
5652107
4872349
9760199
1149177
9229133
5603709
106340827
4915413
8485263
2734343
9929759
2437679
4124079
6801177
872481
4329971
4104183
37205363
8108359
4892421
5761659
4565899
5229539
1928713
3445943
2267073
2019403
1271647
189385371
6725947
8591341
2026189
1082011
3707129
1809457
5678029
4973707
4440437
4623433
9791027
5378433
2506467
195828319
4822801
691379
9911211
3575919
5074281
7691299
9743749
6576403
7264557
6753283
7768893
9906651
2874281
5831843
7211963
482681
6468307
5175501
6284407
2996691
70788933
2136749
9577221
234009
1448851
77788249
5984003
6760557
5999079
8093947
4230849
421627
4139969
6080139
1062183
2409809
309017
2246203
3449507
3628841
2649819
2591739
1018461
2138561
3368153
9541037
566449
575981
8342151
5798827
9158757
3911653
8139839
6804921
6998781
7481377
765991
4256617
9443071
4363781
2926649
7504129
7208943
2412923
263569
5143523
8245609
9769267
2573961
4232651
420373
3618579
4200999
1687681
7490623
1733811
5194417
2023243
452299
2356727
4300003
5202669
888601
5708029
1755501
6307933
1841763
9020973
6608809
5564479
6470647
1519207
5216037
5742403
9874047
9458313
3068029
5096473
7196701
3655093
751177
1924073
8350237
7046969
8616857
8507637
6188211
2662827
5725281
1059751
2907539
45983
8950121
1364307
3006433
6937007
35945823
7913383
5726509
6192997
4135893
2570859
9429883
6148071
9131009
866461
96439027
9828527
5181671
1141039
4697211
3941221
5485129
7569603
337347
6097147
3217277
2446763
5988831
7940389
6958059
2506247
6183011
9848389
5538493
7964151
9930059
1648609
2361551
115904547
8934841
6284653
3542737
5985993
879151
7096977
6850619
204711
106729
422967
9333183
7365433
3464341
4715269
4741669
77639069
4696689
7599481
2151727
1034759
5964043
551297
9594471
7735473
9452463
68861
4283279
67734551
4473101
8955751
4101543
6148507
1746213
544939
3368393
4584743
8843459
6750279
1955707
3401317
3188063
6514051
3929601
9391751
2404339
5949111
769341
4662429
5331929
4458117
4146871
2429759
1698117
3599999
3984137
6668267
4774359
3889477
8109329
3857483
95989
3199087
8262411
328533
4541543
8276319
7922219
3818669
3321579
3234753
5820237
3083517
198105513
6577569
4169409
8411481
6719573
5269749
4753933
4855079
3051771
9270099
6661951
5331063
7798363
1948043
8499999
9282661
9558143
2239811
463807
7845099
718323
5087391
8471413
4298803
6381077
3836451
848049
6606997
2841029
7694773
1736979
2298957
40003939
1259719
9244239
2148833
909359
4030251
8237989
1575583
5289389
7410093
3921327
4392809
3110781
6289157
7382933
2345997
1733829
118664253
487047
4601339
7905853
531869
9924979
6318821
4868547
9347281
3144469
1711459
3114883
6906903
6864569
1613793
166783203
7534251
7800689
3402599
9489831
6400371
8572461
4936223
2054583
5000229
7972317
6730117
353413
182401967
369591
5425773
523499
6058693
7122111
3670807
2406133
3299649
8953691
7381717
2993261
9572147
975997
155850003
3155493
1226501
144814851
7365171
4568137
5459473
8066409
3055303
1231733
51338321
6692783
1310273
1873723
6800579
993347
446127
4263957
9314959
3751599
3735767
3489109
5620347
3791873
8612379
3484719
6245311
1113361
9679247
1538629
5194147
6905547
8331639
5893917
7050909
505617
4117241
335557
1614739
4022683
3965649
6855481
9842561
10556713
1463397
5204117
8969041
7566011
120382627
9299853
9584509
2105847
640447
939987
9273809
9797283
4321519
3023449
5963487
1624197
3115097
1711687
2293843
81811
6463059
9272411
4094827
2909041
9363389
6805331
5673933
1754829
8276841
472667
2933181
84739887
3517597
128071039
7979037
4817697
5743587
5867641
177689
156242961
9318823
3162743
2578817
285759
1073727
5641209
9784447
2243571
9239711
3013291
6377539
3080517
5205787
3204537
4110241
5152969
2033889
4787109
3246221
8618357
1843967
9885067
7581357
3902959
5234223
2658187
2140807
9232049
3934221
48481619
4294073
8626659
9837129
9697311
7538341
9019193
6374051
7707111
6769859
9437433
349241
3494811
9109141
2228993
3226439
3445139
7923769
3475601
2791353
6828747
9284183
159267781
5416351
83750837
6313379
6607453
8399041
8388003
1714019
7096073
1715721
1847447
3535683
7024449
1118027
469033
4668949
3048081
1531873
4264819
8027413
7845973
1961121
5879371
1449167
4002067
5890491
4845357
4365397
4191417
38841
5338023
9397273
5276771
2270041
9987497
5918203
4927673
184731
56565093
7389487
1793091
187399553
3580163
9283873
9613833
2752143
524131
5796783
8391009
7472943
7898223
2259341
5011957
8735063
4024153
5638593
9015667
8865653
7230107
4067943
7649831
6695737
7076973
4304621
6207639
3292009
2756429
4703001
9710339
8284327
6957587
3248751
6588659
2590737
6964933
7791987
2318399
6289199
2056029
6617179
373967
1564839
953127
7589021
6435427
4183523
2715933
