7289137
9552813
8189197
8502001
5861043
77098789
8396909
9774711
1473939
2361647
4254331
5291687
8822633
3211919
123996763
2648583
7775183
1247797
9649411
296089
4078219
56147159
5265269
6911593
864771
20502717
2287897
2776641
6794533
243271
5156083
7440257
5947741
899983
1571013
7690257
4283037
5786993
4426167
7931509
4513981
6490189
1915359
3952997
9217111
2706573
2261471
3223707
6548461
2217907
9899051
2074321
438047
3527877
4748101
7721717
9895121
9050567
2891539
3698359
4770783
9939141
6092637
3178559
3036677
5098133
9794271
2243717
3118721
1831429
4332517
176122697
217697
1881421
74022193
6196469
3009153
774483
406699
955017
1307243
7247343
74924693
4153527
8461129
6066139
1784291
5342747
7127831
533297
2407073
1325291
4450269
5515187
4708593
2101061
3769323
1617103
319267
101927
1488811
1490017
7986133
4324619
1861767
2910807
4762759
180847403
7378219
1686063
5572293
9804173
19029439
1824681
3766239
7520981
4589387
9777629
7221267
5441757
4773039
2616823
5780921
6011279
3973339
815313
3543957
5622393
7561759
6922063
5647957
4653719
790377
2011871
6533811
3224133
7899151
3291081
597447
6153821
7616751
6705027
970169
1666809
146921843
2633537
503831
2077387
9506697
2094337
8094231
1907869
56333699
6134677
2015577
2412317
468081
9331531
141359
3158091
8978021
7765543
6757609
5318447
2004491
2942457
3052439
7197181
9462369
4337277
8221279
1122141
6977197
8575751
3857521
3704177
3965989
7746031
3968743
3232729
913943
3820009
937039
6837941
8806299
1471669
1334041
1333871
8985827
7026059
1970261
9225107
7614061
9630013
5924577
1040181
895839
8694927
9627121
4227559
9499733
3335469
99589927
3446493
8144381
7628163
9871851
2219347
5354499
6085489
7099547
4421687
2383643
1781733
2083097
3596609
5445127
8824227
1826097
9162257
7831091
7485289
7305123
2594891
8410049
7188943
3574721
3333387
173080031
1386227
2011949
5738199
4905387
5775519
9184603
1389967
7096549
7069481
7194963
7591407
8804633
406983
9637511
8432991
5823329
7120323
9769861
4572111
859791
9413419
5093269
2954221
2423789
4432531
8155109
4386647
2977043
7845401
8080333
9789081
4777633
9114147
5154527
1024301
6464123
25990021
4377849
6160733
6490371
8299279
4311927
7495449
4499091
5688007
7304827
2124387
3092897
1064827
5540761
5846851
6375447
141378587
3465541
1904603
6926079
257799
9465267
2660253
7459289
72561683
9055089
5097663
1863301
2565299
8061439
5152969
130039
2070101
3863521
5294647
619587
1159811
436271
2632803
5556433
1684619
2046481
3774969
7271899
3827997
8179511
698827
8888057
2582239
4162853
9257183
5896157
5657253
3218861
9458117
4793733
2829961
1991583
8127787
3246971
9197509
8945631
2290439
9968669
5028603
3532307
8330537
1548917
5611847
8186421
2316943
6677801
6264253
2908769
123891
24067901
1370671
6452133
7746549
5895957
7907203
3986801
7879901
9655551
3085253
7860963
4024253
5774403
908811
6005659
8387803
2568693
7170553
79177
2215061
5142181
1493917
1061983
9260451
1465009
8131093
3240711
9441719
5534999
5788483
4956633
5513939
2021999
8929283
1758533
8906537
9687477
4755169
551461
7862319
721563
8234163
9208087
4349619
5704941
7665549
6181961
6267569
4731527
5741471
2015487
6352263
4760123
8662283
3815371
2378397
7956423
8828189
943791
3667751
5719493
7039083
9118789
7101183
4809783
5789861
8587071
6277307
3531943
4237241
1563377
6719797
69296981
6268887
3323931
6437013
6957381
810401
9979277
2752099
108349
814281
4259941
1556757
6106267
3027591
6229159
2540703
1059567
9014519
809947
2875633
6069169
7646087
3691553
1872339
220549
5816907
2401643
9506761
7110043
3024491
7942657
9541873
874189
4510429
3322637
3885623
1008869
8545457
2350233
9251387
2696713
1672713
5371581
1884507
5874963
5741511
7990119
7488199
4581237
133805859
4647397
4073063
7480833
4461829
2727121
6807561
2414299
5206377
2409719
6124379
2597933
613439
4165421
7586421
2534493
5603559
8736379
9512331
1666087
6654957
8872093
3736731
6492567
144301941
5077003
1337059
3330891
1277843
5564803
9757489
9049327
84657189
8595499
163015871
9454663
5798513
4576653
4126333
1622617
3733549
1019997
7796553
6223517
2702709
6306441
54314659
9877437
2373219
6608017
294561
8810283
133704907
8399809
8778013
6693879
9348711
7027159
2490293
7040453
5311863
5235347
5991329
6144961
9908239
7045571
6290147
6341401
7139839
5486339
8594109
9566851
3492373
9696217
8247067
2671701
6071459
7881329
5318191
8386331
3535057
692489
7809479
47326743
4310591
4284443
2103827
8011631
6698337
2744809
2835011
6662807
9644911
6663673
9205951
7012403
8969969
7707883
4148639
9662423
5578159
1477743
812001
7944511
3563231
8783627
3585453
3020709
2387167
8816239
4386533
7132039
8738389
7556703
4972751
2545061
1101319
6148449
6842267
8331291
173366863
1272593
9420419
2953781
4869623
5659797
7313907
9211931
3696061
3495331
1134701
3760363
9549163
101440507
4400617
6333747
2214137
6995383
6434689
8150399
1495321
5446899
54862011
148341
6446079
6032453
5086019
2315871
8063427
6753053
1972687
2032703
4685003
5474579
2185343
2972911
7543387
6844837
1492663
7137569
8077887
8544631
7151717
5344441
3471417
8374147
8883337
6352519
4441469
888867
8416403
178827
6963311
7341021
2496801
3285677
8867227
1994949
6098253
4928637
7303851
7262927
184582573
3939087
1474071
7114221
7810117
7782389
4389137
9896719
9920859
3894243
6568477
9642347
3356699
6115653
790903
5877499
6828841
8110281
4424787
5902821
4256007
5486561
5776689
4654179
9006743
310913
60469121
4506269
5368651
5427633
1116803
2177511
73487571
7292733
8963627
8383813
6116807
4636303
882443
268347
885499
5383631
1209781
6770581
5494113
7380259
8812433
4339067
9920899
8920427
1899279
2790797
3311153
2574711
8110217
4704497
8543591
6570199
6865091
263771
4024923
7391257
142207
3555371
5809919
8898693
6888749
14333959
305787
5634877
4270991
1227791
8397997
7222421
5096123
7790037
8721231
5309707
1875501
1428497
182222161
715631
9369577
2973277
5078741
3433679
6700943
5253707
2147847
8047743
2457127
1064123
2994327
60730789
2414551
1828233
1050749
4192761
4073611
8915557
178717
5928939
7260037
6878951
6671879
5083741
9824869
7953871
7911411
3604623
194995989
4428063
3097631
8210219
8741607
8179037
8080031
5420747
178490487
3681017
1642261
494071
4997709
60357
9924069
2150569
3584307
6778541
4246947
8245687
2847911
3400927
119184051
4697059
1212397
7978539
9521163
7034651
2110277
5550727
2671471
2561087
7851263
1010329
9041003
3812823
