1923017
5251183
2312083
2913291
2815457
91471801
485529
4405961
1333481
2537163
8644643
377167
5779331
8116199
4867053
2738893
13074197
7163147
7148469
3019033
8681831
6702489
8321909
2843519
859767
9111499
4701619
2650497
6744497
2716709
1107419
6782651
5901977
118625937
212019
3530113
2574419
1266601
8312287
2202111
135009
5697063
3286409
1480543
5562189
8626479
2047151
8377217
5318357
2802443
6866807
6627929
9779219
1310099
2200933
5925581
2481643
2583423
1155089
7032831
3434077
21537
608303
8210859
7798167
4811187
7566731
6413577
9872009
1017523
6187173
1077413
2251591
8598997
3184477
9366969
802999
4131787
5756811
5350759
9688167
7824387
833337
786611
1724617
9279789
4697583
6628539
1993433
274043
5780091
4514137
6773719
6983433
6461093
7584801
6227397
694673
3397313
4044673
5509339
3864911
17471
6579907
7317393
5709631
7569591
3479321
6169157
9949973
1144687
5634159
9009783
5520399
1683279
7575057
7619543
3569683
4841449
2542753
7819149
8584121
941461
5694643
7881371
163368141
3087099
6547177
7752899
6690217
598497
6996433
5735179
5173189
8623053
9141671
1723317
1114917
2773117
8591719
4083417
5760093
2664407
1683801
3709531
6208397
1615143
8349953
5429137
8798451
6985211
3288141
7471443
241479
5963799
4184413
5684169
5993309
7931611
8650171
3727721
2300237
961621
5296203
4223961
7580973
5388947
9898609
7789889
4647259
1952579
7851439
3288559
63854581
4572481
7087851
101683
8797739
6731871
3650091
61431233
7584597
4938171
3840449
8727027
6123387
36352339
8582557
4544987
1048743
7498099
9521359
8827963
9468791
4274637
5417129
3711167
6570121
145086777
9410293
3975571
5396481
4927107
535197
12971649
4292401
5619579
2373067
675727
122217
8939367
43927
4395293
4325209
8937761
3947359
1437351
3622023
7471573
1557453
3322657
4475497
2484991
762189
4362241
1486057
3971317
2635283
5079841
752249
69596237
9613823
6200137
7392233
9485343
1891737
2075197
2869063
2326843
5796391
9099161
8971337
5741821
5674233
9280191
63536629
3176597
7813841
37412737
1580349
4433161
2285357
184278893
2647699
874597
5587771
7223487
5175749
9131757
3448031
4508593
3676177
192723
8822607
7358511
9430727
3643409
6588149
9897199
7270143
4476611
1772947
4652827
2295793
4558849
3940323
3037933
6126877
7828469
475109
3175467
6573593
5894979
2630149
9737741
5420531
898091
8567469
7440179
7150229
7846083
50331729
2985849
522247
1742981
4288197
198106511
9567029
2084053
4451221
7306839
232997
3397033
1471751
4442091
4596293
215383
5838807
2826897
4817507
7640043
7175977
1911123
9431883
8987557
8746293
2002539
5407167
8340579
8030463
4117919
7427243
9414693
8941559
3571009
839059
8509751
6994129
4861959
5615147
2475781
496847
6460369
5256147
2044887
7794369
203527
9776291
6319521
6987221
6062841
9778003
5175599
7207491
3416587
97049277
46777119
4428047
5232941
2039069
8781723
1301357
1403571
969399
4832783
971073
2448817
9431369
6094019
6449843
4710841
6311753
4601793
4047561
3601283
494283
8632089
188957843
8287229
7574707
662407
1067021
8629273
1709241
4865603
7017099
9928199
2815943
9614191
3514109
9864783
1080209
5551409
2305019
5710287
5405821
9736549
2233231
1489973
4632371
483863
2445419
2449843
7817443
8102281
7526011
2153913
1431183
1755693
8141721
7781687
1132767
193698889
3392359
2239557
2919689
7291611
8999321
3031191
3743071
3097453
652039
9488329
5076649
6568291
7579699
1546543
895777
4016941
756499
2591439
1947567
3751869
8918971
6625063
4763357
7522649
36383
7048739
9675481
4951359
7908793
4215337
4773027
6773343
5969937
4961623
5424519
4519809
5250027
1668653
8337701
1905619
3866491
688109
1432041
4897483
4150517
134593379
9487953
3226339
1964387
6071913
254359
4102549
8525327
9896457
9837043
204833
9820343
4424443
4842221
1230721
5062779
6678603
6904937
2889503
1073169
7809311
1493597
7496133
3614811
4300259
7095361
519869
278821
5631289
8640881
7580129
2669727
81106561
3164353
7798697
6613589
1753829
3842697
2610969
5041957
3463877
6854699
7058907
8576911
3235261
65700151
1515791
4359221
7452961
4751467
7588423
2566697
9427901
8940461
9144093
9171419
9394459
5940657
1998709
104625863
1723099
1018171
7909783
3280077
6855051
3829117
9876213
8996221
6810139
8622911
6357381
9916461
1502913
5984147
6529081
6625277
6947299
8973003
2801311
6661161
8663717
601711
2690993
2192267
1617647
4163773
7190231
9269489
1737353
4472459
2427069
8047817
2882557
4068769
9747879
4539417
7537083
1062653
5927149
1683069
8635437
8092887
8304431
3605977
6192269
4409107
344231
3224711
5219221
7526033
7640241
123049007
1318701
1549501
645973
4225273
3158509
1282191
5778331
208581
1776039
773281
5546177
6990999
4217897
7586349
7963069
9140329
9285803
701637
9323031
4860497
2686063
8781729
2115903
6557233
3512113
747551
9510951
5820801
6798451
6111087
6153647
9238131
76296551
5580207
2949549
5846273
5024717
8932567
7724437
9880749
382899
107071689
779351
4264903
3620101
9762391
538357
7331023
8411341
7545971
5731977
2394927
4040391
6856749
9740801
1930967
4951351
56255061
9651227
4891509
212561
660891
1766861
7383301
4667923
4575741
5574833
6813717
8313669
921097
8741693
9532861
3335447
1785709
5116243
7151417
4679653
1461309
3365487
5045833
8057027
9019213
1822449
9013411
1480819
7488603
7608091
1908507
7257869
6697657
1419807
6625907
6995847
1003967
57957459
4273787
4194529
585931
7329419
2589609
4928909
2103207
318993
8513931
2167303
7650923
8846607
190109487
5425563
9144437
1617913
3336001
6996463
4215851
6108323
7498533
2402351
416217
2561961
4489209
6847827
422477
5642071
4202751
2966019
4626373
3722517
4623759
6892931
8979657
9282477
1584411
4223279
9359321
85115023
4378181
210279
2855231
7668409
9941137
9619313
1972799
7510213
7106713
160470397
7636563
9118111
7027
4140083
6734703
5928163
3209113
4206787
9465469
3702107
4048729
2854813
2896911
9537861
8650789
1093709
5516861
4986047
4174891
2461893
2075523
3087787
3476297
3380583
7550871
2791187
1509917
5767279
1816623
561051
7195483
2371727
3961589
1515709
6271291
4617837
1620091
483311
7381183
1239593
6748211
434169
6327887
9494361
5245243
7634019
2763401
2571769
8702103
5265903
5947677
5003163
25597381
1401149
100994923
4112597
2739047
1903813
60099989
17833209
2650739
9934351
1244151
6242753
2966169
7512871
4370597
8541077
4353459
1543313
6209107
67603
913729
2974009
