8882739
549181
5824047
9666521
849909
157439351
2570633
5265049
7713653
425873
434619
9017927
4499281
2285801
6051897
8348739
1825757
3052613
5707527
7140201
8104881
8426373
3740373
170581453
121891
6660353
8958637
100580059
6878931
2246087
2400457
5963489
8371619
7925967
7908601
1838791
5551763
5261847
1432457
2666059
6666193
309077
955061
9674927
2232133
9051723
9308941
5332423
4937753
8917607
174308189
4121539
4335809
7054907
9611157
4825749
392579
5126719
2136151
7845429
2094329
7445683
8669331
2727151
698521
5944011
7199883
168899
3103337
1432041
46954129
148579709
72911769
23889209
3077371
9603593
164039081
4304891
8563131
6210399
2693349
5031547
1927863
6200049
366587
8268891
4912983
3430041
6859417
8787723
9839933
701277
2233259
4052301
8761417
1120401
3820833
9032749
9295879
8025951
7309791
9045577
1940229
8965291
5620839
5393597
7563043
9649287
7709071
3313601
4345183
3793029
6939227
6079139
2932517
9185439
7476131
9541251
9046161
7742687
807119
2171179
9297389
751851
14269291
2978933
4223867
6093941
100293
2983627
4213351
1932707
7926651
100530667
5270919
231633
5786637
9756737
8888483
550773
8016609
6395101
3550527
2250583
4913451
8176717
6031361
200139
74919
340103
2871173
8943317
151016809
379757
9212237
3102721
6552911
5545893
9342817
7286411
290933
6918173
5087261
5348237
8737531
5161661
6328361
6975649
1053949
7351621
5649117
4355291
8552697
5848093
2699847
4386641
6505041
6730023
4882609
6245311
9543243
1656241
7773307
9175349
3664203
7110569
5737373
9357703
7827617
5789869
3565649
7616159
2822229
9587119
2759951
7326009
1939439
2704709
9166499
5511217
610073
6854793
5557613
1439479
169179
1400021
5112531
3060479
2011509
5620003
1460411
5235481
4907097
2484409
2132319
6312007
1154487
2358309
2530603
3764199
4180967
41937
395217
6785381
4963069
356233
5348401
4673913
3714229
90049049
7185663
6917899
4029713
4137989
9363667
1456873
4231867
644343
6302291
6869547
4214857
67281
1021769
8579639
455217
5865921
57472559
6335279
6530687
8247101
440703
7702931
7539841
131777231
3206803
8020189
5025323
6076367
4790893
7119057
1523601
9953521
4284089
114979859
1406467
3355309
6558723
4897423
543499
8499523
1145813
5612917
9037831
6064143
8744621
2460377
9668237
3017901
3755659
4157259
8567597
9673823
1673859
3195087
6425921
544463
4694121
2397851
410139
4082577
7592517
3939853
4066711
3581951
1422449
2032397
7831643
1192297
2828301
1918449
9357003
5040787
860967
8489509
9024847
2016727
5737943
4126659
5260527
7687539
8353333
2918473
11158811
4285469
277957
2232829
471251
7952269
8989041
1845183
93929707
1727121
5396761
5948219
3463083
7010789
147182669
7906287
9574583
398789
1282821
5577403
8480853
8353671
6260381
128783863
7110979
1195209
3277141
246257
8603549
6131009
4233373
983763
1873479
8449531
2719183
260999
26750161
1536531
9821157
8382841
8525601
4902247
2881189
4826109
1937579
1235423
5577637
9568299
9593717
8160079
9741333
8332163
3824797
9816069
771183
3864443
30209123
5736557
2097627
5162677
7220323
8001913
3538841
5804801
4746497
4969689
7923473
147451
3431631
6148811
3281939
8946073
6906709
7259599
6744957
7690521
4407743
6708271
7299047
492279
1855779
1358229
6222199
6154921
5060669
7751387
1564233
9804279
7246019
7855853
1575771
362107
2661963
2166261
841021
7873549
758873
8572129
7566177
8612333
6253819
2247551
1184773
6648917
17781343
5416271
2876081
1561287
9120579
94628401
6067353
4180873
7514281
3909299
131535799
1282223
9455071
6035363
49678473
1453187
2273431
5284107
8028603
2321301
1237843
8334079
8239311
209841
191639839
3400383
6083733
8983759
9388827
2395209
2243663
5084563
2334857
3691127
8003829
4145063
8850291
682043
6628349
4245447
5323639
6031837
3947167
4554899
9534701
3782399
9538001
15081933
9506677
946827
540969
6474909
5608239
4612291
4746429
1483197
4973091
7992179
2653287
5835787
2602989
9208577
7755843
8629957
359781
8546223
9162567
2477961
204203
626163
3819633
6206193
9093321
8972947
9028841
8921571
3726921
1154513
2789827
1192871
2568219
3907673
1267837
7786793
1669191
734631
7889717
4014907
5641101
9120259
7634383
5163169
5407903
3939413
2257489
4909337
8109183
7159989
4439451
1188207
9223987
5575353
1892723
6110633
8825753
6486601
2449529
5975521
8705457
5314903
3719003
4074273
9052079
4057723
8004907
2390121
8699117
2452031
2392923
2913759
8263311
3367783
9772079
7741717
8451623
6533941
6632749
1610111
1672971
8797577
4914853
6770323
4244093
6853487
1646497
9981819
4711001
2062561
730863
5540549
8116467
6122881
7945323
1705487
3971923
719143
8510503
5280667
5473621
266401
6858151
4198291
6229973
5236601
113713
67517263
3492449
174958309
149945347
5639611
4330729
6512297
390467
5378393
5003769
2324093
7855921
4917433
2963471
156901413
137592723
4530623
14963
3891543
5183763
871321
100640707
6666731
5315473
6107021
9115011
9232153
8135907
5117127
6676511
8335023
6105189
8615011
8037587
7461013
2096583
3635019
7486521
3717393
5064749
2576903
7285863
761059
9024609
8881093
4177479
5420169
7371201
9340657
4480243
3497553
2673659
46394019
704317
9503243
3404073
1564609
3441051
6547677
6582957
8301223
3495949
81873
4037857
2122593
5885041
162575351
5197553
5519609
8826937
2588669
9903357
4095709
8411529
1151743
4976051
2284321
142265463
5780117
1861871
9261591
4449689
891193
6323641
2791989
8953531
9675353
187014337
4580799
3965977
5076317
9964549
9967549
3278907
6289091
8530741
8376593
3025119
6854401
5195771
3281917
3407453
6946959
1449749
4654029
7135793
420793
173260967
1512317
5357669
8659123
825833
8837397
4196749
7648333
1826051
80333
4201431
6501007
3468367
7590711
9596531
4079311
1696193
2860557
7654941
8202439
1801681
1751943
2451591
7823009
2864203
5390931
1356533
9876917
7703659
8556691
4565357
1397673
884469
2046123
9161469
96094179
3799229
3696263
145002177
515111
6000173
3072331
3056721
2384109
8158521
7804959
5854427
753981
7143059
1673607
6121573
2100777
2393981
1111531
3962743
4948017
7528009
4130101
2203817
24071
3268051
9499239
7165777
7446467
9894403
7858741
2501539
9515151
2110773
3006401
5752487
1183381
7617559
3559429
5934741
2308951
2497871
4264051
5906687
3330619
9898341
4404679
7695333
528859
6230477
623599
2302759
5257043
1339251
152687537
3721151
8284731
6801563
2133567
9317367
65260163
8793429
6472947
621453
131233
5891791
7075759
6311247
5166767
5915637
7231827
8268269
2054991
2463389
9308217
9679561
7315459
1285251
6585647
7210793
1040451
5173901
9057577
3195763
1804193
3629651
5526359
9985799
9185647
9613539
8898971
7354533
1603109
8684379
3437867
7370727
1226143
191289201
4608333
4603263
1329227
1585279
2813339
4449591
