6085641
5567537
7646483
2770569
7220209
1476113
886191
3126943
2969127
6439713
3732323
9235821
1885763
34725031
8103093
4328347
7908423
6343887
2256063
1144119
1920999
2155433
8795657
617461
3653987
3024187
5589217
7827479
3741857
9050397
153497
7439711
1471909
396213
640351
3839823
388429
3838569
6765143
7187551
3784197
4524067
6941873
8899109
148787187
9457467
5240203
3072187
64958439
4102767
9010171
246229
9198079
5459479
9252713
9485247
2922603
7665377
8636899
7977699
2543133
5350319
7793103
6589273
1180607
5436049
3524437
7463661
726847
4702581
4564897
9203093
294619
7822493
1129789
8062613
4612937
4311309
8596263
1208129
260571
853937
3850951
3987957
9280719
5075357
8555369
3116331
2633047
8930337
6921861
1736169
7104661
8557801
2852229
7168631
8481553
5218181
28841621
2551307
953849
1435371
8710673
2667809
3379971
9826081
8653751
9629351
5790357
877159
4596221
3990879
6287933
3966881
8637013
1898471
1953963
4306477
7468077
3816963
1939447
4676777
159292769
2583587
4432461
2752853
5944841
1006707
1754509
4901213
5852951
7624157
4680547
980497
305079
8888271
75150231
1682049
7099503
9856471
9086977
9660599
7567257
992523
7624973
3655769
2318933
5563699
8480157
1443369
2556617
345521
4760627
6994581
3292683
2072819
9896961
6438449
5752661
3560323
2423469
7795181
9851681
3520809
4206537
6896309
5642277
1161011
7932947
4100979
7841281
769251
5446927
7030353
4552249
364651
1239441
4737571
2851747
3929727
5261043
173035567
8689203
468177
9226171
8404691
4058169
6092659
2355551
2296799
8544003
876557
3795223
1917573
624793
7237567
5020327
4039443
9222037
3146371
6156063
3015551
1911001
6904307
696513
5667683
7834631
6220561
3297763
9997799
1240983
2489157
2991639
6426969
5391443
8705341
9356699
7449833
762323
8771109
462191
5781123
7616909
4323657
1710609
1301961
3206051
1698271
3435851
7746591
2116827
6128459
828823
5312289
4114233
342847
6551397
6538571
2349731
9310351
8808649
9621907
4347591
236767
9682741
7254773
69137
2163553
4287807
4951233
6976699
5965773
9175499
3517337
1143491
8342753
2255789
8627703
9184071
2858959
89411549
3088231
723107
6264937
75283207
6866653
3912703
6604983
6756393
3068473
8054493
8827153
5435131
894007
3427837
9528361
2625933
3278441
8680093
7656131
1277873
3754773
3347243
1000469
5242657
2963649
7701137
7502291
5201861
8403073
8624321
7138909
8318753
5726951
9798869
3520609
2178921
6676541
5105441
716551
8099517
8670463
5166557
1012833
5791449
3368649
6031091
4021291
858511
1764541
6791613
331807
8697281
7745503
7771087
1146423
939351
4076109
4166723
6670693
8663767
116846521
2563947
4419711
3797121
3841079
652939
8997391
4591981
9322879
8297959
6740617
7380507
7491707
7208109
3090529
3075683
1569857
8397053
7608463
9207487
2560867
7463931
1323617
1215287
7674253
5604169
7056247
8032829
9674129
2339517
3011583
1778361
1043313
4110629
1706711
7336847
2171477
5407509
9348049
130028733
7087703
6270289
5566973
8512653
9782979
6748401
7842919
5324087
2528457
5090153
3589793
8748081
7320891
5485837
7777783
1514783
2739473
9023977
6584141
5316963
7082549
5772709
3894359
6584323
5921747
2774813
621639
9848987
7323063
6557681
737199
5864717
1086367
152741
9433527
3773333
4895897
5323127
2073859
7649747
5536171
5846837
6846613
4222323
3683451
2728903
4419079
8621677
8080309
9902093
2106729
8497007
3212271
2209523
610253
8530799
5657653
27379
163281981
2627201
5370703
156611107
3828753
7543329
2245417
7535367
9041747
3337791
3131211
8369129
8885967
1284693
6723181
4498629
858533
680719
9501343
2174011
286871
3381339
1184323
9215289
3339553
3529941
4974783
5230343
1939633
5954213
464701
2085839
678421
8661361
6882477
2516631
1986619
6975263
40439697
1187667
454089
4794243
4824607
3281911
553457
2148721
5785477
5862161
7256681
1935727
6720737
129668761
1417783
3056039
143367077
1868421
1590157
3168733
4130821
3190007
2120327
7543613
8416267
2493893
1655647
8381783
8501439
8475393
1039097
5198557
7390659
5135867
4776573
6895349
4404099
5667973
8701807
4952277
2056309
1155811
552603
5232017
3501733
5008999
3729063
517253
6625227
4585789
3733139
3255011
1639737
42458541
8960911
8467431
1743841
7458673
4197689
6932287
5525043
83805241
5561011
2210943
9340309
9908179
4926951
203197
8568757
4349699
7405481
9115603
8722863
9888259
6560901
344317
4932467
6532267
9988471
3663031
1120603
2031613
942341
112604563
4431943
4833059
1506307
11108679
9228641
6191843
2283571
1836183
2424057
9830149
1037573
1601417
3773211
2337669
2316099
6591691
2402649
18595331
50432019
3534419
9277761
7840629
2382411
9471887
3552701
4701553
9938827
5551773
6696327
3368493
4405463
6225099
7283419
1332737
3216431
6477793
7975757
7118373
2869167
4293457
198193
457517
8531059
1112543
72401007
4038131
3394077
2743427
350631
6307977
9757163
9950993
346307
6276687
6834297
8281137
228403
3678529
4627911
1610349
7236161
8939323
557273
5834859
103768543
763309
760523
7390891
7968021
4972773
2267899
8068371
8083801
8479779
7692299
2751557
4739659
6028667
3832647
9501543
4587711
3314803
5211237
3664143
4498017
4292439
2616321
2121101
2816993
5376479
248557
7781897
5580233
20137179
677653
5788991
132514203
144561
4890687
7147219
8416181
3790667
992217
35457
9286571
4577297
1964403
405899
3488559
3014061
171401
644527
1393159
6495749
4426239
7655217
6122227
8313993
5785851
1257827
8900739
800023
1588823
6799387
6786423
8830899
1968273
6678457
3174043
4296641
1880297
8655273
2376009
476147
3154963
5482661
3372581
9797023
8862089
9121557
2379821
932031
5888309
2891883
8538689
230801
8341909
7652669
400529
171261
2787537
8941507
51201237
1134797
2668889
4637277
9082357
2955619
8716331
1182017
5484139
7075411
8363741
6007481
1304553
9109689
5794783
2029657
8553707
2690911
5856429
4893489
6370809
4617269
6134689
5339331
5574191
9465421
9103523
4246057
6382981
5882969
6098583
4984899
4864657
4380003
5781383
1426651
5835151
6350097
9008609
9513953
282457
2909177
6664221
9492313
3607141
4663819
9824231
5110647
2615767
2078897
133442607
1000119
8567027
861133
589883
121606369
8054781
8858873
4775007
90814379
5228117
9081807
3966847
409897
6768953
4770847
7951123
8762989
949021
3717809
2280807
2443563
2657211
6845497
3601247
107858211
2656587
4015877
2054183
8942769
8766831
5161249
7958189
2476617
7035987
9369987
6769481
6699199
8298891
7801489
109516059
1029381
4638613
1550933
6582567
6603407
9181153
9818443
6943743
889201
232183
2786441
47603069
1114951
2075393
5949883
3011419
5535953
2271129
1613851
441507
6991351
2104157
3877649
8768577
3299103
611767
6423493
2381427
9772527
1692223
137740001
9983659
4416191
6424611
1908803
161207
3246653
7518833
2506417
936893
4873671
885979
4436533
3572811
9456277
7180119
3956993
9388919
732949
7982799
6781103
5544997
7616027
7790383
472007
7739699
2183971
9939793
