3787129
196837819
6481311
4553031
7686757
4540891
8879103
9932937
4462933
26529
3022703
7818379
7015193
2325781
1670483
195301297
4314803
5264919
9630449
6447147
568193
1278887
7748543
2455603
9346217
1012387
4026683
44168723
9560713
1247209
310037
1689713
4792129
8465757
4583381
3214973
5013987
1394139
6542767
3300943
1988731
5310841
3080857
8126979
5275723
994171
2459797
685477
4022539
8159211
9973097
1033287
9148083
1513439
5434579
9533393
1802417
8585043
1395467
26474303
2432747
12989
8792187
3341741
5352841
6774469
1017829
1742429
6325313
4876321
9282329
4854859
2245257
6425117
9162817
7820117
366983
2539009
7542941
8139681
6360749
2674211
5352503
4164901
9673751
4024879
88469447
9786963
9964401
8783587
1142381
105085013
2743813
1178043
2577389
8212801
7971223
181279
5932093
8245249
2317843
5280823
1684341
7253333
4886133
8136619
1292811
216601
6612157
5786459
7135363
3422143
5926227
4069971
3422209
4917273
8611887
4740671
3526341
3562611
2225933
7995813
6069991
3823289
6194947
9846017
75489489
753473
5440551
1800867
2750053
4068749
2688127
7184589
1894001
2565299
2552111
7361299
1185187
5117343
9268213
5307589
3298341
8972667
5265073
6304767
9041917
2284049
2117489
8854669
9460349
9632773
290051
8153053
1646579
7420027
2368007
4332853
8527609
9816909
347813
5930071
1501561
5330591
6142577
1680669
4575203
7324597
6652631
2468741
3490999
8803747
2149773
1066287
3120949
7662517
4410503
6591521
7082931
6458989
1881343
394103
7132633
2555417
336199
2135343
826939
7889341
4052303
9438703
3423457
7442429
8493947
9088863
9283703
3778441
8708633
2750041
1951667
3523559
496851
5218369
6682699
8143153
1845831
163420363
5884417
159083823
7820809
5095947
428847
6503483
3129867
6957539
3011171
8236063
2447837
4347491
27980039
8837361
3741261
9884307
7016487
9331969
8039301
8939749
2999957
2087593
3988551
7902201
5059177
6434089
5566659
6345933
1679237
9084349
6578531
4607983
311499
7671459
2860133
3492841
9220239
4083501
9361773
5166923
7759151
9793747
33804099
4258287
6839593
4441759
2883751
196179587
8136433
8356103
4951487
5170179
2604949
9899631
4820879
8133953
2331091
1678119
263999
334799
4329799
3400039
11728057
8222221
5296287
151169
4962469
4705021
9539723
2478521
172941
7886619
5372589
1137591
8008807
1712751
9490517
2594799
4780119
9339103
2193503
2305583
388811
8298999
344777
6705271
463003
9242211
4224049
146579147
7580891
1547783
4888873
341557
8243001
4588607
7746133
5060217
7376823
8585289
881059
5830793
7401213
2328319
4359589
900291
9090823
9207061
7433981
9526589
5842711
2916249
9956287
8900809
7988751
9872281
7272681
5970853
1804203
9184107
7633193
6071129
4332729
3218487
3338901
1285647
6663193
3747339
68570419
4213439
2231861
4425001
1658363
4551999
1632231
8964573
8071159
174088849
92021
740821
7742637
6561479
4513903
6057227
8190893
5401099
17897
6403619
5733601
8816821
2308241
461479
1691161
5343457
1372669
5287207
8693393
3616099
7956627
5300707
1303783
7640239
6840487
9732397
8064843
9624437
3093667
3686461
6298663
7702573
9606697
9623723
7219727
3979149
774861
2025603
1063341
362927
9615851
9463679
9502507
563849
8121997
1416901
8152183
4220369
6451327
1422993
4953243
6479539
1294227
9345407
6203303
8611409
7119089
4357233
4943139
655449
3625507
9951823
1550427
3476709
4246153
8178487
3388987
4558977
2885429
5192343
7193323
6083013
5607561
8948943
2526311
707621
6742031
2607167
5717337
4445097
7966793
2310551
8875587
4472913
2503551
3229597
8674409
6517119
7560377
127042831
6418297
2378211
4883187
5397117
7827431
9790501
7684029
4866491
550743
6969223
6023537
7010309
2448387
4554269
1499807
6182683
8258401
5629577
1426079
5962193
4498149
5885667
6995549
1615617
9938663
181479899
9108011
9809699
7957761
3138663
3041683
9915511
128713
8819613
733163
2174679
6829683
5222887
5859913
8476837
4227391
2636041
4829759
33163151
8035279
5789999
5039433
9911017
4721549
8154511
6986077
4007279
9797179
4492003
425437
7528019
2940513
9122147
6385827
9669939
1871243
4618153
9594423
464377
4189027
9283189
5116069
6094203
3077577
8745671
7149941
5516283
149147261
9760689
3614219
741031
8167451
6598017
2005681
1254341
87322109
9097289
13598969
7555009
100700047
3036403
8872611
3656091
5490859
7386087
3460857
181719797
5054937
9321411
6841533
9264523
9101223
3157853
2076631
2089439
2031227
9442229
7806003
531211
9999523
8332403
1061979
6084693
9614527
7538813
8858239
2620639
4182931
35669
8549381
8588467
8519617
4165461
2402357
7654947
3767609
5817567
1852807
7161927
8063137
7771683
8693387
1942603
8944367
8265613
1040963
8764367
4475867
8718879
6993409
7680781
2218999
1068987
5832993
4691349
8026423
7143117
2164291
3251351
4801923
4767443
9458221
1962689
2499059
3245487
5430709
997121
3590377
881531
1133407
2924329
4224059
2449203
113801
7400517
1554551
9785881
7696327
4000193
6239903
5688237
8431429
9624211
9457433
1997529
1779981
42333
6729889
4349751
5759143
8695659
9483393
8986369
4536543
60407987
5406093
4737783
5083099
8958251
5895177
1921807
5190537
4663263
9557961
7999497
7342421
2310157
4098739
922117
7359761
8254951
9943133
6004253
542311
9514813
7169933
9161973
5688279
67392507
8384493
7815371
7960573
5716491
6508299
1193589
7561943
919899
131707
6760641
3214347
3796737
324779
90061001
3095193
2188537
3399369
1458983
4498871
2711279
20480099
466617
3989273
196084707
3697339
9241561
115403663
5628367
3287001
9898701
5381653
3055341
6764193
6243971
4785647
4594077
3226073
1641187
3486193
6609427
8554099
2228539
6563083
1961189
7091161
119713
5257671
6042461
9566283
8186679
577363
7403041
2605547
8885253
3198899
2427841
5944853
8093129
8578163
81447017
9000417
3025113
1451271
8856059
7852123
8870797
9063313
9057357
6497141
3291379
4616707
7252157
1674399
9215423
6008269
1015017
6307077
7052451
8843801
9445717
5356911
4119463
9629253
3641319
6928857
1682071
1335411
70333
4362087
6938281
6416577
1929787
168527941
8759119
88809
7472343
8660301
4242261
8991111
7978781
6639221
4988269
7772661
2740473
1881553
5745649
388637
3435501
5976971
4232377
2942873
9998187
7135623
2584729
5231017
8441499
955467
4379991
4519961
6046373
8488649
4257607
3384393
6681519
5415273
4356399
2107893
4933169
4249253
9314581
8299031
1503519
565113
7785593
9957667
2107677
6948383
6026873
6611809
8392813
7123279
549929
6179357
2268629
149072501
7099017
7463659
5727307
68266459
4028977
7643851
572397
9206519
3517553
3401467
5659287
3508353
3516513
680209
8707521
9229089
9675223
5314109
4804229
1199577
5994159
4261261
177999
7434109
5228973
6453553
172491031
9647941
5496369
