657747
280867
1824291
6942277
14719571
7834403
7987917
4789107
651277
8816083
2630831
693323
7524539
434127
3261327
2465149
85843
1329197
3905491
8641071
6757667
2211101
5176031
9488043
8348747
7501501
594597
1316081
8904529
2171487
2450249
8169269
8533819
1543327
3703281
1875413
9334263
3754769
2857539
6726081
5792259
6842321
5253063
6230727
5066893
1045967
2986537
3348593
7905133
7340251
5233419
9299171
3947079
68366629
7125723
2083959
8427871
387119
9482801
5245713
7380523
9986501
1259047
9052407
281971
5206017
3587837
5808383
3052213
373613
6017633
480121
875481
5823997
9587533
9674273
3268387
5654213
3861277
17041
158984779
8339649
1689093
963441
742887
7155109
9131473
8877561
9338413
7749393
4006141
3164359
929561
6792789
372853
4590077
2494087
1111791
6195941
3351611
3027813
7804331
9195707
3586571
153190801
6880713
9594837
9385213
3428729
2471357
3919703
6327693
1512759
3046591
3604091
9135941
2338417
7580923
2813589
598797
9289833
5117531
6168103
9836009
3698497
3194617
1270351
9352531
4112541
4934229
1184633
263803
7841111
4873877
5183517
889227
2608211
9231579
3184349
858521
9812027
5822227
2671857
2217977
1531467
550743
3412497
4510937
8839497
7005219
9071601
1650977
163172267
9684691
5755787
7205507
2521291
6152587
3768947
9574929
6090053
9585277
9143343
5910591
522757
7482611
888169
1463357
1528787
7240361
2761821
673607
4162839
161150739
1146531
6433521
7577983
9685097
5099267
8424419
371677
17003113
75297
7527833
6098263
1814599
4697193
9014169
6589627
7420289
1971563
5790653
5002111
29135529
3309971
114476737
587499
989009
1818249
3561749
8548759
9379451
1651571
5152591
2927563
801633
9668819
547357
4847053
7900919
4397747
7685381
6468607
4564041
5197393
4166483
7671003
6408829
162847509
1800281
1868901
398881
7683999
4249129
1027857
1729787
2925101
8310427
8391487
593933
8993201
7682553
5300887
4757541
8392599
901389
2109043
3559379
6116933
2467901
8030609
3711369
4270659
136847
7068999
659627
2129513
6251207
8578779
7595159
8709017
9575673
3885557
665317
8883461
8484689
9099691
8774971
3772083
7471553
4093813
4513919
2600751
5735661
6074773
268411
1897241
7292869
7733389
6409619
173942341
3546339
4362221
7462347
7289297
983763
719511
1139493
3757919
6216707
9372377
1371263
8361139
2211701
4905933
7883259
5342983
358897
1277767
3480649
7907931
8241843
4547081
9524489
1452233
6493523
8334631
5352883
4423467
5578889
9713399
9435493
9334007
8302797
7704301
5588553
5341971
5417489
5156793
9292463
503927
7330023
9195283
8249583
9121791
2671433
22574461
698517
4873129
9856139
2075751
4039851
6493503
2695133
8697023
4482991
45283149
7534213
5824503
5141291
199027
8331167
9212261
5451979
3163273
3626581
7832251
4094589
8628199
164733441
7747731
6725941
6616823
6515419
5529137
4362383
5054859
7776071
1611937
3851651
5620689
5110189
4389739
12224229
2757763
5537783
5748711
1090689
625607
6246029
5443621
1189723
2856953
4017253
8387171
7174563
7721009
6533113
9715389
1346689
7925423
1907113
204083
423849
5327527
2749633
5882711
138521869
9833909
3693527
6289109
3126087
3016509
6560621
119917709
6476343
3862197
9597943
5973633
8729703
8363441
915837
5157409
1484509
3680241
7985059
140839909
3998917
6537219
7147061
8923493
4716587
3429929
8045203
3657129
2433553
9444061
7213261
1088113
7175967
78026761
6032489
625557
4155419
5464577
9350377
4618507
8071019
98497
5919779
5576877
3291701
3167693
7643971
4208073
2883247
8446873
519937
1567753
8652121
5314273
1247581
11251773
8460123
7996739
3080353
5207393
6373829
755607
5953259
8467111
8524303
6451717
3164347
1105149
5619519
9353249
6612847
2499043
9352049
8189549
8285141
5576213
4876169
7096011
784889
3759033
58409339
8405709
4651257
9935673
5657031
9301999
4646549
2511433
2017227
1147083
4931793
2830263
5285363
9176053
4158961
833561
1883149
6560629
1568343
2115153
4785527
4057819
6476911
6098349
2106433
7313451
2409391
5850013
905423
8815197
1170883
5272163
5515417
4371483
5530973
6189387
6884873
3320901
2412641
7226291
8788449
1782523
128010979
47768609
2328411
645881
3730003
193285373
3046007
139382169
7375063
5383399
1741003
9278677
4506689
904987
8912029
4266141
6451799
1854293
7207343
3961263
6285877
7222473
326569
5409083
3732397
8849987
7311821
1314437
4555011
3790417
2745321
1124891
3280507
336227
7232017
4255017
2336889
8920593
19351369
3743271
3990247
8933899
3381711
308357
2627453
9840763
9802719
76718167
7655769
1412923
6647509
9130829
8490073
2564997
310077
6662583
4235063
9643429
8352861
6451441
8944047
4374341
1705303
7779307
5930661
1643541
9155643
3688171
148009661
3195213
8315683
61486339
3827191
8086513
124971531
8214677
295657
6369061
7214341
3636147
976197
7672383
8164353
1782329
5630507
3843779
6701857
9749639
5129659
1547901
1900383
7412821
1282867
8081471
1837421
3803477
9786497
8381587
5065539
2048309
8743141
7891453
5857329
9883903
5931421
6430103
4972847
8021289
9904993
3451591
5539959
8878653
4140479
9079787
6095747
5990873
1331717
283503
4799777
9995471
7110807
885351
9149301
163906551
4788083
4774757
435003
338207
9587441
2597037
9786029
984409
1149843
5829867
3168667
7766707
6190241
8355683
257549
7565791
1859127
886801
134269579
4738433
7523351
6614841
2309157
8565617
2602203
8337563
290833
4407361
272519
7801263
579927
2395139
4000203
100377819
22616043
1515073
6920227
2541623
4771441
6679653
1576577
1990661
63404919
954781
1309571
6918689
6591059
950217
1289027
1565983
4510137
1403239
2284257
1569763
5478111
7222547
7415273
5897529
8827401
639913
7672133
4430977
2813649
6950751
7747627
570239
1383169
8733751
4208033
4600471
8587899
9301253
542441
2894107
8246307
331707
2789489
9597397
5940227
5320807
3488711
7916523
426059
6062049
5673533
9932867
3151231
1605369
3381607
8843619
4459017
6593267
2050229
3217011
6364829
349359
606467
351599
7080043
2438087
1153731
6577759
2797637
1157857
7812469
2643149
1008861
1342663
1416729
454497
8324849
830493
365917
9580337
3087941
1423487
2406203
9312279
143679
4590143
1549793
3657793
5946823
8818721
9557637
5269061
40929089
7363859
3380003
1986507
151559097
2201003
6612397
6256503
3234977
2245863
2780421
99475643
9197141
7488833
9562857
576327
9835353
8992087
9194889
3912879
6620239
1256473
9975219
4694727
204457
9934623
7832007
3872273
2144309
6651243
7236943
8182031
9916607
9733403
9399111
3010707
9147901
78835309
2903139
8329083
5511857
6515191
8766083
7064529
3169907
9240597
8234423
7476983
6340329
7861681
626751
1509931
8724991
