4248447
7758739
5655909
3041901
2651041
3299603
9668599
5815293
2505961
9131711
7092307
1891771
8932653
7310377
4151809
1823859
5976391
5668601
1837187
8441561
3823783
5139297
3741743
3441117
9823791
8988707
7331617
6798577
5275231
4449489
4125671
1969827
7305643
6538223
8359693
5356917
7834511
5187557
2193171
5995777
9951177
4700779
9832751
295511
1668521
8605783
3757517
1658311
9431589
8029127
7971529
6730029
6936079
109249
905913
7720559
143929139
1875443
1371293
5885073
3382199
5877529
2315801
6449389
1351169
764917
5623367
9254369
4163531
1123331
6863501
7150957
763647
3271941
5666723
4565063
1173847
6465377
2459999
4514639
7130657
6589433
7582627
6380467
1920987
5349221
2819929
2256717
3397609
7141161
35995301
3505233
6766139
2869399
7796049
4282247
500457
8068727
91466409
2154321
9268843
1069257
913189
8237117
9532211
1564959
8789651
5997411
7879127
7175999
7712963
9196299
3493307
5349741
2012461
3225739
7862971
2555009
5842293
1874589
7648163
9538351
7536669
2797183
2584217
483197
1774387
8170299
4666359
157424327
8414517
4809087
4548969
666497
6302811
5575407
4384911
8521099
7020083
1443091
2233823
37607841
3557229
6200839
4926677
5504699
31781
9388601
2573911
8626137
5886231
4459093
7084213
1425259
6828899
5596231
7057713
1953339
7542883
2737801
4315507
7613081
147036861
796521
9404253
2488551
3133981
8378899
6093291
7969793
5256933
4996557
7888781
483279
5454483
4131021
123481989
4198377
9957469
164599
6364517
7795159
2999913
8858099
734519
9421651
5547689
7630743
8874273
5983809
8662211
7783373
374741
2909581
3829639
6364601
7884753
7298033
5189319
5247991
33848263
8520307
3532649
827319
4078473
6139609
3027251
4673581
2590781
665187
8983997
6532381
379331
4974561
2205873
8654859
9902911
9607629
7705513
7093731
7184061
4126723
3503041
4858537
84029633
884147
7062957
4712387
1564379
154975637
5795527
128683301
3572741
7231159
2374557
4357661
8605637
8015383
127939961
8796189
4077767
4476319
3997433
5054043
8707091
5357773
1721599
7501733
1024709
2902221
2420239
1389571
10263411
661371
8183773
154519
244579
14970087
1251653
5242467
3108089
3782479
6209519
1835333
1892873
4545187
7402313
1099221
105575433
8676331
5339087
6067513
6565009
3934099
8633139
3443369
9112471
4979599
7128777
6454817
4434069
1193673
206343
5138677
656911
4321349
1124291
7921861
6298241
641171
1934107
4207767
20531287
5477613
4863609
8311737
743049
96412459
7973849
995873
8760667
1191979
320017
7552241
5997299
6801061
9440847
5616099
8674483
1606467
9146083
7293603
1924407
38408231
8427909
630267
9070943
3528833
38207
5315041
7221661
357933
2872043
4560009
7469757
6348083
117698399
5822549
2294897
863107
2661701
4685709
3151739
4969419
1550817
1577759
2164697
7620169
1575507
141021
7087743
7730347
8564133
2411441
7680551
6025847
9459077
5098151
4340549
8215733
5666901
3728921
121547
3050767
2819179
191795433
1588811
147469563
4289663
932509
3895339
2061151
6606923
5766411
962699
54590591
7024957
2777819
6898389
190249991
3526299
9939261
5610259
3005811
1565973
6245113
160687147
88163259
5101693
8012559
7157741
8336271
3107837
6967929
7072817
4251829
2450083
2475751
725051
3553541
2278857
4123553
1373369
8273859
36540937
6752727
5205619
9790893
5712393
7423367
396171
1493463
4945877
5433983
3188971
3176229
7801121
6162563
130831
34684013
4986417
5371351
1983321
4987167
9700269
2595431
285861
7842519
1437981
3869307
4332853
6326227
1593387
2279063
9071713
2321961
1607993
2372969
7793359
5450189
5760491
150587341
9240687
9875201
6017889
6894781
7850759
5371849
1935193
2561663
1434397
1521403
5876087
450527
7733349
2024607
6428953
3080587
1826397
9039337
5158563
5755117
98672579
5200983
4607921
2743837
6255047
2897263
6125861
23556443
4691029
1731717
5245881
8335609
5330767
2062967
162164851
5285099
6179269
1207989
3957011
7942947
4431369
8297609
537867
6015709
5490833
8089629
1788599
6951743
6751597
9522239
7151597
4283303
5952347
9999867
5751287
2296659
23391721
7126327
1166533
475773
9809391
8600467
2432603
4533939
4462219
5817913
585309
7340053
2417803
100131231
7823729
6096763
8977029
45152169
161830693
1291991
956953
5032149
7523149
150589
7045761
8165057
124831961
4318479
3382673
2165223
7008969
5756147
4375569
9922339
6951799
3879789
1972221
5332817
1754543
6395247
3872447
201367
6168897
9198093
5303883
9389069
2062323
555271
7934117
7648333
1829421
393711
6739501
7401789
9295989
105934769
2601007
756643
7797559
2738037
1543219
4154477
2190111
2083317
8490059
7572641
170379443
4588329
4221191
4129459
8027319
9754399
86164259
5805583
2623837
3131629
8564251
1735469
1683163
8119373
9072419
5403021
6134461
624041
2838589
2164591
8498321
7858599
7849627
9198173
7722389
1340593
7206159
2644483
2421013
4793773
4600573
2832449
8448079
4666253
4955147
954993
9361859
8751733
4241893
8661783
7545769
7035541
7130763
5853023
3504833
7766401
7115701
5140111
7028957
8392627
3361101
30409
5322411
1133619
5407967
9634711
1505449
1119751
9600299
6934157
3829001
4582939
5283643
5480311
2295551
3156933
3819221
2231293
2749051
747799
9243811
4043537
8554637
5850067
2781143
4775483
3669
9918829
3438107
5947019
6236959
8243577
5815609
5853733
5410687
7580589
9208481
9985937
6212693
5299543
3439089
5111111
5284209
2536387
4906679
9186013
6242387
9797673
8588977
7991499
8333381
156044877
7945677
4094093
5267703
3871301
3791049
9533877
2728379
6890721
767849
6549069
3230507
7349643
7479549
4190891
6885517
5250089
4305453
1040969
925669
4356419
3974801
3292111
1328261
5453857
2442417
3029621
96151913
4018219
8998509
9680283
2064913
5890219
9324733
7030151
961381
252409
1980199
4845403
3633451
8967423
7743127
4960311
3303249
7572989
5872199
1549447
115532467
373573
9015113
4075397
1088829
188868347
2123547
3569457
8802671
5831337
6844983
714301
8755303
7644857
9661101
7957631
4029617
7220401
957843
8636529
4224753
4405221
4575293
2931721
9438297
6304009
1390907
2979213
1116201
9726047
411721
5392357
8239081
6390453
17191
3263663
7599701
4168023
1420363
1308659
1155999
2333419
6670627
7828873
3998341
5579049
5436719
4731163
7795707
1327027
2772963
904589
2748867
4814343
4065387
3363997
2999729
1444483
4942749
7170729
9065039
38298501
108631209
5819061
1539261
595409
4626809
6806523
5980509
9371883
3575771
2169553
4828937
6286649
6040851
4590237
9675799
1179843
5615399
6056109
141385713
6098537
249291
1000131
7952061
5387373
1361641
1058099
5255833
578517
4872757
6737023
8613473
307237
9986253
2108571
8126333
7923123
1343739
2490643
3467787
6954139
5245493
8475083
5914277
9366363
1299551
5192657
8500431
7986969
1929049
2464351
9843713
3051211
