5227137
2346381
3184207
1493963
816583
127520651
4273379
7512027
4169829
5710959
390513
2926529
2709763
407017
458373
5333823
230411
7840631
9440023
763597
3302619
718927
402163
3191661
9864247
6379883
8551189
5944677
9186083
1032609
6321731
4540033
635181
5696113
315321
773053
7557747
520759
673087
1435437
199649703
8111519
9016281
4437689
7654701
1841523
5443063
757399
5140847
6332479
8501889
700941
1166837
2143937
6052549
1224811
5553219
5554843
4571011
5550387
3995159
7526979
104677
9279323
5904623
3807941
94904397
2303717
5786271
5629007
5644667
2090947
7868759
1370013
9735267
899497
5861269
6497169
5280771
6163711
1366141
9017303
9473229
1328657
3728703
78155681
1909169
5362377
5482673
9000489
2434703
5313223
5865749
5979161
4498187
39877
6901251
7325121
1103007
7359439
4428513
8183889
1907409
3555279
9307073
6849379
259397
4545661
9299413
2713517
3469197
2427853
566379
90684413
76808653
2230743
112644673
2045643
5711851
1148967
3634311
7860913
3855747
8171187
1599923
98668141
5232309
5612687
2213959
7223549
3192181
1977959
9007807
7295271
5850381
7820467
689321
6885871
936627
3981073
1448807
8438101
9553433
3188257
6170773
852441
2829417
5016923
2704437
3185277
1717023
9197669
6008067
2952079
6086891
456573
3131001
796573
9947067
1326383
8897837
9892439
2598271
585413
128329951
7952723
573367
7950657
4506691
6852243
7525093
1475353
292481
1677253
5617187
5908459
4775007
7711821
7799611
2083589
279679
5603349
5401571
5258949
442403
2530487
1171449
7706343
9868003
9000047
1846239
6069799
7860873
4062747
6193219
5873143
3772619
4699937
669583
8286599
6430239
4022429
4302811
947491
8626727
21604383
5927453
259001
9865467
2529921
5841887
5141801
3696669
6652131
3928151
1017553
5064847
3841189
166969631
578629
7950043
8242173
3190113
58634951
6507257
7714733
267787
5413077
7752889
98553
5073703
6443841
7697629
781973
8663111
3343537
953677
1967949
9368867
8188771
1165989
1305701
5004263
1747359
6139187
6343213
3410553
708407
6180209
3662707
8717647
6937157
71102171
564487
4039009
9113311
1782469
7382737
75498843
8237631
1655583
6355039
7750701
1542359
8110987
6736619
350023
6212367
5563987
7953493
3555367
4709351
413413
23280901
7467887
1530547
9566333
3999457
8655063
3529857
4486743
1313933
72621
2343011
7833547
9222423
15117329
5365191
4083627
9999257
2250613
1723269
9335889
523421
8093337
6441649
4356013
4796989
7480427
4894121
9618963
9134729
4792197
3781473
1137607
1880049
1238641
6164297
8340433
2918559
2704077
3594341
8981987
1005233
9821347
7752621
3995869
4058097
7981469
5240277
720317
5064919
2152407
3277767
6046911
2765033
1854331
5310951
6091563
8696291
8007019
7269213
8775609
6831499
2065963
7124327
1750381
4863331
9998461
6984901
9314187
4222403
3198561
3276893
106351231
2320943
1529693
8343657
5537693
4538571
2728963
4786019
8145417
4588957
2006781
1198701
6979867
5264909
3628513
3679253
5845439
141083809
418137
6503369
3803371
673993
10083817
312517
7046519
9587053
7978013
163199
8356109
7410187
4426343
715207
9967107
7408211
7955653
6973617
2248667
201983
4603099
7476889
22765213
6570879
8305621
4634567
2692741
6429339
5961007
2459591
5827103
1845347
6659099
94041537
2025397
1458377
2468231
9306097
8942137
2173319
4286411
1931897
4687021
9445293
7639349
7927969
7509677
8243393
2864167
4957499
8618383
8727147
3137081
7596307
4466319
2930427
7250069
503517
6721237
2570133
4157361
7265807
9880069
6131611
5505513
1279729
1410799
6657251
3851363
2861819
9679329
8488079
4524287
8676599
1809611
8258907
1633479
8662417
6243931
8533747
8461973
8837359
7229907
6698383
2208173
69285751
6038187
1521441
177096263
5870257
926957
4126539
6294837
8178253
8005023
3885423
5432493
1781289
7343447
5494073
7115427
2103119
1438109
471371
4344293
7082189
328011
3207011
7536849
8238371
2571461
2297999
5149127
5639561
9307847
116591753
4614039
60136119
4377999
9000509
108677
1630241
1355289
2177433
4937791
4652299
1762459
9058469
1947617
8801713
8687869
3962091
4509623
5057187
5807363
5889801
2126679
130801993
4143483
3980929
7144659
819641
71581
6647317
5661841
5405331
2069467
6940413
1036647
8152267
6386953
2648007
650333
6942283
2035949
8385541
8439547
5840117
4001209
6409767
3109897
1464473
8767593
750387
3126099
7329787
488903
290867
5184657
7288899
7531149
5661537
8016119
1407957
9232563
4340401
5421043
5521893
995207
5091121
537979
3135287
3453243
1222801
3282373
3541891
2051991
4555663
3044763
4313359
8875143
1528507
8100637
6905629
8335597
6208127
1349429
5486169
4378527
1819829
7435219
9074133
6132821
9199587
9553027
4426077
7588501
8332459
3886299
6602737
4089461
337099
7979161
8355117
2234981
6280993
5771173
5443827
4743221
5921753
6982959
3436537
6322329
681111
5150259
5430289
579977
430279
8226499
8227457
2485907
9906001
9335363
6490381
8005073
5854371
8740613
2311573
3734057
7457731
8856241
7622559
8272889
5469593
4487821
9653759
1945173
8286421
7362703
154537653
2009473
4035067
2400053
8012927
3196033
2268221
1744847
2269291
3226091
6439523
6741743
7000727
3285309
6139749
7267429
1066201
6015123
6655407
7871101
5884677
7698569
3889819
5717911
9874007
596021
4237483
3153889
1517591
3108629
6649859
8466537
2876783
2404761
4367773
8621609
2270003
1560811
7891299
6633617
66826961
5321417
6724377
5877147
2259051
18303
6868013
2189443
1974791
5220169
3080051
7256197
2009931
7006737
465037
5814587
4759383
658941
8063011
135933049
1453373
7565483
8660699
575257
8501853
2745337
28480251
9525973
3644159
9687093
5756297
9825173
2051043
3330311
1123117
3326827
6289877
2222027
8003769
7420341
558583
5878371
3782109
9045313
8951099
4297569
6531381
9373031
1949623
2102191
4413121
741879
6594329
7305459
9833023
2628561
2686437
2468469
3468417
6105849
1379103
7335179
3630561
100772163
15517
3978157
6388451
2606591
5226051
9238409
98582727
133723
9560799
2964523
6002491
85192707
5211489
113440883
3579469
3248323
8566763
1193847
132653
929903
187519439
33045777
8308131
9721553
106166979
351103
2425709
9633761
9698883
6620483
2397273
654433
6563557
6276509
5268613
6989043
9046463
2325099
95373911
5136577
6547397
5565583
4542159
4965343
6143773
4660759
2809463
3831731
4697999
8758549
