3565167
25532053
612741
8990187
1253397
4357831
6363623
877337
21523123
5186361
2646861
108969
6684859
8765661
7302631
317591
8868251
7785373
8531983
1456439
210187
6207683
2240501
3683911
1066673
1601659
909629
7842361
2644711
2703719
2320161
7748497
3918797
8039177
1584383
4257721
6579107
5562691
6710643
6563519
84979361
628303
805243
8996567
6961447
1363703
4814993
4874001
2872313
7062311
3734757
17474653
2745453
6372207
2548847
6237709
5848037
7477899
8549759
3471531
65072273
1919139
9359677
84610083
9574327
5493931
854937
3031163
9066653
2842161
1272661
1880177
3446199
9349889
8423243
5030491
5956561
2080829
9771757
8523809
3305769
1543923
2433529
2168699
2047557
4125719
4743627
5985003
3031119
944563
1402127
676907
4457057
4825009
1432351
9882331
5873561
7842241
8538409
3145759
70864749
7386907
7783059
5278193
7396161
5741153
5242983
2508153
8899093
3612541
1906263
7888589
1406811
2099431
349489
106300401
4430321
9481783
5696367
7196477
1541443
7640143
8354367
7148287
6639977
800649
5995421
348841
392931
5910987
5490681
8745103
1564959
4048427
4123853
1938351
2925623
2195787
170759061
8039469
8275777
3425531
399327
1846369
4093891
5568191
8601987
522537
6816531
7733193
2069449
2950677
9212501
8125993
1266511
7868737
5914197
3644611
9877067
178727
8125217
3943217
782937
3408411
5347559
6966941
4548153
5595869
3089613
7848097
5505223
5939523
8982939
3000457
8947817
2418917
6955981
5430597
2512733
8266279
4910061
3953197
1111829
8375399
9507207
3983067
2919599
2393127
5732999
1975351
9320999
7698281
2707411
8775271
7147399
8763601
1396071
1708887
6107383
5894481
2889781
1770927
8148347
970561
8796219
9157589
4050117
7481929
4578067
475699
1570657
68969501
9447807
87059837
5203899
700391
8089621
8472857
4791601
5238887
7524241
8734681
6258691
250239
2686343
7297783
8516163
1982269
43824843
6126313
4783977
5703391
2844277
2711899
5559751
2982541
9219827
810959
2084979
3984339
5052033
1464501
59332123
4477377
5713077
50446703
8417339
5338047
8580181
8389933
8666911
9871097
8010367
99580879
9073173
6123237
9709901
6197207
3933963
1198153
1444141
8238247
4375877
905201
3136237
8755403
2795643
5790703
8429461
9014977
1844977
3078971
2290179
8862343
3828929
8010839
5006287
613781
188609939
76569
4455101
4708517
6184043
2255179
5170081
6744983
2835047
2703937
9351493
327047
9703559
4370951
5124443
3232501
3843051
6292701
2790517
6526241
4654937
8086819
5414303
9770827
6626141
3901961
3767443
129895593
3252241
2589089
25559897
3104191
5246799
1271973
1619693
9332093
7154201
7663851
8952547
2869681
1834463
6289483
9798347
8782447
2116021
5735461
9024161
801343
3296253
9382701
1560451
7626619
151367
3353537
4887221
7636461
5770201
6685943
2345499
2084021
4334927
5764563
6757181
7658287
207269
5588439
164241587
2578389
5082107
8456519
6437453
8661149
7965867
3392261
3499529
1007359
938737
2624931
9103503
131090877
195683997
3160487
137141959
6818501
6517011
1095063
2773093
5535009
3979043
4131213
54443
1872831
3759163
4059837
6829349
186147303
6711143
3523907
313253
7587049
6411773
7378179
2317867
80345829
2849209
2242573
2060061
3635809
8829439
7667399
4414647
37299459
149750071
5620701
7360883
176943831
1654077
6768871
3638371
8684303
9432319
9117889
4037037
1115031
7137797
2319873
7034371
3986013
5744209
7817827
152261051
2424881
4543603
5953911
6279173
6234229
2743231
7399589
4979077
1294793
7499661
3961879
8426863
9991509
6917001
7474663
35659
6329939
34263397
1890233
3440343
1482953
5875017
864421
4139141
9116039
5424737
9601317
2155639
8083671
96660653
7784169
2935341
40738121
6357357
3549097
9352647
4467423
9476827
1244239
9419493
9144387
3764607
4137319
7442087
7755553
2071727
3698327
2820507
6269027
1834729
7353983
9960173
7981411
7862477
8381701
452731
657609
6638279
1833049
2980629
8227579
369719
6371719
657023
4793607
4528669
5474559
2565899
90972547
4768713
4154559
2332329
2521261
9442881
5878081
1739169
5577573
7460559
5521373
1067489
9616727
2003371
2438101
7055693
5534229
8128453
2023537
3633851
1734191
69691
6807417
3742833
160004453
7122631
9715163
2226261
2721483
6418439
9875283
5682229
9114053
5265317
3121007
4508691
9858983
9027489
7020833
3819721
3483969
7234049
7941077
60770863
6873219
709613
8238741
8936597
6442963
2382491
7175781
728029
8970587
1203237
5108969
119221003
3617249
5185523
101605939
7790789
4744467
4072813
4269251
4804759
4404873
65322773
1382589
9590007
3258137
182633
9660679
53246859
7361081
491397
3570483
8541687
24131717
3456843
12448673
4868273
796951
9490491
1411443
841387
8474897
5100119
5210263
7107317
2525901
2056703
2589747
7984647
6218117
924579
8898963
88829237
7675107
4696683
3593463
3520847
6371359
8057799
9106929
9584053
6407699
1162443
9904917
9530921
1854317
4942027
9655737
8967819
9764053
2032163
8469439
4425701
5304231
2283101
3791219
2134357
4481283
119452783
5147991
1375639
9560903
9017219
9999883
908777
5907827
2159873
739361
805721
2536831
7215029
1507857
193400149
8786573
196183717
451887
4321577
2591539
7837317
405777
8014963
2628201
9714743
8757259
9858091
116404341
7169373
4993783
5889683
166671
3865431
9788963
348393
1972597
6422029
1318339
1394509
5037581
6196621
446913
7739617
6962803
2615681
1307417
3836921
7449613
6881167
5110437
6846809
7531407
2876571
2824851
1493389
9731399
8995787
268401
6307899
3767621
6565733
4003049
8066329
3483907
9589339
8564751
3541417
4083887
1989183
2603233
5058143
5138569
6849193
7943543
574581
2861267
2303979
1411179
140698777
9721951
2901347
8530183
4972099
2958741
1913849
4487063
7223487
1621019
4282289
8945297
8410561
7581281
8588847
6620313
6637829
6243753
139269
7563849
158268811
715969
5561241
2465031
2269403
9601183
6972087
3385483
6543719
7605767
7227961
3987847
4729101
3085871
916299
4611449
7620661
4094339
8726889
3919191
9736037
8305271
1068349
1407841
1505189
4188239
7030197
7736117
7225173
9153557
416831
9378189
1010127
9614493
6978671
3708419
9318087
381101
4725787
904339
7676373
4533217
5122099
449257
6934997
8774581
250627
7499687
4096377
6080223
4924469
2717271
9403179
6266379
4614021
7557737
7032853
6538203
7663321
5900681
3913153
2449043
3928983
274333
5236803
160713439
4631699
9758821
6992667
640903
2091071
2011667
8161147
718649
2374811
5820903
5024659
8108073
5309937
9478501
7228567
5638497
5261293
9818241
8219461
9152913
8395207
5109433
7374499
6143429
