4563307
1014749
7074459
5207669
6840133
9763859
9612313
54094587
2148873
1597009
8487579
1101429
9744569
3281727
4348717
463593
7344893
6446023
4794657
185802971
3178983
3271659
3255339
625407
9678051
7741367
9345429
1678267
1500823
6286551
5485349
4007089
108879099
4824199
3686549
5262639
4031073
9785153
3548001
1026777
2814777
9235707
8713143
4792421
5180863
5807167
9114983
7342933
1375331
51275923
451083
9457697
3982527
1988559
6510447
9989069
4553889
2074053
5421547
4411889
672203
5951451
2711337
5804317
6541877
2570681
1420133
3275867
1656179
4283701
8132873
216209
2884731
4001729
8160981
5051159
5587439
9249599
6300837
7814541
4416119
9829517
5101279
4624869
6490693
1743339
5938187
2202171
4370927
7952603
12997167
3862087
4130403
6685287
3032453
9798691
1461891
8779651
9515327
231869
7947571
5478057
3049607
9369313
7784257
6816721
8905679
8508609
8584733
1535989
7306827
1523967
7444021
160143279
46920161
3752129
7397937
5477829
5000713
9654969
1964263
3475841
8873211
415277
1468569
3711501
8929589
8214603
9565861
6211311
2239697
7407433
5320491
1129367
3182727
5742347
2612917
5686117
540087
7255793
5540757
9690431
6077971
3722821
6136397
3397559
7931613
7329403
38373951
1580289
1322123
7595207
3629323
9363893
1773499
3371997
1219903
6742437
1723977
93232527
9673411
5987941
927007
8086853
8423877
7978137
9400377
8599827
4764251
3124801
5922971
189880527
137819479
3188143
5225547
7897177
4279361
6066093
7457483
3221281
8047463
6944033
7146771
5337489
3603767
9831709
3362343
8048267
1771377
367893
7444597
1265167
7312153
8139141
2002809
5797821
3304569
4744181
8883683
3300661
6567681
2040091
5207091
2241853
8727959
3010183
1382679
8541513
4357067
4573069
5411199
4330367
2589691
72527079
3885391
15773
396433
3428771
2025787
5170837
3855569
8961483
1936307
9275149
7168173
3117447
9459289
7413371
9197011
8703393
2923697
6705091
8545447
7515217
7622679
179639
5749053
5275713
1053379
1174639
116321959
157947
7567309
6829079
5946499
6884647
9010903
5761329
2122699
5467493
4116991
1918411
3283159
3416499
3128821
6746647
8144751
3334419
2203823
7249249
8929043
3049513
1957457
7705113
4620111
1545691
1552059
6115607
9142031
7577633
7871259
8723039
8022029
2125043
1047343
8070229
8358751
7861959
5122043
6678203
9590717
7653079
2298793
9190921
6708641
1289193
1024019
156454081
780087
7539059
5322599
4676467
4102759
175893457
3603407
219429
5976853
847853
5827217
2613097
7198251
1670419
7595081
6003527
3348563
8688621
485803
3760103
6420679
4418121
1732307
2162379
76321
1757841
2634343
6609007
4036721
4869511
9725319
2226857
4027847
8547631
404547
9510639
2219831
4245297
8023107
9445797
9428467
5040723
7104167
4432487
7129163
7657861
6778283
2347871
9397811
6820101
8934679
7681677
9397237
8571763
7110847
3788401
3070947
4286463
5561659
4347559
5294813
1095717
399597
5666067
5901033
1546483
5230973
5816147
7981331
9927177
5020389
208133
7988521
8734831
6428503
4444451
6768457
7238981
2202211
904197
2800893
5957667
160373
6423427
3957487
411527
7440451
4057493
9674891
3359629
8102249
5727927
2811867
5311271
1047439
7761083
5000699
7961173
1927969
807053
5344809
1860119
8864631
458299
6139219
5219211
9861869
3264601
5729253
8051877
5356639
7570983
2125297
5960693
4335271
1477921
4011917
5339087
1511959
3299569
5352521
8662351
9087517
1535099
1182037
7706099
1719789
6144889
497849
1296331
8504571
7985999
2532669
20383847
9391957
1754697
9726223
3146533
7594167
7717047
8445677
7927993
9685261
7269301
9601741
5151273
9224907
6711937
4057391
5743063
154651
1052987
7274461
2414251
5188427
9724229
4853029
6738583
713021
88251
1424757
6175487
4184433
4807907
8882427
2884381
521287
9707393
9597829
5529273
9629139
5882869
5915773
1593257
4742747
735113
8137049
5831297
5957183
74519
1106789
3720007
8026029
9486693
6608237
6967177
3658423
5165037
2013999
151361
3142821
3225423
3635511
9172817
6721891
2970557
4636029
5051607
3936733
22143643
5038243
5173161
5826587
9518199
9226631
4391071
1196059
1162141
4096577
8438897
1570263
8661169
8487283
7515113
10066193
8832953
8135661
910359
5970547
8771739
2472109
7335393
5845733
5795877
1315343
8612083
7549497
3556079
6415191
9879453
1590027
1309099
6361933
8661729
8075109
4061241
90705851
164023
6937583
6714861
7473357
6936123
3268179
2302401
2620687
56975869
5313391
9597743
4313919
4892181
8809701
7340069
5392283
3863471
7883719
7182687
6611653
6591853
129790779
8578769
5915333
3343323
111510097
2009743
921387
2702621
6233599
9077421
7650787
9585403
7633501
598371
3817813
144489133
8280757
9483501
6961183
6129297
4618637
9602173
5119129
2477913
4764747
4597099
8236857
1206733
4275327
1356933
3661983
7631869
3570879
1957511
94251473
6507433
9187981
9761411
3113151
9524537
5620843
948807
8143199
4480611
2776277
3424709
6101133
2998759
4346103
2241813
2262851
9483201
2925557
4818931
992409
8995391
3759331
2110523
5898691
4831227
3811189
5440337
2435227
9190687
4732537
6035969
9822251
3435423
17151
4430389
2139571
4421551
3539689
2595639
1019193
7367649
4726873
2670269
6171637
4457143
9942331
24689187
1687487
8149959
2851027
8097147
2616569
5453937
4424837
5922479
4905101
4655493
5934737
6457517
5003669
2668421
7581067
2447829
7683813
7112083
6878059
4178683
1814723
8741183
641369
3938821
1876807
2803853
5225093
8460017
508377
58779
2206441
4222887
3076617
5897331
9733027
777011
5631533
821357
1971037
2026371
7168633
3288701
7015853
1020143
2533029
8204573
2167547
9769673
650729
4401761
5386843
7978083
8105479
6192447
9539413
3849081
4694863
5906401
5346941
4876549
4390023
4698081
7392571
4711883
7930023
23739911
8019811
3987013
6307349
1442731
9210393
6526103
562381
5699773
646693
7133449
8768503
2376567
9146339
4624189
2040341
5901283
525649
115305093
6734907
5240383
938423
9560461
4613981
5400397
1381041
5427317
5001881
4473071
6253857
2104343
851487
2954713
725767
7856781
6339743
9916963
4211973
4164727
2864829
3599267
1012917
6876551
9317033
4695509
5930897
8077441
4856201
5758543
7220151
5790349
5794983
8661253
6240687
47652269
5889171
7148211
1035233
3850453
3974301
321701
1012179
5420289
7333267
7999921
6914521
