500801
8796249
8793793
4445101
7911577
5732601
2711719
1396697
3171701
4025927
7302671
59403
9219111
274323
3648649
450931
4635153
2235271
105478399
3515057
5624803
7647591
6291987
164613
7617619
5208681
6800241
4362459
7921459
6707497
5630263
8361907
9122083
9733723
4204887
8021461
6651877
711933
63813439
4065357
6820737
16556209
7404059
4556437
8919711
6538207
71143439
262497
5211379
4352811
856467
4943641
8912393
2942133
8323371
7270189
6831869
8493123
2580793
7587301
2349133
3446429
6029309
6117599
4363643
2494209
467057
7291911
81723
1286867
20174947
3506937
5022533
6648329
1841689
199038033
6234637
8311931
2835869
4016591
3405827
307521
133616267
7247723
170275807
4193557
2832377
8846653
8779
139847
4004257
2149211
2654309
45089
2596513
1450933
4153517
1245469
9283799
9877117
735371
3054393
2098753
4039967
4385709
5224837
1780129
3280531
4688537
1344753
3366057
6544847
3291801
2198953
8565777
3362649
9965407
1639841
112440621
8851137
2054693
399869
1622413
8940483
117094311
1994901
7867269
194603767
4994799
6336891
6345387
5129787
2337849
5989547
2345583
959099
6764483
1904779
6676939
8657671
457011
7988941
5111079
2345449
9707719
1853171
5647987
180284401
5857257
1769719
2291731
2216037
4761311
105929
3932077
1536087
7947059
2558031
3579021
661267
7423333
245213
845879
7131069
6245593
1794187
114278457
9255133
486861
3172803
3488759
1959771
5118473
1013609
7619537
5730573
4651311
432881
9176199
2989059
9595193
1809293
8687449
2017523
4683793
2134001
6567143
854421
8767123
6951267
9393293
9342877
5007673
1571713
6122283
6603347
1172213
126509493
3330343
9051153
100575543
9947933
4085033
3852917
5493373
2621271
5574133
7915643
3386451
7998207
4273427
8945519
4304707
3257953
8781569
4928377
6016333
9749487
6031039
169288911
7294417
9268729
6532849
521421
8598601
3208899
3234793
97375121
565697
4122729
3809043
1118763
1999881
7582959
3572463
7457923
2817409
6467837
9688413
2141239
3815479
4289103
8351333
3832603
9206733
184429
1299607
5488223
4770377
3116191
6312083
5713081
5472657
757649
9114393
9592597
8212893
5694259
5367783
8937103
6389763
3948611
3768651
7947937
2285023
4103367
3413721
2009379
9573913
4932989
3147759
7730819
2179891
50367
6162709
7179893
4113363
697481
5580851
2559463
2645789
3808169
1905127
2847197
5378879
1962701
369587
2179769
4068537
3295877
3491749
7604037
7159409
2786969
330919
3390189
3213043
5041407
4572247
3067327
114445851
767649
96713329
1839749
7468847
7729271
2547261
4029747
6859697
850499
7769833
4423177
4483203
9711839
2892977
6330351
64650031
4449071
4579703
6070893
5615501
6578563
3743181
1527907
2586271
4135703
8126331
4652409
4548979
3805511
3904367
8739633
1034449
6701221
5449039
3912831
1701963
2156397
3808263
2937723
23609
5677459
3630009
590859
8309581
602017
6292571
6268809
4932983
3941273
1561599
2440543
2494489
2008997
2668113
719747
5355267
1806423
2883397
6410793
7627491
57813867
2537447
1354729
1518737
7455823
6173991
7669549
7688479
5873577
9023451
7678597
6465189
1603409
3940251
4367359
2284041
6585769
2770793
4092959
7466193
2963693
191027199
39479649
6242469
5837913
77644797
2502773
9224367
8861451
9432679
2414131
4189823
1106849
1399719
6125141
144623
8629461
2090321
3829479
7792079
2201069
212639
2429999
7687379
2165743
2224193
2920679
5243057
104860429
9106273
4636357
3057959
3177759
3027269
5048987
6795113
3449183
5283131
8372171
8196501
9676671
2957607
8257217
6628699
5369247
66854669
53247
7547013
5634383
8488807
9660663
1182563
1304081
3258537
1190559
9644871
9046159
7701911
4083701
3902501
7760283
6287787
8727067
5138111
9432029
6591227
3069859
3546533
700443
8835337
6869257
4360343
9237573
9627557
1057137
142906977
952437
934827
1195251
2129209
3619287
2934107
6100453
9678057
3392167
78033
2898679
1895291
8853381
3656673
1603113
7666897
7054157
5061621
2364181
1652287
1846677
6966019
8391383
5614297
5803193
2463037
9905413
5455443
8077237
3247091
288289
1220997
9327913
8529247
4490953
9973269
4606769
9703967
32549
3948593
2461243
4085673
3810349
3506633
156526501
1544009
3083657
187398181
5594807
4386669
6013097
3918553
963271
7721537
3465589
3922333
140051071
6353813
9544441
6744389
6963191
5148021
301551
79054933
3472327
1517313
4562841
7786811
1667283
4640899
153469973
8782153
9500531
119418667
7129021
8813509
9723597
293781
3432729
5682639
9285161
38854103
4673001
577743
3053899
6583957
3761389
9164349
7309917
8938903
9554829
145129
4092743
8295217
5151969
7798763
4962661
2203061
5294031
9786291
407467
2864001
1036077
149473491
438381
1365199
7083603
2165153
1018561
9541073
4075239
2737981
5003489
9981917
4529647
2156349
4244659
7902633
6502323
1278577
5307117
115186063
7124971
7972809
183863
2116649
262571
203357
9885459
5950953
8121009
1873899
3838781
3915913
166429287
3982521
9853911
8121953
1023711
3094017
9315343
1313431
8959051
1919029
77317607
2401487
8322213
5923641
3655551
6680211
2893711
290399
1421783
5739791
2519209
1890987
2789107
6704067
94175911
1566997
6199533
8368993
2788131
8633437
5355689
955419
6511947
9812009
3253407
4559589
215189
6750661
4494381
6191957
3183543
6894909
2019443
198268857
5102961
7388441
4401067
6390743
1132447
2813353
9040659
804309
63461
4684519
1774969
634479
2814687
905493
6697803
1298209
7845659
7784217
720687
1695153
5434423
54042847
9901789
8066583
4765991
4298039
7359159
2049919
1049889
6528561
271927
2214211
2988163
1254617
7529677
8766953
7463113
4005723
5019359
8090159
2725173
931093
567659
6394731
3697843
9072991
4439671
6328249
82957833
2682571
7411263
9802017
2857103
2200151
7077377
6027869
2652899
6424787
106853737
8206821
1501829
3600751
1910459
528133
4216789
8959961
7524903
1605481
3189453
2394483
3104713
2525193
9806327
2919117
7007579
265221
3166251
1494343
2066847
5267737
1195039
8859773
200899
2189689
6051737
3347307
9658463
3372297
5909369
5350151
1189093
2716063
2868541
928769
4561513
4893229
3679893
66901
6643797
3994121
5448913
3585383
7037401
5979977
6660479
3169357
2766433
3534009
226869
3235089
3344627
1920463
5860659
5347379
1415741
6400893
5601449
2805699
9294769
68072997
186728419
1407807
256679
1188427
3155913
851631
4809779
3142583
6038763
4167389
6872919
1713147
3088747
75567507
7900451
595581
8147029
9832197
9347521
2746083
2205991
2198723
2100469
8599469
9531223
9601237
2837383
7704527
9936491
7382499
5018251
7205891
6939567
8238951
8605877
3442239
186851
3308017
6454717
1997753
311877
7939287
6041711
2751999
7682977
1510839
7903671
9585941
5036029
7432647
7253809
4338023
1474891
1754923
97351
1767431
2298339
1276003
8119553
1819959
8875671
4460213
4015181
753643
7987193
1305577
826907
1276893
