1505461
275807
5501689
9336471
2026487
5890883
6597933
2927599
353017
5888641
2541347
5739917
8252263
668599
5349057
3932781
5828667
939883
1448373
1229399
4531649
6619747
4621571
8855541
2053173
3125253
6976293
50711
8831317
7256651
2352751
2948373
1591553
8760347
171821
3764797
95153
2034631
9442347
4773691
7079287
422843
8334083
1173701
5262047
8943673
529237
8103029
9480107
3993397
994227
4882893
2958027
1305327
3815701
5256499
8490537
8419789
8089353
7843111
7414223
4045961
7786621
5709381
8472369
9295063
9044521
7179703
6482291
4408457
3008237
508551
4779617
8092659
1415121
2755701
4066321
395453
7923929
1755539
4242349
4225173
8986273
5164071
2507087
1959821
5865991
9178271
444181
5632891
5683583
454931
1969447
3716819
4325959
1530281
5176019
1072959
1860553
3680543
7716811
555183
5486477
4040101
209289
496563
5879143
8925187
279933
9635649
6488981
8115203
3099253
6369529
91781
3297621
195919
3137211
2276051
7059807
1909281
7069089
1676039
2729471
4809483
8111321
3339707
8201857
9729501
9747759
4202881
6594039
811473
8015161
3954471
558087
9179913
1060721
4811721
5137913
5511253
3072281
9492879
318987
1121263
8599373
1172051
4444777
1501433
8344581
9489047
9459269
8035681
2720669
6922581
6786469
9119107
9837633
7176603
3246439
9250297
5724699
7641563
741503
1281191
2715487
5590611
3128017
1976773
7909173
2653607
1501477
3815793
4538327
6327061
3975353
7024253
1369203
3857273
7168161
3283927
5156943
2406251
1552943
529367
9243063
3662223
6830891
5528071
3431147
6710839
1201703
7370577
3493911
4952653
7900671
18015587
623487
2435721
4678203
409817
6993339
2519513
8287499
8491653
7562491
4922757
19515213
6831427
5811727
8032919
4099389
2744091
1386023
6035189
9243171
9776731
9435187
1545969
212171
2654841
7694047
8164597
7915353
248971
1704291
7103489
7796679
1528619
6689143
67637327
5294213
5848127
5579853
4802659
693683
3553741
9118771
7990181
2133601
9614073
5467941
7735101
1892033
4029361
294147
86218581
9577879
6162977
589417
7134457
5903977
2063443
1747151
5802457
5827023
8225809
7045747
673749
5901691
177759063
9762617
9602103
4413569
2584419
9892501
7656977
7603607
6156091
9499189
2861089
7083443
3531647
236009
554047
7608573
3967033
5138929
4973343
1142837
6889059
8928377
4734449
9887791
7707261
2832067
5099871
5423793
3785831
4969213
1147721
9237093
8065033
6209607
7776959
3775989
9057113
5652981
4639779
5333681
8700491
8164491
3548439
169665351
7790917
8014939
8044001
2704391
9682979
7616203
3004659
7196619
6797419
56371
9459913
4730959
2528151
8148847
7093193
73528407
1569977
3997497
6053937
277177
928099
2141581
6429763
6846647
6344893
21994753
2563073
9945719
5781067
8614319
5475289
2064599
7613173
5329717
8497773
264189
47268569
7323561
4573677
2885987
5009223
4320151
9625753
7595821
4538839
1970989
911503
581049
7097739
4070123
9042549
760657
6601139
1854573
2099041
6861933
8805781
7956321
9706413
4070439
9738777
693577
4181419
6639771
5802427
8380497
4460743
9740983
3685437
172754191
1510297
7474997
7635307
5332093
7516689
686793
1770017
3486931
2582733
584857
8633829
5915449
2182561
7735521
6802811
5746749
6739913
4127487
8101557
7948269
9753051
5010327
5580839
7195141
9811109
4080829
9910317
882553
22443877
630329
4922711
9524547
1409561
4185689
2666641
5345187
2358417
8892797
5579291
7734513
7476903
9482333
3698861
2126689
1917323
6979871
9169361
958343
6588417
7737613
7421943
6216177
8153359
3500289
3021603
7591761
8206707
7789451
6730291
7185611
759223
8354079
7156239
9017717
4478893
5984989
3546771
7461747
1785933
884637
2373283
32629
6990567
188398959
9131823
5376743
5302129
1574627
3428679
2325567
4850521
128355191
5410453
3211187
6252579
9536253
3716023
8447081
6497991
2866547
8408851
4149599
5566327
7427303
6190911
4666477
9764013
7415513
9056919
2829907
7179959
3550193
67041
6532737
6288619
3858189
280347
3036523
8723647
2572351
9641799
494873
5878719
9343093
2171763
5075231
6275029
331647
4438523
7907899
5455513
4410501
1046973
317227
2225403
139935783
8025713
4277283
4563391
6555259
7548987
9712779
297717
89763
4603791
9231653
6819747
1301419
8649409
1144043
9126863
5446801
1058079
9322903
5479353
9357047
6523919
7912767
2187979
8894967
1093883
5037333
1606089
1233079
2488719
3913663
5425199
1503279
6608063
1820609
1204629
199152949
6793379
8702061
9598833
7561583
2293233
4843201
1092389
7864699
54507
2020137
79264553
6349027
6404183
85519
6752217
3267841
2145821
3886787
6702229
2284727
5561613
123337081
9519229
161221
9449839
9220279
9534533
4622469
77741
1525999
174207227
6699363
2030547
8794687
2230181
2579633
2960197
7462927
9409851
3241533
21941
3395899
6891951
4807433
3426459
2243373
7271021
6455607
2702961
5329449
2030167
1280847
8267607
8771223
5061233
1215209
963917
6732427
320277
1696009
1649837
6654529
7740273
6111613
5663867
5621487
6627983
7647109
4315123
8301417
3452771
5054723
3845503
9423219
3563633
8043269
7502477
3814737
1445493
264677
5377307
5636927
85845027
4959993
8971423
1714439
173430047
28269
5077079
3002973
7980689
2817073
81781
9242737
1331011
4516521
9771717
117869899
30337013
4076743
9073663
9005057
4313833
9851073
9530081
353161
9568413
75871351
8612051
9545217
5964593
9523221
1826839
2942639
68681
2773909
86624011
3193493
9291173
7768509
4703491
5887199
9725337
756307
9892201
29707341
2423099
6627203
3289173
1770871
8962947
6062811
7110157
5513823
9543361
7741119
6669267
7644201
8785221
6091451
9949043
6474923
3547599
2428443
6485221
4908241
3360319
1888919
15230493
1702289
6476957
5939383
8139469
7214267
4286551
3765439
9067811
5356177
6832731
3235751
5635207
1001181
6902299
871097
7028281
3728317
6455833
6480729
984291
8541569
6592563
2230867
3434707
2190863
5884123
3151353
7862111
5807489
6161553
1293377
8890833
2669013
170001781
3002687
8535771
9706787
6598233
410051
9653833
1058353
3167489
8961537
2109209
18771729
3864501
9637027
6682749
2582901
184568789
9664349
4081349
8481401
85497333
4306601
3437931
1427123
161221
8815313
1593867
361127
9777821
8120547
1396379
8570943
5731769
7434991
902679
8173141
2988627
2351091
8511289
1813739
2198023
4881177
4363069
2537809
4964277
2131253
4436803
519301
9804241
4417101
1784597
7323319
3944983
8975517
979161
3556233
1883669
1456583
7292829
4086211
8443651
9230589
9916019
9173099
3576817
9377027
1677991
8819169
4307847
5238483
501303
9580331
