2922919
9657519
2839023
345509
110963
2090069
7159541
2874809
9166633
5805423
757873
3338401
6773091
8700911
3835633
4434999
3191177
9716087
8975989
4156991
2205747
9898971
6565813
9679151
5712273
3973227
6631327
3976219
4278779
3558801
3182221
7991671
8341839
4953753
6394109
2476391
8569003
6908131
8780719
9792701
2843533
7038289
8396197
1092551
1374727
6857091
109340203
69669
2114727
7123289
7988367
3180261
2992821
5363117
94783
6824813
8559761
7607493
5744723
6138991
9391187
2267077
2707359
5008151
8882329
7899747
4074269
758503
7550033
3084997
2728309
4441291
6075063
2620507
6186637
7901259
2830733
4359327
7996649
1510351
4534789
3050623
9447267
21662001
9546183
8995241
6028397
1205077
180593
6606587
7340471
7014379
3601717
6157323
4940519
129619
9893587
5763671
2231137
1086527
8735667
8443211
1072063
7215879
6733543
1277241
3069689
2023481
4390621
87373
32905793
4546069
2692757
4422861
2347293
5233967
1800489
4080137
5674513
4660763
3797227
941351
4052563
3571779
8508547
5113181
7160869
6857069
396409
8785597
78620777
9553479
9251093
1771551
4868803
5469011
62995857
32956117
9832487
4708479
9290021
9025667
863729
2864317
2120219
1510123
2209869
8620199
9256367
2553901
3948433
1655243
8556661
3405511
5517329
7524099
4582989
2649197
998573
6410331
3488503
1833969
4175001
2173469
7139117
5757913
143269313
1063089
5613503
9588291
9730961
7362393
5183747
2331587
7645039
673511
1488417
8631509
3893807
2806383
7957251
5752037
3539947
296897
1461917
9437461
5825911
3768319
1458443
1295361
5354687
735859
3369151
9693037
3244761
2757277
4631957
1926751
6491471
6921477
8665607
9665637
8546089
9177331
60256277
7099419
43978703
5065729
8812663
4148981
7764263
26903
7764029
8150299
5054349
1040659
5175977
7351597
2451783
3748713
3468269
9867433
7376431
7996287
8315357
7411167
4931231
9591963
1026157
289029
4793227
3842637
5657513
142361387
967147
2165939
53910843
4345939
8211507
48126207
7861459
6574553
769003
9683949
5615397
5078313
8561581
5616223
8421371
7571653
3413891
4435467
4698393
96929379
1449091
3608927
599331
2305433
4807821
5007913
7708691
2499103
5536987
9933863
6737033
3671823
8888973
5610377
3553779
8554367
2645407
2724751
2966109
9161097
1313507
6384813
6275029
4519541
2063441
3223049
2358833
3893409
9694261
3371567
510313
7050079
1720227
1180121
5148583
7261661
9163411
34890333
3336367
7684323
9897529
6353483
7811717
4181077
8750159
6701011
4458587
757177
9339287
108257627
658231
1093243
7047613
163669
5817577
2818019
6786649
9229933
8013593
2537299
9293133
9032993
4293539
2973981
8689939
8102677
6674229
8511819
4209451
6227543
6164601
6365657
3930363
24863541
9670299
2383589
1601153
9746853
9971581
199146791
4304159
9801481
2564549
1274333
195359731
4524789
6735967
6777361
6197047
1627653
5821987
35520281
7831323
1904121
2041567
5772501
6727151
9602019
9883929
6579863
945899
3805981
5869319
2069141
9034373
3636697
166357
4568953
5988201
6586781
9993677
8059059
305759
1573577
8698689
1166749
3823151
3412641
7279853
5407639
2252431
9964997
3538541
1815413
5627761
3883677
498157
641967
4404093
7912729
4805591
796973
3458659
89831
8787991
7547119
4470921
3643111
165983
870069
8283241
3251519
6382213
4660633
2238869
5553963
542599
6013679
5511949
3475183
1243637
124959
7867537
1526473
9990749
1747427
4067249
46014467
7515531
8439271
1970773
5484613
7462269
1634591
2261493
577413
461321
7413757
9397837
8264599
6350149
3163823
6606297
4485667
127421
224627
4052951
6373351
7487411
37557267
6060181
2314159
8347571
8034123
6453717
9401723
6654077
2182683
1068259
2538557
6697529
3559357
6189173
4609837
2665787
8582667
5983841
6082543
4444291
1253213
274151
52219
148637717
3208449
2121731
41729
8923393
9517951
4286693
6883323
7092897
102877
7056371
5437111
154877
3482357
5140083
4436949
4946579
5102807
5177201
5962497
7570029
6096307
6457733
2738839
6143943
7646283
7050599
7981933
6079129
8817743
3788877
7037499
2745739
693637
5918879
4211803
5979761
1226111
6944287
83877333
7949507
8274121
6399521
9357111
4558781
7909789
1630681
9630467
4102653
1440277
9450457
2985623
3925499
1060479
6616551
4365447
5344103
127963049
6374107
8178157
7941939
3041753
1198097
7920661
6541393
594157
5162379
8656273
5563611
8181167
576391
4077167
6894243
8306537
6083371
3894311
8001053
1894353
7003093
1126983
358247
5505611
3872497
7335053
525799
1808847
6304227
4854203
6467557
13497
4100373
1697987
4094027
6601027
9365709
8789313
6544271
7894773
8151713
4802409
7648061
1486089
339061
5793717
1574379
5400663
5647267
6799871
2073033
8952761
6164891
6983407
3673773
5696401
4185617
7590919
2349901
4622673
1013157
6347661
9674421
9437687
4650969
125097
3628611
6042539
6669351
7717743
130944603
1832551
7652977
3871107
81149
2352877
9405707
6988583
3147029
2248017
1859117
7984183
45390651
7967497
18919
9870487
2293053
2683193
72249
5230483
7018867
4367711
8333307
3194909
1051621
5549793
7111539
7306263
7099043
2454023
604137
7500717
240569
9895989
4003941
7294887
6440753
27473
6711457
8144903
2869761
945791
6279779
4851061
4423343
7569141
7295659
2039063
3686959
8819949
664477
9675919
4030459
5077099
3085797
5886871
9093283
4812721
4764151
2152387
814767
696741
5678623
5873553
901317
9230943
2397863
9669733
4807061
6822373
7491791
61891213
57798351
7464889
1038863
3419723
8129443
8159163
613127
230809
6103899
9880219
966413
7752343
5313773
7061543
8619439
172985237
5437433
8649567
7391321
7305343
1878867
1998121
3374889
902843
3846251
9642383
5180399
2417483
8939883
6339003
418009
3490981
398657
5397657
3090937
667919
3079423
8841211
6924183
3163951
7571073
3697893
102076681
7403359
8244909
6182119
4644147
4377809
3949517
1422227
498621
8408869
1695001
6559463
6212459
2271053
203549
4605779
6496711
989167
2597329
5199207
3892869
4890043
795793
7406097
499443
5657599
3286421
6142339
4665693
3600979
2407579
2958243
1724829
7049803
3046647
45289641
1794111
2832741
2401103
913781
9517093
8404261
1619277
3321747
1238363
8863913
6055501
9763469
5931261
2768323
5074189
7945901
7770697
7929987
9807863
8435289
6558647
2057833
101503
8962067
1281731
6643561
3288609
7973203
4372463
7792059
1924187
8349911
6872153
61205163
1260089
5817443
9388409
9525643
9709869
2428911
