9321799
3399059
2077751
9229203
9027031
4372157
2482817
7035747
3963933
126871
4298799
5300671
4513789
5905373
6289679
8900207
8256833
9762227
8602261
6120481
2945353
2498709
189717561
2410193
3268689
3940269
1528043
7032903
1918097
7920349
2119001
3368121
6236447
570853
6677217
4237891
3323293
61154333
9012617
759993
2521993
1205539
8407873
4249773
6866711
1878413
2063993
7902793
6259237
22978259
5736353
3901623
3819091
4664939
3392651
5855787
8939623
185391
7997277
8094979
5290917
9993389
74265767
2888611
4190241
6412573
4289157
8021029
5685041
866429
8873821
2771677
607471
6617451
6874901
5123459
1667589
4366439
5899829
4150493
1884479
8815053
1907961
1682709
3014249
8560911
1801793
8239793
1453289
6604979
354037
1683269
5170413
7155889
16437
4829503
7233181
7643983
3548741
4645701
2892707
6155253
9841973
7555467
7689989
8262893
5367993
3281663
9745139
2676641
4493089
8848151
8607961
1831653
6852101
39587
8311227
9085423
3669381
910341
4628899
7334757
3093419
9791877
7749631
7126911
2359311
27271
5537853
7673629
2306693
6380329
5715453
672087
5947233
9685589
6695657
3860539
4640021
1086169
9822381
1328143
3944917
5161501
8082501
5158141
1807169
161993
249573
5784873
4688783
1915467
5714153
1794541
7138809
8915679
147667
9805649
8894913
5834243
6292699
2913793
2905007
9512381
9543027
7850041
6254883
8691269
2776031
2494971
4666383
9825879
1405259
5998901
6622509
3957017
6603471
3679983
3691337
159806343
5881121
5392607
6908953
8511741
8955051
9920001
5511201
2615931
3990889
701897
2059863
3806901
2676401
7432459
4120247
8775097
5866509
2309719
9186593
3916817
6371959
2870983
9869863
9970249
275151
759821
3899751
9776511
9326211
2252939
7054811
203721
9866969
8412617
6300621
4099969
435203
4836743
5156571
6485023
8495757
214887
3829159
1600107
6566901
5825001
9138467
2830273
9082263
5679357
3756099
410341
2635051
4993951
4099113
7846413
4519797
7653457
3636963
1825153
62538963
2843841
2479329
8835127
6276769
6066991
101547179
9506007
5970639
764447
9465959
9000347
2852349
5171181
6939237
2939279
188632249
2590959
3950063
8563833
6736977
2822557
7908621
1061789
24948279
5973057
6988177
8317691
1422449
3391899
728197
1507719
6653549
7122197
6324627
6750609
6178189
6964319
9005657
6241407
4695037
7325433
6819113
9068619
7044699
3070393
1353857
9458849
1540363
7929363
1047161
1557363
3102663
3854959
9212993
5047721
2274573
8163509
4400383
970463
4088499
5976471
1696143
6191813
2450867
1012237
9383031
6820431
56211589
2109383
3451333
4317511
4204373
9428201
9712161
4937009
8171819
9558741
9401309
8985387
2341313
537501
1939577
6817319
1453053
4744247
7072979
8266999
1851277
524717
2660377
9531703
845603
3874593
414483
8196183
5004479
9558467
293007
6638523
6681117
1814507
59197
82171
808713
6112247
7311191
5628431
7079969
9531357
124977
8940109
1297191
5091457
8148591
4871361
7810051
3735729
43409
8914169
9095119
4349277
194846971
6032147
6745271
3730929
2620049
7043833
2208537
3557549
1620933
7104813
3604419
9884771
5675061
8194527
4777
267527
1511243
2363353
6990263
9331307
3367779
112665327
1062859
8217279
4343471
3935487
6134133
481449
832713
326211
4379653
4801641
37138173
2647953
2683631
59070891
4994159
2680521
1543371
5715599
699259
1136637
1497727
3645757
6316057
3506623
1989863
1702131
1414477
1631283
144890109
9173187
1243627
592669
6157483
7144091
557681
3388729
2378213
583123
3012667
7392543
6910919
3247263
442929
7877801
484231
9140207
7579191
1608421
1340427
5623933
7627029
20717597
5974289
9409311
1059917
4407899
9391691
1373897
7351359
7907949
8181517
4777493
3433683
7769689
298401
9137769
6569081
6405217
8875151
3395167
8036111
6524401
6537921
7279563
3225439
2226937
3139619
6907893
38829199
4709407
7264629
9094313
4231541
7986317
1225799
8140901
5642191
4541259
3063411
94486487
5522133
3711603
5567511
7797127
2505011
3521157
2837411
654209
4906957
676303
6862121
148861
1810503
7938143
3716099
2232241
8659041
6628427
8836949
4051147
9841901
7826529
2085297
7999917
3404009
8810071
2750753
5117273
1868853
6336501
9990353
8811643
8668473
2063341
3414681
5379553
6695181
6618941
9291037
5033331
3087473
7863243
3438433
4245513
1703497
6214071
8851681
6576943
2683929
8453637
644943
1445909
6494877
690693
225957
3316977
94663
7658351
3259541
414357
164969
1102617
3515673
450227
846917
3832291
7362331
6337107
8392719
7799929
6988079
7897733
181915413
1390997
1561253
9923523
7609521
8235463
6055727
3049933
5245317
1606597
3892883
6091451
3681843
2390689
621637
6530703
3464061
7489569
6586603
9666771
7327197
554707
3025489
1366373
9361651
7281929
4248589
1381331
5675593
8456011
4536187
7993207
1020427
5015159
5025939
1968899
4270081
1623557
4285009
7303709
9868719
7924557
2909079
3956747
8698041
4984107
8516631
1032581
103960627
7220157
3359377
9718559
5997043
9752219
85609
7178853
3613659
4111121
4924001
2886351
5358623
5073609
1340039
5880033
4647383
6023089
5502621
8690989
5959027
8076593
4151219
7060011
6344303
1889287
8408243
1355601
9159489
609113
3382911
104499963
1846117
6218851
3250143
8939677
3116007
8531283
1246561
1286103
2236013
9820539
7143093
4478849
6364879
4379371
7646531
3952717
9858417
7793013
5553019
1030459
4346963
1086047
3242827
6450529
2276257
7170861
670239
1473853
5935731
454707
9466133
5490669
2156599
6873791
4187193
5439037
8249043
9183853
6933799
9370559
2967819
5749289
6272253
1235573
4197707
6970777
9435857
2047773
2322761
3598067
6183521
8403693
111763
7193133
1971879
5864149
4502863
383809
8892857
807523
4116109
7627263
1413309
8741139
697213
3507327
1348681
4532999
2058089
6044891
403591
7300131
8650229
2316933
4959223
615087
1344253
9374053
1621031
3347349
3882107
9608529
5246703
3071701
2152537
2809533
125401687
3357033
2851979
3711299
7871527
206413
596583
6014811
2324173
21906599
2412351
1724919
2997661
9056797
3255173
6623691
5083581
5046391
2681859
2691123
80978199
2223899
3524847
131106021
2478189
7069267
96664569
1771609
6748883
5141751
8593063
6384073
25067
7701343
4488703
9828427
187477
6639117
2892099
165621
7966443
1220027
73652089
1096527
8534191
7291499
6428567
4714173
6670421
8544671
7445423
8360481
3119803
1506963
626371
8596809
4138361
7692249
4971599
9610307
2253681
5628359
2992481
8808417
7450541
9617377
2170911
8092081
2224803
5900819
665581
4569049
2405271
5140293
1995697
6336669
9007079
1847879
8827201
1866597
5222369
5341321
145741
6992669
3032397
904473
9878497
7088679
4523319
839371
6861559
5162989
6376001
7008093
70808069
606473
4163819
5024589
9604979
9306017
1166921
5260167
9632283
3285483
8810987
