7632927
7305923
1726099
6350249
909613
4339117
4349501
2584177
6218917
2265429
6774367
8830183
117987567
1455013
9054423
11641589
3743507
3808217
9829333
6911513
9188903
8266421
910531
2137539
8971159
5408541
4354583
6282607
3362261
2763229
8294057
1756189
7456009
9245511
4937307
5725299
6828803
6142967
6911309
2665209
4157917
8488521
895651
3029189
4367321
1578819
7602521
7816817
8132183
6215619
2413953
5449217
9851241
4735207
4824029
4167437
5990387
1441309
4114427
3167001
6060141
5177999
970143
1386237
6942949
6839879
2260391
8916663
7610213
2946319
4033821
9632509
8690297
7740893
3560867
2283123
7579231
262721
8151093
2284061
693719
2860747
3648387
259263
4174343
3240027
8809711
8531693
4225209
9249581
4254881
5060111
519827
9397027
955877
2418821
6889549
2162089
4961991
6481351
6762767
7294981
1264649
63878521
8059607
8347151
4364893
9327149
2801703
4339687
9313679
1985853
6623857
1574867
5145551
9770363
1700511
2927507
6572363
6750213
776813
8121103
2844857
6553001
3213159
5298671
7002467
8384201
6810999
6416937
5941461
6514377
650317
4042129
2763473
8339277
3064359
9301889
2056133
3125771
537499
5648569
5773199
7960491
4742527
1314853
1747591
3717817
1188947
768339
6653379
1879481
3652659
1687401
5222439
157389
5290681
4301539
5134059
7113263
1581859
9313321
9185117
1417519
5187041
2241629
7399471
842643
7895457
8771677
2785649
719199
1428801
3892051
3045171
4937967
3968997
7074797
6185867
686483
4041871
8074119
8561143
6638873
537323
400481
6914959
3044707
2287709
1255817
9606803
6402007
4203111
9529787
1897927
9360769
6401457
4415301
5560513
5765007
6628541
416909
9855993
8086587
6258573
93936909
6706473
8975251
2076897
7538593
9936971
6241849
2367667
7515173
6539301
6860303
637531
5270877
1849237
33770297
3605247
9095617
2489647
6777391
6766101
6432347
1707459
639977
162367657
2259197
7089701
9473897
4644083
9981463
10333301
9726587
7729681
650203
2880523
6819483
7865363
3325227
3627379
5770999
6682341
6824053
5170457
4018709
73103
7423921
5867301
1815081
5533193
164097569
8834863
7373609
8211947
7862407
2150631
6730083
5751593
7313447
8056991
3437829
1896723
66867
1108363
6766123
5320673
6902763
7562423
1773533
4174757
29554099
5680161
40790387
6923027
8799919
3966201
8970923
3147367
2231741
1450813
2227101
868981
6904021
6678311
6617407
9469349
8610391
7464053
3348441
2425319
7907691
7151323
5245697
3908611
6280873
5207623
1916117
197386229
9905687
5812223
4330689
189411757
8567099
8735257
2374533
3388111
6708233
3414121
1691563
6918249
7209693
8152797
4676189
4692347
7902561
4180657
1367603
4880007
7970041
2443099
2474501
6519157
8714859
5554543
7646649
4651747
2416487
3652687
7876441
7836723
6158833
1711873
4444193
123967
22582341
6820293
1035671
4391967
3871401
856229
1137417
2241581
2668179
438273
136496261
9698281
3352883
5905667
8909603
5393779
8982569
5641813
19214757
8225089
2645359
9215551
7347297
481241
10666809
4597821
8300841
9123303
3913171
3630763
5255581
7343767
55022117
7216277
4736051
8729061
4704853
5359703
1473151
68787
6774007
9456979
1677131
3802613
1477673
8269967
7757371
2696763
8293449
2521501
1552023
4638011
5595329
3813867
8652433
4826697
146967
2793129
9765099
1488269
7474647
9406471
3265149
8898939
2475903
9549967
6121321
408371
2679389
6522867
5310159
6518971
2266433
2296741
5859663
8795067
2184043
2233259
7221847
2349197
7109039
9292477
2906589
9912623
1964061
6865767
128220319
2968691
7799143
1476519
5139857
4770201
122789319
6831277
9125851
4981429
1558607
1196309
2676771
6396221
6660341
7829991
6880537
464249
4739389
7856549
9100683
4393743
8972537
9946033
186377619
4985801
8107093
4201121
3306281
6843333
8207649
6047973
4675669
7644597
5620881
6688093
5258091
2459423
6080183
4581473
7613023
4233779
7520217
1817743
7529893
619001
2897673
6339731
136268141
8114469
4237671
3271911
2111381
8232009
5786903
6751491
8328369
2323251
9983249
173823807
9260693
37577
140793
1866629
2282751
7438001
6950807
9998431
1101107
3121963
9718641
7954761
1774931
9078059
537051
106742831
4296997
4644959
77639201
8608653
7961097
6687149
6122973
6636231
5088207
1410809
5790013
7651187
8292937
4617563
3626083
990607
4741277
123693
1330013
9056331
467883
1668839
5693431
6189263
207033
3997663
1162773
5051903
5655771
2726749
1110019
2097751
6332203
9621717
8606743
138587
1277243
2344249
3434949
6055763
6706779
3759861
1554053
9989109
1839451
7112591
6681561
7408057
5381339
4433377
198249891
5163871
2557061
7867811
5841199
2011693
6302729
7557333
6616289
3977927
2833099
5735389
4166227
5779599
8224807
3922453
8692207
2437289
484909
7810693
2598771
168423
2635149
2144789
755677
141662797
8177217
6327107
1690763
593247
23909
6623563
7353603
6117619
7061227
1776173
2888661
9174399
573787
1932419
4940503
4617353
1753341
6152381
8541291
3457471
2333801
5357217
3157151
4220619
1450703
388071
308581
8192079
3153361
9587787
1871467
8879591
6375537
1146083
37737531
4162281
2669669
305929
3329853
169143
6229959
2776033
4784167
1635123
9303263
7181351
9237791
899509
8299423
4087997
6544923
1489497
646673
8988563
3146963
8103129
1865321
9741381
6179651
1709511
661249
9788891
3650599
6350771
2484349
5511293
7448119
6626957
4383983
2938271
4023387
1909321
5131467
3497189
7598081
8829679
7184511
9101223
4182223
3302941
3467029
89314523
7159207
103205183
2979233
6267981
4482293
9378157
6145923
152573
7826717
9206477
9798753
3783811
5796381
3418569
2502679
1760769
8321167
4562447
876113
9613129
4661669
7100907
448757
6177133
7737071
3836461
6421747
9793197
9080911
2847211
8457119
4538043
7503459
5756203
9435603
3816123
5058313
1151749
6287307
9197767
7888613
7071103
9572839
7925513
3971101
7471297
1314713
2560323
7688431
1011087
921591
8271609
5176501
6344101
5938747
301027
7889227
9713763
6440819
9133589
6241903
4926167
9837131
8881959
3064617
1699507
2564891
8862637
3535397
197749263
2761721
6714257
7279223
4550213
1084711
6745133
5340077
7058229
9005733
4991691
7703497
6800021
138161
4999533
3716679
9456553
6389651
4590509
4946213
5818733
160804909
5086329
4076923
3952801
2161023
4297691
5320817
7596301
8036831
4544919
9398203
3877019
9497371
704861
3851061
218417
970941
9062293
9836029
7807589
9951637
1944857
53330639
1109633
819623
9278783
8786859
408951
6731367
5061089
9889011
8423557
5885431
99092403
9817747
3352049
4430137
5822039
1860499
433999
7367703
8208163
1190987
9199181
1510163
9989087
2777081
1506931
9621399
176487
2459269
53237561
436439
8644921
9660439
5672207
9814579
1761843
9510691
6367601
3504393
8162271
380131
712133
807807
6236101
4956313
7856391
6308977
3527897
6102333
7962563
6359689
3934213
9287869
860931
9717467
2401199
5702363
9539261
1660813
5336757
218627
9745933
6454767
4799581
5358971
9447423
