9243009
5837759
4000177
6676039
4090403
60427223
198415309
60995343
5424531
7515471
154583859
24485501
9328027
153081313
1879877
6093583
2318911
4902709
6131819
2364659
6418097
7722801
6577959
7994701
125123921
2625517
1721933
8332769
3957853
5645239
8993947
1935587
8824377
9489349
9649667
6081121
1170249
4839539
8181883
2389001
3816529
9098737
5829487
9526593
6156873
7059193
9673941
4090573
9936769
5250337
6301107
5030851
438007
1114743
3382131
1812443
3940237
8322323
8252183
8053899
6992309
5481357
3834691
152628431
876159
6086269
7403587
8146699
8552831
5874151
8201799
396319
5815317
1262183
4051177
4287301
9064769
4224017
2101709
6939373
5134469
9671731
4485749
7414583
444383
8179423
6405839
5961943
3625243
4549371
2064619
9732937
4848957
7308763
8428159
6971629
4413873
9947561
7363827
6055667
6501063
8471109
7640047
5310043
2462023
662083
4403553
2492411
4083133
1832217
421361
2718067
1870067
9216753
6469407
5682143
2855353
8521137
1341703
1645593
9613217
6588833
4818699
1640739
5153871
4405457
6626653
7243103
8587549
5623147
6057961
1057007
7015389
5135937
7707899
4881791
6804301
777003
6739781
3642029
7939659
7156217
3186463
3924253
5529373
1921347
8955183
9488587
32812177
5913279
8338653
8613967
46907049
5637223
8520457
2883819
9105667
3386779
7686051
1719843
6413933
5899113
6282157
7174013
1357211
8376769
5463937
106788003
4213983
7893899
1225557
114309129
7432487
2959031
9242703
2494407
8290157
3460437
7401237
7995843
2465087
1392813
3129869
8989459
56725081
34110441
5941163
692021
3220399
6390697
6083897
9732401
3378667
365643
1206499
4408739
1969337
7328617
6340511
4660757
1246101
5842539
5608859
9763223
509169
6161859
9392057
8751221
1184037
5725599
8372151
5228327
117306437
8239271
1589791
6854337
6101319
4057297
8570733
6214101
4120279
5501687
1478573
8196447
4297249
77673381
5167999
4988983
6237477
7276543
5990749
3449249
2776721
2569011
9189447
7596501
1479087
3410517
6673771
7101837
5824609
4646073
9637509
2931771
601437
6326121
7938939
1968009
7039631
103174991
2886831
3121387
1786721
6635897
4876701
7428739
1703773
9247243
6462111
8915329
5499761
298999
6208659
5654161
4167257
1194631
75087223
8493849
8050263
4767199
5402519
2549487
5140497
4896217
9397861
4465559
5365377
7429079
9107973
4157737
9932569
2605403
8190881
8133611
2643241
4326627
2441371
473013
5262183
2239359
9231127
2222773
9070207
684909
2686873
4131929
4657767
9171221
577251
4750151
3065837
7872737
415007
9447419
6364239
5307243
4457851
9528067
36359
7110273
1242267
2352273
9101653
7203979
7902889
4570293
2155961
2851661
8266577
1758231
3013559
2540411
1691503
192831
4298789
2492987
8941101
4313143
1865263
7349519
5111919
2758229
1346711
6342833
7298053
5020197
2859909
2956341
6729187
3586671
9287463
258623
3747041
2856437
37627567
1365939
2784539
8652791
8860129
3823071
5964539
3060467
7272539
7964523
3836133
3304593
9070813
2139269
4512869
6596937
1300963
4688643
3135201
534539
8170427
8464361
2521829
3956689
2212743
5015113
7058303
6828927
9702861
392749
4210137
2263423
167210833
923441
1915611
6694087
2551477
3085609
9321713
9212751
9529501
7316327
5039109
5351607
622203
10827
7106321
5207019
9060631
7525503
5737477
390797
9632283
884923
1804949
6966291
1098573
7007483
7653569
4417603
6189009
2660647
8336713
9075441
3898287
931457
6224829
7217471
6033631
8045017
5349223
4847357
9521403
5475347
4156677
6296351
4167787
9995483
5214061
5126011
2726877
9413457
178447007
121553
864207
9761591
9991539
4955237
5704459
8182097
5846233
9863941
1524981
3830661
958197
7968221
9883423
7487513
2991203
4486747
7328777
2530793
8710577
8743061
4580343
1591869
503987
5787539
2615177
9878417
29813
278753
16420001
9260879
5551
8284693
3934443
2138151
9214459
7120551
1842269
1258637
9952741
514937
4827153
1319969
3705783
5732399
4576761
1928793
8846303
2869979
338859
540171
2384127
6670897
7025127
4069373
7294377
7875887
9566103
1860071
4446899
3462667
9925801
3167079
4154337
3549409
7136957
6320369
1232467
4542597
279893
9324021
2989137
102740933
6671671
8300547
9510339
5198327
4928047
2901163
7593283
4199463
663271
9312963
1862009
8889153
8033333
9653113
932049
1641223
5161171
145942767
988369
999559
7074681
4555399
3118887
656771
3194801
2175007
5764089
2630797
4965387
7488319
9767891
6904499
1046347
9743037
26169021
5705757
8260323
6454811
6201573
8267627
1630351
4908657
299803
3060437
154328019
2101193
1455459
7515857
1500731
5126339
892253
5300453
5790699
8698757
3191099
8711501
1164839
2237421
9617291
2816313
2752243
22581971
2597741
3837849
3421151
4988029
1368391
6748269
9364747
6797159
2102407
82775441
9899567
9999339
2392251
6842179
7314361
2484009
9212543
9471517
5904253
2366427
727747
7321589
8594067
5346627
1076679
289691
5516809
81109
4888609
8624411
7019681
3862843
7779157
1445853
2245661
9308751
3816547
5639693
447861
80625643
6261991
2985183
723419
5809013
1152947
898661
1033603
9345699
9999983
8168251
1437467
1904293
7278557
2272753
7054957
6297227
7401091
9698039
1714237
3432221
6611331
3763187
1332799
67099757
3106809
4118721
2670951
4531473
5306779
2971081
4332153
5102881
1335937
9602231
5970319
317571
9275523
4110651
4041751
1987891
9778291
5126491
6881317
4224497
7897253
1960093
112009
3568177
7904029
3271721
3776719
9405849
137335943
6877369
2314823
7845453
2622863
3391599
4620787
5439447
506121
404893
7639243
3379333
2694003
8209967
1935589
5149263
8139241
2031703
9065423
4271657
3769121
8598643
7776757
1670277
9521359
264783
1566229
39553553
8526973
9663627
3172503
5957639
8871953
9829083
8027451
572667
1694821
4069057
4597
4459887
9079899
3261459
4562741
8426349
112097427
2487041
3779939
2246453
393349
4919393
3833851
4911783
7744253
6438401
1708471
7473961
11699
7471117
4695839
3318241
870583
1212199
4531323
8349927
7986533
8800769
5015429
9208527
6566481
4519831
1016847
2233669
1852277
185263313
7428667
4759939
1333769
470839
5937153
6539651
1896141
8348429
1449279
6854043
728257
3269161
8101011
800021
3907061
6312411
4109813
1827519
3093979
7475963
8183569
3334843
7708169
9382961
8627827
2180269
128657043
6378157
2543221
8925073
167728881
7997931
1696531
8190873
7360937
8134519
4740451
3840703
9983107
8571789
5674569
5770329
4601233
73489
3498471
9200369
3024521
7883837
6180621
5880021
823513
3601271
5937271
6011623
2801639
9822731
