2280457
6314843
1185019
6138643
2740337
1180641
5486403
1674491
13887291
9996161
3737417
3064679
163435401
9437523
8910649
6752243
7872691
3408767
1721449
9842141
4799197
1138739
711959
5517369
8488927
1714667
5262389
793999
2823107
6217861
7924393
6522411
8355871
9200883
3216307
5424197
6156361
48267
6383549
5579939
9562721
3422781
5669443
4393003
5972487
7077671
7467951
1736897
2650151
5002311
7348461
778751
9221267
3204253
198247
6253549
5136117
8446797
5249433
9574081
3553737
3242101
4062619
9565103
3015879
6671429
7085721
3130329
4976819
9052151
5582511
7413641
195867
1775221
9089507
1555521
842529
4994781
4036737
4255481
678659
8773617
1960439
6569161
4110407
2109337
5837219
3456087
1296631
2650029
1395361
8181753
8155231
9237381
5423853
3030103
1528109
9912063
53623647
9843027
1236501
7780379
3682033
8314397
9473913
9283677
6491003
5616499
9537587
9853963
5803309
8999697
8123297
8266791
7762337
68821259
6636727
7698661
2164343
4318883
8481233
4775747
8139773
1146687
108459
565519
6401157
4932923
9038361
6383073
5328437
1916891
1471481
3462351
4735819
5054351
5878301
6902363
7989619
6258503
106466787
8235047
9883203
45316907
9832661
117379443
9925947
8148199
1782179
1165017
2077883
5060167
7213581
7926553
5549527
9380741
2403953
1855531
4042519
68371443
8162099
4516663
8774257
2796137
7267199
239971
1191427
4413193
8277407
5044823
953869
3376217
3716441
7264643
401111
9916441
9807707
1050229
2625419
554437
1257969
9596297
7198183
248493
4277981
3645773
3567459
28750231
5988257
8582683
822891
4920347
3151489
93233183
6333053
9409767
4964923
3729609
198047831
8066371
7939819
2156103
6138733
9802361
8756339
9447607
9043393
941333
7568529
7390019
6374939
8584729
1912811
6115901
5658811
3484137
4060069
1794863
2000521
3661183
5045843
6076867
2815957
963909
2217823
2759577
9056829
6237273
5016657
3078911
6234673
5259137
3876477
8921159
5024869
5521449
4649549
5313523
5074233
3135949
2297999
6029847
7665239
2017951
2296661
3726133
8761209
416197
7234881
6813177
2601933
1455417
6593979
3761607
2332177
4601457
2204367
7347257
696823
9707127
29157
2448329
6664137
4749379
3721271
5341591
4200983
4563833
4033143
3040731
3739611
5456059
309363
5369469
353347
9960647
3792869
3491801
5330401
8829651
2055479
5949553
4470179
68441433
9103531
9549699
2482789
5964439
9739721
7884053
8942559
9326551
7709959
5308757
8095989
6810701
1823833
3892233
4096481
2738733
115182931
261483
7820637
6898187
7675957
1490203
6992881
4798013
8906537
176364373
3670579
191474767
5969969
8263217
7576617
6947807
7797043
5969541
3693689
182861
7802139
1963173
4800013
8261327
9862773
3439249
9207913
5413963
3784199
171317
3201899
6250299
2126929
9283981
2787311
1552701
2485387
7048347
6805973
9815119
3996931
107593129
9614893
103225447
6254489
6253099
2323573
6908919
9589751
9681257
6289601
1012129
6495243
4752189
3610617
9846247
3678431
7220727
5770687
4478377
7839979
6419571
3465357
7865747
7655217
1331031
4190477
8049171
645593
8927649
6693443
1149831
8976843
69433467
3544349
3444949
8179399
4115571
1564723
6494397
4728863
1900121
838841
5722337
3820123
7527771
2739313
2817271
288047
7592653
466011
1854427
3739267
1814669
524911
3756501
4604999
5238109
10426423
1709403
8257863
2527833
9516149
7546527
9092927
838247
9032383
2584661
3657753
8103079
7734151
3348087
7271871
2374997
3066771
7626531
8216309
1611527
145735871
5428571
3216339
1606497
6196637
5532179
576453
7353783
4518327
2448857
1301661
606693
5706973
49915817
5705867
8562009
8254599
6188027
2636691
2166233
6067453
3361529
1668009
6305133
3736667
4467789
1077913
7585071
6476041
5263171
9592271
4312463
4353871
4008373
4239037
1909881
434191
2426873
7141381
3664349
6140207
9421631
4429891
4960213
7154319
3290559
7526561
9511987
1732457
5552093
3959569
7645427
56881321
9826557
3995977
8287221
9175927
41457121
1534433
4001049
5065479
754067
5751993
5729891
3818089
8932869
1037043
3625609
1916067
4422933
807753
7892953
2423551
6078963
1541833
8760431
6568721
6887199
2767791
8104697
6255331
5669943
3786279
8919073
9348821
8348433
9890313
2472717
6058647
6876433
6704283
8870393
8879963
7998443
941657
182340009
5588391
4403883
4394533
9025543
7849451
7794689
5918097
5710737
7486959
1056451
8121123
8663379
3887127
4570423
3968671
3668489
426063
4198229
7998777
33674519
1951291
413313
4004609
4914809
4539073
233093
8671007
5440699
1616579
1407561
9287127
2102811
167985119
5500243
836387
1825227
6219083
8545233
9275391
921347
6376241
6413441
1534947
3693567
8148197
190059881
6305499
1331857
8616783
9108179
4701753
9712669
4891683
8720789
7970011
5119297
1435631
2689253
8204943
4153771
1693971
5143137
5699509
3694491
9735287
393003
9200077
9806627
6533227
9404343
4259869
9152717
5649937
2320773
860379
6017283
5949473
5551701
5955011
5494073
7304461
5049107
2000279
6265289
8252163
7488081
7593099
5888023
8476811
7938079
60519369
9887299
8050337
2432293
9911543
9008999
5062409
5856859
195473727
3055469
2662207
13900761
8629531
4151817
7971149
7922597
4813709
3212493
300929
33674449
8891877
4660021
313793
4378943
4304341
9434763
426259
6465549
5387703
7415059
2965171
7310659
9843061
731713
9571827
1193047
1810173
7262299
439161
7487773
2153881
7248363
9571427
130179
5049897
5850299
3090539
1380739
426567
6280103
698239
174059873
6129369
8160857
6146313
5543663
4207191
3321681
1130149
1439067
1205151
6072301
1519849
7012087
162271
6640889
5494293
6786869
4854869
8866637
4298863
8555359
9387319
5481021
9114177
6735397
964079
6338859
7130933
3090683
7195921
7256081
6348911
3115269
5015653
3476167
5103917
7458223
443957
2368983
1710361
8300063
9877023
994177
4530103
5395283
4504943
3758241
3085163
6901431
6850797
117794573
1818687
7422503
9753389
6605779
1876019
4716241
95458749
5006721
5189979
7044277
5180067
1100783
1037407
8938373
2303299
388529
4664309
1721541
5111999
2793069
5519391
8345679
5170539
5627247
7076833
6571017
1679349
8311043
8069733
8213093
7440939
8195201
7567407
986577
460699
151885343
1608349
4793183
9862999
6740343
9227127
93057
5464841
4668393
2218487
9570931
49127
4403967
2162291
6598311
9732667
1811019
449103
106055277
924309
6273003
10459241
398579
4386817
7491707
3841909
6351523
4902293
2398831
3227463
2777683
8417619
148624857
8479657
147043569
6596807
9280171
1268651
