9281813
3061151
5696841
2917693
5799239
479487
8577469
5753513
4625269
3010889
5099163
3105389
3213427
5724221
9422957
8106333
665007
4013937
8638071
3426067
2742913
70307517
3243887
8184727
6251747
1748731
172919
8576299
3474511
5019581
9362931
2927113
7524319
2252939
4915451
9161093
5439727
5982639
9726921
4423307
2214713
5949707
8790803
8323821
5750663
9838113
6570699
188358963
7200699
1751207
1637833
6986937
9412961
4029301
6924781
3968677
8195377
769319
6404173
2268709
4024231
5167311
2690783
808369
1023639
158363911
2749119
1800279
1552439
3766463
8806219
8161397
1493261
9060713
582681
8165253
3887837
9408283
6317537
2349313
186619
8859537
4025797
2496509
1835161
1157899
4574733
5394731
3565089
2689481
3366551
51861
9325787
413053
1846687
5652171
2381633
4339627
3185021
2800511
129112757
9776623
1048791
1362581
4680957
737851
7578607
183189669
8650221
2561337
4811693
5995887
9167259
7528161
8663427
594519
6669219
8970667
9650037
9110223
8149923
3032189
4311119
9543243
5639001
1400297
7355859
7595043
7663777
1084893
32637393
8382359
35249
1537291
4976439
5442073
3838033
5659179
9766699
5363659
3081689
2483227
525363
7557847
6118243
5999419
1305821
9327203
3342121
74727289
6908139
2620461
5357219
9110971
3649343
3171977
6261431
5315213
2524849
393399
5453411
9865933
491823
6881501
7327761
319951
3352037
2754819
7052957
1190699
8411649
8246649
9671473
5521567
644879
1852143
3773403
9115323
3069751
4320487
8326803
5187827
6327967
700313
6108201
3980243
4218189
8358363
9705777
833607
1494209
805361
9741297
3462891
9766157
6226219
6397461
270413
3252759
5056753
67499
1237791
5021101
8028703
8278513
6931297
2529527
118690177
4790419
461113
1002361
4099633
6485951
3819579
9667877
6254369
7164681
6799331
6492941
5207919
4479039
6634687
8158929
4204553
8867983
5010331
9626879
3018401
6951431
6595561
6233573
781051
5207191
7488777
874873
5893867
4127469
194649813
1359443
7702549
8493729
197867391
2454791
3332409
105383831
9773851
93331133
4252463
8231219
3702521
7641237
7480049
1459861
4348037
6510217
2634929
6508199
435627
3551799
4682751
6716743
9577219
3167533
7614551
3765413
440809
7963947
84389087
541159
2338067
3738159
108111397
3244801
311267
5666199
9822519
6393179
5316323
7974111
6211813
6135059
6509239
7818263
8919277
6139957
7741963
6494827
3840013
8802979
113577
5976763
3572281
601203
658441
8238097
2073157
9640237
4304177
9939403
9356853
6470073
7041079
5332351
6961321
6572097
7343703
8958293
3601613
9110273
832753
8330923
6173829
3591979
4822167
4623031
3368559
4632979
4634723
138381449
4418041
8076743
8743499
1115493
1594659
5169451
2955761
300661
6987683
5600231
3637897
8515021
3015817
9988079
9633817
6547783
3057059
1038229
5574267
69315143
572627
6621499
7889649
4352777
7167137
2878393
5200983
2352681
8863727
9166469
9476073
1649169
8080073
5344397
91947011
6405123
33184361
4374861
9228179
7546953
9331349
4181303
7270951
1389091
7802089
9161327
2235189
169719
9088111
7856631
5762947
9447911
6843311
9440459
841811
4343737
8254321
8246693
4283867
4794207
1052809
5580609
6364883
8827753
2987369
2182509
3596091
3504947
9851421
7283353
8992063
2515717
2555107
9088287
8543901
4788721
3052513
187127
5509389
5398123
4858643
9063059
6590949
962073
8097881
5927511
7742191
2612377
8260857
903651
7038031
2609933
5758143
5054407
118901
4086373
225907
3863791
7888747
56501727
3014073
4233311
7560629
9026277
2768057
5818819
2219019
6607481
7783917
4089937
9446173
7662793
3235199
6029403
2934281
666919
1884073
3455209
8928497
5664551
9782133
1246811
7247597
161973751
440623
157052077
164317127
75443687
2902729
627461
6311753
5548667
9808373
10353
3371943
9884381
6394389
3884291
2883163
9685947
5844473
1502527
9677893
6815373
4635161
5952487
9311861
40900131
1836297
6501317
6737789
7828011
4512199
6772427
9964941
9754093
3439361
6709279
2717979
92212411
119684487
2118541
3087219
9186059
7380099
6421209
7295833
868659
8133223
2828231
3862639
8738323
1666371
329933
2762961
6579819
7981273
2014293
5508271
2523903
3041079
251389
8598691
2400021
4309129
2897443
7126027
949849
6816727
201611
6807677
2806637
8645513
6555003
1633451
2052491
1022817
7227311
7476807
990671
2598183
3798401
9503363
4827589
1947409
9678577
130181057
5663393
761843
3510263
556361
79631367
1095153
8372439
7435519
4268163
159077729
3935383
4665653
3611973
621519
9843827
2559549
1073111
6719653
3085793
6173497
2498697
4641499
4254259
5814847
987323
9892383
5327123
3925483
7815841
1825479
9579927
7977413
8332197
9793723
8888917
3445731
59834683
5582403
8961421
1705619
4574593
6439687
1935529
147842729
2270493
1237341
6683933
115441509
6365713
809469
9393787
84371
917919
3010267
1451021
7834069
1184823
9501333
4515627
5667327
6647863
499951
8153867
8088767
815471
4380561
707093
1945139
7399131
8264393
540919
9894887
286339
1269863
9638053
1987297
675913
3030679
7302751
6686463
7456953
6518119
8064097
535553
5226589
3974101
8125347
1501591
6886829
101173
3972173
3911997
7745393
226863
2582143
5590329
6343253
3112673
7214169
1180393
2642567
7664157
4298483
7581389
3724673
8706997
8734219
5574501
66753
3827111
913441
9283529
4437663
3133271
3662637
5947809
9966843
9374711
6459791
4420347
2526643
6697199
3753229
4334579
8252679
3700157
8509739
1949001
1659487
1222607
5041159
8751523
9308463
7928731
179542111
4768363
1496903
3821247
4245853
6679841
3726131
5864673
1908193
9195863
9946669
8798743
427659
3124481
3804393
2604193
9508193
8488899
2318667
7792117
4438651
4830973
4304811
9703997
6750857
5709937
8247367
2856987
6833877
9259737
3885879
7734041
3729029
9351341
7685601
4513927
1513541
8512099
9829921
3311373
5661891
399743
8255477
6127879
2932653
1672039
9473591
8962943
2981299
137786169
94811963
5166933
9207919
1025977
6181967
3253739
2345693
3331567
9587231
110050371
3083101
1609747
9043393
3904101
44262521
5108487
1133987
1347299
2512049
642427
2411363
4652607
184951
1001313
7513749
669669
6481693
1078889
6202397
9626977
9666271
167991719
1755909
7061481
7538993
7322861
9991669
1255359
2421671
408019
3687491
3328553
6998617
1125083
5060477
4457737
4697959
5942249
4575883
3874421
9893133
21339531
2545159
361577
8079267
6313551
9473429
4307989
333679
8442839
3987169
1798569
5358419
7862049
2086639
8056643
7476009
8390283
3357501
8566391
6440163
8997559
9619823
3584451
4440167
456541
6709183
4671523
8628161
649087
118580523
9471421
4785549
4907801
4817181
942929
7577611
7449283
5665317
2420367
3435711
7571263
1616129
8666673
8539863
1597669
8199487
67711541
4827089
9417731
8534777
1353473
6635061
