137219839
7449749
2263427
2694637
5008071
3370133
4109531
2741353
87317
6969527
3076083
1495501
7514431
9208243
8570887
3569377
2848927
8687123
5100479
9117433
5092859
8944387
203753
5268227
9113367
5258353
1596793
67353
9603561
2843989
3335897
2231731
4278937
7762843
3146529
1846117
9024389
2748789
356453
2828123
1743969
8831293
234491
5462853
105050593
5508753
2932311
447871
7792671
6739153
1998473
9565419
95270827
8759111
5444373
1591207
5066669
657609
367573
7167091
4071739
4130663
8528239
4543483
7025219
7695669
4352093
247793
7472283
5959777
8925361
2226379
3079119
49393113
97872551
8371163
1157757
1103857
4260193
8678297
6028087
9425611
4354531
7436331
1573807
7037151
1567297
9474621
3779541
7250731
5454161
8954667
182969
9333427
3607567
18263177
1484421
4361013
6962477
3949997
4524797
2484759
9024667
1649487
2267601
9712353
9010021
188057
8767201
5709159
5623819
1462129
4201451
3560781
6829529
7813591
7100279
4067189
1811481
1045563
7327513
2652501
1789239
4654303
5470957
9606127
9002269
8072021
115227741
153282633
4324853
4610061
2076891
8005969
1805601
5614971
9946899
3583699
8054423
2865749
3507249
3192319
1343329
7283909
66436803
31612099
3992507
3037931
1232017
5801733
6246627
5408839
6181753
3313371
174382197
6116691
8745247
9584873
3154273
4118841
6351301
7409533
6477407
927749
5303607
8501033
3059787
4871797
960169
8823527
604293
6529893
854997
2313753
3880061
338201
175501
2226109
3598689
6780097
7299549
7826429
7125409
415837
8090039
1846017
2320321
9551469
7475219
1181949
1606731
7818711
3316213
2988339
4047791
7605043
8273069
4138289
2867689
351037
7920879
481137
9407167
4397949
8856173
948609
5048191
2310029
5141413
6761971
128759493
3932559
2896673
3801237
3186269
9415709
9454453
5929241
3671959
5419651
3067749
2080241
2284171
5488629
1497849
1105401
7017693
927751
3394951
9688691
5900349
5541629
104961
578887
2722729
8067393
92346917
2264981
7646787
7777989
8212673
6132519
7059027
8273043
881253
3576489
3410799
4725623
3853639
8947111
7362397
459003
6627003
1326399
8822919
1574973
4868307
9546209
8599793
5665507
1069557
6436873
8886513
7761933
107776497
6724961
5264831
6361319
3415767
9097341
121774953
2912019
7981271
5159963
7122283
6768053
5883501
6373403
9208677
9182449
6317921
9854771
6196919
8017529
4215743
9659303
8900579
5490583
6643801
2027453
7445377
1390667
9721347
999163
9376283
1926273
9875453
9532861
8660913
8623777
7730463
2126161
306581
3199839
1369241
6756547
4456377
557539
9089549
3270717
77505331
3973849
2959483
5597013
295193
1164751
5746749
9570169
2720883
6662483
4997149
8128689
7462209
7786991
4064961
8499773
8030883
7396209
3232269
9488857
1325929
5797479
53029899
2122403
3638009
9479409
9611109
6230227
8812647
3853187
5781713
8785127
3576497
833339
9307327
8403479
4888257
3916639
8668547
9932803
8903717
4883401
4245597
2011403
5648497
11433
9528291
957009
5395363
8296871
5859969
2832599
8453817
2839229
3337219
155352571
9707333
6433949
2537149
217107
6603021
5992767
1369283
1347401
170019
9779019
4900367
160161
5533351
5085159
79641
2684983
7618707
7951443
5153611
6746711
622937
8246647
1594437
9621777
9437731
9835903
7995201
3825319
5216293
3059133
4153333
1576067
6973619
4253531
3316147
8082187
6311099
9532739
7043001
8396151
9249189
1466669
6706349
559361
4863251
3698711
4603349
4973509
4919601
1683537
172301
2005293
2849667
2186669
1669931
8106641
7367223
4833211
553789
413871
2540883
4951553
7885479
9143391
2944691
2425019
9593731
2826913
5497717
5081381
3881509
3788163
9856133
287321
7743679
9750343
2335201
4971153
8481663
7871241
4339517
6492807
8244679
4418859
8819807
9654457
9597371
62061
7026433
2546331
410063
73459301
7407811
3410219
2077331
1755369
5075503
639631
9937241
2842951
4818283
7056069
62828731
1423953
4769337
8579043
2290643
1762037
5491247
854439
7612281
827983
4066863
118161
840621
5739079
197834939
2017303
4478651
2757091
1539101
359471
3818911
9288357
9663003
4310111
1238899
1805871
3319307
614077
1049569
9215231
2113153
7605889
3653451
193052129
6663397
7733963
933601
5061039
9754407
7383739
1327809
6903633
8247813
6671343
8156233
9909607
4783967
4016199
4882597
9295283
8085547
5529463
8868887
4821227
7785021
8671461
7562071
8279187
8316977
5486831
9322709
7384593
113391
8858011
206511
9927157
5503387
6227021
9442981
6858849
7948593
6084343
1949381
7598929
8198079
7751201
107122071
7707693
3420537
939203
7249359
7092709
3299181
9024367
2681863
3366709
6120291
1734251
7390207
6569037
6428397
3456421
3720443
4678221
6206817
6326869
2254839
8118097
7983511
51377347
1651483
1665069
5971967
9705743
2933363
6407159
7880921
290061
6760489
3328069
9931057
5122247
5225077
2374301
1303581
5914809
148956927
7405763
4266297
2998243
4647591
3714699
9975717
6655759
8176837
7154239
605961
7489867
7940551
9216279
1367041
6953071
9190051
3767093
3633953
6663103
5079437
6505909
7947613
7050319
9829769
3134183
4049157
2563161
9308223
8765097
4976707
2457521
9678761
3420593
3499083
7370757
7612143
8114093
6753117
1674683
3852673
176391
1151393
2327753
3234277
6966193
8303129
4719373
4912657
1746737
5478429
6382491
8509367
4221609
172693
3465449
8493753
133953383
6402867
1457917
1080537
9476919
2888749
2400689
5908857
7207523
124566351
8951203
4323931
1864377
4095111
5712713
3443101
192868611
8477643
1683323
3485099
5742617
5609601
9945281
9870203
3436341
58839411
3977789
1082733
6955029
191058123
2726219
9113893
112528403
3730671
8609079
1765563
365927
5941309
3164011
70877483
9640223
6404763
1854757
4420183
6109323
2257209
3277539
9174613
5018759
4326267
6886409
6600997
3680357
8422191
706649
7270871
1457771
5575981
3356633
8394769
584893
1886641
7049559
5858131
4330029
194996343
5246439
9611253
1550481
8277639
3831871
7656817
7578317
37254751
1171873
9167663
7593309
236027
7581379
466463
7150179
4209973
94213
9972363
675341
698109
6689911
2644623
8605421
373479
9837093
9095299
2459871
3061853
2192451
3451243
2431047
6873107
4554237
5207209
5017639
4683067
2024161
5327673
7871093
7543689
5075699
9037881
5822723
2454301
9729689
4115163
4810609
6265227
5014273
4319213
9159299
2164997
753151
9349627
4990127
4880951
1245207
195436561
813201
6593243
5580339
4947063
7215271
6259479
9876397
76781
18353
2715219
227733
3658481
5618993
29977
2713003
2554071
336373
3225653
1684443
6170393
9413007
1656173
8945771
7124879
9527089
1676091
132404853
9566597
6564521
6397723
2492183
4145537
