2498113
262889
1512629
3337733
896141
4869839
7216861
488203
5414743
2729863
1760389
2076927
2119313
8361867
5899863
5264793
2279511
6229291
54560327
1346499
92622157
5497291
2980071
6991019
2571281
1842227
9184017
1080497
3668837
8573299
5935093
6781039
6458107
1120961
107450773
3032031
3717389
7814067
9743551
4379263
4241663
8660151
6858299
1290551
6554063
5982709
4152783
2948969
7666847
1897111
7686683
2431823
4865439
9381773
3431513
7884529
301313
4017477
7040253
6452017
7585159
4071321
3118063
56805101
9115637
4685431
7736959
4644089
2792127
1502177
5467869
1365259
1205663
5658357
8051701
1894229
2015629
139870069
1295203
8329209
174055421
5255353
4816081
8284833
4926043
9766377
3446321
5787011
5973221
9411391
8633517
5429389
3544197
8344587
8586943
751579
6428147
546107
4759853
632143
5831739
5453167
9189817
2604079
4773993
7430673
1329967
1299317
8969329
51587963
5678641
18063173
1171513
1655907
5951889
9365727
7480491
4983371
1246161
6058601
2887281
2458163
8976369
2667003
2317803
8953919
3386407
4797539
9526171
9828823
9286391
5838739
2387133
1385557
3881057
820443
4039617
1812399
6906091
7931563
5136171
4882471
646377
2149937
2830869
8239701
4559043
78793751
6972141
7845129
93568367
8754299
6707367
695571
7664053
3278589
7842463
4957543
5758503
4773079
6479983
5594703
6951089
5458413
112757
5802033
8070703
692597
4565287
421457
1460453
1059027
9654117
6410301
9277509
8363397
2337101
6345899
5841579
6780579
4726391
299691
5015891
8698871
5210257
6175531
6250941
945001
1580563
2986137
128779513
2300931
7593079
2504593
1086763
7252689
4150271
7422053
9439459
3912739
5936739
3913773
8426531
5831743
6806211
8016531
8228627
7917981
8693849
1888931
6672901
8500639
6155621
1438781
9037573
8822729
826473
2691399
9979231
7477999
5472851
3219833
2435299
4470753
300529
9085223
4702811
4978217
5532987
1511629
2695653
4757559
8336339
3507097
5032747
4270797
4606619
1093659
163186177
2729459
5770283
7207367
543907
172167851
696239
3963741
192177139
9779597
767361
2208443
5495777
2051457
6596427
4314733
9969167
2265299
7738073
2800241
1623523
5583323
48389797
5223951
9264667
2681619
8679087
5013913
3572849
1689351
3252211
8692831
670897
1366393
746227
2760459
9041433
9274813
8240051
7405093
1810263
9153601
4802021
1664387
6875597
14323
2327261
9305633
7714751
8826313
7736671
5302451
1423419
3733893
23319533
2913789
3828703
7841663
1887783
5035707
8860417
6261141
1406071
476953
2923967
3202179
2634157
382989
8331979
5164827
9952619
2264753
4571831
3332163
3399263
2278961
6645319
3070499
4287
6673819
6226833
8130601
5363801
6054793
6933969
6278387
5474217
3196219
33831
114211
1484221
5768967
8131077
3629279
167678617
9106881
1266707
440411
9886877
195500453
9561277
6317463
7107803
2751139
139642777
6615693
8576707
3253549
7145813
8544539
5305981
6105983
2649997
3832373
6563503
8728871
6024103
3684597
9305223
1361463
9165581
9208673
5604773
3969713
2256791
3155719
8809097
9310873
3856019
3964127
8268049
4430719
6584047
6267089
966833
3864109
5040203
54752989
4796389
3491549
9644427
3109171
5156413
846037
9721807
8887239
4790009
7455967
6984717
4685371
1270477
4433987
7809453
5157267
5481197
8367479
3943433
2923799
8346327
4535301
5710147
1308721
6312213
8954123
7303239
5555541
5920723
7515881
2987223
8869351
6682399
8326479
8462877
5904861
2859753
4019363
9864787
402831
4606077
782411
4960949
3348689
6631327
4867369
9836569
108189153
9851087
8182507
45241821
5714849
9972903
7822039
3717343
2807333
8193841
2170477
6939349
280453
1707663
1499497
6346759
2349383
825697
1143581
5042059
7152411
7007281
3720521
5403851
4288459
2739201
114707503
4696409
8917713
1560889
1608763
629667
9986947
2617709
159702221
361079
8802619
9915331
4746859
606161
1986341
156535791
6618181
6156539
4571309
2254603
5809451
6320827
7255687
2651501
6155809
161959443
7068741
6716729
3040593
5754053
3339809
3855657
61139
982313
4446111
2591993
2001263
718223
9573017
6477689
9785431
2816179
8394357
279053
3503401
9018577
5549323
65185323
97069
4654149
7079021
7799433
3959221
42750049
4119307
5577467
5360513
1106043
1536991
566319
5091063
7454959
4814441
1994629
309643
2592219
9811887
6578501
5652289
5522457
2902863
7472709
3845069
5988977
4696963
5104381
5662529
9978141
7155271
3940059
3528241
3263929
9435117
2358497
3532969
1073947
512543
4049741
3674403
1688193
6094509
3535813
648139
8493827
9355821
3203191
5511463
2908567
5219279
9225511
9737719
1136091
4510197
6101991
6009151
940193
2781493
7098319
7963277
4506453
346579
4027039
4961729
1185907
9622219
1957059
3204761
9802209
1795797
4581459
9475359
80503441
5519309
5446359
7075587
6701837
170373399
3575259
1522827
5410327
142211
169365709
5899219
6542269
945789
2377589
1712391
4579423
6210391
9464013
1384277
4538843
3906739
3695303
6149607
6607259
8121063
6294097
874649
3601261
152971681
4408119
7085091
3175303
7987193
5222981
4988109
6868583
1581909
8136757
2970311
8120501
2496801
5654403
168769337
3529491
8116653
5994679
1365139
3999901
8345657
7464831
9321479
7151799
47053981
341339
5362871
5503913
3832819
3984121
9592129
9495843
7536613
2685279
153098873
2919207
9174131
4962463
359379
9928863
7655677
8723997
2882379
9564573
5589989
8244769
9575161
9965171
8636493
2185103
5217953
9296149
10182631
2387383
200481
3693839
7129903
2510069
4229049
5810783
2610217
8106701
9187093
7574059
7447789
9666003
5586253
6010793
8966529
3734847
5806747
4031373
284877
9924467
162621407
9864741
738157
7656089
4077347
2720549
5572033
6619937
8164999
5153999
212597
3237739
118130711
7957489
399897
4870499
9374653
3404963
8086197
8323529
7178897
165379117
6087887
1184019
9732151
3245539
5600479
8535521
3991569
4307871
5968527
2784001
684779
6768093
5285979
338071
7167623
7496751
173310857
1339751
9961371
8346929
888637
8742137
1320561
4971723
2927191
2645741
7073769
6225163
6584327
432543
4132683
755677
3513883
5574757
4690581
5841699
5648269
779607
4167647
9287693
130433
9181853
9617857
2462727
4058247
5292179
6103833
3361463
562621
5103163
1396563
5350887
6797033
5334981
7588267
8198669
1125321
6371717
6745607
9356899
8808261
4354893
169012853
8319961
8429623
6543641
218169
5526727
8060341
3187313
2007771
524893
5234861
5602353
1473631
7966313
4455963
1843509
6613791
5730107
9047319
9925497
509013
5563439
2154867
