3268199
4879959
9476619
5975097
3471499
7935383
764081
5683279
6712213
8674593
5355501
7412609
9060247
6760901
4033287
8663667
7044681
9115117
9627651
9191107
5560329
519959
2419779
9070437
4202489
5980639
3334063
4282901
8361961
5913707
323019
6859199
627487
3794579
9406091
758837
9964737
9474883
3738567
104989
1824133
7379493
6127211
6908251
95470703
8498903
9390037
8172363
666269
11699609
3383707
123351
94102653
2286217
4781479
5065929
5405193
38991709
5425129
5910773
130813
357059
5716461
6364101
3376919
4966269
7990109
6371787
7396097
1315359
6640449
5668573
3084849
8060987
5550391
5303321
7008397
2915331
1902303
936823
9011339
76961
7476727
57064381
9307869
4948399
3208451
4526659
4304063
140465581
3162037
1845899
2732019
2772393
2434393
1861293
8986569
1040471
6452477
5176379
659871
7505993
8144909
222047
3545751
4785751
7272411
723613
7052829
5416829
5064181
6282949
47760749
6648681
5422837
7767783
5708451
5525409
5459517
8469001
1666523
8351709
5230867
8814797
4209577
969367
4091453
5998277
1796091
8914039
6331571
650521
3876377
16284237
8475741
7036259
4794671
3683813
4585567
4075017
1849447
6529983
3884751
3818349
7657021
2794411
9629583
4779513
1576671
8171091
2047711
5273143
603451
3869393
68731487
2676549
7057559
6890081
8231037
9807891
8802409
1659869
547529
7152431
4818267
4973697
3245183
4391771
6236883
1958989
4190423
7052871
8751951
8411301
1046083
6879883
2968533
43920593
7315143
1201203
5622027
9694621
3582069
3201947
7372459
4012319
40997
5117601
665567
3430211
9573449
6441531
2460059
7937077
2985727
863793
7806077
9004651
3371893
4775717
2631153
9211601
7722677
4259327
2434781
11709391
2959967
2008759
224711
1519701
7616461
474231
4863989
2056761
3669291
99659
1190601
3163083
3906197
7617101
2475843
7268957
6372751
4250627
640127
1864909
9966301
1580289
1421107
3446733
6394887
5659127
1319233
7815749
7932769
6530433
2237391
773249
8585599
4544679
9159749
9932651
4134717
9725583
5850741
6602817
58032619
5464713
4569329
9978127
2340817
8544083
2869031
2369523
8384409
6221103
1363221
1245379
9166581
1922237
239141
5642937
744187
8809887
4743093
2545301
2554931
9052433
5091141
2133671
2904011
3731537
1646991
1565541
6291051
3241351
7300587
8482499
980969
946177
2478743
8683359
5867617
5508167
4184969
6416563
6041611
6094743
1976339
502463
1856463
8542371
13542243
3590017
5291677
4103307
919781
1678731
7644091
6779611
4738087
896993
88982253
3601243
9596527
136689861
1125727
1136381
6937639
6772113
194853771
8471949
3060499
123740851
2249787
3483287
7144807
2451891
5659337
6508703
9638257
2530169
7268221
2223789
5838927
259957
556731
3738533
186104513
6908019
4384451
6508089
4177731
1479193
5009139
3620019
2344123
2670869
8278989
1964993
377273
28420431
7474627
2868411
5925833
1295449
7233617
7168903
7965821
6011587
4932911
6946277
2863821
8012949
2257753
4288929
9949871
7064123
5068749
4256907
9368259
137079
6728003
6246417
7868741
6720019
8326181
7015783
3199371
5645197
5917109
3747101
3506349
2192361
5789673
4181419
6423823
9397551
9548591
6433923
5592731
9233489
3869419
314193
3372913
3528331
5608971
1596459
4299467
8617299
8872439
8428569
9779971
364913
144545983
555501
5291293
8848421
7153463
1526643
4419471
5859569
173889
8892981
183945281
1967007
1629843
2019469
2603597
7094011
5167301
6523099
698143
703109
7130177
3849471
5642793
8881039
3422829
9973533
9016773
8984759
244913
1147497
9560727
2269413
1376081
1308027
8145429
2363121
2886481
2446741
3869673
1644131
2034833
5502509
7066721
534847
1260969
9617367
1311683
3284969
4240121
525599
8961331
2256229
5800127
79475437
1535177
478071
2781321
1563107
6507307
424949
5530111
3765821
3886157
8636251
6397481
7541583
6703929
7481153
9746229
1498173
8944203
3257713
5063789
3945631
3539783
2766249
3209013
38457
8886283
9209973
8035263
3432211
2290849
6085343
2575831
5293301
6704981
3157741
7957103
9538573
4775053
2615371
5381621
8574151
6016311
733099
5542167
3471953
2805231
8485393
9357503
3039921
5192511
4929377
3402309
4942691
5398007
7017551
7161889
3179913
2675193
4314371
2184457
2815523
4669649
2262853
249379
3163233
7504517
6535369
5600179
1791953
7911963
3419443
6244843
6856587
5082647
1250119
9778197
4844201
4748491
6340709
1799131
8974473
5135189
7756229
9647527
5477513
1472781
904489
225369
4857513
3739491
7684151
1878443
8757191
192820939
5560921
6710081
5253349
6166083
4730607
6660051
3160439
9592671
3475481
3119573
6829521
3028541
3989683
2006653
7091081
6129337
443427
9033569
8585413
6593313
4023511
260957
6433489
1275549
5773421
1138031
6298847
6872087
4864927
9819439
2506247
7683663
9679859
3880657
747019
7018471
1661423
9790049
7697087
4911079
5924087
4442191
5796647
2824309
6272891
5699417
2738789
8773373
8543359
8703689
6802539
8850111
8231371
6342253
884453
1251087
7836249
170226771
8542893
8942609
5519591
8912487
225967
3886549
3863603
3771833
9310779
5961469
6633187
2365377
2572057
4589179
378197
8727713
2881293
9445117
4273361
666869
1086247
8792079
5490811
9168597
6097697
201633
1724993
8539221
1975341
4235987
8456013
219401
7892319
5053711
7299779
4223467
3584407
1882609
9175579
9407569
3729999
1345709
5598091
2746017
7377513
2683687
285951
7235759
3671917
1487597
7044049
4202143
8749669
9249103
4429399
6943571
3460737
7961959
5416593
2514649
9675143
9998231
3947297
5972637
9607963
7885757
26751
49203517
5157699
5937133
4832829
3120271
9732213
8501273
5982311
279213
7409591
1741743
1274619
258981
9611521
5210979
8171801
6277511
4867717
160207
688523
3628507
5073103
5191527
5299637
7930243
1376629
4654173
3024609
6234037
1739607
7257553
9179437
3186493
8470801
1464329
3035043
608413
6037111
7471659
664549
904253
3607161
7589689
7865587
2432029
37852283
6051839
7748887
5519493
8762713
1515607
9788777
1874397
880103
8497081
5181899
7570701
4626943
4022447
5149389
4501901
7000651
711521
4459967
7262843
5740279
3404249
6746499
306777
659657
172454637
6129099
6652399
7923489
6227999
8961923
3804823
5361601
4976257
8948383
9424577
6001513
6291369
1808051
3327571
6595237
