2252259
5385039
6589001
9814521
6021571
3642331
6971851
2302427
5899723
8742119
6213611
2629427
165943
2654437
3408497
8883249
2510687
1871223
4313563
8669679
6854463
1005503
171735941
160988857
100402603
9323349
3069899
4628181
8911267
272359
119522111
6366863
5986109
752911
4563771
8714003
5920741
1452261
790659
2462521
5001319
3683649
3103339
2763081
4827347
4788487
5566421
773343
8952351
12023393
1817201
1667339
4268967
3290867
5291647
2010017
2966399
9878879
6318083
6571349
3157237
2922429
4933473
9449229
7630361
3990589
7912271
2811463
4059709
4974397
4165777
2717517
1867507
4699413
4594843
5523527
1590727
34751
8103911
8674977
4583131
7842621
1396187
4460157
8244551
9134523
9545713
7251777
7197729
2672533
2809049
140999247
6141539
1840797
3600131
1048501
6698641
8610503
179167
8635067
6165679
2161847
9399141
9044187
186460531
5118659
7831397
2439677
4263887
7765767
2232101
5435911
102890067
8448617
5134161
1311669
9833089
2189601
7797427
1238993
1973251
6896403
194207303
6796417
7606413
4441803
829149
29753
9412053
9566181
5602953
7079597
553493
3434461
4140171
7453363
8268617
7612731
2393967
1470349
5905047
7394781
7609873
1759353
3473661
1659569
274011
4071477
5861841
452993
5860433
4040861
1943883
5187489
9262463
4187331
7398101
4801541
1198809
4438131
5861033
279861
5722367
9325507
83942707
8479361
815433
5445789
530803
1319019
3652553
8234417
5508391
845323
9765059
4545901
2674159
5232409
6755159
1241789
2809913
7407859
5873253
6764983
3447041
9413401
4337277
165243
158931007
167888467
3520143
2478467
9388507
3499013
2409429
140477
6133687
8250303
4109329
7133181
800879
3237683
4296893
7543293
5207139
15645067
6170379
9056789
8977201
8141949
1692131
3737879
7158839
4385209
1064569
7148033
3296433
5416727
8625411
7696247
6705189
6082549
7485409
1670117
754339
6862693
8170647
755809
3133131
96805223
6626681
1657373
4701529
4172457
6920157
7811523
3395379
2939911
6818757
8903757
807931
127772219
9172573
1619203
9644607
368127
7850831
6476793
264351
4891369
367543
3300849
3029943
7886437
2472417
163878853
6047893
6305373
3699077
6672621
3823121
1920057
3125311
2079439
6908549
4978709
9369179
4161553
9541217
2420753
1384937
9458463
7195769
6452277
6155827
3976309
3379581
5140693
197398553
6658253
5335073
902973
3025023
6253713
45199351
8234563
8249351
9170133
3737039
7453321
820391
5631333
5393159
6113103
5160851
168009
1934809
171756801
434921
776653
1096049
4877851
1037499
1569781
2888579
7703749
1905037
113067
2551977
9223651
7614547
3296171
5033967
1650429
4202189
9157871
9342357
1008939
6956217
7554161
856427
4514767
3815261
9841593
2757811
8319871
5315369
42409
9820723
3146109
50676161
180706871
1774259
2258617
7637493
3379569
1181981
654257
5337781
6795359
5294199
5119497
6688001
5874037
3816509
3662429
2527721
8427907
3097743
3275213
3173147
4451529
1777819
9492327
5528017
948997
4356861
9551123
3343617
9006149
7315031
1552537
1624013
126190951
3247567
361471
8787051
2936077
6381857
1945287
8834019
3005789
8991871
6017369
399881
3811707
6298807
8717619
482163
9649303
1828519
7003493
9327561
48664149
4106011
5859803
5905607
1893433
180394861
2019719
5988159
2628757
1005851
8559059
9471389
698013
1361283
85913443
1610191
7742541
1463509
30143
2187007
5247709
4643209
2371213
7048173
2520713
4248633
5523917
6498049
6278749
5798423
560703
1164523
5337491
6115989
5270311
5470469
1972183
3371431
7295041
3657179
6378509
7467741
8045297
7907437
418867
2421881
5758049
69361
6851173
6905609
2540711
1079771
5628101
4663701
7918289
819931
5729517
3874659
6742577
4936773
2745561
106189
8160989
6115823
8511511
4021437
7435481
1351603
3647111
6090869
6247187
5556821
3508013
1077757
814673
4936019
4655491
760173
7724447
5443173
416823
2922263
8044401
2557963
1972281
1650943
1083661
1411349
4747817
1293103
3031787
6013341
698553
2450467
1632769
3754401
1548371
2303463
9253237
4818661
586909
760761
8925119
6836283
7735963
4433859
1708961
7457423
4525931
8754841
331301
571591
3698883
8662793
3477857
9333257
7915367
6860779
5542023
4639381
32953513
952163
9121403
2603441
5155063
8932263
2898433
7107507
9543831
9909889
7227877
70221
5416917
745483
877799
8298313
3655897
5488489
9830109
175737
7297647
6871359
5703111
7889721
5181497
6602653
9467663
4621053
3868787
9380557
8509843
8908633
5781523
4443521
9739771
144112921
5586771
8794941
6062161
5378521
6370051
604813
1351193
4731787
8552971
9618999
9392963
4421337
6697361
3956003
3700679
3369931
9996753
2205047
9259217
7579807
5662797
3561663
4062897
5256411
138271227
9343931
8269619
55569277
5881227
2705729
898783
114139137
999799
5826801
1240303
9588097
3871161
3099329
2911679
6182927
829633
3198129
6937723
1210797
1443813
9310449
3129463
4927753
3301441
731107
2889189
9624069
3652687
2901551
151310663
9556669
9304211
8538919
7301869
6267211
112207103
6692539
9096713
5908733
8463219
2799319
5721137
5578167
8711049
4820989
658961
7751811
5546307
8766339
1990579
9248733
8002767
3435543
4258571
3452587
6818387
7434819
7680079
9111047
9196371
5531287
418901
7340013
9977491
1658871
19435117
6139397
7965881
4540521
8541739
4861113
6676533
6234577
5200447
6805931
7384731
3980673
9731359
7117679
96407
9032839
6264249
9554733
1515901
185306533
263877
6951969
699269
444049
2871873
3552269
9698953
6559067
8558297
8786083
114557669
6730711
8936279
842191
698301
9911013
8017133
7798297
5416993
5880951
677527
4294783
6220429
2164543
2486571
3379667
1739143
155766257
3430001
5822989
1898219
4753983
8365439
5583517
2290947
5119641
6534797
9815511
88356207
104067
148820371
4616433
3789377
3140883
9149959
7615521
7433963
8309707
202517
4168981
9041371
1530853
9012571
9014687
9823373
9653939
8778559
1492323
7523679
3719553
9547153
2047237
8668889
9515187
2476603
1403481
2677599
1499397
9842039
2389073
4058653
8259539
5681817
4735339
7808807
5649853
3400419
6008897
5177283
5810541
8283753
9815929
7640313
8015439
2779731
1242997
1400091
4835729
8825991
9790407
2277941
9824551
6223889
4576651
5367237
3043831
114259
2623101
8681411
220659
3288411
4183527
6736433
179035441
2024763
266117
9659631
4682631
9167153
9801773
6745911
4396707
4667609
149644541
903153
4323691
5376023
6621581
4967473
693873
9265297
3559863
971169
3684773
4048649
89803111
3539311
3533611
7231277
7381323
8109307
9875937
59628653
2662073
5248299
1514033
3295739
