8739531
2808889
9404019
8122647
5635511
6487751
9630433
8798257
9121343
1690493
8907929
774101
9537111
72639
8698253
7284921
3466653
5279903
8857153
3514513
945751
7733887
9369033
457397
412787
4998239
357461
2485327
8443873
3171757
7929599
7036077
5670789
9609827
3810093
6890687
1618533
8861531
1465067
9936501
6590049
3661633
2429233
112837
5017127
1311059
9701109
9847107
652463
2292061
8284671
7154101
9271691
875593
8620607
4323243
5695039
6492991
5618153
4195899
8719089
4966991
461059
9503783
172360373
928783
4057421
700249
7730337
4512497
3638959
8426059
7572469
98457
9227991
2543597
6975023
2159047
7781943
130056561
2759309
3992059
9247343
8824089
6393837
6843333
9734321
12391
388569
2857067
5620781
3814363
4975929
7887757
5518993
6537907
4936887
9365691
3972897
3313383
4158333
5624851
6926471
2918021
391853
6601347
4851421
3835591
8843637
316137
9806449
2094787
8308177
338883
104065683
1906069
46288497
4121863
9188803
161127233
8869019
6424029
1844289
255559
7372989
2288401
8823393
8130857
6715609
2136241
6135669
4244719
9070287
6557149
8443137
6098917
3236403
3139997
1725527
5224059
1632561
2765639
2935751
9772181
1353697
6727349
3665889
5441477
2651599
1401469
7580473
2854201
2308113
5922043
265539
5639897
7866029
2231357
1271967
6434563
5816379
1029009
1529267
3618169
2610273
4409451
1900633
6342257
3698639
3751701
4134751
2245847
7848661
1099113
4508743
5448961
5389101
2772813
5177921
7035537
7851511
9118587
5672479
5512213
8121671
2889867
1140143
4379369
6354363
8817829
8099467
3242227
6217981
9761709
8892319
1123471
1332597
9850811
4973989
5690287
1176323
967217
572273
5351201
7794141
4082897
8440043
8059849
4917301
6809017
1911411
2040891
3645451
9651113
7770747
992351
706853
8723843
1673757
2971249
2202443
1147103
2090067
715159
1780467
180619219
9441837
4130467
2444741
7321621
9467549
789613
8190553
2903841
9579067
8310543
9909447
5613813
3031351
6784133
8369991
3656533
40541
7204571
6441293
6136501
32593
2342749
2924021
3679201
5633411
2885237
6668983
4926223
556659
9251359
5673377
1439411
116651
108861
2384221
38927
8753019
5663721
241889
7339217
115127863
7821723
4069537
1275457
6647129
9517487
5512861
9952819
9873799
269591
7273227
8347669
6030067
8427407
8630069
2191451
4819137
3044339
734473
4316691
4068137
3665023
6770127
6440747
1778649
7261523
5901397
7329631
3181419
8648793
6047003
9775189
1941691
9717789
4462663
177979143
111441391
9565423
9457487
1743153
3015573
364831
7460369
3515153
9688109
7317899
6795149
363447
3917281
1585819
4270663
8527813
4832887
182246821
5506481
5942911
8268249
3862371
6385653
884681
27939153
5895139
9325317
1402571
2211379
4913473
6537677
6434181
9202543
12008081
7489757
6817709
9745243
2642139
9211143
6035749
3734267
6819083
7611797
8706147
6207247
188048977
9968517
6001909
2252049
4401869
5966989
7483421
2467017
3971943
2764497
2806033
3896781
5735623
9718567
3195081
111719
1866989
166698181
6245647
3466891
6193163
1000147
163552853
88895777
1697529
1165331
4613201
5091137
5214911
854931
5422579
38586131
7129731
6131787
2820977
5503943
7690791
5978973
1952137
6515313
7624261
3779613
1247263
1240423
2610613
5770243
7760213
9647753
9807751
9840979
497771
8591413
6101449
5051709
7577013
3092741
672769
799381
5554001
4064397
6234819
3573999
5712371
9018931
5609131
1126631
3577039
1866157
7907439
915287
1258981
8719941
1177669
8726913
3339993
5519219
4057203
3127431
43167
9248571
2270123
9655879
9567329
7967333
7987781
1121271
5662679
8339781
6599049
5569689
3183917
8951273
9903753
9114069
6078943
6935319
4897369
6993737
1996309
7698153
3887859
1657363
6701739
463063
475469
4189031
5714289
2064527
2386479
1727781
5404747
1438039
6159257
3176801
7128237
6435539
7987933
1669073
8507263
5502033
8170841
4415271
9567123
7039461
163583637
4436373
53517179
624531
7175467
8132711
4525941
9454007
6648827
9270257
147195373
8144003
7533963
3263307
8873341
3175061
9234553
8885423
730721
4224943
5012093
2819237
8686307
1333887
9271297
72533
7079347
1353009
2641707
776213
129433189
2194331
6512791
7164391
1132781
6740609
1418649
7398667
5097341
3563377
3133259
1820793
67179779
8417277
3545433
3628627
9617251
5203251
22747
7778737
195211017
5511261
4542531
6122641
4804939
7118407
7611447
664313
1895543
8774063
6824777
6482943
5910069
3967721
9344793
9606097
1487073
8655463
767589
7945963
1498081
2932343
6570201
4277337
4849117
5768829
854829
7906269
4715723
2341759
1059347
2128491
1337521
4959329
3648559
3992669
8568927
2938389
7687883
7945767
642471
188237563
5508671
6345919
7409599
3859097
3591469
97543721
5656277
8543277
9445753
111662493
3813269
33258653
1873239
6661021
4622561
4880519
6030319
7855273
3454991
4421697
5854373
9560079
6775319
8823597
2358681
2777183
5831773
7537103
7346261
5512511
1311047
7881691
9073223
4317143
3002673
3222539
2910271
2171361
7085147
3928679
7219941
8518183
175178227
9066191
125941
4515889
2697897
7484453
3995343
2018737
8047831
7123659
4417101
8197153
175813
2259389
3439543
4967227
8825979
108980519
9262331
162163
3008211
7235889
8275781
856269
3994301
3296749
3831393
6854333
2601999
8062709
7137469
9891997
4685717
7421847
4123967
4796987
2176911
1479973
1194341
1477367
6158079
8051683
7776541
6829623
7380331
4301273
3031777
548431
8125949
8648837
9098909
4680671
8280493
4098629
6301061
5439219
5462553
328083
5904207
1328337
2396287
5020909
1293031
9746839
3536531
12305163
8742281
5442691
293869
7179387
7019377
938617
3092739
76715691
33282649
21317139
5864629
1367589
9860509
5348771
507033
1579613
4915357
2413813
2849373
6220203
3564331
4137761
9112873
3859529
8464603
152076143
6051577
9964749
484939
4094087
4479299
91453069
74111
6013463
6326431
2295683
9833061
8774673
9326147
2172309
8725343
9328731
4367291
1376749
9263547
259333
5839859
2247527
3380079
4991407
1937337
1124511
9436633
8548319
8650333
2321481
202641
6093017
3475189
5085161
2011179
1956293
1404163
4882847
141477
6062531
5701429
4396599
8650977
6918679
3279431
164406173
3232599
8810771
4242293
3609723
3122821
2075247
1437587
5949203
4991819
7652469
21354417
4462793
2015703
6791963
2864299
155904231
3645719
88917063
6682487
5263457
641387
1817563
9298537
8293337
3563537
6620493
9225771
6530263
3268877
3473573
4624493
8264693
2346493
6644591
4246363
4183171
2717359
864759
9766171
4017247
3931511
4858201
1598781
1064799
9286397
7918011
9404879
3160397
2642133
1917247
2743279
9554033
106277
7065291
4557327
6338623
2790539
433431
9848713
4603649
8912307
2195103
7358017
9805527
5521463
3543403
