4032689
118402713
641373
9666491
2883479
5822811
261017
2243077
108508391
8744641
3502917
7681883
36910511
90221373
4407489
5895243
9198007
2996871
137623323
9819019
364401
7583541
7172821
6589373
7632807
7359609
5774213
5311173
8719021
7880429
7174627
3837533
5715831
1319079
6513693
1922863
8367383
8379563
6791163
2465753
7993867
6884381
8482841
2766857
7830861
4768509
2831593
8994313
1576571
5846027
5859123
2515393
3159829
3699681
8282901
1317947
9836861
8844993
9526389
91206877
5325549
4672263
690359
39732391
3891577
8671661
9127601
6665941
9537403
2638737
4670413
1465131
3686407
779961
1604409
4436173
3700653
3363693
12279617
5964421
4956453
2365057
65417751
6043471
1180207
9294691
122797189
9002347
1764801
4901227
2926261
9189187
7933621
139691
4622203
1023383
3276019
4457093
5556531
8052303
597703
2165021
6341713
6027047
4081321
25991
8096007
1722503
2305229
319493
9739873
6160091
8493309
6188663
3274541
2422947
66077591
3876171
560753
4628089
2450801
7314261
7785519
4649713
6614977
6297197
8507121
7494761
7185511
1949607
216803
8481577
6922693
5785589
1244281
7554461
6546559
2710911
879733
7956159
4494801
834289
2002653
6965929
8120089
56849401
4640093
136807
4895093
1415453
4186537
8023509
3641737
3572617
8490499
5329257
7773431
5377057
8829483
7719497
4987187
3550007
2217867
564907
3040537
5578187
7019889
1947539
9985727
537417
5652559
4393223
8237703
8018351
3454131
8519027
6693149
936251
339119
2995163
1409081
7811777
9814611
1298427
8571427
8152233
8500829
8002183
1959491
9955967
188204809
5003229
6662183
6426463
7300921
2551079
3128841
4512303
49361
9136229
4442431
8385973
6976209
156961449
2451331
142169367
1010089
6551639
8963367
7270711
9505391
6941659
59160381
87728999
8601627
4475721
1404193
522387
9054409
8511559
9974903
3511473
2703059
4852423
120326689
5443583
5447011
3953369
6754771
1175629
2805329
123417
8483881
7278591
2357341
5303681
4637557
3664183
3875717
2031601
7557127
9209329
3541593
5669091
5748881
94503
9404343
1823453
4835713
7850081
7671771
6779671
4322229
6370623
3464057
1927573
5126903
8700447
5733843
9662393
1334799
5348437
3432507
2700139
4752843
8697819
500923
4683899
2612777
2583347
1824511
4262263
3151321
1280187
5956813
2057201
1426331
3421609
2950127
5464743
2743113
7973841
159523657
757559
6004677
9971121
731493
2960799
4124123
7546103
6905267
8682559
8721163
889121
2501543
5314137
346239
9805779
9390367
2684399
9793049
7612773
1045569
215567
7697259
7914921
2129519
6090907
1940123
9783467
9334237
6402707
157026421
5151541
4528159
6466403
7284739
2896419
7485231
771897
5673799
3183391
6934079
9384937
407319
6325191
197316759
5225697
2995903
2683307
3612347
7710117
4836991
1620883
6006627
3810413
5277447
2093211
6038483
456503
3639301
6981987
722819
3537589
4538513
5986337
5956309
7414687
8389989
120485489
74448241
5620829
387743
5246027
4120539
1613659
9313069
5275281
5197447
5655983
3960133
9227593
7017967
3828447
2197909
7532207
8434841
137200389
5910181
7246327
9933417
9593517
4826257
7821979
4928897
303931
1297847
8684787
2360493
167561183
5741893
6831603
7882267
1885687
7904203
2926659
4131959
7065461
6568049
5056603
1013777
8637143
7584971
8184203
1883721
5680189
1036673
4342179
9240897
8666749
4627713
6516353
3359573
2412709
6856109
2616187
1632321
4047973
1470801
2107227
2616349
178040161
8008477
4458557
2125527
9465827
9492971
4971783
9473767
9665229
2778033
5114629
4178467
9389931
7314701
5034807
2592083
3437961
3975877
4132107
9622801
8414593
5768043
6403303
380059
7902647
1610909
6261019
7316257
1438051
1907213
3225103
3814097
9775403
3926627
5408409
364781
1498919
1619231
5214269
1202861
6410681
993137
3869077
828659
6951721
7051051
9296499
5368011
79967
5146313
5467553
4111079
3833797
1342467
5983669
5741221
8091363
6492337
3794931
5824647
1773491
662743
6374551
5730979
5219127
2068409
1803317
9541037
5418743
1031661
1559201
1263141
2664941
6437227
1431001
4373679
4949613
7752661
3720509
822541
473581
73874131
4967421
9248379
4526043
8758633
5365897
5227619
9849737
2080841
3104017
3299723
1736477
9816811
7033221
2403533
4979223
5037723
7553149
9962583
1426473
4282129
8652713
7480027
2101483
3453403
9275363
3958289
5848689
763253
510089
6779811
1755277
8307111
3261243
5114563
8807401
6183633
2525087
12541
6799647
2194067
4920917
5619933
9279949
9125133
7908701
877643
2384583
2444453
6036171
9916509
8767593
5956839
3226273
8988429
1776551
9355763
2988587
5675499
679011
3373599
672829
2368399
5083577
1572541
8639151
7434779
318791
3283593
731333
3652311
8825907
5691387
42439
1192453
9606611
12031
5806919
8033073
9599079
8301207
1512933
5177331
6552629
3628419
9005983
544911
7101177
9803829
2963151
9683293
9935323
6919109
4438873
5350683
79147569
158083
193796681
9896453
7179157
1708793
2383367
5079489
6032459
6271577
7945051
687557
9118851
4260879
9084667
3681549
9499303
9870471
4670749
325003
6135147
18833
9749987
9920031
3235583
3122481
3122221
551461
4130183
866947
6154663
7024631
692479
6250583
1975681
4298669
606469
632997
8891083
2964429
1950693
5061731
7154009
6602787
5100181
192033
8025289
8098529
71628753
684813
8370117
1962621
3853973
5870651
9654391
850931
8117889
6875097
3923077
7643877
6919289
2059419
5731993
5863733
4163667
2260089
1002841
51233
5214101
9500579
2845057
6195241
7196243
8540243
5038583
5438547
8095167
3405493
9850519
1564033
1938897
9246949
5134783
4118873
102129
5291129
9729361
2983627
809903
7028797
8223147
8233299
2703291
546959
9524867
2556397
7420137
9989441
253923
5397439
7198557
4929631
8091983
2514621
4671771
9684371
9579759
7377069
1297493
918581
4852001
4069233
9463763
7059329
5187157
3198367
7186241
3165903
3623779
367431
9605203
197910889
5395239
9404557
499091
9277931
4816939
1149689
758087
5473917
263971
4635019
6310617
9966289
4208749
7732047
6413881
92973
8188917
2750773
24902953
288473
3929809
8989063
4874981
8171181
533567
1463649
6803907
21314279
2511207
9546407
3247029
6248109
1071717
2445181
1584937
8615267
5507509
2703553
9845251
6422547
9426207
2804837
69919
2449163
2230981
3586473
9316073
2036727
7440561
3293349
4497423
6987
7843031
3606767
8643109
7394569
7895073
2100621
5546977
3619833
6701757
3351657
1620241
6072533
981067
22349809
24222937
75033729
8474937
1756987
128504187
4478343
6066251
9179541
6797291
4095877
5727381
3079473
9466377
3073329
5236087
4090089
1662389
4938577
3534437
8810899
6482311
2701719
7583743
752181
8845163
1405609
2239827
8308339
8568531
666961
8516411
2552631
8486069
536423
3662377
8667233
646033
3148919
1173739
5448117
398293
1841983
3307131
