1835021
7056051
1390191
3723003
5568639
8311693
1350291
6094691
3566589
2509363
7896663
811271
9656351
907441
8155617
2447701
2255947
8043779
2453819
1566877
5798671
3263393
436991
8391063
1821121
255957
3639427
7485331
2407129
212373
3502109
871577
3108831
140204971
9465171
3854353
6291927
1474763
2689997
9279513
172576201
402151
2628703
4807503
2638159
3710677
3224231
1317679
7651433
1642583
4070251
2906277
5080627
7149779
8297177
1273677
9586249
3364821
66207
727167
6237637
4412133
4660563
6394637
3004831
1395063
5482479
4054043
1066307
63648571
2712623
5616093
6415493
925949
9021113
2520251
2332377
6407991
1200343
531523
4780957
8359943
2353841
4755961
1088637
2035613
702879
7989451
2980749
3508371
2083209
4938981
7272313
4853959
1240443
580229
1633673
8350221
6285547
4394769
584993
9096031
426159
5824913
1794201
8396301
1932661
806893
2393483
8384333
5063383
7356059
1116719
8737793
2453551
8410017
9449081
45197583
8937557
7561059
8219633
7943221
4318343
8980437
8195471
4856171
7888423
9326393
9446317
6740069
2177969
7991191
282539
8524807
8114023
5592311
6839417
4622343
4773567
5497897
7086013
4452169
3905769
8331003
318987
4769663
3870613
1166887
2256061
2800409
1192351
4684013
2976067
8722113
3963639
1441259
8553413
4071007
2113327
4288659
9899587
2721667
2549863
9574237
2840887
439483
221211
3553107
9616523
4035349
5662083
9300171
2317047
6847869
9988939
6486029
2429857
7501433
6942129
4940421
3778843
9832289
926531
5236763
2926199
3855577
1958871
7220191
9721403
8614679
5333079
6981719
3384489
5427583
8774899
2761657
4466833
2015377
3901233
98766197
657189
7838381
9417471
44073357
5306151
9425017
6030257
5914933
1117633
9658741
8049629
7672377
8347197
66690369
7849163
5086871
5285859
3172203
1886153
968981
9664263
2437559
4413519
8030629
797271
1667459
8479709
6071553
771563
3516887
2967343
8261337
1507379
4319943
1520027
6077091
8761879
7428301
3035999
5236731
5296653
8636509
3961369
7497327
9145547
1135017
2396907
6277503
9593571
8083331
6514771
7339447
16203
5542923
4663627
4172103
7475597
8328079
8099549
5261873
1716337
9264971
416943
2033871
1731007
7486971
8645911
4076383
9634791
1223479
3556343
3617607
1808963
8304989
735621
183750451
1995669
5891751
3276283
9659239
6558667
7427093
8559381
2941079
1901993
4647903
7785957
8023767
4075739
2775603
195779411
4182627
58119457
8099101
3609139
6512917
9412477
2279743
4738189
2630951
1111143
2597299
5206621
6577033
1552299
6978631
8833359
187133
4496467
7410311
194765239
6680169
4859289
71111
8598801
7058837
7224893
2378659
1424339
95642487
1443069
3577509
6314929
2199419
9174377
52653057
1107817
4257279
37408867
397121
7230469
9341557
6949559
640871
486291
8797317
4280409
3509819
2071551
3779747
9093117
621221
196349
8630543
18786689
3898197
2664941
1644531
4077393
775439
1208657
6693309
3754817
8873789
2918049
8192521
9012681
8799869
7094161
5513809
2726227
8929843
4986819
1856077
8188427
6242263
9278709
4119181
9722669
4406601
5730079
6510733
1945413
5954783
6914231
2836199
6943057
3073189
2098913
200709
8643961
5984821
2748759
3835021
6435013
9280199
2616309
8833309
542603
8830919
2828923
4385601
6529603
3364469
9639939
7715293
1684273
5610451
2224699
7884473
8991469
2896639
4617307
5370923
1842151
5933797
2874769
6593689
3685057
6505913
3871939
4106767
3019777
2381403
1080157
4957813
4198937
4650067
5171601
9795607
6562341
8821881
86793519
2263201
4312769
3320823
8502063
41324661
8529073
556117
6411091
4545543
9693969
155442779
6956539
8521089
2691619
1552803
1870631
1945899
662071
4585279
9442817
4248843
1658191
2510561
514613
5998061
8357399
8392639
3006561
2059831
9787013
1208509
9815851
2972103
3115117
6227653
6401563
3254079
3479731
4478471
8365403
9885813
5377171
8532313
7732031
2746993
7359273
5849489
2041821
5421257
1965453
772533
8318167
9404429
6160331
3255031
9232963
1126843
860687
6680611
8350701
139774161
6274563
9549873
9882491
2973111
853051
7489141
2803117
8760779
66249787
1407043
6358277
2512747
4618571
6463603
6962129
7908919
5408429
1558543
9686449
9439211
5383259
2141203
8906653
6183909
2737291
3026157
2878269
9792591
9609413
186683073
127248161
6705181
1773531
1347423
7448057
5667093
1002889
1709301
5318869
1689523
5290323
9767129
3237647
3753747
126575179
1053499
3980041
7013881
1396743
1456157
4425723
2597759
3110613
2909153
3035283
1689213
8252517
8602687
237559
22683
3379277
8133811
5107029
3663443
8334683
2955691
1066727
11055591
4711377
883239
2950821
7588779
9968907
4730207
6193999
7054773
7112479
7872771
4628517
39101
7221353
4895153
5508793
1865901
2890857
4819331
6158679
2916161
2423819
24975547
2262129
6128067
296473
1971639
2273427
607489
4005489
6285299
8833689
894893
4666739
1613451
418637
3939427
2403927
8804133
2976301
6996063
6243799
217679
1776121
8533793
6879209
348603
2912209
109607249
5472149
3713691
3959189
7394021
1340549
1715947
6460983
9882709
4359387
4252769
9990343
4088781
7521833
5762801
9983361
1059051
7640611
431549
2621413
2358473
42417279
9186851
9069003
7997269
5778431
9190199
6824499
1291799
6562013
3109623
153920641
3089497
508233
4945373
9764009
1772487
1134697
7923553
2725101
6368499
3713619
9255741
7177651
6035041
8760451
2834331
7442067
4500979
1540377
4391481
3903797
6667181
7400321
92679121
9946047
10991
2295559
1453833
4941029
2461319
8175817
7404801
1538551
6663503
4162839
4895313
9298947
1759779
9101289
9373293
2612639
9872919
7073579
966277
1916973
7226931
7394991
6436217
6394551
8192421
5298887
8423041
517293
7232483
2475939
5248427
6702639
8931231
645487
13577
5303323
5896673
8892103
5097137
170735277
5435183
4040461
4601179
7744677
6056423
4519829
2660669
9999781
200047
2143713
8815763
8969759
9922439
7327557
2316093
4678293
2882707
136842959
6246397
3494053
7233737
1852457
7920091
4190881
425523
5764701
3383909
2566667
8687429
8270757
1653003
7745139
8570259
2620113
157491
271561
534593
7767671
4347551
2709439
7387943
7862663
9107293
5607919
2771599
3917687
4915401
8383277
14150669
7403919
7000301
8957451
9966983
3950327
7524287
8855097
5372401
3566891
8085849
4805597
1144973
5531447
942839
2551493
7517197
3874797
5370523
9355497
9892553
96990581
3971539
7976831
7772919
4938551
514703
5423997
3143383
6442433
3961811
1752209
5802289
2973711
2474517
4032731
14628641
95537
4979389
6541847
2455347
9181583
316981
9306707
8785551
7554381
2388837
8502877
2714651
2522931
8472481
7138387
2223849
3196293
9141783
1484193
8003083
2512907
412773
7599369
