8398057
2860141
3486543
4652863
6887317
4002403
2439119
5430317
26171339
6882817
5574271
1426829
99347
5520053
961933
3728861
3474743
1109467
3102151
1950377
140280013
8381593
5799977
7957721
7228999
9801139
113015473
120084999
7430717
7546689
9454871
5850629
1189717
9289553
199843517
6656149
271253
9148743
8384199
4922317
8886121
3142893
3784309
8701373
4765829
9408989
2563331
5812197
8973887
3872239
3422823
2889711
5640691
2972889
110754631
1822613
6144043
2239407
6028563
576539
6316137
6975141
1681259
3681307
2993189
9656183
4915571
4037977
4405569
286761
9889989
7634391
6391731
100307
6778581
7297837
147489227
3006979
3527819
3271149
319531
71067401
1571199
8936891
2904089
265707
8449841
3537573
8965737
4454291
1127413
9983771
648041
1963579
8251547
5427493
5791637
2546267
460173
5981073
2416307
3070607
2135757
8697207
235987
854739
4710057
937011
3756031
7450761
3656333
3432973
4097869
4322011
3673751
738279
7749721
6584111
4653559
6756609
4212601
8500679
1736313
8575769
8112017
5719597
7519763
6495943
5313643
792567
1604447
9354577
5014289
1327603
4506559
1639459
4290863
34259
9392727
1781591
5807063
7046651
3066391
8406681
8643521
4182201
5747173
4907461
7021769
9053881
8749109
2287663
4037009
9216047
6565519
3993213
3964427
124534393
9529229
2194137
6702839
1616301
2362607
1877559
1816877
5035207
8364937
3358459
1610957
4904801
8599571
8046517
4904281
6784113
3990479
8386531
7311727
46722123
55563123
6085637
8694537
9333847
9525907
851691
5683201
1219569
9640067
194885023
444767
3870847
572281
3258663
2247409
6320097
1729969
8801541
8233437
3504431
2164749
2758393
3407633
9544689
8629079
1544559
5528501
5179171
310939
1026831
1458711
9717747
1821323
9635767
9620647
1802237
25031249
5528403
3353217
3514451
8243143
7629219
9948231
7862909
5605441
8727941
7083973
5991531
161253501
9974009
5808453
835239
8972311
6808619
1816601
9793727
4786797
6766871
6485527
3279123
7794779
8704293
8174467
560569
936687
8733439
4832057
7552277
6927647
7862909
2590921
161067109
63283
6663889
9146303
4408051
5495253
1808587
4498289
8434857
9309943
615639
3319633
6949071
8569711
3245891
5590323
8776291
5531793
5871323
4657771
9696321
3361927
844851
12022199
4118599
1119469
2491253
6542743
5128571
143790669
4840527
8783019
2694953
4485849
6975397
9352453
2446957
1742799
7613181
6219111
1991193
8539357
2831389
8626467
3726697
6909891
5123657
8454593
1774547
9086979
1786119
756473
5569959
4391081
9073197
592617
5878509
7218229
1916801
7234089
2811921
425803
7496613
3059563
6508301
136379017
9374119
9650817
4053719
5624307
11891963
9102393
5058673
6374839
8032887
3455301
1582791
8390753
7197761
1220009
891931
615943
3100519
3367551
158587
1604753
2904831
2389801
8600657
7025373
4901993
5680739
1498901
5667249
4557377
9414907
4839007
8422591
171687
8742681
2234451
4085623
1675557
1899509
3171757
3979969
9685167
259397
2868941
3742531
3777101
9036549
4622317
8247209
7888153
4945899
4712291
176710991
5707849
645763
6573421
144869
5930903
8762609
7603621
8805379
2078501
183927
4554731
453277
1482957
8502777
3532373
485633
5619149
165099999
5346113
9433611
1890243
4051971
7911549
8437633
4974677
1158669
638939
4281031
1826731
8936889
4514223
8351771
5317171
1194599
3922131
862539
200983
996623
5199799
3086419
4011113
3391197
2313349
3439591
2838761
4694781
599173
1115789
508647
9027711
8368507
4648429
4321371
2939119
5214501
3146829
207681
7337169
9069191
4041081
8104549
6698957
2180963
4725019
3283811
2088283
8424427
959659
5298899
3645849
7159311
6524859
6426851
2432157
5073513
5889411
9367751
131130223
5650211
9138457
9212819
9136569
1166501
9827349
3379477
4878773
5875563
5545143
69680107
8858243
7959091
3754971
383729
8790163
1921411
387541
6008103
3720783
2770883
5716559
5848147
3944529
2373687
83907279
1000501
4025819
8712607
4323037
6630989
689909
4378377
91399
7653499
8787259
1291681
5821393
5173727
6312259
7656621
1213389
2415589
72418151
2951179
5700333
9175763
2243479
5263597
87336447
3192593
5369723
178870627
3990967
1580607
4862583
858521
6031879
7742077
5683841
5190511
9916797
6288199
6622531
9450831
7614529
198507199
9342883
6584149
1047937
3280637
768923
2818757
5026137
6592971
1017589
4866361
338993
5893453
7048703
4326891
2628973
2403963
9955317
4237841
2419971
6540227
4990059
135033461
158139669
7375833
2235993
5564353
1586431
4673729
6385517
3769107
4052923
8622681
9455957
7997139
3022333
4429739
4137273
7058001
2925757
3834353
6699933
4578273
6311757
5491749
7585123
5018071
9967097
7736963
5822083
3401899
4619071
49436883
9783997
5799793
3977811
4368153
3170547
221267
5911219
9607099
8087621
3693591
9845171
1764031
4499611
9508443
2403947
346939
3819483
4395581
2637011
7962997
3439097
2876499
4569717
8912107
1788911
4171527
9306749
4554221
9425647
6321089
1077593
8676903
427881
9581787
2041697
4961891
8012637
7568617
569209
9142423
9865909
7903321
7444853
8144829
1465759
4138769
1239267
9892103
3032213
35935743
3770401
8448817
259473
746709
7645657
3658387
495761
3207959
7420919
3846977
2667503
4791787
7563241
750511
8654437
2946869
4221553
6723223
5270801
5400779
9608633
2392179
8690569
5646841
5225151
2500467
94350987
8424959
5020117
6991307
5815677
3684031
7154853
1326023
3721433
4984039
9152939
5915873
658199
4538937
2682833
1729173
4502803
6106973
828161
4122893
4356861
8936037
7173219
9008893
9413281
1642609
154079
3535109
8874967
461061
3968319
8634747
6496159
989739
3483551
2923189
6123077
3931383
8832007
3151001
1617871
3322783
8461427
1706527
9582819
7751697
602167
6802877
8486203
8154813
8308201
7665383
4503371
19796171
8997147
8021849
562899
8031529
4428553
5255471
4994287
5441187
4871513
2916227
677163
5192263
7154287
1836697
976827
20923279
9019317
716287
1682531
1862547
469767
8104197
4128759
6969061
1214603
8599979
5969641
8811331
1004613
1714953
2675273
125391
9917497
434643
2867057
7277941
3877981
2723069
7257799
8473213
9759453
419569
9953429
9443991
2150913
7070291
7264591
1807047
82318587
7024043
8484783
1742439
1489603
3057837
1727667
2643137
8194071
7130061
17232023
9620787
8357833
8966039
9670663
462963
1395039
6132013
2274733
3418599
1935453
6547221
9702523
7966659
4184099
3081669
9067259
4039523
7829207
6153133
1181289
172477461
9204729
9594457
6927571
2141763
2536823
6708301
731053
5198089
8090529
9255797
9794683
1907931
9437093
6034761
3803667
8175433
4822101
1318197
2066807
1114771
4502119
4877041
9588741
2789981
8392703
3872881
4362889
5799271
2602613
9773741
167697967
7336167
7301171
1512981
101788043
8120337
4953923
5637657
7812279
5632377
6164283
4759233
2812309
8477627
9936827
7708371
6713843
1932841
869671
6262617
4394107
6144203
8609813
2665851
4475743
484479
7754821
2383313
5877159
4891341
66996513
48787
4320221
7848657
9096991
320421
3109913
869327
4519297
3600431
4385569
