778267
6739843
6772631
248053
1233657
8818231
4013973
3305259
4692103
5691987
9833163
7764559
8771551
9281357
140249
4069163
2825489
3381391
8244313
2964049
34149
6345583
3907823
9954083
5969867
818803
5041143
2802177
6996109
7525153
6228281
5223887
2482279
1289711
1549261
6725331
8795503
5237091
11181
9945341
1379383
306143
9948911
5393421
2102747
9363153
7596909
5019119
2239737
58098863
2039017
2862969
960883
82457133
3091579
2545879
4305959
1673929
6908437
1404929
37929
1754071
3761809
884229
6294547
6674823
7313723
5899161
3227693
7978777
2947091
4260651
5683269
1855277
670657
2283603
7875383
4411481
6754829
4567783
9077799
292483
8615259
1306019
14452267
9821911
5993891
2838989
285067
3927699
4409389
865259
2484921
329053
7778029
8910767
8187991
9078417
3786891
1427859
8959993
3467599
9674237
2891091
5423291
588561
6953089
9635453
2987493
956507
2035967
1264967
1363733
9945091
1980403
4382189
1493191
7471063
7760353
8207019
2570157
2380269
3144891
5661587
791607
2861667
8760589
5443783
7330573
7335849
144019
6688049
7913029
5209237
2073719
6363837
1731817
3337431
9759369
703141
3548717
3280583
428929
2792821
1907561
7009349
7068289
3312943
124551
4308869
9658837
7735739
2766471
5063941
2883003
4697453
1908091
16957
6701511
5790599
7147749
8335043
9004999
1796643
5062923
1784651
4710451
7875827
4020273
2147301
2273891
5927437
9913347
6601181
4622267
661677
7061083
26505347
6641917
647109
5491959
1568113
5867667
4692011
5281477
6554579
2752243
1383837
5621297
1059253
3676877
166824981
9843273
9623673
5480599
1396493
3141619
2456673
2422527
9933241
1095759
4715533
8661831
7519431
7223309
643931
7630677
2995397
4501051
8630239
4127439
8221983
78551
1105867
307399
8781513
5356309
4617079
7093567
4082749
7529031
287429
9617919
7997241
2983207
9325733
1077849
1897681
47328613
47110569
9085807
30963979
266461
2586911
7770739
8013169
14360157
2417031
4766397
62268989
7265199
5963073
1209069
654291
8795293
8814647
6611847
8491933
4750593
8767663
5988649
7558833
3664201
9952403
5572479
1173331
9996861
2923283
2414581
4200177
2041697
4433109
3862137
5448389
7224901
2075343
1940717
8409147
1621639
157828743
5888679
9783971
1582299
2326957
7596063
2687411
8931231
168423
161329
8722499
4410711
1506431
7904983
3169869
4013517
535391
8366853
5073371
3629637
5001851
9524907
8716923
2938949
3625909
184570679
531339
85182007
1773197
3007639
4873201
6208853
4353931
88240457
2877179
5288697
3836471
3561757
2181413
7160437
6682541
2385317
9882653
2060903
816647
1413633
8665433
3664139
4160737
2167881
90668089
4428557
51465821
3125017
255793
3046243
8413017
2655481
8261391
3140173
9003761
1076439
475707
8560027
4387949
4077163
3361169
3651457
61269
4532713
1210589
5663061
1098723
9679331
5870999
175751
1670263
8925471
1811973
9098201
2145903
3896293
6632733
4159469
18352529
8727749
5781433
11853
4067119
5146641
5500883
193084937
1599899
175183671
6305499
5116463
3893807
9191067
2739863
1870939
8804939
6942883
4724877
548651
7676777
5147339
9264661
10572281
5512511
3251433
6322907
9846139
4695189
5303499
4681747
9959401
7595783
9134809
9619879
6762027
8010747
7292227
7724041
47034473
3510193
5715387
4579049
26903
9439897
5597109
7644011
6877023
6115493
6288439
1744721
7770389
900523
5521559
9067959
3307771
151726833
8243661
7575663
5848797
4145177
9606117
4449407
6968763
1611811
6865747
3659231
969979
1025731
1354453
885457
9091449
9580483
5497413
1486543
1408601
7570459
2650881
2797653
5886719
8617691
7279921
2484249
2431651
1322973
2292299
6679541
6819597
1044733
2480237
5302873
7405337
5459233
2640361
6588373
2945923
4202739
1885911
1025833
8364441
4197701
2755621
2901137
4908833
4111473
1370319
111513
7165121
1371587
9967591
4866617
4017541
2691219
3894121
8135099
3772601
3335031
9260541
602941
9971209
1132773
2663237
9644723
5388149
5217267
7323267
5480821
8078313
8254163
4999009
8191351
417697
8025751
8319239
9336597
2310989
2351679
9250269
6911893
188737313
7290721
2409493
9563787
735031
9493807
8234697
9784349
9096881
7070821
3480631
1890731
429803
8807751
695979
4801007
9618227
3993179
9204497
1053899
7262323
2169689
5094613
3528111
191187
5378981
2355641
9898541
4208819
3915877
5619497
4379619
1840007
851037
871599
8629303
8540363
4647707
9607277
7288243
4585919
8483381
6063597
3172357
9387461
1202133
6366057
682037
2196791
4189217
7958527
5020029
9908843
8295997
9295277
4702307
6144211
4134449
7742301
9551527
8803721
410221
5060163
3030783
2326317
1548533
563927
7554149
115181977
8493799
9247057
3149551
965169
3187669
2662599
9983081
3838599
3463857
6038729
5549143
4260869
2164053
5699493
6871793
6621541
3406083
4700653
1496753
5261417
4707997
9209269
2723039
4887391
8252539
3448073
151465701
3629877
5549919
6379189
1620143
7450453
1111763
9802717
3314669
4839901
1989543
3255769
1446279
2733443
8145977
1163209
9620223
9245649
6642101
3760877
8084293
953881
4023393
6395537
596943
5026349
7061867
4213759
9038791
4361743
3106021
483209
5322241
7308079
8586989
2769261
17364527
7867423
5631101
8530313
5480059
6658117
3843221
2939181
1735993
1446927
7968797
6067653
2966959
9519821
9509461
4481637
4597523
6479453
5886851
2474897
151807317
1796673
6723809
9577661
5147579
9562643
4492837
9317259
9239211
110062583
9572781
9237499
4119503
4462883
6140649
8188349
8370827
186117
1939041
1452831
7143063
47809341
8433407
299717
5681783
8453553
2761261
3673939
4290973
6429461
76612103
6991963
747451
4504663
4862863
8871991
5572893
58271
1104133
5975591
5257349
622209
85608791
1144931
7088413
6052389
1952389
6208147
4496457
9348447
1721297
1300207
4008659
6378537
1310689
131500259
6342363
2513299
4773793
858127
8806117
7633659
1782829
1823727
1346717
5163549
3995601
639511
82460191
5670683
7290027
2669743
1517201
3225677
8185187
168593421
3306813
268011
7186233
185759
7879549
1943289
5135129
4231951
4168559
9574489
4441037
5184629
6838017
2111147
5358879
3471577
8799583
2593631
138247
43240859
2966311
7853141
2539619
6169529
3434359
6331067
1050827
2939399
5500471
181616003
9685103
589543
3209091
6554663
4584011
8450823
9731361
3591819
6036929
