159434309
7697237
8359143
9986527
6431053
9508933
5878767
5018561
1711853
78388247
3655123
2230713
3956367
3198209
2288257
8792913
4565333
2856171
3898979
401579
7733941
7037303
5166339
588507
2433603
142688607
3812289
3312417
5153849
1547967
6136801
4779453
7815649
189442503
445393
4458593
8350283
11836917
4963631
2499569
8822693
3793023
7968639
1662707
4007927
6590009
8025087
7510583
8030191
189430949
9078481
2538439
704399
9193507
8679973
635291
8173207
262063
603277
8126057
3165319
9043671
7274987
4679493
2608717
4642847
5248501
4445891
5813827
7573789
803499
629081
2959243
7910571
3293777
2253287
8908319
605173
6674493
9093951
5677757
4639773
7847371
9340773
4604443
8565813
4212801
4093573
4194329
9314851
607383
3387219
8876781
3330261
2222561
7104009
3103239
639871
7236419
6995831
8976289
4758359
6973081
3436927
5985183
180816883
7427671
1059721
7604493
4143867
4617927
8232657
8981309
4932507
7605581
9137827
3299959
7657883
8894953
9182003
159471
1867399
8870901
4991913
4187837
7596901
3725401
6488219
14471333
2054141
9322899
3596339
629713
8781821
5669163
85326981
6196753
8650401
1988767
4376377
116936733
7117933
3346811
1473781
1891627
7019571
2948161
5377827
8748061
2514921
1336091
106058087
9414167
7555661
9330737
5777491
1000087
1537721
92419
1125899
6236731
8042667
2937923
3134071
8182877
7031419
120471
506147
8885351
4877549
6225287
9118693
894331
3968409
542421
153477
3194173
124988673
2157319
6104341
592077
7920889
4004819
412513
7764639
102167
7741881
3307267
7449009
5885697
9429443
3743819
7369009
685141
4855381
4412521
8883741
7077379
4501797
8233499
5385093
2250897
812143
5126047
8571251
1318527
9863017
3358853
2290641
4744193
2369033
7681877
146180829
2026913
3744801
760109
6654511
8147287
2939251
8483201
2026767
110222083
4797479
1510473
3518847
6753329
2289111
9488359
6751271
9865523
780849
320533
6336207
7202139
6589251
9321557
4824887
9762001
1048723
9112741
3777959
6927367
2801223
2312213
4535203
4747029
130689299
9004769
4433443
5099247
2959789
5304229
7988171
1625373
5887403
2117157
240489
1363127
1850923
3458053
1905143
8376111
5094601
471297
8174703
191076229
3786967
8810197
5200109
672763
123597017
4451049
7637441
4368759
5538359
1002081
9750659
6659311
6779199
940067
113082607
6229207
4095903
2911963
8048063
7353443
7794839
665823
8239883
7296921
1247281
2082493
331509
9720463
7839681
8835651
7732311
1151049
3209151
4999567
2753259
1326503
9404731
8001709
8756747
53986913
2596151
5862739
6895843
1700841
5106037
3220291
1781931
5178141
6220629
112717243
5267657
8724941
1995561
4614097
9100607
7370677
6583497
3145723
3667941
1082463
596701
9340441
70378821
1336631
5440279
7032263
2442951
2589477
4451809
6933239
816299
1292719
1397403
9236089
91990829
437779
4588797
643593
6310579
7950327
1301053
834853
2205839
7227839
1207307
7751139
1268367
9928981
1337803
8167811
7573171
3863483
4494391
1259777
6949023
7138213
7891493
8655927
2837821
4432109
7573909
1465069
101269223
3919069
3507041
137414933
5432149
2749407
3343713
7971377
5604927
7048697
4196109
4442141
3499679
7006647
3096301
6700649
3144777
4021447
5582023
6326077
9931043
1105409
4750959
718227
2849279
6556009
5941607
7430733
2940591
5619659
5782851
539401
3098719
8386739
353207
2724859
2812053
8491271
193901
4912689
1026157
8293453
3380753
4937201
9428403
5914151
4876141
4860931
4193709
2415009
166341
7599577
9335899
3527791
1842853
9182881
3695093
6182783
7290257
3191433
9356969
6395537
4243327
2111331
5397723
7074797
5065807
8836247
9984323
2640563
9993369
6813131
1754733
7677629
8834589
2404411
7168173
9863801
7212021
8191863
5116249
33419703
4675067
7169399
7936643
2891829
8443427
637843
2077057
1451709
9157661
3095671
5590369
7818273
8185273
8444083
2288191
9829077
6283973
5569957
8623529
4127361
7148151
2901431
5740791
9756357
2863779
192820589
6451381
2780299
4827137
107704909
3903887
6935757
7560261
7097229
6463659
8062371
2880509
4113371
8798813
4802129
7925941
3283877
2498733
8123391
5610643
9895127
9608063
4739741
6022753
119237
7727439
9032303
8980571
7120853
3381359
16419
1667019
4442473
199929
781973
6944949
4793029
4630059
9478347
460077
6670887
7256451
8298769
838299
659479
3392947
6722169
2899803
7004973
6357657
6255877
2228341
45559143
1361583
1363499
6139561
216027
3345839
8686089
8003139
1640181
7589311
1412591
9050969
6530263
4386921
1801703
3542003
4280173
9226201
3848089
6964463
7442567
193023
8804001
2381279
2950269
188356997
5161229
179060999
4535049
2857579
2846641
337151
6530809
2299253
19052539
3902527
9360153
9983061
1339049
6899043
4120451
4340167
188033
5056271
38302191
5043819
7169351
198242687
5557383
7579129
8621687
8300763
7354689
8081637
8188409
7797087
1641781
1517037
8974847
2155769
6310189
434753
5799181
1159551
8011417
2630051
5992651
5500177
5904177
7304493
425001
95265319
1354169
9361853
7936809
806033
4413013
9818217
3299133
5127631
527331
2803553
7215481
4394247
7206733
5640421
1244911
3264967
7754039
7990977
66811
4586413
3469537
7675497
9338537
36113763
9620003
8157847
8075663
8749899
7752637
311087
3578859
1876327
1826399
8914409
943591
6749961
5253147
4042867
7199971
9728631
643039
9202819
8263069
3726419
2642299
29503847
5288399
2154717
9626527
673763
5768777
138827
1625871
6029303
687771
1010511
5612093
1437243
4621889
5818223
7172687
8029429
1245417
7454329
3419227
3686333
4847629
1306079
1647053
4365199
225529
1738653
9168319
2960967
2275499
347393
3791289
9639483
5489357
7529941
8105953
643847
1714249
4922323
149872531
7215233
5447571
20909
121376697
4018323
6276849
194289037
3454567
7909693
221177
9355981
2103459
4597441
9037021
409709
9036903
7856037
9632471
3757849
3763631
6217357
1661141
2797601
3542523
1123567
7938953
96341793
8835651
564699
2812853
7929951
6561223
9840491
7126283
1035243
9787543
4788283
8235011
5604277
4635063
7544183
9640581
5917729
3264843
9062377
5603309
9809563
1691351
7392931
6705349
4987711
5712217
7977413
1258527
3679867
6569843
9959849
6730119
186064721
675519
4743341
8828931
8753817
2808631
8746389
109772467
2118561
7420017
5258689
1601083
3297989
8496467
9276949
705469
6066457
6248951
6613053
8595377
4383669
5200961
773797
632621
695497
1814013
3489931
2712641
3213481
3462977
1955911
4422903
1270269
2725223
561331
5245047
8298603
2660709
1068871
473827
3769637
1847123
8815383
1376079
6780763
8683519
7577673
