161881781
5172483
8499903
5517177
6918027
3675897
403537
8476103
2847459
8258243
2004119
5576029
5356249
8457883
7575213
6989311
6084797
965033
8655897
6796149
9005917
8637739
9827687
7717391
8003361
4419643
1323487
1469889
7897783
5844737
7396771
8513073
8620947
9442319
113689261
9418851
2913641
1982457
4236159
4560529
8505643
4779903
8237931
6213107
8937497
8528083
1049019
9426289
8953799
8391901
285411
6459347
4883227
4454959
4568673
8017313
6903669
3927293
8865023
2536691
8432679
6965297
5028393
1831629
8606051
923513
8660893
5476673
7687631
4528873
9726811
7627343
278839
7742773
9749839
9398523
8281473
2100707
5568997
9381379
8608359
8803199
4807713
6279343
5514553
8158339
755411
5976939
5667147
6376671
1750127
8522369
594873
6869311
7904033
67800317
9359783
6797507
5024891
7611941
4272737
2175459
9100943
4086627
2970999
7411021
4463633
46203269
2021751
9189281
127439783
6660083
149884091
3747939
194145353
3872439
6090119
6892589
1324313
2488329
2527893
7144553
2108371
5690411
3781691
5620667
7857761
147809
4869729
5236321
6828603
5385629
5729739
2597839
8352143
7092313
4651049
8883101
5881749
7827723
376477
1255229
6366903
141013391
7443511
3636973
7030251
5526349
7499939
8581633
6108147
1464967
29843257
967379
9832669
4875983
1174691
7277911
1267281
8797109
6537259
3934223
1054469
2693693
9947433
4177197
9264613
1472789
26324703
5686039
5293341
8557633
674599
3092417
8018637
2590959
9617609
9989631
17286243
4146513
6875919
8963979
672043
3505627
4535403
8444263
2516543
5001539
8274429
9764237
47847
9623991
1864717
4019211
6276829
4421359
3306881
1085881
942851
3958711
6924537
9210099
6714463
1854271
2807583
2292337
8533037
9090039
1645351
9370547
4584931
758713
968407
37091
1367241
7029557
220717
868181
7621243
6816381
9421587
6958461
379979
913153
1442699
4188137
9000167
4005843
8190027
3070903
3227663
9447473
4321613
6689777
4150547
70518383
5728577
8641187
7733713
7428117
7253687
2178817
6380473
2900249
9870889
109723
49157
2256289
7906639
7605223
361139
8542931
1444991
4375359
2998601
9999933
6478087
88927099
6359427
710077
5283709
4920297
2107511
1127539
3434829
1934499
6937153
1838797
4458717
1292481
2805537
2258557
4622781
9098321
7754977
4617127
3984593
5544979
7687193
8780289
2904733
1358701
158227727
2925871
3878349
372523
1332237
150621
2160321
1825973
8941311
7202891
5279241
5565253
358369
8046817
9729459
138252143
5585939
1968893
4052099
4919407
469163
3098761
9463717
5157893
117520701
501573
4942883
3213867
6731511
9005357
7506277
1977179
2756981
4235383
5094521
9527921
14014837
1826031
6375937
259249
5942343
1261811
9275427
571969
4502429
1365199
128495217
9774757
7247347
3313419
4232983
135888697
7228481
7903599
9526479
1820511
9965987
7577233
3181319
2897449
8807933
1936541
3419313
6751031
6733031
263521
7609353
8761287
1232301
30288283
5147369
3360479
8781367
8748561
5499579
2676371
2711349
6844519
1479979
3653909
8398161
2011751
3026203
6309821
2141649
4101989
7285993
4118263
6378173
7872201
7525813
2538409
4425179
4696479
9488537
30688959
4657337
9051577
5080807
2063509
4797477
1188849
1154361
3356839
2843479
7540021
4265751
1837847
5934611
1099167
6367003
7402983
90487
1829247
1925157
1106569
4486041
6950703
2443987
7653983
4558547
2475099
2042371
1859403
7625237
7027911
4645577
6021557
1561401
428493
12873603
1716629
8361611
6006311
3245549
7749501
7121453
115897
7036757
6618503
561391
5709071
5160403
6407237
8863321
6066927
3748103
7588751
9960947
4407693
7783849
6385399
2087649
9327741
139789
7701989
8505109
7935529
6543523
419751
4833171
4214399
2357411
1362783
8966901
5979699
89151399
9355729
7779271
1847453
3697107
5485877
5886683
7160179
3321487
9788549
6593499
8096413
2209413
6208641
8987203
3434757
8347113
9271291
6563551
7769509
6903071
6007189
3179147
51359
3669813
1261387
522101
4355849
6463749
3984449
9142467
3573831
6582771
2011387
9948683
269451
9572963
6510741
6494607
7220099
133336889
9411929
2784961
4612477
1141241
1929647
3732123
7318449
1872003
6164999
8546951
145449
3276077
190099927
6471761
6322471
7617079
5785681
2142461
528081
1121419
374339
4503833
6782849
6519983
2168187
7189133
5864257
4183077
8860697
3151369
3608441
4405647
1049987
6352923
3592123
8687287
598831
3476073
9553869
2966707
4394973
6799779
53779427
80258367
1515943
1249273
515659
2167899
3611089
7370713
2733303
8988657
9709227
8873101
1984339
2343359
7853527
8238273
9831573
350951
854817
6623021
8717483
2828837
8386869
295033
7875993
4227057
478689
5517133
8152439
3173049
4197777
2943741
9488307
7983873
3212303
2395397
9542101
5221977
2077627
9350583
7819907
3188609
607867
268339
26029251
8391979
2674161
9841107
3713901
1441729
3764249
8344717
54322033
5328797
2024743
7973153
4630357
4372091
656739
4180207
7860577
6093653
2092147
761663
2126289
1810499
9011599
1315409
9777687
2361359
2371473
812871
6432147
7789773
8396433
7530717
199391297
9884307
8881569
4005743
9043823
7616759
179741441
9030557
8037889
5573907
864829
3763381
4681439
8329887
315947
6317887
398937
5572423
8375533
2676991
1977863
1519187
6113099
6107363
2174549
9637183
1068137
7225209
9737187
2127027
195313789
1272247
974249
2813073
752963
2332853
869947
7944561
7231877
5310237
1738323
6690621
120727
6778043
6937639
2229109
9957053
51022563
893341
7352617
6892993
5162383
2540517
3211463
1407263
9420573
5464253
3803707
9191829
7910889
2044137
1083649
4770341
7400317
2715329
8671227
2318071
9508769
2427927
3625419
9014653
5844799
269381
15990897
2224731
2279219
9521999
6853177
3601127
5380517
370573
369359
9480191
7202093
7767259
1884879
5823619
9908137
2694833
9575299
1893757
7324649
8760823
9787121
8257451
3886047
2310769
3782441
4099987
1073737
2616191
8075157
6011659
5199369
9563139
567491
4620719
7602453
8631001
2361917
431421
5384261
1826143
5581131
5735467
265673
3084709
4726499
5069099
5748707
7869381
3626237
7457859
7624711
5003983
3922097
4741447
209427
7267043
5842719
181812947
4051161
8564753
7493709
4670521
4170509
4345771
9149949
1035807
3991291
1264507
4893227
3914473
8853333
8538763
1376781
3372071
4362867
1479583
2494617
5362643
7039399
6134423
713721
1466661
775123
316303
9752907
3367219
3499709
465389
1039753
3076689
1426577
2560533
3096299
7562311
5817243
2973399
5638673
5160611
8929941
4766999
431907
6286281
9611129
235063
9781799
7752079
9917011
7737893
9629779
7739687
5831471
7401043
6392537
916239
812547
7454293
5216959
1470931
178339
814331
805689
9270837
3006229
4059561
5034769
3589939
1268113
171243
5754581
4100379
8638681
757423
7472013
919707
5233501
244231
2411581
3999981
2577833
3647849
