8697127
7386213
83373973
3010257
9328491
4033179
3466677
7375983
3173481
4532737
8177723
6574867
1594091
141832947
7246911
8521537
6624359
4106173
2117473
6731277
4310083
83151
5811133
4377161
1506251
847261
3929377
9718793
972751
4685611
3783663
450563
35992887
8237521
4827731
148619817
2887231
2358819
9712919
74286821
6369319
193071671
6638461
8577227
4870733
2393841
737413
2815649
8424827
6331309
2759023
4678021
1037751
7227283
605957
5456201
7710749
6604049
4518641
2323507
9737481
9948023
5025493
454013
3236161
5998909
6973519
6270893
4474543
4004161
8875043
8192467
4806101
1901503
871163
3961361
3574257
5636213
6141009
2850173
1768067
7586173
475951
3230931
8932917
5034603
7600863
9339223
4940237
7438079
2328257
9383469
7536503
318633
5478549
6801443
1936299
7220767
2954449
4534407
6386589
8385483
6703181
5402349
8518563
7172151
6784979
5990009
6297277
3848473
9371091
5502587
183703
4516893
3479881
7577153
3797171
4224891
2254823
3241859
2024961
4173197
5365643
2445769
54967309
178219
9195739
1697627
71588279
654143
3602301
6115077
7835009
4893601
6784309
8356423
7581251
4627263
9210519
4865967
4485079
9280689
9779991
1484029
7965841
7261319
7896727
8690143
1928251
7631593
2106499
4845139
6590173
5346913
4486911
2704543
5214893
101226987
4004547
5280313
1328103
7944057
4632767
9104679
4965419
8399789
2139297
150561381
1689611
7393877
181718227
8826129
7798893
1514889
6141057
1713043
1873243
6907707
8126439
7590441
2673347
2904393
3591683
9830539
4715761
976209
4584457
6991201
67351229
4226359
4205469
7562699
2075913
3393523
5310853
488503
3282961
7687763
8884333
2307321
2288561
676757
408417
2886797
6863209
4006803
9600657
6198819
1849153
4421481
8195641
9525641
3977159
2531079
9700803
246751
5053467
9182877
1719569
7484713
4972299
5273069
6523093
2227
546269
4055683
3582783
7410661
8483411
9610317
7527931
4553757
7756137
9793619
2034617
9900327
9879593
6129603
426059
1061987
8703293
378163
7845577
6111039
8040901
200201
2121587
8486913
115780657
8289269
7153389
2872357
6569111
4313853
9431479
6973177
8510343
7210471
7462133
8658891
7753117
5956217
7070273
4038239
5312273
109043841
7450889
392359
8391443
5797097
6319861
7414669
8363191
6967843
2495891
491229
3699177
7744649
8962643
1368361
46778019
8353907
5811947
3308367
7949117
1832109
3727079
8369847
86397
2282867
9433583
6742949
9599463
9550483
1378871
5940329
23712743
6873741
4748877
133371343
8833619
82049
9509111
1785837
4996053
7117627
7390831
5178567
9590763
3477689
1076539
5413541
3407181
100971777
9006859
5411809
9324791
387787
3842027
8381601
27163071
5866941
4598689
15070287
4458387
8770393
7732499
5253453
7948413
361951
4159261
1876143
938869
5545737
33575473
7000871
2940413
5754921
324027
9977259
8807689
3804393
2034543
1870379
6814011
1253349
7435357
6699667
3672451
8932937
9172287
9436593
25537
6272773
8605061
2240869
7621491
4075973
8619779
5579761
5181607
3707907
804079
1283709
8939869
3455999
7223583
2540031
1978917
2314813
8317987
7824711
7203739
5771441
5085971
7176949
1096951
8099381
1248763
7322951
7411701
5596457
9658977
1356597
5235801
580767
5138347
8765723
9837461
7981169
6185099
6484061
4547079
5286393
6582697
8471291
2175213
77261
5474507
435401
5363007
1385541
5038533
221647
7577077
7218759
6927329
3044309
8228351
167272369
1982277
1124281
685189
6889199
8935481
4506773
5147081
2026127
5708583
1258769
32699
9002557
7533761
6933897
137050771
9562491
4180807
8530937
1429307
6556111
138957191
3024601
3443901
9876957
7595827
4822549
1020751
2149257
2517403
9799719
9025137
86833
6672523
1527247
2212173
4470631
8345423
5130357
7120683
9960329
6890471
6044789
8183001
8140983
4206507
6428697
1068563
1926469
6119081
2795597
4959309
5467157
9742451
8736313
3031197
8156181
936577
7646177
6535719
4325279
9670187
2522283
721621
1219007
9463513
4500583
8853149
8766999
5512151
8396623
5972553
2741071
99839
6865999
9266403
4968793
610407
3959527
7682879
8035917
7051859
7951009
3328091
9930347
7086123
6841417
8410793
8968947
8408723
1437529
8359279
4711191
5498167
8032073
3327051
9342033
9750687
3543219
2231311
4266711
8117587
192702919
5992343
7449607
5323499
453027
8331581
7265261
135360313
10884767
8154083
5034781
1687669
6332289
9529099
3362001
3784571
4550531
3148603
5858131
8159223
3604527
4860661
3053139
4818211
3344037
996027
8506299
3551209
1774599
9980873
83061
8119621
979801
58966117
9690929
6946377
7498771
482307
67760829
8385799
4483749
8548129
7446747
1064833
8250003
5340581
992477
4553097
1641501
3021667
1513409
8753673
8079511
713729
27490199
9227417
1262947
9354011
7999343
6914891
3174153
88277297
9961351
2583071
8564241
3130451
2613293
1619647
8643117
9816159
98612979
3412193
7208689
2362743
135850173
155083
8136529
8058183
6853269
12936333
4996939
4153539
2742389
7305761
746091
6518071
6873739
8340101
3995711
3926281
6389941
486641
9996737
9584891
3880347
9632391
6077281
3302311
8027117
7041377
5175401
5386839
1073049
4288067
1110579
7040901
9377361
2119583
485983
9877643
1521211
8073257
181094267
5875723
1660837
9084183
9446013
1006557
9084271
2910253
2246409
3248893
7508651
1778617
6656979
9928389
459511
7430379
1110341
90524363
4011123
1112073
4136159
7659807
639227
1888771
8771349
39521909
3879107
12917789
4846539
9585023
6870213
1482269
4198829
9092969
5053359
5219141
5210359
3499113
885529
2239773
9248521
9759467
6300143
2326363
9073893
4401879
455159
4423121
1115731
2844759
4256243
161546887
7962851
4785883
7821503
5449899
8153629
699099
7103719
2715991
7196219
4161393
7235061
3536219
426449
52390439
7383623
1789437
5175741
574183
5367491
7686567
3972909
68368937
79178451
6974939
1654913
1095519
878413
7297861
7548693
141733
1284999
9387523
6320169
2138067
8727117
7560387
2849791
4696733
4131821
4969621
4722753
6413981
2619991
496441
173857
8788591
6596597
1625043
8398103
1553299
1033077
2800219
727597
1124973
7593977
51688117
1252779
6727399
8005163
9877867
3712447
5389013
3914651
1471763
204387
141922163
5694649
4815087
4089389
8902701
7253763
8959961
5922101
4186471
4850971
4855719
5534407
3202667
7937643
2068839
3520583
8281239
4712713
7932899
6085421
2047899
841473
5653877
8522831
5582683
3433807
6773687
9086727
9128399
660423
42093
8515941
3167787
9617209
6701751
7609549
6454613
4590857
4991943
7862199
8388093
7098971
6388493
8042123
4085391
140299767
6039391
4845901
7668393
2108993
2432499
5043401
6639809
4688583
8126837
9748717
9618313
4566223
90448759
1863749
