4883139
9903983
1711229
209633
5023973
7747113
365163
8784619
251017
7861583
5439597
3879351
9680029
1364073
7839093
4446881
952439
7391651
6592023
5692347
4626201
5457473
8867789
3523399
9324901
8375371
280889
8732959
2942881
3719073
8468227
2805893
5365789
36713631
7188539
6336713
9067251
497803
3990551
4573553
3654867
7167427
4149507
2333853
4279951
5134119
187653
5162969
3153477
8754839
7786183
4591231
39265551
7355079
4605901
1907241
7598957
4521719
455221
147931057
6305149
7935027
5041523
5007667
4474691
2093559
9669933
1598269
7861687
5904531
6799459
1085413
640081
3215507
2636197
5979449
4073227
9018463
7762861
5463833
3981647
2362073
4863147
7197137
2382881
1091917
4968411
59853
6118619
3449229
9508039
4120311
9488553
6807033
8293951
9168343
8097491
2481673
9374123
4341133
5628719
50795059
5074757
5988183
3813523
4424491
6286527
5782909
8440733
4370073
1823487
2130439
9278859
8551433
5100743
3033393
8553829
2773549
5386021
9040241
9781837
4356883
9355833
65087
1293913
8844493
7613383
6289993
5007339
1001587
2809981
9161343
3480051
8308653
3121273
1866997
3504373
151998833
963421
5641321
5467301
1713059
1282249
2103869
4333067
7322999
9046841
8690673
169633
466767
9452023
1343533
3278831
3041849
9302539
2216347
6382789
1785759
3943701
3314001
1769313
8984361
3507897
5060931
7726411
4666347
6879213
8485037
1765571
7621959
781993
3299249
113247
9043541
310883
50313501
1990191
8028503
4519869
7281553
8507279
4193623
7081163
4964253
1268559
5380653
2692561
8991441
6823709
9021077
9320173
7486083
5262659
8464961
3191983
9094563
5729519
3986993
2171299
9624291
6971451
9493773
2156601
1703583
3252521
2909153
5019067
314279
2940427
4739543
5067001
4572453
2759651
9550587
8543961
7763133
8381589
7922037
5623917
8177871
2930703
4248129
3130689
900459
6014941
8655171
7186417
3495141
3846699
5063749
3721967
1653559
6162263
2777303
5079569
5462921
3735343
8920833
149303
9022071
721049
8749179
114280619
184510449
9172601
6003103
147258423
659911
8280063
4214281
8040077
9300893
5940147
1749303
1627051
1718943
9160397
6299981
8579713
7907011
4478167
3994161
709061
7517733
7941501
7191553
557089
3876193
1337567
6717649
3107883
7175799
9055811
2164419
3982021
5959173
2762597
7531201
8888909
7717807
3310233
5151529
8380773
8629251
1158627
5699099
188185551
685147
1643149
2278099
3465149
9763833
2576517
9587127
8137087
6324737
5785773
8313847
125107117
653029
8442787
3842833
5350799
57552239
7621699
2667343
7333807
4293813
132879
6056939
1751047
2945257
6702907
8303217
3698539
101890229
1801323
5813923
4036709
5350831
2398579
4749447
2533033
5245973
5916961
1104169
1813353
6961099
8973189
1057051
1192649
600797
8101563
7621373
8034031
2801209
5120701
1473993
5472033
3658593
6914283
6075289
643097
3478543
8700793
5510349
7224187
3577689
1721079
6457311
5845403
4226433
4269687
5880977
9004897
79298953
6612993
917267
3893737
6495927
5357297
1594089
6871679
7898729
6966323
130108049
5905387
3919133
4249657
6394371
5896959
7353423
1959557
5518461
6943953
625401
4482961
5846337
2413809
6649617
8131869
3587161
8877667
8781663
552697
935013
955953
1348169
7222963
4890061
3325929
181092883
2716753
4630573
3190079
2960887
2896661
7913757
3088983
1379551
1139687
3399403
4054189
1104239
4462639
62378533
3161971
1057259
7676149
176269893
9169361
2036371
7307451
8255951
7308869
2031827
6403047
1643367
3093631
6948479
4607629
819317
9171219
8658261
9264201
5962513
5521657
6229433
7328587
6545691
5480269
2769527
6799219
9891833
2975739
4328107
7101829
7567813
2470297
4855537
9089357
2797289
7661133
1589499
8694251
3105673
4635897
9905787
6779823
8665801
6412423
3659959
9719197
7905443
806113
6370123
5652799
1865339
2640899
4786677
3685263
4661597
623747
6305439
1508541
9331253
4577473
1455587
9762393
5752337
8196541
4974929
7798937
1541333
7189143
6119731
3294143
8993943
3005283
2511461
3937193
488149
7984671
3532239
981193
2995963
652191
2830187
8282793
7278403
4461557
2608219
2553621
8646279
6223139
447237
5487133
3174553
926849
432949
3077001
70449
7383153
6009733
3766489
6610977
8618213
6861611
8201739
577867
7805387
7102459
7610497
594373
122517667
3131183
3229209
9807113
8902977
124812019
8795793
4452311
1132877
6437047
6546023
7563173
499889
2305881
2113983
9074603
6795197
3283747
9793129
5006171
6007461
3337023
695783
1585659
8130659
9974267
2351709
6211727
587373
3704183
5156543
5811673
3565761
5716809
57763
8966913
3071601
3476163
5683649
608251
8631797
9838347
9794969
257369
743327
8858067
6225031
7328623
9748881
4077773
8873079
8980189
60531697
6601627
3092221
5991601
3893751
547263
3368689
9358253
8863983
4449563
3152761
2919163
3996073
7312897
6468927
6669047
7028989
8965079
8168261
1849591
5330703
7560583
7640333
1769939
46857271
1753329
5458309
335143
9450069
3247017
3524597
996111
9613357
409191
7722287
16385789
8811031
2294627
789761
301477
6196109
5381523
8669949
2622231
9438833
2388569
2081331
3043843
6102481
9283299
2218021
1522583
3587043
2169399
370067
9582983
8303593
4766773
5597233
5253437
2971937
6189977
9131729
9407387
5694297
7999517
561933
7537213
9065459
2396311
2868503
8777681
420343
1696723
8199269
2553029
4873927
5293537
3190569
8959389
2669051
3196063
1426713
7032667
6713807
7946497
2374773
6416819
2406937
4402887
1213911
3557883
9010517
4942059
5933039
8691521
39568777
9162021
8283851
3012197
8897297
5102451
5372301
1510821
9742167
5307529
5054769
1081423
4966689
3091439
3389293
4194769
7304619
8977861
501753
4240541
5922701
21254111
4416611
7291981
2323219
4833583
120516101
7303803
5534391
828093
3001029
9750341
7232281
7661339
6912747
7717771
1145523
5505101
9168797
7317941
2974203
4538981
30054409
2641471
3198863
8882677
6534793
131973
3349599
8965413
6546807
256527
2992329
8025299
12679643
2637413
35523919
2224723
6515039
7716339
4099507
2722523
6037533
1226069
596089
113802377
4259369
1010833
8359147
3336397
9374927
9514299
9233449
7722657
9497799
1516251
4565007
2765887
1061599
4131723
7632977
1652791
123214223
3848521
5161079
3144733
2578891
4558569
6863589
1169317
2718993
3585537
4283841
7040483
6025433
1377157
8613441
1740979
5225063
1166681
5394959
4565979
6173587
7764061
5277733
2235107
6457281
4900829
8651017
2015609
1281281
8530207
4881449
855101
7088289
2899747
3200717
3383011
1831121
3647273
1227009
9130963
9107929
9501699
7068953
1410821
6424631
3728113
5511003
7720547
6642433
7804427
7405387
401961
2242421
8849757
539913
8614023
9808117
52252989
