2299033
5156161
5630521
2472549
949287
9781461
2123431
7904453
2604941
4534261
1517889
7855381
1802839
2376737
7576989
8731499
9498277
6403829
7938209
8793111
5878307
747393
9399539
7375379
6400499
1069117
3379529
1417751
5254117
6515053
3480439
8564241
8468707
5333301
40863439
9968653
387967
3826307
6120761
4718161
7537437
2124451
9934483
6101679
4346227
3964189
8676131
8439763
2200721
5580363
5537573
22673661
9186331
1241787
7347227
4787127
6923413
3574403
1733417
6869599
40432099
36973999
9500581
9146699
1972227
2243041
5164593
8432313
133148773
9116333
9268187
1538029
5503663
5925919
9665811
1440267
7307157
4356981
9416451
339407
1031733
9083301
2122357
7544893
9595127
7708023
2534883
7321589
1267449
7358437
1375759
295371
133180463
9310047
6290713
1841319
6794801
490343
2548897
1408477
9899907
2469041
9656977
2298571
1078357
2975133
4752559
5399591
433479
10557577
4543867
3055071
1434861
4643517
5815283
3727691
9296411
9099517
9746737
9644201
2014177
4366493
9402749
6367863
518751
815881
5929891
8016277
334407
199895387
8286947
6622621
7196919
9280327
2113167
696337
8082129
7932497
6426851
1622343
327931
158458879
2608069
4392997
2674863
879177
2558903
7854861
9918239
4904453
6204871
428047
5586409
7224543
4742059
252531
9128581
384489
8763379
8072011
1028681
3803863
7805961
9709933
3408867
1514009
5125539
5064883
6074859
7691689
1596019
7860419
9215129
9600827
9086311
7434959
6286373
3279199
1983287
9821447
8011479
1157201
8307407
2485421
8653073
93399793
8793169
199747
7013213
11431357
1483953
1078399
7627779
1811369
7536137
1998937
208837
2214741
7546903
708551
8085331
4196099
1812573
1958141
8791417
3870511
4890449
1860773
7275807
9625049
9688903
8225443
7205473
5995957
3025231
736909
9028759
4472061
7424783
3998637
2994529
2442247
2919697
7095157
9240321
7546147
1314809
8069583
4151947
1985361
5951683
496743
3921729
2378551
1715089
907991
212037
9814273
4836363
177130349
8057679
8846077
7976531
2592003
1201387
182704679
597677
1111247
4585119
9943787
5207899
1309641
4567969
7707733
5488909
687223
7406609
7725347
7241161
139394021
6736229
4826911
6806667
9372977
2466561
6377739
470839
719763
3026109
173947249
8802919
8959527
2687747
7430629
738331
3104381
5608523
7517053
4709343
1787111
9203403
8039297
558047
5894309
4982763
1234989
6045487
7826413
505507
6930069
104960431
6060069
8318779
2149181
25581
7264099
3676689
279967
1361289
3075319
2646407
9556477
1797571
2406037
2878123
8351737
4123259
7713199
8720827
600443
4749897
8605621
1872687
5563041
6412531
5602391
4707631
2804879
8426577
2774531
8754847
7064239
7418759
1087109
5092423
2744449
8451413
8622557
4195213
864413
158912117
5380067
3581381
3093469
8238713
3677803
314309
6793271
8513319
7790103
674509
8489511
5907839
4900291
9142653
3753711
7326819
5859097
5579663
3601879
3021039
843491
768753
7110689
9942527
4816711
3309491
5431687
8588303
1058951
8385487
5823929
9118499
3158713
2922923
1534779
7604423
4628659
382957
5552867
119748821
7409519
744823
9598227
8841953
256529
9558887
119501459
2003977
3950561
5977941
8266359
8960309
1378581
136877
9276981
7714587
3040439
130691719
7415129
5196149
134449
6990497
1310243
8356751
1680747
84807021
9678049
4892423
4602591
4036161
5093449
448799
1285591
9957879
1938969
452801
170523487
902611
2701331
747453
4806863
7424709
7515071
8008489
4256389
3523029
8743671
8924599
6957721
6611569
2704743
1038093
3219173
4647139
7442699
1378913
8719787
3303019
1006779
8015989
1587377
2824369
4829911
1484897
8351199
12239831
9310883
5487241
2242853
3636769
7697943
2271787
9363203
3042079
8471369
190837639
223019
2907403
6827929
5561333
8112017
614849
5910141
9891423
3353153
1361113
9782911
696793
4686667
8581637
39997871
144433073
6319751
6321629
1981863
4141791
6446853
3380587
3738569
4693967
218051
8447653
68266837
5172139
9252821
8805911
9275839
3333513
801301
1737327
9773529
122906031
1052837
4143043
550337
2807697
2262899
2608839
108316109
3679379
2361769
8271381
3233299
655159
7826803
8707529
6983773
9333229
4868541
8431781
3755409
7815103
982777
1881839
3683513
42419
4076337
6477409
6915947
678013
1578993
9341331
7997617
1631949
4547031
6395373
7987321
7310997
3949123
7541103
6613453
3624539
7072817
9111993
8030071
171115181
5657743
1948157
404543
41708139
5063537
2832913
9539039
8446377
2271197
4748483
2343731
6859869
3739777
4789257
6961907
6386707
4674749
651277
4741567
2186159
98987669
101599933
8560233
556899
7131763
108545353
4437517
658061
1319891
2088297
8469663
5167059
2794449
4030131
3824517
8972311
2812003
1876787
1170801
7617357
9970597
8695609
3608253
7698173
4261183
6850013
7372681
5304151
1952207
3506249
6890939
475753
6597811
4134427
9559003
6529679
9105081
2462711
240187
9373943
3420619
4981877
7866511
7913567
5233201
5308733
777591
7561451
8617373
4204567
139552481
7577221
2892353
9583017
4815027
3729731
275313
935659
7536037
3509867
4602819
9143153
3045181
475903
6548093
6631123
4128933
5293273
6800413
5908641
5076723
8017881
7678511
6771603
4496273
8363301
3933497
66357217
4769341
2221567
9454091
8626379
5900979
9951601
3032333
5642397
4406437
4793739
9965287
185996589
9755593
2349081
1819341
90497337
8341889
6449867
7704657
1243119
838697
5550281
4533839
9514733
1567717
9314341
1385743
182400387
4661857
7445411
3781457
1724249
152476517
5571841
6084299
4799691
5381741
2465413
163127
9688861
8737521
2034119
4560113
1893601
731833
8496237
3841587
8233173
2791279
2280527
7611487
5706259
3281343
9975137
3544377
5775001
3812551
7596579
4932863
2318571
7638353
5327169
9462743
6074147
1686501
617703
140540727
5928007
1025451
7912367
7547771
2258801
9900937
9334813
1226357
809437
369437
7576191
254679
7983927
147379159
138307
1899553
67333871
4198219
85806869
7720557
1098131
8657453
4578821
7233037
400423
9323901
8880967
121619677
3168569
3209227
9225071
8605601
3389509
3902527
143492907
3785779
9369323
136154317
9141913
103584773
8227993
7555383
9877783
6102457
3627401
7765897
580267
4290429
85710493
8237131
2781581
6282309
1375903
8152909
984433
7831631
7643611
3308381
7430823
5116137
7257003
5755267
5373591
6700771
6157933
4713433
4711669
8847041
258631
1913199
5470787
142721
8489111
7866891
6456417
4945689
6049929
7362021
7357213
5443947
1687169
9263983
8404597
9361017
5622523
1377461
3153213
7170891
5395487
7507277
9410687
241411
1958399
7201929
3398229
6813857
5043481
8082797
6203467
2837393
319969
6078079
2394503
7396111
4096933
12866647
5375031
9660921
4316103
2033591
2105969
7571671
7223477
2852779
3538879
3419009
8993671
7598513
1596501
4439013
7182811
2129787
3238501
9611931
3440921
3139119
7256069
97027
3456347
7089091
4016967
7815597
1201623
