1773637
9512279
854661
4532981
3277771
9208357
5622603
6702543
5361719
64901
271961
4298623
8834709
3029263
5333777
6779163
4126153
4882333
3144509
4775829
5330533
3683493
3709759
719751
9352631
1089381
4610407
8996313
7409301
380189
4207469
5327841
4887701
9685193
8567339
8637069
177609
4570391
1357069
7507649
8260127
8687559
121491739
3575017
5394697
6106153
3706461
1216957
3618427
123748683
9118177
280549
1602169
8704989
5505843
105313
3610933
4418039
8010209
8303757
1645023
871401
3094013
4403349
6830997
1365163
4864199
7094289
2878447
1798883
7667081
4333097
5931891
994593
355719
6896069
3052697
8090929
897109
9998547
4378571
124293
2687557
4113713
8940123
138182587
2663821
8472931
1926129
96405181
5414773
7025327
1007339
6144291
3497313
1136959
3323493
113109
2315497
2563379
8793737
7305787
2029039
7992447
8077929
2724847
9426609
5153009
3821831
3085729
6837467
30817277
204119
5943021
6656263
25878997
3213073
4993999
9063191
3901243
5815121
5311293
5442309
2794831
6095679
561203
7361261
2310971
5513173
5810759
9440109
6607579
4729611
1485513
1681427
5344457
7866167
4021963
3179893
929609
1026253
3225313
1660319
7304413
2463663
8636519
2270419
2371829
4699837
9721593
3218503
4775791
5188601
4727007
7598039
6189711
8332243
765509
6663673
6037659
483599
4314453
9037007
3726823
8663433
7657147
1070263
2333223
8249
6301051
5991881
3685417
9709879
4958271
4034869
7307799
6709449
3041459
3459967
1479723
9439273
8233633
9094533
8966289
11594163
7253819
8194107
6096549
3446951
2071243
1379353
1865727
6991039
6772021
5899609
2569871
875347
8754761
1714639
9681039
6711661
7520929
678427
6884761
2711559
6310717
4229893
3994937
5025441
382593
2655933
6544737
2477203
875211
8289959
21855673
801663
7575413
3534771
2149503
6893151
1370989
3315427
8476709
3373087
8811519
7757779
4062427
4592993
3611341
1034551
8595821
607087
8624879
1098737
6819089
3863829
6271949
8934759
5900203
9994039
5605097
99654973
3725779
3047529
9113179
8200959
9511463
681473
8708547
1292303
6576333
8300587
6550487
8837953
8372459
7616689
3193453
186319
9446691
186208457
5539473
1925087
123538469
4161787
5585363
6773871
106344043
8145867
8799399
67264983
7894157
6089059
2748569
2903007
6277529
4660483
673413
7774767
231681
3528773
1304759
9504291
9410871
1709079
38442511
604853
7168973
79036639
8320717
869947
3663059
5495207
335199
6472371
8220017
5386617
4483457
5829679
9802691
4213201
9967527
2836183
1037113
9124451
9605479
6904553
8822709
8056007
7958577
1946767
6715683
5189433
4316297
9687057
2194601
3535739
5973359
536083
19638439
7152613
3455197
910743
2406679
437253
6010177
1169407
4921459
591219
197433
3644251
143799937
9448697
5595991
9434241
4760111
6948949
5906319
5253623
21389767
6145773
4995347
2451289
5765407
4498623
1243729
9059359
1160699
7343237
7215019
2223343
9556959
700603
3319189
315487
7795619
7654589
1534181
122597323
1370609
6149043
8736747
2297753
1587293
6522389
105110579
9002599
8925567
9952363
5423783
6878561
8497999
6816017
9440543
2711603
8641909
2095443
4760279
9112921
5934339
8755583
992673
2345807
7530311
3594727
4584949
705941
6493683
828561
5511777
5034053
6913567
2908059
5816243
405747
2694699
6126959
1351749
2212147
6810281
4230657
73635087
8942491
2340809
4451611
2639663
9829377
9552403
1275377
5342309
2791659
769109
7986541
4651231
545243
5486693
2717239
1091269
3311617
3495239
5637141
1422679
5612107
6255189
8219819
7427999
8617841
758999
8935717
1367929
1266273
7809939
1638309
4949291
6130217
1303447
2810291
3164273
8523963
9792269
5817179
4796479
9292511
9365147
18631
6121933
9081337
4691043
9985463
6284587
172683
5476973
126655033
5242493
8119057
2914223
8679951
96967
8360987
5118641
3729437
8189
4923871
4011131
3078219
3349967
9223291
65206383
5320263
502233
2467611
2886749
8935317
7596617
66135911
8516221
4430473
1749601
2456059
8404721
1274313
4924281
8938161
3826813
6604429
4032613
5623637
330813
3004363
2443597
8813663
2371187
4513229
8278691
4847161
2406333
8161629
484601
1389917
5215311
5774101
4962033
1155881
1497923
354397
8198069
8860959
1965171
5494199
118621
1845799
1767297
3518997
2795141
2533803
1606483
4846527
7714567
9484177
9012683
4575761
4726693
2795319
9560371
3961133
678743
4881463
6326063
7044537
5211241
5849951
8260457
5474989
8626943
7943943
2548747
7058953
4022561
1144079
4287753
5822861
2511713
1978531
8630551
18711691
5527961
3392833
4220001
4668807
7351191
6921611
5306027
8231487
506361
3092239
8801813
3034311
7253261
3606259
1067303
6250173
9628979
2097051
9540367
7244583
4269937
3554413
6675947
6686997
3720139
4081379
8347217
9293353
4720783
2307851
5810627
9705407
2477101
6558843
5679689
5978277
5224239
1466831
8262571
4641093
5743583
3468397
3789
9112059
6135373
3281359
7285509
7443289
3170509
8511799
2525101
3652921
1486211
2945343
9027457
8441757
6524587
3907683
6181649
1869503
7036497
3844999
3670207
60067699
5422257
9284559
4283427
2430201
9842799
6852401
79730597
8125627
8970983
8255769
4557569
5861629
6119559
1963699
6489289
8504393
6534163
5243621
851341
9825999
3725181
1735449
1175979
4965833
3332683
127305833
9695489
469039
8596989
122378667
8631177
4732993
87061
1293131
4474863
9298063
5358403
3240163
7211091
892321
1161813
2894487
6162007
8733991
1780387
6677899
550163
5944711
3873091
3083763
7187677
4714323
3444633
7541021
2446201
8966037
2429999
4162501
4528339
8490151
6106839
2013197
7567477
2660959
9356527
7115387
5378059
868321
5210477
6069899
6529019
2667533
2445397
6090407
8168627
7243787
4262147
2948013
8609149
8078989
1231511
4173433
2086477
9536641
4913981
1627071
2974533
8338349
5310203
8358909
3192299
1392177
9351477
5663153
7104769
3407563
7278571
9188049
7599401
96439263
5248051
3678371
4341203
2556713
6377113
2235671
2758423
18238517
7964487
1516121
170415053
1881599
6480877
5660493
9110943
7543931
1773323
1344229
6047631
5535451
681373
5559663
4864381
5645307
8712027
8421881
9869671
2897391
3885671
247811
6950283
3639669
7340851
32483
6382933
4404739
4443829
5309801
5368603
182651223
3319263
108758031
175381
8486723
1701221
36071281
697449
6636029
3203131
6791221
1023051
2633781
1918089
8756161
1069553
8948321
5901733
676919
9086173
9944823
6117109
655533
458273
5582419
1908773
5335041
8905933
6600253
610589
8438691
4298739
6070973
6317179
95269
1204917
8399851
1157171
4945359
2283589
157963741
9699563
948007
5656063
4680303
6017719
1922873
2673089
1530937
7551577
7164709
6299109
46532621
168583
7952119
9606693
2372651
8000721
2446717
4744543
1527997
2664373
1151897
3664283
112046221
8925569
2617901
571843
4552233
8156619
3790439
9404629
874983
93410097
2767083
7443623
1950071
