3060357
9344701
2306281
571197
1549469
1016977
8889413
317379
6413081
2468719
8039059
1971819
7884159
3665909
1053089
2552531
387051
5411401
3584091
7068559
2460577
2968783
9264457
3528163
8332911
195137
1049567
5285817
6073239
7577273
1878371
9073889
146531
2182687
138373811
2357429
3775469
9857889
5149491
316131
40533
4782329
64639089
8102237
1921603
7175913
5571623
1376249
3567357
7432719
1441439
2533941
5280119
9675503
93727771
5066427
5144873
3505477
8975999
7861769
4514767
5681529
6645239
686089
5386957
4571129
7544141
1240657
9187003
47551
1792341
9978771
20555459
3956749
4676253
4600359
1182177
9409261
4602721
8198381
788221
107321277
93347897
9462243
5881271
2419787
5475097
6347709
594317
7739803
4699767
8098221
2801371
4453923
2837323
4813723
9874121
193104669
4852491
6361207
2106261
2235759
4686057
2335393
3854197
5733891
2211967
3976789
9991269
9084229
9850407
8836889
3683151
9454199
2108447
2115123
721973
5160247
5406377
9313351
8828879
1660879
6380869
898799
7389339
5680219
2970641
5877093
5154499
3639887
5552493
8817327
760301
4416253
9374447
2980941
6705571
4313729
83298711
5777427
149840031
5251539
5522897
38059
8308017
7267969
7289267
2507811
3962941
9174629
7071577
2834171
8872581
3742021
3794239
1749693
6044807
4810767
3865829
3410949
361191
37020123
1323707
5748779
4821341
5769389
5512853
5813989
7214737
6401969
6644627
7928667
9483409
8772589
5021247
3236889
3804623
1745629
73198037
5068477
5816851
2982391
2417489
28025817
6809357
9128261
2286091
7345753
9081227
7315033
487369
5710103
8104659
5935723
5912941
6292783
2186201
8253169
2794253
734063
9374179
9063753
5944887
2357157
8820809
3652587
138651
6420101
8294869
4134413
9767131
4630991
684081
8618009
9833089
1217789
6073977
3077977
773719
181709
8109631
9245363
7917963
842913
2113261
3856637
5626001
2763027
2569867
2804047
6756859
69713
7460537
8761083
1289849
48103
4106833
8037033
9642309
5188311
154570099
2957927
7928313
9658731
8615341
2957689
6790793
1907311
1095757
4070441
4877047
6939151
9556499
9945453
6291941
1734249
9248749
2142749
4804757
142649493
1036229
1981453
3999009
6843449
1650849
2272801
5879603
686977
2694623
4976951
53630043
2041631
2918401
53542247
5272091
3793441
128373
3264399
1324969
4541477
5992331
1937169
1095733
109579
5580733
7998191
7457313
3756991
8834403
5162803
4153941
2586581
2476193
5971449
4641797
164443213
104419
1971289
2699909
4051639
2992169
3341463
2259443
7999589
8837499
315479
1928929
9354789
330603
4385327
6093397
4219189
814379
5134199
7377349
5635993
8832797
4092987
5547511
9651873
8081571
4816773
6050767
5861681
7742689
9362703
8273577
7751893
7120763
9083087
8607367
3551007
4847887
7528643
5321441
8223093
9685441
9142289
3525177
6745647
2175787
5080939
8082357
5750111
9531311
5462327
844047
3423553
4542329
41298337
8670697
7238809
9558779
4743271
1062807
5593453
2724227
6490511
8519317
2271783
5549929
6991467
915571
8684541
2209539
1170883
6647747
6642519
2179233
1071543
7047429
7884707
4198307
2139307
4567821
8988147
9720057
8239731
4955417
3261561
4810701
1539347
3231461
7860861
8816569
25146331
2653301
16459509
288429
5834119
3507733
1368277
6741467
6088993
5459043
3641747
5847297
4497059
7395103
5732781
9511033
5173399
9166951
6844619
8598059
3929431
7541531
7255763
3484243
4171373
663237
3747541
6060861
9967939
3722207
64200001
6706371
5726101
9888213
439271
6993709
5792793
3972487
313309
4230883
2679017
1035741
2199291
3257339
895851
7169207
5962437
6646091
4420137
9208807
7864799
3592551
3767389
3214591
60324759
85394419
8392629
8950257
6904979
7270573
1517521
19381841
31042877
8093247
47066617
3771709
4669539
7509227
6750903
5154407
4081277
4636887
2317811
2433937
7468359
1944533
7602729
4234843
6373323
5295093
6409097
7976289
8784227
8602043
5428333
8868761
3495889
9792437
7861351
4644593
3118793
1487733
4576683
6613569
4968997
6456197
129681453
4298997
4496197
3673567
9360247
127786759
4867897
1707951
3045323
310591
3098799
9686179
9830469
2843267
7850237
8717213
131405031
6108509
2330003
170387
1332753
3110869
9960499
1859581
7217157
5231879
8934779
7623681
5523671
9218973
2506857
4900601
2227289
2329057
2268429
6955043
4846043
4161417
884253
8095667
5759831
4648173
8526251
8602387
1118413
5756203
8742983
5868069
9876387
7189741
2867439
8984747
4284009
1829467
2079969
1669623
313219
6289097
1881599
5794373
5571287
430613
5074197
6731933
5763261
5801537
3388743
7290443
130761223
948557
3848991
7785993
4903189
8133953
547843
5880529
3684201
2218947
1602093
9435363
2897823
3011959
8580657
7725579
8627577
2878943
139388087
3516059
7737407
2314319
7740073
1443371
5101353
86349343
2501893
5484071
3006021
6668483
1681099
3211357
7825819
8775683
53870787
1947967
7213221
8782347
9066117
7116829
9075989
5103597
278643
3191103
2940251
305877
4995597
169680043
8239339
1000843
7006473
7448993
1163957
9191633
9658263
7824829
219913
9163539
5262677
6173231
5452551
4788251
33966951
2556773
7895513
7501327
597577
6070451
6231163
2651331
1799827
6554321
6559131
6738077
2847529
1330613
2669729
1746037
5957087
3108029
2643659
6240351
4801983
2575481
8532769
289317
5440821
178942589
2920439
3512011
3306539
7866147
5534553
2220761
5106203
8168039
156603
2535771
2779861
2545091
9710739
1206093
6700621
9683379
4426073
3382483
4625751
5266721
9676457
3627471
1970357
2927049
8180569
4830733
4283233
42489177
3610311
8308149
8473477
4455309
1873743
9372777
2049867
9372421
1002021
168732453
539073
6227293
5418959
6931541
2534113
8118907
8700827
5656969
7133767
7425233
2181847
5517367
4499069
1789259
7784043
7784751
8938701
8870307
5744603
3730819
5741097
4208581
7206991
9452483
7092281
9019479
937977
8021993
5053909
8596001
5810691
7694693
7887591
5184549
1107171
3351723
7157123
8602911
455421
3849507
788807
9991551
6280401
7142521
988791
7365499
1095999
6065591
1756173
5440147
466451
8827307
6849807
2023147
2987521
5633537
3710361
4311613
7187283
5568823
1542843
5896103
789017
9010093
3705833
117887271
7398621
1984193
3157853
1806407
9811271
5173947
6161559
5186857
4451087
3588921
5069589
2203793
8263447
7258317
3227087
5395341
4928281
9129233
3385051
794989
3671309
220359
8708237
6914041
7688653
7188859
3516627
114041
144419949
3578621
6646577
1949971
7979517
7982513
9900411
42283671
6690571
2131127
5263793
2305269
6064483
6275611
1560207
6901413
7730671
3870763
153912123
1423819
762339
2022163
7905583
3179977
8524627
3145651
2811211
2030933
3383473
3463953
4244513
3671403
8052521
5968247
7794767
7176009
6076961
8175849
