5874101
5327493
9448853
1997019
2493799
7430681
1563303
2249871
6607129
9877933
2639319
5348749
9828641
9237491
1566361
1493363
9800189
8090979
7615493
9663529
1658549
5021603
4343307
3554007
6151603
9301509
6007941
1473793
379771
4176781
7964829
5017019
6276283
7542451
9399623
9409753
1029393
5797511
9869471
3581139
872809
5629509
3402893
5985389
5634761
824813
4472773
6166407
309833
7756271
1629039
4294991
7278527
1666167
9192299
6896461
5781929
580143
8080343
234531
5988791
3058883
4193879
1474899
7519
3800797
8479457
6252279
4418037
3819679
9800999
89796227
9822443
2135959
4988231
4895407
2586787
836579
1874887
5902933
5757989
51823819
5096939
9150999
4537937
1107303
6946119
166717
2215781
9326903
2006941
3685273
5465067
6360509
4648177
2384901
6158461
8441049
9729139
7610269
7007169
9731193
8896019
5228873
9407017
5469661
9503267
4304163
4945137
7106627
9695503
1813821
272423
4617261
3621809
7533689
3884021
6903849
1140509
6956453
4965987
1824109
4435947
132117183
1511071
8834607
1051363
57459
9921127
184762081
3670613
1686681
1192861
8327813
6878943
109765031
5952243
4485909
3089903
8672713
1609861
2433331
3368701
1503699
4869499
532467
170595807
4374671
2469401
2243957
6169671
3138593
6815943
75901
8599901
4378319
3063629
2139949
6254043
3973089
1740239
245439
5453867
260901
987953
9330159
7206009
6019417
807931
3260001
57773
7296543
6845491
194473
8409077
8566509
3432121
6872577
1046441
7949791
8656981
35851
7341543
5943861
5898653
6675761
2768721
4342127
5892433
6229109
162155359
9095851
9230419
1398791
2420469
1300567
9395983
124411119
5102799
1170473
2918251
7950451
7368469
1497833
7656607
7464771
7484097
7498041
956907
700111
5674617
4046769
7120287
85689757
4207271
3297013
2578789
6217793
900489
3521241
6983001
3315993
6050957
1615051
6130551
2158177
4371249
5181853
6969459
2954681
3107721
9301141
1175131
7117217
9680413
8378551
146887
4858303
6969033
9376759
4878311
6780181
9750873
1504579
3582737
8558367
340809
1251057
7337891
9209091
2711441
735027
355021
2259767
9701923
3300441
309321
6314329
5855851
6786903
2383657
5525093
903619
5033559
7840299
8421163
313189
3726403
4008247
5002801
1357249
6072049
7838137
6429673
5439237
4238087
819581
8499949
5144021
8396897
1442819
4661639
4499321
1268509
114247967
9906627
3663723
8117061
1171199
4119057
7627877
7112311
6631017
8888947
4793127
8078177
9727067
3842307
3972139
30912787
1083371
2907543
5279419
3716839
3335587
5963079
5595773
7445139
6848653
7451153
3881877
29499
8576131
29971241
1233673
3356521
7611439
9695797
1568457
4596281
9190359
18356257
5803343
2088539
798431
4285589
815999
2526447
7827909
9160621
7364933
4890259
5862583
5024363
2913161
8163351
81341
4140311
361171
7455019
4398657
4003499
4998633
5204007
5278993
7532161
3922181
191612321
115443523
4544273
64572593
8036903
3433239
7268243
8778401
9751801
1006371
8060551
2609701
5145997
5448673
3384809
9621337
4738301
618791
6163693
9339453
8235581
9064803
826411
7436331
2168429
6966099
9493251
2824741
3986367
4153831
4440209
3310773
9390893
25051
6398101
7876197
5293259
5607559
3888087
8212879
9512153
6052577
3419361
3355357
7043279
3416951
3401249
5073931
5715989
6533207
2325531
313941
8821251
144730571
7651189
153980459
2685631
8463379
1021767
7008877
5995867
554909
5240063
5338719
87181
366207
4933381
7966481
9475309
4940291
7634157
6589281
9636407
7436163
5198451
9730477
817657
8658521
7359809
6438499
8384223
4072821
5463971
54469
9590477
7519113
7849261
3364231
6686249
7097299
4161919
8471281
3635653
5345733
1985247
9625633
1833229
9492991
2040073
5115521
4567113
5882983
5360699
32614061
1469491
3806219
913577
6184517
5217277
5003717
2107051
8740373
6410137
8754653
1943211
3187897
7723323
2392427
8003209
3542569
4788207
8975537
4905239
4515907
4281531
358773
8521309
1954977
6525939
5601177
7463719
3725499
8051439
8523331
5833081
8641073
1558951
7973087
5655349
3130067
6650363
8988999
1600199
1883293
184794903
5520941
7369457
5816023
8129307
6462787
72300071
4374747
2338461
9734227
18346073
8033021
2668617
14269379
7157027
7807611
7696703
139318413
7104519
5656341
1520029
8452359
5261727
1427637
5725863
1716643
9685631
2840727
484663
5493101
7921637
8273459
1223123
4408901
5483561
6289153
5438103
7775153
989207
2210671
2834787
6490089
5034309
1178977
8795467
6176293
1201577
3912389
7733261
8790223
4080617
2631737
8667121
8503789
7236009
5296631
3771551
4575811
7309029
4144101
9344267
185891187
6200337
2849027
163499003
9990171
3629529
1110787
8161981
5751063
6102747
885283
758539
5271967
1554723
3998573
54417
156458307
3528977
7863277
151626219
3107151
966407
484909
9047577
9370599
5821061
5522761
8628639
2711057
4248553
6617669
766439
1173659
3486449
6659543
3361891
127556429
9776889
6515157
4517049
208409
192974751
4785339
828443
983049
2166771
804103
5129581
2794733
8123147
9400273
1534287
8436059
3838869
6600513
828227
148814993
491091
2740783
9325279
8831741
54871747
242569
1565859
1718659
122711
2575873
4306639
3229727
1336217
7202787
7253447
3817519
5158291
162156137
2258753
6140963
145011843
1621963
3334353
9650949
1721577
6503307
2033567
6286801
1322831
2827461
6784103
3595203
1956449
3096063
186821943
1742639
2646453
4549807
9181283
7660953
780567
5337477
7109837
1612851
3233609
7130387
1262771
9071187
9951713
5761339
9546263
1711447
3076593
1962557
9157589
1625069
8541127
4412387
907149
9975751
2172207
5305309
4918099
9822447
5710767
5762529
855477
826709
8819767
5837381
101439
6778457
1326651
7701987
9406733
7109713
6031471
3889129
804543
4135719
177813
1257543
9096587
1734657
3788113
5529689
1928003
1331747
4152201
9857269
5664723
4873811
8597739
7390563
1198313
6524083
5294609
508847
7835931
8542533
1302821
732773
4693453
1360943
2475973
2370557
34081057
2330377
6891237
8943541
9070759
8635003
8472399
1250089
6116863
7549691
2618999
8855007
1724657
7587337
2793031
9760993
5462983
2847781
5355013
334979
9269029
5328389
6469853
4330131
3516229
6563729
7787759
7745367
64797
142173
4646901
7967449
8057513
9807757
351779
9385467
8016941
8891281
3252873
5010231
9394891
2834529
32143853
636773
4991473
9681581
8626679
8726729
9629751
4935019
4153909
9035869
7877473
5305037
2610101
8657819
1368649
52119177
5283027
7164731
6555769
4378893
617663
8816057
1393451
956597
3232701
8546589
2878561
9448557
6203961
