713393
2999971
3361487
3299989
496039
8694417
2655139
2759217
6226903
5888279
7209203
5060711
9737931
8882209
7348713
1891533
7827393
8928711
3554953
6336071
2646173
1802031
1565993
6378017
8912059
5947541
8472649
3380201
5568879
2735099
3035799
3115833
6684857
4096727
9314713
265153
9904173
5431383
666039
3815569
4127409
5683283
1477177
3636131
8647419
8862577
4698271
7051237
3221297
4438403
9418321
4519543
430783
9034883
8951941
6525111
596317
8958379
5197067
8185061
8744881
88803
6533909
5287977
4184199
1291731
5013921
1920361
2794521
3874003
163963
8752771
129791
9567639
1792929
2002237
3903607
8347021
3140831
7107999
6639823
613999
5723417
1712401
7949629
3562911
4637579
7269769
6437109
7728077
6147421
2689
359349
2813703
2229437
6659269
110653
6856107
9781291
3992993
1508007
8990367
5520363
5399681
8377741
6432983
9643737
2414031
857237
179901601
869401
44651
5387447
3628601
6308981
1791829
7093869
8692103
1731627
3447209
9760029
1976823
682243
5118397
3983859
8726599
7990769
4069073
7364253
5871643
5387921
9518577
1056167
2091077
5736949
6514897
2936989
1461141
6749563
3401971
2968601
9507093
4467167
4452303
158620531
1288843
5716983
7301111
741919
8600481
12485561
1637743
2482021
7546349
5575949
4273319
7875911
5567473
6327321
89404457
2031429
4388971
1711041
8127889
5553227
7025193
1245147
5652267
1651297
2998237
2973673
8418783
54306263
885637
4255737
7443181
2548991
2945697
4465013
9907541
2293613
436391
6097571
511981
9430679
3922839
5449663
939141
6134603
9503829
7861231
7923583
3315719
1698561
3045917
8197647
2358907
63219
3035627
5754151
56435121
8629973
51773541
587281
7497621
6355143
7002957
7263907
375357
3382499
5406819
228807
5562517
5803813
3421409
9537681
3530929
2171249
9239789
148999269
778493
3955129
2963467
1002867
8864541
8943283
4264739
7366341
2010139
5905467
1983903
6280403
229953
6757809
4994083
2858181
2150933
4590297
8683761
1228547
57083
5713741
8141123
5869989
3635419
9607753
1222911
7128193
9007269
2082061
846689
8687893
2059169
9852279
5036247
8612053
1955351
5348683
2587949
4895107
4824707
7796287
9916463
2542533
9544641
8347203
5518281
9764499
6668603
4880353
1162747
3779709
3188173
7088187
8169421
1846809
8091071
9699693
2432153
3650827
9596863
72377537
931559
3339457
1366541
8340443
4135169
6230659
1856457
9259439
4596651
5422729
6752653
2596341
4585381
8379427
1486111
6855987
271217
2896633
9935537
5169491
542301
69673443
8483133
5246281
4532161
7957861
9390913
9501761
2570081
1532059
5843
113143
7743679
9079241
115357401
4307887
8355277
470791
7919791
495873
6496383
770737
126502661
9851991
8856101
8722139
579129
9308853
7116671
8491081
8791057
1346989
5495197
5186769
1061757
1231811
504557
7575651
3294867
46263627
7494831
3860229
3977587
4685773
3825621
8864161
8115461
8491561
8698177
6948279
8665801
166128887
5956857
9878453
9183631
4074621
4188069
5249299
4942033
7274277
6816071
1387167
6316461
88823039
6590111
7147071
1323809
7093071
159339
8139873
7466001
1608379
9566901
812591
4361997
9476291
7561929
6634077
6323287
487847
9593407
8760073
6405283
3700193
5923097
4327399
695423
3291787
6881107
3046691
6578469
7772957
7480609
9629779
1788021
5473237
468219
91799079
6811199
4141491
5051497
4291241
3775147
3592979
3687161
4022237
3226071
9256583
468353
7879883
7762427
5958407
3465163
3160963
9043481
3424393
915243
7607321
9024499
6180787
8267551
934233
9447733
4732701
6159357
2575821
9997413
9521207
88343
7582143
7878507
3811523
2637627
4145077
7868223
5660089
1995707
3971369
3424187
1111183
2810161
9454487
3332229
9759133
4891283
6796823
5151299
6563449
1690471
7163641
3561787
134133801
9058207
870307
3225549
61123
6017937
2624439
4147429
8568989
2825837
8533037
9888471
8757329
5304607
6927957
8057833
1910609
6047279
967573
5350623
7753477
9639887
1991707
2608733
3221793
8063533
46717567
1884623
6324363
6295393
6072131
9850321
7430403
3704419
2028649
3785077
8366409
4245903
6114211
196563627
838911
9876833
8254041
8292803
6976323
9352049
2263061
1457489
2847111
6159849
9134667
3629769
5656513
6571217
2722691
2928031
3527193
365301
3026703
3174167
6830069
7396653
1642669
176335543
1977693
3391037
1292081
8315229
96150403
336253
8456539
325521
5804131
5005953
5787541
2642997
6611301
9115147
4200931
1217891
6291613
3152633
5618939
5201631
8316223
5996127
5971427
6562411
134658649
8875743
1126333
9472457
9086737
2486559
107682321
5238341
7843109
4695011
7879321
136298797
116641
122959647
7139681
5312787
823601
7674563
2152997
76215567
8942443
3331871
4796169
7936291
1902081
9099379
4902827
7094817
7234179
7306601
1546421
9406629
2330941
38054907
7332223
8224529
3539579
1297217
1045617
8333171
7046549
3205289
3370323
16966001
9153011
4199969
2903839
6186353
3890793
1422191
7850187
5297439
4016307
1805819
184263537
3420131
8449931
7978761
5879513
1961679
8267907
3537487
7801273
7225157
5943341
3798557
7841701
9604107
106292937
3252139
7632139
8291581
5781009
3337423
7470169
934471
7561747
4571317
351987
1028753
7924051
6491409
1734351
3822353
9640749
185237737
5856133
8153293
2284647
8043483
5596951
2229689
8493571
2771499
7449351
125900467
4348569
6342043
5464103
8605261
1228527
1824079
1708621
386291
67203
4649263
6420189
7372727
9579691
9976849
9345217
9985513
4573601
9312741
7747383
9624073
9700729
7934087
6147429
7597317
3960089
4155531
3692359
6315629
847743
1153659
699357
5207871
8589651
3911517
3730569
7359507
8770099
2300499
741063
7852257
5326381
2211341
6413647
125968659
6697539
2632469
9388671
162911
4162049
9749523
7155553
7286127
6172313
2075539
80643
7232153
8391581
158638901
5047089
6342119
2567919
9574269
6062651
2639313
6103181
12890953
9578231
3181777
6629937
7452027
5116171
459121
4240677
8621923
6821827
8769321
3996019
9204973
6658169
1099521
8557863
6315323
5684009
8126059
6913129
8480081
152322473
3403183
8572147
2342163
8144231
2304417
6518989
8939951
248581
6528273
9564871
150799
6261567
4149277
1595477
6548951
4612661
845167
583461
7850547
2263249
4606267
3858397
99559351
1755639
689247
90467783
729049
4351597
7069539
4710859
3639097
4277259
4714389
5462411
490101
5432971
268551
6882773
6830333
127223
2132107
8003913
1885777
91929969
6514527
4435617
3866983
7469189
4036153
4298257
7763999
8230923
1526213
3347007
7319507
3054199
6690963
1288413
5996513
5042773
