6602981
9523469
6693649
3462643
4528603
8185263
9472891
538941
4272231
2928251
5872393
3823577
9871163
1667439
4348407
8606901
198923
6523653
5244159
6227001
8618397
2808171
6403969
4375243
8374707
9257303
690759
7753773
4315113
9477559
9767577
58185131
9916137
3784763
2720291
6205063
2043231
8394169
1472269
83621553
8906069
8845853
1320261
9123867
1828427
4577433
6309631
8774947
6822409
8363641
6638447
4097373
4990791
3696407
4430517
787523
135474453
2690731
863899
2951017
2912801
4283963
197133229
242091
5830821
7547827
2467499
3369169
107873
610489
9183033
9924941
1179577
5860311
851853
5268107
80954487
882437
9920907
2009219
8056923
1283857
9579861
5995867
3836423
9374479
3831331
2800049
7618547
11052749
5650101
3455769
6552129
4254557
9759947
9148001
7327893
4341647
1336403
7641211
175602239
5458827
3139883
5932849
7124389
3088559
549571
644279
6374599
7933187
2001851
7479459
8615933
313027
5249197
4743789
7410969
2733377
7682597
3257353
9452739
177717
1070961
8282753
117026373
3817897
1635079
6349267
1681961
5669431
6916367
7947629
1236577
7549821
4829223
3716629
4255271
4362627
7771187
4487131
1176987
2443769
2809683
1124417
9594989
5228099
7418361
9656587
8358453
5635581
1479897
1472333
462043
5851519
42357
8595731
4701857
2785249
8045767
5921173
5601357
1697119
1785693
855413
8854911
4081223
3599613
8903571
1264603
1085281
7500311
2418971
1508739
7326377
9701919
5274201
8114653
7091477
4979007
2367111
3396037
270717
8937259
8436229
2759097
9560413
8206537
737299
9246677
6225899
5468347
4908019
9200333
1319131
3047803
1591641
427839
3102687
8065089
5036827
6328621
855193
1534427
8586443
7979529
8275519
8724123
6535851
2934869
7474921
8186737
1156533
3160581
5529171
4561051
847123
4358591
3684437
6478463
8466971
3046333
133804319
8912571
9707571
180883993
9359503
520841
176356469
9839239
169165219
6186033
5213217
1968687
8663983
160773
7677391
1361539
3476379
5760189
6668193
1529827
7640597
546837
4589221
4690503
9557527
3743177
3639549
1131919
5574619
8557757
1208217
6108087
3989381
3754839
90821
2727141
7703359
7318411
2381843
7635407
2014409
4852959
6090277
7534427
6744281
1363531
5877789
6380743
7959547
8936283
2449333
7388893
9683097
149450337
8038061
6038203
9808787
3627761
2649297
3256123
3786181
4941667
8189217
47947649
4476039
5128187
227047
553487
6843747
8642801
6726983
8922111
3450763
743739
1819411
1155991
500477
1821799
7107843
3957751
6915957
1655217
8140667
1868559
7375053
188388507
4728303
207411
3770887
9028241
9587909
4142061
4620409
1206641
9224321
4468637
1377141
5523123
6995989
772731
5760967
4304069
32213
5523019
1730069
6839987
5419993
7332149
3907051
7836009
5628491
8211197
3647149
1349237
2823917
4053539
121971019
7321871
5679613
9541457
875963
3328543
167248069
4025101
2466983
8366587
1478431
890673
2537861
59362209
5124179
8281151
5753779
6037793
2182109
1891841
4106609
5375411
8080531
2398913
197227
9602207
95049
3991953
1233
1493789
7980343
2417279
7308693
3937561
5703067
8092367
6418261
3025357
2685671
8749811
8936869
6877417
5776609
1022747
6302411
3851
7780077
1880563
3124887
9234907
5294623
8359783
149085283
7362553
7975397
8247477
3870979
9094211
7790429
6896923
2881073
5887807
309499
8281529
2356413
1410001
4435067
6364819
6835297
2080681
155843
3883367
8565729
65894021
393187
8018537
1950737
7398961
6734199
3050949
7503917
642747
2854119
5368113
3588957
1083997
7424799
5184081
9235271
3744411
2949683
3853101
38411
143881
7651957
117552007
9478129
480959
8645707
9205221
5191933
180290453
4264857
8193211
9063517
6467051
730041
3746963
153697
2955217
8249077
7276711
7130683
2432123
5408467
8775187
7530137
7083547
8152021
4782939
3225267
3966581
21665891
1827033
6599027
3751741
322377
580721
8620609
8835709
6576247
9658359
7719029
2406089
9975907
3674703
1329069
1165293
2585813
8062891
551837
8530999
8076657
7923641
8155763
311699
4536979
9672303
7021659
4066957
1251129
2537431
7007777
3297799
7927711
4419433
4272503
530999
130737
3968757
4468421
7973833
3327341
3026867
1962911
5315783
854131
6105603
5231391
7163823
17917
1834091
8816401
6232323
4383377
4507327
114437
9480223
9734757
7017287
3905713
4794519
9856029
8518437
2656221
9882489
426641
7861893
6894243
5868717
1830531
4368993
109541977
6185663
7993401
5872151
9506229
2197501
5365823
8228619
7796751
1169847
5484763
3747291
5492991
5163611
2121653
9649909
3390589
5050927
106824809
2711971
5865771
99972941
160714289
5422799
9073643
3857453
290271
3463493
6782327
8251343
173242807
2750479
1572961
2754323
5077383
6707807
3571039
4058051
7520383
9722183
4879377
37926351
5846461
5408437
9338019
30330091
216829
647909
48481903
8635761
268953
5568657
2982433
1375367
1705897
6686653
4423899
2076857
2336509
7121189
436061
4178449
2719881
4057083
6575651
483019
9627651
4071113
7878921
3722131
1675243
9061621
2537807
7485377
6659587
101249479
7085917
5249541
5357967
1873859
2067977
42308041
9418851
113823
3417049
6028837
2351909
6596679
4378077
4157267
9719973
1772689
1618051
9790337
6786141
9708813
871519
6115397
3675603
8362661
9465051
1131303
2886231
9960047
6032149
7552787
5845193
5385349
9160611
872617
6489383
9707363
3183237
7569553
6561851
2405339
3207941
6731707
188168357
3593559
2915311
8786617
5243197
2631939
1368863
9555097
7469637
6067491
4070133
7938519
5591367
1919189
4573961
9477387
9029567
3402143
2616213
3074693
6570609
2851229
822723
3815673
7484499
1644427
448769
5427573
9871229
7065149
1877141
8975091
5639483
8386957
8309039
1570437
1109033
9271833
3119781
4116913
8582699
9062867
3904609
5022541
2918977
4926729
175642531
4363459
6910391
1181977
3099161
7117381
2253761
2991593
3497513
4474959
9093541
7288977
5471173
1587079
4148011
6591847
5667507
8373173
8166323
2754417
553071
1627619
246027
7622469
5851537
532247
8552929
4588887
8111679
7006911
2500013
3958107
1208807
3034367
6026541
1369429
9558979
8331113
7659433
2057551
8517607
8108101
5799183
4901909
4469999
8894829
708851
1841687
4935367
7250937
4092249
8699807
6378793
7257273
8874339
9801567
997309
7733771
5406421
7951201
6999243
8208533
5320997
9515447
7885059
3233963
8527877
1714519
1608783
9845183
6971103
3690137
9906071
5837763
2571241
2890739
7135873
88637
2549109
7160627
4487911
8936899
1843947
7980303
7391127
2954641
3064209
853941
6482473
