7560139
5326547
6449069
3762953
3274603
2634921
5914289
7729193
4936839
4539329
77473
5100359
172373839
5294273
3759887
7320659
3629499
7468007
4518607
1788801
8704777
763853
8102489
8899401
3675767
2000319
1060963
517669
4544959
3557949
5000653
2124597
342429
8900677
6745663
2685299
310041
7000969
3711559
3185571
7550917
2180063
9185783
4484021
5745349
8501353
3927011
7067533
2212253
8511881
8096283
5411029
64121927
7231857
6867057
2759237
960421
4045783
3942289
302989
5862033
5831953
7600107
3146003
7227723
4921877
8207351
6922543
2821099
3254053
7143543
8681101
426719
6715817
7534891
6763251
1912349
7640743
8069693
3409463
3199241
5537473
7857583
1729537
9959623
4046767
9751771
6604813
2058867
9658281
5471833
1254861
5097077
46607
1111581
1248583
6681433
7132623
4969757
958561
4004111
7474039
2066801
4992963
3836033
258989
2213411
1373851
699247
5414431
7065529
1471333
2800209
9495449
4776807
38769
9713593
4521651
4186251
287833
5561493
799277
11777023
4252021
9354977
3543577
7204943
9715207
4742637
8423139
1445889
1152599
5968429
4138649
137878933
6785843
6034523
156987927
6344847
9256689
4620469
4509087
7020349
3931097
164405751
9903027
9474969
2057027
8398407
4837329
1956817
2082087
9536047
3159149
9622733
8026897
7785979
6885141
1735069
309403
129796549
9509369
8332673
118330829
5196299
1629847
2797409
2470489
1046543
4229987
530407
6621297
9493179
706271
328517
1771821
9708071
2529787
1055767
7492009
7578673
1183083
1693787
7519313
1582627
4613669
30011
8700739
1108613
9943221
9906739
2360153
3333111
9409939
3417809
1993961
8565431
7777997
4761457
243651
3800419
991947
9283781
2875819
7295433
9880373
375219
8609443
7335943
3839719
7248283
3250881
348353
4499767
524667
910641
59919
4997717
1490711
9615987
2854211
5823811
2699151
5355599
7348493
2593909
8184391
868897
5027049
1407549
174602089
71074261
1161603
411069
2172129
4735473
8689741
8726589
7588471
6716031
3729143
4436401
3072479
53038729
6247129
3382843
7626307
8685659
4288253
4173617
312259
3096307
2866199
9263491
9008579
2941527
2386191
1213269
5117111
4245369
1292103
2446937
2670543
5761321
2365253
7910987
45451513
858087
1973991
4830437
3792679
8288363
9726699
3798697
9223723
2729739
3518341
276479
86851
5008773
8745967
4849427
197221231
5628753
9264543
9801457
514541
1753337
4347993
4012247
9663751
3817937
8321057
70921
971103
3663117
5768681
4280249
3557281
7013841
3222801
2488697
5948481
4291573
5899809
6662799
139646607
8186073
250837
7181103
5471339
3234317
5164461
365889
3031129
9285561
1963049
7551617
5702177
1907621
9754513
9272679
429837
2137139
1237233
8255823
663517
2937593
666277
8130151
6666247
8862849
354699
2022791
6680923
8502573
2594613
6546969
9736161
4690411
3313129
123148371
8942377
4444741
6497311
788627
136111929
808497
9820699
359581
1303043
234747
3443851
3701839
1747051
4862757
6835729
21049993
8917907
3670893
5009017
872537
8809641
6883237
7818639
8508277
6644347
7562871
8825523
8938177
6975331
5836187
7538069
2768657
2752177
4487573
76943447
5698289
5261509
1172937
2644323
5126071
150234039
12402127
8465941
5716863
7184061
3194839
7834909
7314753
5409759
6598779
1918149
974199
5465949
120749
5719119
3816773
3578461
3741397
4946201
2149721
1987473
2079331
5498613
7689951
984641
2630973
8693067
131986329
3711437
1927509
6387587
58881843
1427841
4390091
2494589
5593609
3797187
51433401
5652857
49372621
1439453
5945957
9272963
6491669
9978991
3926171
7870167
4661737
5306369
1952707
4716241
1016483
8791539
1653517
2683209
6137961
5470221
9748839
3607391
7035981
4046433
25119987
6459917
2896249
457023
6801541
8012807
1419547
8524609
3376861
8956091
4713153
7550391
489227
6388061
3412181
4391513
9580181
9950029
4354051
9462917
5464059
3991591
5944709
8775697
9244813
8323291
4657411
5806321
7786633
6484157
874101
7425961
1522491
2952099
5892319
1013867
54037089
5993319
4506663
1070613
165931883
7024831
1567711
2001813
3821123
3663633
3408189
8410561
9834179
2455587
1884123
3555373
7244931
1149553
3742369
8563959
1373447
3311229
6528237
5609749
2579823
15349839
4816467
6698457
9482339
2877953
1787851
8020483
9915161
1466653
261271
6327559
4738617
6275439
9264917
5645067
8927211
4262901
8528579
3013551
5326901
3332917
6354627
7043437
178044007
8346931
2403737
6674727
2285271
8582171
8110331
3723409
851161
3603687
4450391
2846521
5497819
252089
5266959
5481773
5143299
78087107
223793
4073987
6064773
6620801
8394189
5165299
8177047
3358359
9338691
2709169
8736447
8054337
6119473
4680789
1646077
8074399
4603163
757097
9630327
7580181
1525843
8545043
5283879
2488997
5009951
4430127
9726271
2277971
4117493
1292921
6305871
3187863
7817991
2110493
5155457
9094217
155850943
1000509
9306181
3777683
1134683
2327703
7619929
9951477
153558639
777053
5120779
2501897
9102703
929003
5969427
3171
772009
5631973
4325407
6674147
7514633
9356617
101791
5930611
6343419
54490233
775629
9752581
8170917
1525363
137092699
433627
4985237
3505229
140853811
5411889
8751273
379469
2653357
3498301
9628239
3968057
7378263
7779473
5439087
8409497
6333953
8826973
5796381
9909459
7170913
5919447
9158519
1905673
8224137
1213151
795611
182475171
1890143
9679943
587781
6914287
9451479
3590103
9906709
4379963
1615163
5685347
2069503
8310833
9186707
1185657
976753
2901683
7929243
4340839
4064619
6837391
2228511
6120693
3923673
2844671
743643
2809009
6346003
2990037
8382927
7344221
7284773
7373377
6545357
8132859
1058831
7031341
4811579
1922313
4309201
459579
7088469
3930431
6025863
5849679
9182903
4052281
9450413
6819013
8317111
5662627
7446949
385661
5872161
3721687
1457521
9855903
2988179
9055049
3473757
1723271
308471
2965683
134067793
6279329
4070479
234707
2541941
3756333
2384739
6612477
5898889
8030017
2394809
6667411
2376541
2917589
1225047
3447323
5963927
8753919
4691129
2932187
1303171
3256377
8720507
6775863
3377577
7600987
9048807
7631931
56746641
7616977
6426471
3844407
3779123
1935597
828801
1158421
1760741
1163259
3219417
5185239
3342367
8682237
3872007
9087109
9828769
4636451
4631819
6433003
8403241
1656969
2743093
5795101
7564081
8503873
8847319
5952663
9848483
4635749
3563869
8395769
2140627
3626231
9625647
2702003
32314369
7092513
245541
7077327
257453
2727189
4379561
5211413
4991059
5303207
937273
198801
4985027
5545827
5112621
6004261
3284987
5209463
2096973
5450237
5686069
4919883
7650509
2756181
7961573
2988133
2229579
9168987
