2991559
862527
5764499
8593391
5295091
952031
7824451
1781929
9573223
8817433
1787157
8130849
5357863
3395057
405823
1930263
7604241
3082281
7611297
3314627
5023473
2031121
5489321
9407609
7007827
1155039
7834081
9230263
205737
7453837
80035111
9725379
9673203
2175289
4130561
8681619
6408219
7556449
3523801
939283
6023977
9707013
6010607
9428589
5707997
8892839
9392883
1028031
931861
9030243
6981581
8266607
4708231
4164809
9004873
1825687
9265817
394923
5513189
9624437
8870631
5537179
6649471
5162557
2729009
2130529
8884937
3789563
682757
1722577
4120491
77761221
9381951
9193057
3200009
8568823
8073637
3278221
5843259
288301
8032897
2571037
2617401
7057299
9637497
451901
3516379
22393
5161497
7068851
5615353
9215921
2889929
1712803
7896813
9642703
122737919
3379571
675651
7648441
9104723
302913
4730401
5138797
6066121
4758153
7355907
7073987
1451971
2419303
5429367
5770379
5339519
8172113
8618701
6070461
2435663
32812591
9632649
8869423
3996321
5521679
7844849
5929653
4645293
9267307
8103751
3226407
1110637
1181357
547233
8222517
3241353
3745871
4877057
7719937
3013139
9435699
9219409
2959127
5844583
8180959
2240197
4464421
138087469
8450089
649413
5425659
7796257
184132733
1594173
8141097
6794441
659647
2476767
7577151
1885827
8308377
5769979
7500757
9216299
6469463
4561353
9611527
6678477
106284113
6059187
5505529
8618981
9574477
8175611
2683907
1187747
4334663
5934211
5599619
8339663
5097081
129775563
903147
305749
2418711
4870019
5219617
155648283
26203
1447049
7568419
6106467
91533677
2444919
1059749
677259
8656111
5901
7532689
7526049
8447083
3705611
3376513
4353871
2360789
3182131
1301897
9783933
4674573
2414631
23024439
9589299
9692281
166079
9926831
4375383
9557169
8275679
916751
9482611
5692679
7894559
962247
2926959
7673697
160180749
35793309
9043467
8813169
7355517
7472199
4501363
6310607
8250839
187719
5257437
2607697
5214507
6874919
1048073
3629579
3530809
4608827
5885843
543739
7070931
1026569
3956081
3822607
106912201
3526863
96749
8797949
71321
9902111
3067851
3206733
6783611
7322239
9980207
2837791
2231869
8350079
7927883
7105267
6346053
2911467
836121
125677363
577547
4174643
7287241
9255227
4337357
674997
8189857
5066119
4517781
3319557
6397959
1027659
8321473
7313853
7638793
6831357
8537831
132268587
5193493
7081891
7985019
6227387
1763647
9698047
9589469
8075473
5650071
9344041
1960237
7850317
8710487
8877787
6961937
1598379
8942333
19723731
6818007
8580229
3945219
7584483
46413
6253043
1673359
9847973
9992167
176168511
1351121
1914057
2859023
5551439
9864037
3611581
2805513
6535321
1658459
8760171
156678029
8071599
1216577
7215181
4863339
8371783
2682061
6444811
9018423
4046503
2557613
7045527
7075431
2440623
9635367
263233
2253441
484577
1036277
1386527
1638857
187448549
1270179
6445893
7775949
8867027
5493791
7139399
7316049
8432871
3064743
8180071
3774413
2313969
2075233
5370131
6011173
8892489
4464327
8014219
3027649
6869761
2158223
9169067
279651
9771063
3042227
4750637
8008621
3446459
7585063
9979227
8156179
9798443
1692377
6056823
7504749
6528447
6888033
8606689
9100473
1545139
793753
6773939
6520713
8386961
8406911
639097
5984739
1065937
2299273
3314101
5810233
6432033
1079397
3920331
4496387
5334573
142522889
4173641
8484611
4762817
5188081
1176681
8132499
203047
9647569
8702467
1482463
6855681
9069727
1502727
4600561
253391
7649439
5590369
136648663
9139849
475661
1508771
3595013
4631327
4850421
4996581
7022617
6994399
4221491
6606221
744949
2201319
2994511
1750769
4501669
7433133
1057919
8103379
8294327
335159
5114607
3865213
3442479
8991617
7164599
2989573
813907
8872309
314599
6159183
4877207
57903
6532939
4336617
5235417
452199
8243523
6735061
1307133
3204803
2057901
8892771
2359421
6930279
5925181
9139049
3035603
793217
2152867
7274277
545783
7494719
5980503
8818773
734143
2132181
4311057
9913851
4594161
695171
8348743
298397
6201093
6422401
727821
1036417
414929
5156561
81861627
7750329
7680999
6413877
7492289
9289661
8603601
4879037
4740817
7080473
6633381
7312361
2422499
4719631
8774717
2513419
7080817
1855693
6833007
8197467
7905031
2571377
3515643
6866851
4471927
6640227
9159631
3438993
7694719
67617
7844909
5551573
1534657
7680927
5848241
897983
356601
1551897
8748689
9759197
574691
9584193
188780589
3307383
5343603
8689999
619249
2384127
8056629
2967437
9776161
8701373
4917649
6217823
8310179
2735807
8405643
2358667
8129667
7248621
9431679
4206239
4166443
1697123
698373
4716583
7366859
3126617
9177011
465197
1540189
7916303
9778071
1783007
4279771
4746579
3366803
8287039
1941533
7152213
9883157
9219451
8534601
9920117
4802763
7293421
6459823
8868479
8066673
5085783
1181893
9442661
23922397
3306537
6958499
2204159
7291217
707243
4833729
185851
3905047
5173031
5425707
2819407
5339631
3845647
7873011
9072687
999123
7810539
2240333
517739
2327743
2039699
3094741
462001
130440943
9679963
8315033
3427957
9589593
260521
2898651
480137
5563831
1966773
5063069
6526757
5924457
6937607
7424559
4032919
9140059
90781
1830881
6108247
7061411
1963563
190559183
7026951
9158017
4490147
1848147
7289259
8939627
3397859
7147031
1873461
9328009
6301771
3086419
101685223
5319039
80391007
3957037
8661699
7823637
6633873
2797179
1993681
560631
6633349
5170333
7232201
8498529
4170209
3787277
1632739
2071981
8763577
95649247
2745867
2865613
8909203
1821667
8979917
7958679
1463083
28371
5070733
181467
592043
8101187
9143079
9646841
319701
4186551
5335563
6306881
7715589
7976013
3589219
7807193
2325099
4725221
5442933
8937779
171703
7445563
8624281
4629681
9838949
476759
754043
5031189
197742917
9503693
7992769
1991773
7378947
9244589
9641061
7781353
775813
4411323
6899409
8684069
9031487
6019481
9438449
2667113
130827747
3400027
86641
2681271
5286499
2533347
6413277
4603109
6904287
8225479
8171813
6926911
2773833
6763969
103135009
3263969
911939
9092887
1369171
9582001
3844597
1062263
6224153
1757211
1308441
2617151
357111
120453401
7623063
969457
108737117
1751523
6047393
2084369
2125751
2577427
3007569
2721977
2576811
802627
9258371
9913493
2682903
81021
3306479
1183481
4584983
5105979
