7422353
4215861
3578851
4875527
5517389
4829767
9591747
7541063
126238371
9197163
4752243
3759587
6764911
8232061
6962041
157915853
2411259
5932287
8759397
6073609
613309
5389089
3314427
948997
4887447
2864711
7909561
8695647
3250539
2871991
7123623
1412411
8117139
7660649
3809313
2206283
3834631
2446793
692601
6846179
85339957
9346127
9529449
8901021
8614539
7972487
5650609
7686711
9463689
2758047
107728827
5962663
4108431
7578543
100403963
6050687
6779347
6185443
9337029
3286417
1939821
4293817
5705583
4052291
398753
5197687
1108633
98449
4580917
91381703
4776167
4392241
9618891
5159423
2137263
2068177
9125981
1733873
965037
3258133
2010619
9394887
7366853
6885999
1186127
3293221
3278773
7156821
7826879
7771267
7919567
1610121
7429413
9728709
8996299
2547469
6985469
285111
1798489
310691
1877329
4264283
6839899
9908671
5872473
8452841
8567249
4637531
7711503
7749697
9106227
8154417
8738937
2047183
123739233
3225089
8687279
1254409
470923
9801169
8594157
1171119
5180513
1394771
5006219
309099
7520939
8863613
8714543
6648291
2575967
2932729
6755911
6333973
257183
8414683
3126593
3895901
1216661
4224681
4638219
3878447
8247163
215937
9246839
1653057
2447023
6668021
40753973
5585363
9865853
9538597
7219847
6843221
5359291
599861
2625769
1676561
5679869
5925057
3511241
7202811
5076489
446573
4147129
9984339
6143279
4447707
21347611
2564143
6660453
7269939
19066859
1492503
4810831
8859037
7998933
139795001
6657747
4411153
9111051
9720803
1777741
9212867
1942757
642349
1068539
2587769
2169199
4995093
6227277
6837413
6651609
3902189
4487579
5884863
9307913
6379947
7565971
5757491
3574691
8274413
3190031
9923001
8318477
2404313
9871327
3129989
7399069
5209741
3918877
8529089
168074877
622779
6211551
1397893
9427407
2563359
9301301
4516583
9820813
6209253
9855923
4458817
8535597
5003019
5176047
2363703
4224011
1793509
1293537
7728671
9277841
3570623
4836111
9688513
3379971
83088253
5992973
2191729
7376413
2824663
4246837
3639179
1647781
9721777
7021031
9192121
5695869
570639
6787691
1738717
8700991
67277
4136077
7794853
4088349
3314707
557241
7047069
9146093
141104901
9961631
3063059
1893267
5529463
4916619
2974691
7667053
2161119
6447819
4805963
3462891
9690593
8539723
2052927
9658357
4260681
9641489
6864327
3940199
364003
8759409
3028043
3386133
54862581
550531
1490099
8443241
6033919
331067
6575517
6919383
7774253
921027
1125937
422987
2254641
9034267
133523
9182019
3362473
1880177
8439511
8085811
2032351
9721649
7587753
4790879
7269089
7696937
1367923
8344767
5404843
2995381
4606831
6652269
5686237
1680199
100349
1261947
945851
1551703
7761277
9943631
5292779
3565061
6065943
5547303
3943453
4692247
3368149
7420629
9760599
4788739
6647799
7986911
2840571
6874427
7317009
6251861
1776627
4712741
8404561
1562063
2234083
3880953
2703933
1314123
7647887
3456777
7278501
5206483
9110921
2020029
1890961
5385061
7649171
157005091
9498607
8497053
6418571
8093011
1055363
4986487
7122557
730773
8813167
7610647
2413301
50027257
5919721
5125639
4801157
8624221
122177
160488489
823123
5180507
2448221
4779779
7225131
8256471
2681413
7209377
1548763
7031409
2520409
4740403
188949
2539309
5304713
39029189
5132137
32964267
6948931
7387173
4432357
461259
3290719
1655171
88339
8091011
9495437
9575263
9721273
4044861
8532897
2944227
5051513
6674861
3345779
8216041
1867613
9477249
23701233
2521963
6845167
7885557
4306991
4875547
5392111
7102889
7855611
5666303
324553
6662357
4409801
6233861
97690263
921299
2344899
8585299
3093431
158082811
1898947
6081237
6705747
2700543
3331667
51171767
5820163
883131
67537719
7981777
1249393
85659599
7025489
8320701
5371053
7115157
8370471
7058003
9292481
4296807
5325171
47337
2893519
174041
4112793
5476799
961451
4243343
41897
4136237
5683677
1001711
2976083
8703099
2060217
3508977
3316741
8449639
8171247
9743447
862089
425591
154268419
5744137
5978167
6327561
5561959
9251117
3869973
9671819
8297131
1915017
2263357
1344627
9307939
8733803
359081
8519573
6548357
2028839
3365063
4029007
2019663
2225283
678651
319481
3082123
5086133
6299197
77813359
2539029
4270691
1528547
2604753
8245633
9337269
6432861
3132387
7661281
8209501
6636789
8343909
3063307
864499
2341913
7344781
1495501
3110957
5808533
2626351
2916207
5584129
4690809
9870677
617713
1724649
7450793
2566631
4026283
8306513
9619187
430501
4121683
7920881
6753163
6753527
5636897
5157011
8904779
6289719
8164791
5277187
7307681
5269829
540603
8890347
7471879
5405601
4119723
8807557
4737379
2002651
260831
6060321
876547
5990891
77231
5591187
6317059
8330377
3827081
4853693
3306597
19215589
2281453
2274797
9132839
6178817
8931633
4127353
3682453
3758989
3827457
5293677
97553351
8559433
4803747
9562283
3524283
8517427
4091521
7178713
9924527
2046387
474121
3026773
5954521
7145441
5037907
135946471
66037809
8272699
5928731
562197
2146391
319859
7536979
1153689
6614469
2644393
727867
9266921
7814053
870713
2892163
3354549
5155813
4924811
6521747
6187723
508449
4174633
915323
5102751
302309
9038763
136031637
2655233
583629
562947
8384623
3874793
7665597
7740603
8071597
458253
3907503
1033559
8202629
1565653
4163921
59301979
7299711
3562583
2100739
8969427
2818197
8433381
7908503
6234257
108494331
5483187
6380779
3534499
5764793
144814529
7648431
1465009
99373
222967
433211
4148461
4531451
9046131
707211
1391943
1969697
201889
8839081
2864783
8999033
4679391
9876943
435849
4202557
1144769
7078599
2982061
4451531
8283139
8479637
8818799
4858809
5575193
2588739
2665961
875381
3120849
1562291
4689411
973137
6289149
4698137
895739
840723
3480521
8374037
3180791
3044231
2807637
4340073
5099903
182452943
3870017
2107931
9013567
855973
4455327
5656209
1961021
5631757
5655459
38940227
9632851
76322919
6761137
7794647
1120003
647211
5093927
4573303
5602997
8907931
9477737
5823523
5493559
3948601
3797989
8796917
6329507
1211153
6658157
878733
1318793
6760331
7511161
4001469
3453671
7709307
3550391
4450387
9867109
6591873
6049013
1645179
1323693
916527
9512367
4648283
8743581
8167269
8252909
3661163
5255003
5716189
9496029
1845863
6172651
2540999
5811407
502527
23298589
6511359
2292447
5184361
8621821
7007861
2476441
7819167
6005449
8588807
7559049
3424663
610831
5091059
145172953
5051789
5106147
9023541
5209437
6342041
8101267
4101541
4942337
406137
9818379
