5417947
135229
6165359
4279969
7824723
5382279
136668227
9239263
7177063
1007699
2267041
1372051
8929883
9285797
495709
9002867
449521
2979399
5256581
5741967
179641717
8733119
1828371
6504103
6524081
8906557
3363859
129157339
8784383
7455087
5138339
4317871
2781601
5299519
5937433
119216437
4029591
7039021
2856271
128224403
7568131
9342791
2838627
8351603
3090149
2224643
7766957
5375193
3151787
6477523
5002429
6086953
5592049
3630061
2361817
8123013
7099091
9038419
1198371
41923499
1786613
1017467
8093949
150881
6603511
1108131
9413277
1422269
9926891
7474873
727723
8031323
3536549
3541259
3224487
3301347
4671413
3943679
4930273
3133003
8492311
6510003
5963237
3800249
8768359
496599
5115637
51209
6430231
7686771
9903053
7701733
3172393
6399761
2043841
2929291
853811
2650197
7691859
1011879
2061577
2969297
4734163
6033981
1307877
6218679
3375609
116369647
7489863
7698397
6402611
4855943
3200887
5812641
7599299
4799743
99033
2980327
138044047
4662273
4218629
3409463
115039
1444909
4622881
7915963
8974951
1425831
6666549
3471491
9325593
309909
5593223
5538029
183159813
3364949
7562273
530697
1702731
128393343
89794131
4189293
4890427
6473373
1751677
9240329
134150669
1741167
9345379
53050503
2725563
5534749
3705223
9657573
8884407
4947157
3738057
4304007
684291
4245209
4719777
14731119
4061913
571581
57173889
6299597
105355797
7577671
2296673
892187
8464239
9979341
9416153
5110347
5985767
6775633
9307533
9245273
1116907
9271489
9856567
1078167
9719221
2638391
5515531
274469
4317207
5234031
8742977
1308287
5262049
109255317
616843
3457441
4733409
4045523
9865309
7443347
4448199
8549631
9898657
3998771
6538549
7313529
1444701
1382131
9933647
4850689
4614363
1327217
9613107
2497923
8980881
5868229
9099951
534567
7451099
9517369
8390121
8512917
1169207
445671
5170149
862123
6705023
6144421
7410489
7040503
8087891
7696501
7185563
6550843
5566027
1083729
4660959
1283251
4405737
5311353
7968233
2779821
6860863
4332457
6879329
8803789
7613153
8499857
187561547
5966111
4406917
7218137
5597421
9581119
7388661
2801271
7867889
1403553
1369767
4625719
6427089
7829983
5906717
7750339
2911761
7714047
1684267
5906399
9861737
1606931
2404979
4039987
940937
722627
3277513
5445157
8662221
6650089
5387461
3871933
1911777
3001033
5113
5878919
1971589
8678173
8762343
6931259
5163159
22362447
1909211
9729811
5055349
2809743
6016583
6731173
3938041
8020939
8589897
9513603
522311
6767349
4566139
7543087
7872587
3633541
4819199
5831257
6108347
8180933
7570299
7129527
3338579
2653149
1155377
2392071
3820663
8386613
6024289
70423
5229579
4440203
6803523
1026771
3662731
3441479
6856753
9460819
255009
3731887
2634319
5519427
7253537
539923
240789
5018153
81827
4396903
4101129
587001
8778003
6271977
454289
4673533
9671829
992707
2048469
53853
18876329
5870073
25936021
7256077
2768053
374673
6578089
3495869
1774389
4490721
5307703
6044027
1330147
3679709
4115007
8215247
9380293
1882211
3062747
8474729
3535891
7102407
7355321
677853
1245227
1499013
2617771
1153207
9123651
5979729
65702307
1058453
6473701
4090351
7926603
8642909
221241
5653217
2563201
6842269
7226791
4611833
8351189
6880463
7005511
7933249
2269433
9892277
9295841
56890283
2682093
8393919
8820923
6480793
5418101
1298961
6143427
73118971
3999429
6834617
6633569
122866109
5200971
5948833
1791909
4938349
7905553
3324057
2313779
5595771
8257797
8059477
33937297
991753
7235107
7089967
8670307
1451179
6058819
2021749
3310137
793239
8413639
7382083
7215579
1396777
9256873
747491
2241841
6035691
9282693
8880789
7583157
3923217
8093047
753001
3440221
40929511
5665283
438319
5299839
4373213
3226149
3445887
94997159
5723653
4354631
7004849
174765233
4919979
2846587
3148509
5419011
5629121
9726869
9105673
5270279
4796297
5556807
5455007
8930311
2211351
166597
124781
2840761
737547
391719
2337319
291177
85239
137637761
1830011
7495439
2373717
9405841
7438353
6260281
1047071
1803147
8749441
7365477
7408697
9650823
4759257
2617283
3196879
137663
54767
2911963
4785273
6026093
432061
1679701
6200717
639497
6789591
5542709
6995803
1147629
749339
5390423
6120931
3582937
67171
5787783
3120087
630063
7187171
7611023
3906869
125322267
98329649
500563
9241023
7929989
4213001
1138461
3761093
3158209
1292251
3318203
4709163
3112057
7221557
1472393
9824469
2832687
4230763
8470999
107238509
8390439
5089181
2443209
1216293
6512627
1707707
4553179
7175119
1320831
2148029
9330337
5576423
419017
3492357
633047
8664539
1763971
9730041
3220749
2386661
4502817
195953947
5231553
3339571
608669
9598739
6383607
6095379
870227
2201811
3604273
4604811
9213653
5771281
136098493
3365821
2330489
8637463
3776909
1100711
3214213
116039157
8292177
418181
494277
8901293
3147813
194592717
2791659
3975271
3160123
5308103
658597
3283261
6688473
8551311
268617
2709003
6692673
2874003
8374141
133261837
7531699
7052817
2677663
3815717
6762389
1701961
6336261
3222777
4357399
5682453
5829891
2279721
4936113
7757321
7396871
8312321
2882047
3375227
2477241
5852767
9996579
4154393
2071577
1973599
7031701
3360081
2079781
3840747
3418397
6883743
4729593
4504043
4933231
7398453
792823
3993801
491097
1204819
1530343
3852263
6224427
6810147
1025633
10803949
2862449
7721909
8634289
5584869
1781491
4889861
3967193
7455789
339869
2154807
2329471
37546063
5863713
9684829
3649987
914127
1983393
9372191
65239
1292871
6593717
3401879
856801
6487863
1657209
9629891
8377627
6029757
9530269
4652017
3436201
8967199
4399663
1397531
781567
7539241
6400043
7153617
158017347
4208269
2539349
116619
5746237
6641739
268367
5659267
2532461
1305451
2191199
628563
5491263
5285149
3525989
9345311
7578989
210161
4444031
1466441
6734029
8946149
3176013
171308327
5310957
6878843
9117277
9393487
7098651
4968651
808747
3413481
8820191
68947651
6266973
149677517
5916059
188584931
2878819
6056489
5278863
3662923
8347901
9473859
7927911
3068451
5734947
842621
209383
1609331
4887791
5586339
7747303
7872959
2783113
1412431
5802811
2329537
2753297
4749969
9652003
5637093
3417967
6557581
1201389
4713807
5301263
5441597
6827229
5265677
2352509
7004741
4015073
9058519
1907221
1328341
3605907
8167263
6513097
2903591
7786431
8950717
1968219
6994949
2174039
1439729
5849813
8366631
594223
5299337
3154517
9544889
4104657
4800527
6247981
7270971
9931899
7605897
97918409
2813577
8230649
6570997
6910267
1403091
4891263
110843
4171649
2809521
4670283
3216091
1480383
7502541
