9663643
7159693
6326379
7221729
9456691
8448163
1712097
2625227
5467943
2921909
4909329
9197993
7004161
7107451
4677853
8191443
8698017
147409281
2208947
4640171
2075033
7874491
4111507
7236217
5236397
5633343
7264683
2672941
5005529
2421389
7336189
9767913
3136399
170754547
6032533
6877739
2231807
1817829
3401391
2498381
9222707
5009857
8974153
2391113
5281077
1900979
3375301
4152153
2647207
189227607
130706571
2546971
713913
9038453
3504171
7458141
1941109
837169
3268983
5887733
3571997
1136857
3476959
1035587
280957
5226399
7518263
3034691
8372711
5926757
5499011
6611163
6850741
3126747
9337571
5385499
6017139
6774421
7156453
8369869
5982163
98847963
7374331
3037781
6590157
4397359
83479969
197679499
8806821
6168941
7812003
34319817
131663863
3922683
826037
7861303
6458757
1491379
5455243
6828159
2876651
2624689
8079969
105221497
2760353
7302441
7633981
814253
3919751
8108047
6437263
195703611
41204439
8339489
7384019
5146531
9658483
4090733
3028927
3726823
1460379
5712501
8361429
4263429
3779421
47347541
6314377
3424429
6104951
6665249
3986679
9000721
3792723
2212267
2086443
191725981
3082269
1526003
97893631
2866717
2506177
752243
146082243
8381431
1067289
7670091
3420861
4147137
9911387
7754243
6647623
7459899
5599913
2494479
832057
9992133
2696599
315777
8273841
443313
3848539
8561171
6740697
9276371
1384267
8565163
8726343
3065281
1922537
9827357
2917147
141407
2027667
162168741
1063529
8471671
4604717
1206789
8987399
2315567
9234167
3836369
6746949
1327067
2591061
7023673
4482203
465957
8063071
2607599
3529099
8625819
318741
4632553
3213763
684683
8178939
195866983
950797
83133
8596823
613859
7999697
7217267
4844463
961311
9884841
540183
1979223
3956811
5802897
7231259
3507081
1959257
9381609
4317053
1296907
9762791
6330063
2259159
8160057
8354997
6358093
2014887
9847539
1370499
5551849
2481773
2416569
1755819
7893981
8064111
3906849
1030881
933159
519061
6144133
5273873
4288031
5802911
3919721
8145061
4018847
2884723
3216513
634867
6137313
3233529
598347
2300899
8535333
6359701
2853269
8167133
883443
8704073
6449253
4988201
8322783
2379551
1421243
5629513
2898773
5811509
1499807
7394733
339001
1072411
7771729
1828297
8840359
2728051
1145897
1378199
5291529
3953243
3416103
6248483
8306013
2967149
9894999
6023107
8720701
5424907
4449477
1491463
3481443
4294319
1052551
758321
9406449
1252691
5740861
9205829
4024733
3679881
7689497
7625999
6048337
8692381
9807263
6072409
81237663
8368627
7332687
4813323
3402193
3678067
645503
5958769
4409103
2462537
3806353
650391
7119921
6048961
5521321
8592257
3397617
6444489
3055209
1330147
2514171
3219723
4282971
7489703
1468269
3620299
3622351
3745333
2574301
2307651
4169193
9760557
4283137
1641117
2568573
8506881
3160781
2182257
9732101
4654291
1713743
91038081
4323581
6412277
1883647
8631473
7351119
559497
386987
771069
2688957
7972677
7703897
1490757
6301299
104695253
589749
270049
152908153
3153261
2395007
2898513
2137459
6429033
9498601
4178901
2041257
4448439
1577953
7448773
3072983
371713
8884109
3417167
1930769
549681
5938487
9390621
1480209
7228233
684799
5855903
5681573
9191357
434421
3888451
1725319
1215681
7065943
50313091
11214161
6056749
4501203
4529263
9847469
7252129
9655921
7184509
3311103
6416903
7203409
8410299
9191171
888101
8200393
3965377
2759151
8312079
1448691
8131849
3694609
8051491
7515169
5786861
6944269
1035949
8689117
3011139
3328433
9512193
3099399
4564931
4295673
437851
9572281
8729941
4480029
5156591
6786603
7982263
929687
4982641
8550489
1796681
8105599
5117871
257963
6859779
6811947
4434353
3858923
1960939
4958359
3050463
6761481
4870249
6067509
1091937
5029609
6963839
696343
8911333
5120561
4707653
9530241
1481821
2453309
4353593
2795137
4287839
2656323
7358269
2447739
557323
5031661
71306383
3308367
7562043
272013
9373653
1948311
5912289
844491
7491143
88898989
9880171
132200689
1217513
5293689
3672013
4021343
4765241
5909897
1062091
610577
9696217
2025399
4304269
6756251
1633869
1469059
3629323
7616743
2584479
1976189
7265301
4389841
1644823
1945577
2956551
4550527
3553049
2227091
4005553
5976793
8135829
1079841
24873749
3117521
8517687
5168947
4078533
925983
2933571
6844799
8991341
8363321
7394109
1376633
9160851
2704393
53363
1578247
7602499
4942047
8258229
8305629
6722351
3848373
1393801
5184669
1852971
8198723
5693987
4059943
130897
3744697
7546951
380901
2882311
7507153
7711003
3955393
5785773
6685297
5483127
9425657
4440259
1406603
6949963
1817681
6436009
196274937
2799663
4152209
7210131
7560503
450187
4574017
9027207
6203257
4871479
1822391
6514249
1657833
8170651
1822527
5611793
5734167
218849
4902239
3200487
2592443
5566363
99766527
8195597
7810387
4001161
9843213
2008233
1996973
9407577
7847257
4272303
2894081
3329999
4265267
11181013
9154751
7056429
9494753
4502089
4887391
2156599
1529801
3368909
8266047
2394019
4123283
3717591
9309537
1393743
114768609
8739281
1470233
6941479
2223323
5754419
7914919
9228817
1836999
7848947
93017
9545109
8596429
4294901
5454929
9234527
3927349
5648743
27661
3419151
881839
6353541
5983387
3642097
3465359
3813157
2236101
176085797
6285827
4880961
1405259
9017249
3926589
1274319
9955407
618881
6081121
6341721
4712009
9675057
6836509
8063859
2081779
8081493
371707
9827341
9025607
5971209
2171453
832203
764017
8190479
8963583
267157
2392809
2781539
152420721
1830709
3306499
7302947
7368653
850861
4391351
1593663
3763651
9216231
6947507
7253881
2018677
7851757
2520807
7303167
8163099
5958511
131823
7502393
4010899
8084871
1195477
5732849
1682581
25804921
4159781
3199443
5354139
2867213
9777711
74756789
8298343
7641099
7400067
9884897
7612439
1710633
1482433
8666077
8104381
2719403
6192457
3881701
9935143
7937327
852237
6843297
650607
135819
7469703
9643249
3970079
1930087
8695519
8877667
1371179
4990083
592191
2062267
1599411
135132297
8561269
7859351
4832849
7773899
565241
332829
779801
3793439
3058211
9061819
8205393
8085381
56306521
5682569
1670873
6146353
4727637
8933193
5808867
6950803
9979849
6695987
7746177
1290069
6903777
7691171
2065763
154084443
1563921
2327279
4971613
1919289
3502411
2226153
2601787
6513949
3428567
9586473
1454509
21072159
779601
6921969
1894149
7821251
3774573
1440959
2444643
1205709
6876129
8528631
7387813
6557133
1369061
3542183
6047319
6114519
4804317
1803161
2779281
8123003
9255133
2485889
8059993
4018217
517507
6674687
8900011
6273971
6276869
