3290147
3183643
1150619
8377537
102470299
2279573
1520467
1231901
2401987
9748763
1183771
6636427
58537
8701799
9501101
9824853
2125001
5053661
4382767
734533
3662157
9239989
4111303
5349029
8893193
2395239
7805979
8090419
1431019
4738707
179099593
8455057
2678637
5340679
2850537
6797757
8390057
7918669
1451333
7050391
1284931
3440167
6979883
3743451
7641343
7671997
5278217
4471753
1095187
4857189
8504147
2095849
5986293
2734477
1750639
807263
3035553
1346817
2059851
6361097
2681091
137234031
4032533
9290311
2716633
8698931
653013
2140693
9960859
2911971
6511787
5975089
1073547
5361101
4249367
8252997
8184889
3332369
2018377
8091451
4460023
1501373
497963
5139153
1556431
9075807
3647469
3570529
3137283
9974969
4464903
452237
3994441
6356351
2726349
3705849
2491501
2090563
5880577
8499201
3846387
4649293
3389919
5699623
8298983
5449431
979207
7282057
713499
2842113
6464471
2244011
4369111
2963457
4368801
5666401
90679
1879657
2402613
1804073
8806079
830319
7986249
8132319
4487179
157658417
1340051
1918751
1465227
7235267
4703503
7144371
4952879
5199971
5886137
8797677
5399591
6830287
141868429
7048203
6131523
9984923
6002621
1963657
64057137
9347467
5193477
3720749
5528647
5555193
1368893
6475331
7204751
8314003
961477
6396561
9553487
2470921
4295353
2473997
7364619
5067973
3795957
6748273
8993743
5584341
4035937
3797071
936491
9209461
750897
4873797
3981197
6235069
4090051
8733743
9830369
4714189
9091819
4534579
7933063
5390477
6523951
9072343
564227
1801197
8234707
2312937
4517621
5844953
9903229
5161841
7095811
6370767
4729731
158285991
1041559
5501993
4917291
2970531
2479329
7432093
7078317
4605481
8656337
512469
9998993
514577
4189297
9888907
5916119
8894287
2684007
2057853
2802613
5932039
1965529
4561993
5361911
8439501
6732147
6470161
1312189
9797879
6241869
7789643
3945247
6464611
3839333
6022643
195866957
6025919
1714729
4565673
9284427
2373097
8411467
4913297
1742337
3809533
7620569
4979323
687737
1877803
5713843
5878051
6704451
6810087
2890461
3781267
261991
1490041
1491051
3648743
5091857
3039033
5087313
2062597
8197447
5745753
9242951
9288681
8998307
9519199
129087
9137273
4278271
3547537
1359071
8693241
9937001
1919607
8998367
5039391
6744621
5558073
8356799
4883089
4682373
3315951
1043373
5051357
6322459
4225203
3555217
3991723
1313927
5568853
3113983
7070361
8996541
825013
1412489
4784043
3496871
4643933
4061783
10477741
6079531
2152859
8328303
424761
9820293
6977659
158095107
5866009
6405117
10450063
3782523
6039929
1872849
2685169
5126253
3260221
9911151
9995051
368411
8383503
4275703
1508049
8877333
2211337
2895707
2148111
6395761
5271747
1208103
1055707
7467347
6783001
6426037
5958217
6858869
7844757
7825557
8462731
9783871
1506223
1723527
2243231
168721
3702173
8896069
2684571
6695739
870017
1263481
3596617
1834139
8685661
736673
3548111
6067193
4793189
3124043
4944453
3662807
7997599
4130453
5281809
6577787
6948071
2504199
5444993
6785691
389701
2216739
1873111
9331813
1619559
8901373
9407517
3820349
2749557
4535367
8307861
7053267
180112183
6537951
5113027
1895909
7311201
8813199
8434263
1682797
1794269
7800677
9683833
4288541
2533691
9655813
7540173
8964449
9879607
958279
4736153
703107
9585607
5279949
2453027
7923583
8558231
1690669
3463249
339851
4913371
7905497
611341
7074291
6347577
2962219
1723179
101311
4398947
5217037
5876663
2571269
3901529
6013801
3106413
7142921
8418967
4530537
4520701
4572233
1113903
7974111
5662709
6932611
3445439
620303
104477
1974277
147767
5896187
3296047
6059067
14224303
1450723
2909211
2791897
6206537
9335869
3437117
6302399
3542253
5772529
8974201
3703223
4896159
8323371
9829869
9252083
8143979
808679
3870923
3516277
3571239
7316403
30126599
1572873
7155653
9300353
2360083
1945089
6120953
10133
5779861
3888631
16519357
4623183
695853
5021183
3469651
6342061
859627
958777
8760197
5185193
6136447
3727597
5567941
5580703
2159371
7712217
4319709
1858187
534963
6753757
1232611
9551089
1349559
88167469
3533753
4213829
2964653
4824161
2681761
9976697
2355799
1481973
9695161
4703859
72571823
2600393
5172191
2497819
3619171
5757703
7094761
7116937
5917629
67037
9948089
5249319
1451491
9214171
3939599
3373459
1159441
3419199
2043393
8895113
8121411
725167
7481623
1005539
2379443
9566077
6403431
34539321
9289549
581607
1500039
4208801
3146179
8434991
9062239
156952343
130399767
8436921
5130749
335603
179313
3185551
5459401
6310293
1302737
4175783
6781717
2668469
2288871
2117297
5468697
8727339
2630001
4675809
2294389
3683173
3735927
7755663
1148227
6047471
4210573
3618327
6741247
7858019
9695057
4395667
183197
6853797
5768951
3946133
6897783
9066019
6195511
9787289
2023421
8340479
9632013
8583773
2951613
2244319
2975557
2167203
104860029
4546617
7313669
2571547
187686197
932811
154705359
5603597
7602443
6513381
8658157
4094167
5967357
287337
9978903
8918111
2584879
3787657
4092929
3689059
2266393
1294091
4545159
188839
9197707
864181
6971959
3846517
5321203
8714673
4446331
6509347
6740769
5064119
5060131
98353219
9408531
8804439
7474997
706441
11208783
8520979
2688287
7857939
1497459
6980403
5237989
5644081
9308257
8835163
3022379
5784227
1500541
90403
1128319
3260517
6736993
7021813
3643963
81649799
7722433
6888407
3282103
614953
499687
3956731
3272017
7190891
8516931
4530899
4253111
6140943
9874731
1373757
48783941
4752797
4711577
6390753
5821579
7019923
9006051
4330921
6372639
6757513
155601553
2579669
5716427
680811
3328803
1634211
2150137
2990149
4548213
8295969
6401829
2445571
6750027
61624153
6020307
138656959
4192043
3715097
2032473
5107131
9049809
139109
9622659
8868629
9682349
9366269
8314827
5226413
5906197
5310921
6168241
4973509
5058231
8013599
1436979
3379843
7453159
1117279
8932621
8647319
693293
7269543
7065793
4678437
6825763
5898281
8871557
622641
5108663
5051729
6130603
1000269
5066983
9348221
411193
1367633
7340793
4846429
602817
9680071
310893
92237
6475803
8464803
3407851
8293381
4863387
4581249
6281591
4844987
4099419
2449901
4284851
3315687
305247
5588787
4894753
2842861
9412507
6081931
6096057
9416209
3776063
5511069
3877631
8136927
4952619
4862513
3374501
4298607
3992953
2203877
9523903
8424407
796391
9627
9682737
4913589
2769389
698837
4505927
8151083
2486439
111294689
5339107
5199829
3200851
8779181
7323327
6085373
5390379
4736521
7809293
7412581
97836989
799453
321603
4245609
1276213
4064643
9928341
6746179
4570827
105154567
1419501
6881001
3670591
8173283
9161871
2872757
7460623
670627
9102129
5650933
819057
