2733703
4693117
3158019
8620913
6113739
1994451
57883
3276189
2046823
113424273
4476407
7291823
175911967
88484739
6751691
7966717
7485729
2309861
6764877
2972997
4866299
36510983
3967931
9089563
2380949
9304117
5485263
4909041
163146581
3609149
9616199
91620593
8585567
2315247
650107
4397629
997739
4972571
5277089
5568537
1658793
3237657
6434299
8297107
1456903
4661281
6334729
9391701
9165687
1616779
2829011
526683
4142367
3948013
6747777
7793549
5858587
9802887
7317719
4363413
7543843
2640447
3721123
2019493
5363239
8429227
8062097
7237867
9381123
9356583
7875191
4365721
3689333
8026479
6762283
9792239
7087637
5531739
2165311
6434753
4458587
8986663
2323779
4318951
3766167
175988949
1061731
6307819
6629921
31113
3396689
742041
9427621
5588637
6987201
2709141
7331537
4075521
6002939
600447
4671901
4624563
4609489
331577
6203801
1804487
6716239
2216769
6728239
4772407
5001713
179852423
3121757
8645751
5901309
196642251
1976713
9081769
6388831
7833529
4620821
1110873
7542343
9650169
772751
6725587
285849
2344347
2829291
1868059
2355097
10819
7530929
4923431
3695031
5965733
6177077
7335587
4275709
2574761
1960807
4054863
5464901
49738053
4985481
7659413
862661
4543713
4152611
4717597
2396629
1376391
2308389
3999373
8965281
2803617
6409771
6815171
2208141
1563167
113357
1309141
4259971
2881497
5336309
33774033
9205639
3169019
2835141
9499449
3707823
8361
9695279
7415087
9619389
9782431
2684301
1941009
4604769
8137229
7585213
2278261
2680441
1626513
106361627
3742171
3129597
796563
1512761
9011257
5702801
8826339
7223421
9035183
6595461
9041739
8282417
536439
8805569
7442019
1223819
3270901
7124431
4783073
40863669
8765793
2820553
459907
6087901
5071643
765091
4759511
212551
110189789
676901
203949
2833543
8808957
62960919
7700173
282547
6170001
4766697
2180297
501159
8495369
3778579
33283807
7799377
9760157
9733083
3483799
2367711
694113
2585209
2783709
7615611
1868741
336357
1047263
5615059
7010129
3148389
878539
6141887
1957007
164247
9713287
7650993
429079
62619
9307423
301071
8708801
7443347
1748237
2637217
1955909
1288969
9798147
5268133
2497101
172707523
5222767
7666117
6728393
5433509
3102893
8712029
611783
524999
3118409
1498787
8318593
1608429
6348959
7155069
1431131
3267287
7847753
7727531
42748489
4492369
8297421
2347973
827523
9743709
110009853
379039
1994299
7690139
6947433
8268253
7227917
6137017
93489551
5096343
1995743
8264407
7071039
9839669
7144567
503717
279973
8700467
5591387
4031859
7706019
4986843
2834933
7883667
4332153
9729687
7996219
7196069
6675567
4756863
7476083
1110901
6869017
8661221
7742873
68436143
2745191
1999713
4813339
9673319
8268571
5552029
4080417
7046473
6756937
5629917
1094921
2040311
134359
7665819
3639089
8136153
1942189
2331273
7075443
6855063
5483049
9123923
4083587
9683421
6835513
3235203
9332841
9140867
1460161
9417903
4700271
912783
5738513
2452637
152403769
7051859
2837019
665813
5384147
7461901
5930669
7843571
9373067
6089077
2918663
6666399
5543757
3895259
8645767
9347927
9923077
6552329
2917357
9352511
1146181
9127373
4098041
5745789
635121
2458223
9415499
6471379
3939633
6439173
8319049
51516213
8474393
5315421
1967069
5415357
4239413
7447047
3330091
8986609
2661891
760707
904237
4553341
9013233
4317027
3531079
5456653
31314999
9185303
9707003
5364553
9264599
968067
8659037
7488787
4165203
2606007
7926789
7735481
864137
5294429
5400597
596857
209051
8980201
5973937
8682891
617737
2818841
8130793
2153391
7027557
3401137
2434411
6684529
563943
8795377
5845641
4260871
3926347
1083229
7918407
609171
3304693
9922813
4773023
3542157
4364991
5867827
1256419
7451889
9812437
4695681
3821459
8313453
4252443
7448591
652333
3935107
3481311
5151149
9552637
2933651
7602651
6404741
3513113
4697633
6494371
1261643
3133203
4538107
6015977
8626887
480521
6663193
4049761
4183061
4048787
7577791
9529089
1248329
9411969
800647
3173781
6794659
1889157
4769727
8853089
2577903
4033567
7799079
9706901
8640197
8403609
2824939
6358911
4346891
4145747
100963
5654493
4879073
5911547
5003521
721309
8703959
3592653
7852409
5015257
3383727
9152189
8796887
8487943
3581051
9616857
9807301
3611027
6441017
5628639
4714553
8855089
9113401
1279561
6963999
5370063
6502563
8210943
125168997
7307723
4896097
61262369
483323
1203811
6876513
1133951
4141549
911597
9236619
4675369
4283369
5453219
2175107
633539
481157
5724083
3428727
2783263
539351
4296447
8936789
211667
4385857
6712629
9251477
8114603
5046077
6780003
9038629
7905589
1673957
8820551
6967179
8802569
3221117
9129263
2758171
6201619
9435383
2667177
2928337
4300487
4600779
8854637
5209241
8859543
3913829
2956609
6337573
9412967
6389309
175435957
6112707
4958441
1182341
6700411
5045903
67254759
52240149
5654793
2338001
5878533
7393463
3002849
7198581
7684369
5296591
8549109
2430827
6329639
7623869
84980411
172480593
9469847
7724603
2642439
1745457
8278791
6929239
3581431
71527
8582123
6785359
5356199
5354083
5688183
7798783
6935669
1224737
14938017
7277769
9122451
4149589
5480461
998287
1142841
5191807
5009023
7467293
1786579
3557631
2539831
2794737
126069
1359313
2338687
9622633
686011
9334623
3705791
6995011
62351837
2772973
5119541
6757971
8355023
6463143
1932897
8839069
6244103
351107
1356967
2507963
9496807
9777851
4684023
6233
9579777
1108887
3192919
677889
8502311
1343463
6008429
1228429
5498053
1458701
2742163
3048233
5341683
5185853
8364797
5846413
8434569
2275057
7869473
9954729
7167369
2358671
3582059
132713
4288719
8506179
3270721
9653781
3640031
6865677
5426699
518107
6765963
8106791
1188303
5127259
9169851
2913189
3132173
6501121
4692553
3544859
5352103
6344157
5223881
682593
6309327
1390049
5924271
2442447
4709563
1785809
1249561
2799677
3204987
6736063
4222091
7848351
283901
5282837
5762423
4585683
9435377
7257841
7873789
2677683
2325469
4725401
5661889
28307521
9829169
8115007
3558551
4135777
8847031
6063463
7679027
72994319
6119101
990401
888999
7582679
2195767
21797681
4523223
3598019
9913407
432807
1587529
795801
3485257
323013
3994891
5423057
9279953
8303977
8473111
4707409
9316783
2570429
9985207
192979
3858957
8290077
9480129
4858919
4010651
292299
9262023
8527581
8657203
6447729
780309
1470557
7903309
9257763
2120211
6687519
9592987
1583743
3231573
4321679
5934681
7479783
9000253
9145591
8789717
3123247
1200777
3159951
931461
2795891
616801
7906127
174632043
