7265727
2182061
2513527
9585311
198669223
62127
6605759
1498239
4337519
8386477
6479071
8332489
659071
7611883
1985313
651977
9909123
4448767
8044883
809279
1832767
115361
6964997
1839649
3488267
6375721
447227
6229871
8896859
8334821
7901849
3916957
3132133
4742387
2226837
9699047
6925069
3231367
5343759
3386223
39318479
2343921
4991267
720373
8296663
1259213
395473
6830453
1862503
4287411
5752351
3119109
211977
86957
6751129
5048627
117656393
1673543
2904021
3354329
7604209
9336141
5110677
2637573
2515853
4083657
4573057
323343
1095043
6559889
6825973
8791531
8037447
9412453
3588267
6231787
502051
9249483
70297859
5337757
8742271
8596497
3525349
9352047
7514079
1139459
3406257
1167703
1359569
7634173
4127067
8664321
9272517
3851481
51451981
620481
5750107
4986421
8637421
4676473
2505391
7977811
3720321
4952357
2615729
8311047
6243561
9421209
5025999
1810733
8891049
6718037
7516503
9435079
8122307
8838683
7825243
4496979
4798483
8701559
5773053
9307779
6228127
107581623
4806219
7229917
4887389
1244769
3608139
5441073
5587481
5677287
7823021
1686457
448927
8756293
8506547
646059
450279
3150457
2884589
8180303
8409599
6240857
14873
576179
7910749
2772453
5154727
9714397
2145467
4153589
8257227
3003501
6339923
3786783
7564961
9111603
5251633
5447987
6169423
9853629
2870787
9853729
4537001
7792859
5941373
8328939
71551
8396123
928157
9496997
265233
9314219
9855879
6402673
9371221
320133
2882301
2951019
3644201
4984591
4673737
2950799
7514173
5123853
9273601
7827893
8940511
6404879
6065341
7477603
3966133
5105989
245013
2922787
969887
8549233
6057153
5287193
211331
2659979
3341733
2331317
6923087
7524659
4666529
8983301
7006819
5228197
4399643
8537143
5868863
3209313
9959141
2551353
6066387
2491749
341159
7040311
173863167
1778999
138488121
7375339
9222459
6724179
5663477
2468181
9451903
7996339
9617481
124882077
7543603
3702721
5765347
106648187
4743247
7213731
9577399
1641493
8288239
5376607
2992563
2577419
5088663
8203419
9649559
3258501
1987019
8092507
2383063
1107253
2356597
6687261
5444509
8500959
8309851
1004873
9663637
8494979
4834967
9826713
3942527
3770669
7239619
4592717
1622857
5997449
4392223
9284659
37834051
763307
4938187
4672033
6409523
4745317
7087107
1567961
5721791
9284861
7185789
5533183
8952173
9853277
7558431
4883983
3883913
5384551
1011627
8523073
8258987
8407831
6762491
5117231
9392841
2151021
5309289
5450857
5640753
1418253
366781
501919
8467109
8973993
5670229
4481407
9905099
6521087
4917991
6573257
6264333
1893923
3496029
5739003
5016369
3866921
4285399
3113569
4034673
9972371
6666131
9004101
2051571
283461
9403757
8763377
4974417
522417
9819297
9651179
9122323
2171989
1085349
30289
1526511
5014399
9587291
110144297
3499677
8998403
5451027
715087
9667957
2592343
1844797
4102609
4743243
6734613
1257597
8021419
9561803
3658747
1635187
6318581
1541739
1325923
2194969
9594057
4716457
4939893
6913999
6862777
3870319
8360637
9340207
7737001
7045989
3120319
6301219
4912913
7147537
9912937
4253139
5592167
1046027
3645697
9637133
3208427
6953807
2201781
542883
7760201
589109
7488469
249801
1459201
3832313
9843619
5383177
450457
7691429
4320497
3474897
9332663
9534007
8402727
2314403
5521603
9104023
7252049
56030343
7050313
4483097
6629877
5021261
3045917
1424511
6790251
1503601
2173627
2269119
314953
2628763
6354421
2177149
9019481
4312049
5361973
2217
1263183
1835013
9548487
1333111
7693127
6751507
3195817
2605163
677671
1780833
5323329
4144749
7936403
8889903
7387021
3382049
5560323
4912987
3190657
3064201
63641259
4123613
2152071
871741
5281287
923623
1691521
1728243
1491379
192599981
2227041
7064239
1398859
9185619
7612509
4760241
7566221
6371999
9921523
2714121
4020587
4172637
6506623
6394391
8511293
6728511
3692679
8327603
2293083
8547259
1906601
2963099
8437103
9168001
7194139
9651807
9182809
4893339
8658993
121645097
6224063
5443819
9807227
2822697
2770603
9080721
3411607
2519431
3122263
87097
1922787
1647373
9129539
4886483
5510771
4396487
8736531
7857741
9518101
4065263
3237033
761187
2519639
4716127
6091047
8052377
8047713
3744273
1639399
3991609
463809
8711861
118403373
6764357
5564401
9390501
9908783
8739129
5745033
6746823
61332927
7351191
978627
2816753
4057059
3744051
7664963
7489227
5786217
6555977
6057639
7995573
9890629
3798583
3152659
3172143
5771311
2757679
4668923
1347141
5967661
1159071
102051
1688997
103049
3953407
7070849
3039637
7561103
7508537
1503041
9669963
6386867
4116763
3089271
5087619
3830171
2941859
4006417
3016237
5886193
2990519
80940109
8394481
169151353
2549997
9280999
1035767
5486931
3451729
4814621
7214409
1176517
4091701
8189873
2502897
6444499
1641109
4012439
12144871
3561631
6697411
757787
1675981
8495211
687767
4440461
2404889
7163777
1643331
7255963
7529341
8529647
1403551
6206153
587859
7674789
350293
4524007
13036999
3928869
4595867
8397217
3984887
1342569
5399301
1825007
7307907
7951231
3375813
1918271
4079833
7537519
5812257
5868567
3661043
5522091
7260927
6423261
9948273
3499071
4137507
1825199
8172013
9393267
8892477
1016111
3952089
9493779
6896961
1404129
6079073
3764303
849561
1650703
4219811
8887029
4878357
4801641
8616807
9911257
112035331
1100179
4947843
7828987
146695573
6398057
5860407
1166581
7818271
9864327
495119
854009
8998437
9124937
4912139
8449541
3801797
2599473
7455523
6470173
7075247
521371
5725939
6636069
3533017
113056633
8391957
6362003
8463877
7628423
6701067
179391469
9235707
2819381
37099
6974119
2615033
317161
1187343
9619051
6524809
9167783
3113347
4685637
4864829
4969377
1936767
397411
6336371
8576131
8229651
153233
7619041
3571443
7533939
2256153
3872173
9621141
1431509
4168801
6066509
2310483
6609451
799573
5338763
1207271
3494273
3861763
4283471
1735133
810443
4813827
3288029
5052437
8688327
6184977
2722339
8684941
7352343
6832137
7970817
4112869
19473633
8212087
1561603
6971281
6460799
189789409
2310129
3750817
116740239
1880429
9504057
391797
4712839
5011009
30104363
6970273
134557867
1023811
6494759
8739169
4643087
7520179
6449831
