4432409
5357961
4396747
4401393
7296811
4269377
6361109
4828217
2621221
8231491
7493101
257081
9737603
632267
8367573
8573979
6758301
6069417
6743929
2161279
3886961
6067087
7360793
4934067
1431169
7885719
6778173
2178423
5529217
3468021
2216491
6516961
4429119
104579
6117913
6225607
8920539
4355921
2366901
6777759
9317929
1903667
2444201
5380857
4215123
3533477
3554279
217479
3625917
3981489
5222521
2364647
7396297
4408393
182394679
5041699
7992089
243827
7822217
757727
6752467
3451759
8384419
7422437
8288463
7804067
3322823
4857397
5288733
2452749
1056329
3311521
2717119
631471
4156921
9866657
168463
8274183
8372557
936393
5062031
9359077
2117871
3081479
6474687
8571587
9052897
32587
131084037
8675293
9453821
3910031
7271393
4501319
229191
6580743
4042621
3305369
4101137
5982223
4573899
183989267
3518489
5440563
1727781
67455589
9517917
7522019
8279499
1205541
3024417
7035759
438259
8883723
8439577
917937
5863023
7521847
1518247
1860243
9632609
7256427
1542931
9953311
6416281
2706621
6118619
6011159
490167
6921
7638333
4780231
7930061
8606671
6066533
4862509
9311607
3143011
2326351
9739139
4785501
3948689
6835783
73466077
7838293
3054097
6748377
7687791
2722927
2400591
4444257
3304227
1359217
5196123
3561777
2296813
530037
389937
7798841
7531891
4373563
8551781
6125469
4934141
5786221
166443711
4677127
142131
4187679
1315211
2069797
6971933
1053229
1680111
1939919
2485439
9725677
5073403
20233
1782333
3944991
1749801
869523
9684103
5634111
3077769
2979807
8778057
7964649
8788309
5557383
8179999
8911009
1820801
6236887
7316707
6297007
8985563
5084267
1957859
5161529
5143391
173094151
6293953
9680253
3350401
768043
7829247
4455963
3943109
6205037
6425757
458577
4347687
1472003
3963999
6563703
4008191
1217
1655013
7471
509569
3216827
3277397
6220049
6625973
1897617
6091313
7038919
5938213
7680897
3458007
7121931
5179887
1969771
6359913
8986343
8927837
9070083
1157113
2387227
6224141
4979841
5062783
2130231
9026899
3258549
9646599
5449083
2720643
5578431
8532601
1370183
5389159
2569291
7534203
3110407
418777
7228367
5154931
3532963
7629913
17926379
6653519
5462899
7233089
1365703
3787069
3026297
157722049
2506751
1057233
5530529
1015783
5049457
8376133
8470103
2009823
1639059
9210993
4167651
5163927
3857459
3688261
3467879
6967637
3294939
5571957
4593651
7298213
3726643
5240197
5490499
6147501
4948773
7575389
104359969
745957
5100087
4726199
345433
9975191
24373229
7611429
57905219
4464379
175182429
2644031
828397
6033513
635209
1632017
4682679
1391893
7344657
790789
6034513
103213
4374899
6603689
6824307
9098857
385037
8549333
9284789
89739
938243
4873667
5672857
2693883
6667001
2840433
891359
139808591
3718739
3783891
5729633
5143947
3966307
1501929
9262877
9693483
9127109
7273077
2635923
6745059
9125479
8328559
8451867
7137293
2807607
1922621
8327537
9284947
5878769
975343
4369121
1492367
74633393
3727573
8157339
5549853
3792013
2757461
5580493
9166981
6462413
7999673
1217921
1364571
4331329
459099
6342819
3514333
5656107
1218949
1786759
6253151
5492163
263989
6144953
4462159
7915557
9173341
5581069
2557401
6331547
7971201
2275707
2483259
2087153
196695789
2438871
4116157
1260493
6420699
6534189
3994869
2710031
9500469
9914091
1320571
1055151
4607929
9296523
35109
8061283
5083349
2484569
6806169
1691253
6165313
4130391
96287
7911139
1315373
2794699
1534753
2092303
6629217
4955361
8393471
194370761
418997
4118599
2785923
3709107
6098419
8638557
603519
24329761
913159
1682819
1616301
7352861
7954801
8615767
2236789
9604949
5568381
9046287
6406649
7130723
6804331
8311947
1502607
2102109
7490441
6826089
597643
9233447
5940363
9552303
9953453
5180209
215921
2065949
768443
2008257
1046701
2840177
101163903
6291421
6578909
4238923
6683179
6810317
3410111
5874619
137503507
2639281
2606443
6328969
512593
8200287
7662123
1240071
6186741
688201
2352567
9382973
350823
9155931
8905679
3496051
8950571
6666403
723487
6315929
5716823
344371
8142023
5280547
5658419
1283119
1566433
132770053
2464317
8300509
9210713
703999
5142477
5356731
1951351
9355379
2929871
9975883
2996041
7805469
893043
183317223
1193629
2438217
9792513
6202467
7506911
5983081
7090987
2414113
4225761
4397373
7176707
5683709
785411
9513659
4027759
5937777
1266811
7027981
414367
6843389
9223391
6165499
2209311
9850777
196942677
8883483
741103
3745169
6633601
7037451
8314029
5762117
1707579
6199111
7846181
5316181
385517
5899851
1071677
8685279
9966719
5700951
5966311
5905327
6599771
6087303
8640427
1024491
217379
9078073
3770117
7984221
1459033
4563271
7650107
7338847
70747687
3336141
7425609
4462023
3632359
952077
4497261
6642741
143723331
5817881
2423597
1796859
7691601
3609903
828029
3830137
2342041
179036473
4006681
245081
1356017
9804939
7840763
3683429
9247217
4814029
223573
8877601
4315883
4286177
2486771
8045483
95893927
921577
8414591
313393
3835999
1011851
6954899
1481031
2949259
7827423
9124231
1123027
1814327
9429621
2821859
6813851
9033303
2675677
1261521
9809899
2621351
6113517
422517
1298689
9702249
6521113
2468717
1616843
2545741
2607173
4200833
1110613
72586693
6070327
5785339
6385979
9812317
2049769
3085763
7562277
1863787
1812239
3181551
9191467
5249147
3377227
326469
4274499
3586467
2346323
8513373
8968939
7735207
9511403
4097269
90864793
173170441
2185151
174638667
2694531
3898921
8557747
2572869
6765031
7057463
9302861
425787
6296671
9289929
5498461
7734201
2271301
8965523
6137021
5864297
143807441
5456857
8278317
2904763
1896999
2027699
9804431
8941817
9225917
4023373
3503659
7630191
5332507
1989873
6079293
63075043
43365359
2242861
9427567
6688163
2368173
8646669
3148993
2247723
822153
5234811
1299257
4069253
495381
5742191
1119591
7645333
6137803
5566003
156990651
6876587
5142687
9343751
2018889
1217799
3078853
2162509
2923719
9492443
1256093
708351
7717581
1102863
9959113
3632063
3893387
610053
2415679
5490373
9444269
1448689
2981027
6234663
1737903
3780673
4335481
6731459
9469163
3884749
145701
3112893
3707363
7201511
2515431
3978321
6614027
8015291
5774063
13697911
3874921
2587623
814993
7018067
946561
4181643
6389463
482237
7074553
9963499
3762129
9189527
2478989
7098769
7090053
4437561
1456913
1715689
4084021
3687671
8118133
2680019
9110047
1156597
9542501
8009733
8628663
8665609
6653097
8091823
4339717
2643041
745627
4568337
5783523
1065843
6067141
8837041
8685233
