1783471
1857227
1463827
4480577
490103
2164421
2197283
1690231
4225849
8428139
8176877
3534049
5638861
6167937
1541153
4703613
3240547
7118689
7792159
9136711
9348609
3460493
32831427
8364573
5859693
5606137
8482649
3294193
7220627
3640193
4345853
5845049
5651707
1536267
9920021
3785767
7632779
4515259
7171701
4878789
8598291
4670733
3649577
6889261
2355597
1092429
7924851
2996173
458489
4457689
9418543
2093137
5593817
7037527
8201653
1266531
2991073
2156169
5637977
2912761
1785217
681469
2206641
5057891
7941531
8595501
2734081
3760987
9938549
1737939
4487891
4764603
7306449
2649529
5097303
381677
3164873
8405469
2340413
26659701
8855243
9354549
6785069
3478801
3502773
5927789
2865183
2809921
3779961
6221743
8248089
51020003
6795833
4012627
9682413
5392711
6415631
593141
20733
2581001
1873969
9653641
6686419
5345791
6660677
1837947
5757061
4547429
578607
1004393
182715933
5587119
2392013
7983121
175956077
7968181
5873987
3149001
8136937
3900363
6923463
3018611
25644507
9590661
4753461
561483
7077007
2932599
5445617
4435401
1806397
86512787
3292769
2716287
3164469
2587011
7753963
1076639
4907591
8127917
8084039
8929707
3192557
2449567
8725583
9232297
9104549
5910611
7470201
3688247
6399417
1810711
7927539
7539807
4140781
8666073
1186849
5569187
7221941
2273711
7879077
692957
74099
634651
9983251
6694347
7137777
5207693
133420857
3722157
4164561
9956357
2094809
3767347
3939507
2843593
2403057
9193017
2443493
149389801
854893
5718661
7049197
5343573
784689
6831077
1147469
7550217
3199507
143672291
837417
9472443
8207281
3300039
7231859
3244553
1948063
826669
3028413
7946053
1008549
2155221
5564283
2522153
86666357
5826987
3614017
1318249
6740533
1288421
8681049
2827903
6858781
1820853
3898741
3373593
8886721
6534869
95091
172302637
6767327
7613969
9645707
9815947
5504801
3089501
4786611
2930791
3743963
6350807
22734097
7570219
164699237
4010647
7948693
7910179
1286019
8472557
8818231
1336613
3943927
3073601
6510867
2558627
9906343
6686191
7881027
537451
7437381
7181659
172970587
3480439
191307413
1008671
4686273
2354351
177881
9975711
9795713
9361547
165212929
9175119
18553
232881
6752499
2413609
3988457
4175669
3180187
9248673
9136011
11664481
5836259
6503943
822651
2737103
9879713
414149
8408929
8161657
4031751
2961001
8190171
1882993
6149693
2937773
6678037
9616369
2540549
45258097
4091233
9564991
4099039
4206933
1852539
7377783
425971
8860863
5282399
9322061
9699569
9489561
9385007
2238237
4605773
3292727
9843837
9874663
5848713
432277
6529663
2993839
2018541
1525197
7380337
7675767
4332031
7823537
7512247
4258963
8544757
3202017
1184283
2424741
6169129
6071897
8885323
3222033
3015663
6620009
5016373
2363319
5326123
2798769
5662997
6400891
4267977
9369819
182261341
3999511
480077
6137421
3427479
187107813
3901647
7149693
7817439
7910769
8279403
2359511
4624153
500169
1146811
5914293
6680901
7864479
29753
4551133
7157781
2840751
4093083
1022893
5962947
5206571
8319077
1024327
816799
6251507
7897133
9678109
1762883
5006317
9216659
5735037
5369517
5811237
2865709
2288837
2582211
304239
1528719
1249901
7796409
3895513
9756157
7846427
7632871
2869287
8530363
1478087
7623991
5326701
5622141
4204257
6254169
8877017
2678789
723841
3385809
9275519
8249279
6535539
1832539
465633
2688267
3713883
1794701
7185133
3361403
1006173
2279247
9870811
553541
1658551
1118863
4967501
2092903
88616529
190375521
1295551
1613131
4792237
325629
8722869
9416329
106480329
6005931
9448543
5169227
6830471
4511597
9513691
1742901
7556281
114044283
6824383
9022147
3488167
4469929
716371
589417
692933
1334971
6309983
2470493
9133909
3041317
1324177
1923739
3986451
8663579
9654409
1143347
1127041
48753
7608211
471483
5911173
8385033
948201
186881
2416787
4081433
8096603
9049379
2329337
6667537
4931691
5707171
6205959
5614049
4479641
8165027
7933709
8228921
5229501
137475871
1808809
7809633
4363927
4349919
7617087
3361813
9715287
8564411
2699947
9092773
7730127
6375637
8282021
32270913
5632377
405317
7946699
5375029
1725609
9665689
7307571
4338003
7582369
6510649
7200247
2679091
3582739
1149327
41041813
9265543
3110981
1773333
3588019
8742321
40764741
7636453
4809461
3472723
8116909
1982119
2649339
2559467
6972777
6250653
7757029
8060317
8194723
2153
7255149
9528593
5133887
795947
882741
7031501
7222573
141963619
9748907
1905817
4080601
7460097
3052819
9316981
341179
166153297
105669471
623483
3022647
3446387
5372509
9792593
7748233
552879
3289637
75983111
4364629
2918769
8031913
4747189
6649367
2147651
1764801
142115247
7453563
4153363
5259597
5613529
4623949
9793737
5170989
1163953
4265993
9694799
7459711
1970303
3774279
2176073
1227189
4004751
1350117
4052357
6799061
6658447
3987957
1656001
9591463
4998379
3451351
4018707
6011491
2118521
3645371
1138391
64549
8003323
2016259
290369
4389853
2801631
5311401
6947787
198903569
5111357
8793977
8168249
8896789
2764001
4866963
1619023
73372531
8184893
5967283
6410683
5957837
154514223
2856681
2783187
7880969
6461833
8045469
1312507
9668019
6470331
7056233
6468379
3358619
3319441
1310179
134267
2240849
3493023
7263457
2859721
1857629
7310013
2084813
4840879
9845289
8586927
7705379
1488957
1418771
8951737
9348277
218793
7427779
8126741
6924187
2015673
7836543
2504639
550687
5460137
5216701
4063611
5671093
36563673
7481689
1625573
9038111
8565921
9415923
5951713
2801521
4740751
7166641
5890543
7217527
4606297
794839
1459929
442307
3297563
4762271
7533617
2756391
9796393
445793
4802803
1121367
5357817
4441499
3136349
8359633
1283937
7480557
5684473
963581
4305397
2244601
1943831
9783061
458327
4971183
5601993
6234757
5536557
2811901
9866807
7245769
4159889
5989413
2924549
70559039
6155143
9168727
2754383
31853
7123879
810757
2264351
3457743
7660547
758341
3794707
5543169
7615019
1658073
8434829
838111
9194941
8806937
8172979
4349947
343703
6225809
4692141
1262437
7868983
4184137
6230583
9654347
6010047
7714681
5121889
7640827
6764023
6368403
6081109
5912713
9244619
6602577
2724017
3235103
8130799
6318521
3244227
2254239
4905311
5282919
2226333
7054493
4445443
1692183
4310407
5729217
1807003
5681971
6131003
5891393
626003
2220139
4133643
9254653
717883
9435387
4218661
8076421
4912969
1734577
2113153
3510533
6260039
8040211
6634773
7430857
4794323
6809327
3828879
5639021
4664623
5239537
5116987
6821911
1996759
1563447
140151
9228833
6570827
4241251
1684157
5218093
3321687
7964037
9391749
4868201
210147
1110091
86088403
7971617
4406917
9942967
6224697
1289331
7386421
129839043
4634827
7167849
8076953
62609
150657327
5388503
4488667
8132023
6897831
5553893
8431453
2004399
7105227
93218601
3458979
3819959
4924759
3383057
1681091
564713
2537299
