3440927
2784247
8429657
3109759
2502309
1162137
4422481
4583277
8932577
9532361
182235219
2658207
1059781
4793573
6869521
2887817
4927459
708117
1810753
5079433
8956119
8350563
1901609
5862063
4426701
6392367
8895177
1134099
141750281
7596633
7602001
5606907
2341829
6192503
7935281
3395643
5578173
5807703
8219217
7981167
4406679
3035463
5428759
765307
5834107
6953581
8499677
2423147
3783763
3920533
3362633
5932571
7113717
9442229
7223371
1296837
7555997
884357
7540901
8273511
330397
1702529
162457679
2835901
1854373
1318751
166751389
9664107
1177607
2061293
161999397
6481797
9836599
5573509
6597691
6184963
8392873
7749943
1229763
1495801
5184821
185256053
3821131
7207547
7838907
7022401
5901221
9004459
6175219
3157183
6399767
910759
4103403
9038547
5066059
4448411
4237389
4534961
9717631
4340591
9763719
4361111
3403397
3749247
7330357
7521107
7986601
5790611
8720953
4829937
2848107
3799669
9925743
4231899
5336857
9975151
3180697
5652177
5369703
653281
9906661
6838191
4189861
8642779
7189071
8216763
9846601
6303013
2384783
911463
6925217
1051751
9719211
623339
6890903
2393531
4221217
9420673
4238253
4602387
4653259
9833379
7504389
2265919
5333049
5661783
4758911
6967961
4827649
1679249
7575049
8226273
5794833
1372523
8699673
5922377
9949701
5739967
8707117
2998563
6828533
36824897
3586111
1420907
3573329
5744519
6897399
6991683
6759509
4843377
4456811
9993117
8254673
8898421
4283083
4215309
3608761
8991601
2527717
1305533
1924479
6291649
5393213
9931947
7456263
6194459
4187653
7959483
6802437
8100729
4725293
2504739
6740527
9496249
70083
8857199
6160933
2525211
1423027
1977813
7412689
6327491
9279477
8050909
6922493
182864497
32900217
756647
8324157
3107833
1029151
8679843
5282951
5705031
8295787
8328387
1789049
8536577
3673089
297391
4706907
8254821
7866309
3415183
8871433
3004471
1196373
5360877
8912727
7886259
6961447
1656231
6344549
140702011
8976271
8274527
8328791
5891901
7625071
4601531
3399587
9661941
807089
4349237
8008287
106720543
8682619
7666923
9086943
8047441
7431427
2096691
2660193
180176917
4652133
1513661
908759
8317861
1067997
3352979
929293
133451199
6948753
6987659
2100431
2039319
1067781
9748011
6501971
2528459
952663
5470167
2260583
1468127
752801
2590377
3212179
465401
6959037
144001529
1854961
6934113
7666451
5823027
8253829
9915999
8210047
7290893
1357391
311017
7918301
5490891
6473257
5514149
2078589
1343353
5070651
7760487
139989789
4962361
5520221
4934091
5538599
9776077
3878757
8063623
5963153
7355749
9362707
5799457
6077723
3654677
7529477
6663757
3400553
2712081
6770607
5656307
6936557
7283741
8711973
9535881
6389257
4308979
6907039
2152283
2990893
5074197
4347169
3031377
766521
9348177
9631621
1661151
9351819
2979131
9049253
54221
1887057
3540309
63721
1417331
2547203
6644621
120564057
594001
119293
172765673
8996959
6681923
91911791
6862399
4142689
5311899
3735403
3755327
2244027
9402509
616229
41970893
9590517
6563131
3124543
9729347
3639859
830799
7148443
6255683
114645439
94749
6641071
8631299
1040859
5082993
1724453
2289487
8241783
4370397
6564781
1819833
4348837
7682649
2173959
8170841
2758083
2946289
2930687
8170353
5080651
1028711
7062037
5224891
1777261
5552013
2850667
2195649
7192027
3866583
9558107
4640361
9154221
131635301
6354819
9335421
7243529
9850839
4414399
750441
4470321
1990833
1869317
6699709
8373043
1486961
8085587
4777913
2908943
9388019
6632269
6068063
49288577
5858971
5510699
2708367
2618973
6853701
1034961
9827601
6790237
372451
4298101
9100673
7875079
6925089
4343313
9587
7786657
5858541
9061807
2700337
7874637
5409337
125299
3505313
122049
4874421
1931327
1254689
594867
7388201
3078323
8258851
3233901
9961423
8358493
5263109
535893
7565011
6091417
57809263
9695239
2816009
4900609
3205751
9993329
8015299
3232337
9920409
9197223
5862009
9774307
3710539
9713537
2657787
5700919
115738373
1340861
5138853
1718017
4894299
3581601
8149257
4305077
854043
927947
95827
6385823
5057517
8173319
6510777
448611
3822089
5920979
8803513
1240401
5442757
8340539
6076477
8166921
3827487
90657803
9517543
1122273
4547473
2299603
8322867
7887041
7642191
8630001
853169
167087857
3555671
9803861
84877
985449
4817103
8780427
59101307
2144349
2857353
8151361
3642531
249397
2373077
6785941
8910347
753443
1935067
2968123
5070871
1825903
3206371
8213951
2218579
8686303
119602927
9571207
8086091
3229261
6872939
1123429
7745173
601237
8322117
4889541
143536487
7909897
5417993
1013149
8657737
3991849
8696493
4971751
7403987
3277507
481917
5766923
8193431
9616149
4565509
4772943
7337377
10724363
3195769
9832817
1548249
496759
1048659
36785463
275349
9940087
8522823
3598349
5090691
9478861
47757647
8373681
3572423
7499091
1170993
8465273
8790729
3082751
9266567
6373551
2419987
4968377
11713853
8983243
1072179
3981441
6445901
3610111
3747293
2348609
2058033
2225929
9136477
7194591
6746483
7154473
949231
5602927
3674603
8886927
2140123
8284439
7082389
1136073
7051943
3679953
4754387
7978823
8098301
7550123
8894389
8031091
8033327
2859277
3557967
1865091
4185507
3745597
5199337
1620749
1601773
2140987
3014029
6320541
4910577
9929097
934667
1962197
3865971
5795349
5089521
1338799
3793687
530177
7625219
4896513
8815993
3020537
4186189
8106359
7321163
6157261
3789401
4602659
1928911
5488849
3166499
97877777
975001
588197
9061557
5143009
985219
3593537
6679053
7994051
2019463
109805519
9768199
30659857
4970487
2470209
6350369
1070833
9778599
175284327
8160137
92521
2893901
4665831
7973187
5575819
5210641
5541137
5306951
2221359
5472451
4869629
2829173
1607727
4778459
5803409
7007413
4731411
5098577
8223149
9882629
6656791
5073277
4392671
3555249
5943513
8745059
446949
8486589
9349211
1426067
567893
7774349
7404599
180581
9335707
6204263
1463569
7993247
2075803
7119541
182859
4464883
4062653
2851657
3400071
3047617
762541
9678001
5460281
8111657
413039
309787
8499063
9695117
3248637
8711921
5089547
1353653
45248571
7604793
6638391
3978867
9693377
8271131
921149
5592859
5035989
1528499
7366281
3900249
5107297
2318851
1104147
786413
2070251
5842991
7876523
2398299
509197
885871
1513319
90581
4496237
3425053
5420469
3583469
5099987
3395427
6600691
4321537
5225127
5353951
164069
7113767
3733193
506543
2634991
114940109
7541359
489433
8590899
66043063
483973
82839417
1405453
9209083
3420367
2497487
791733
4949357
6725451
2281643
1149649
8879313
5490861
