8390567
3364089
9913299
8202149
7130123
999213
20757989
6333681
4489249
4364067
154295463
386859
794011
23191971
2629791
6229829
8174453
33322361
4908767
3661731
2510619
1239123
6804023
7715437
20816689
7530189
2456163
9097609
3038383
2641599
7966007
973439
7637989
4966229
6813341
733519
7474377
9376443
496837
9364061
2654059
2556411
4501027
2430657
83615599
550559
7202323
1035201
1309879
5059551
2673209
5033989
4461949
4684087
2905193
359387
3035143
1920811
2020269
3418811
4968411
7718817
42139
2190561
8016893
6616217
5327799
5621397
2719837
1072969
1185217
8415677
1329231
8006537
598879
8326449
2518147
8175117
9032201
3912123
4990729
7269271
6428957
7891883
910653
4460581
43615289
5983713
8956433
111477517
7199541
9505741
6546059
8876763
6795573
2503891
1882279
6489573
963527
5592841
2009919
139135547
6242553
8428333
170832901
7759087
2094941
586449
2247783
4785479
8846511
6064667
3459217
8711533
8957233
2146263
9424061
9672537
4292697
298809
4753821
3101713
3679479
6733957
8684969
8758507
3642811
8046787
3722647
4997837
4261533
1793509
5166201
9943523
6465379
3251329
63605969
6464531
3666169
8268677
651811
7783151
8529761
5044847
2628639
9562907
9924113
5335023
4611967
656513
4569459
9093171
9487227
1218513
1329807
472859
6369771
8040921
1232679
5333891
610349
7662257
5652257
8721959
4761101
6662709
9413213
3758161
7951079
5972113
4134539
1504057
958043
915041
6558363
3701979
1840473
818451
6781101
5463693
7710971
5248813
9274977
7477111
6637231
5031271
8624359
6098957
195543
2601641
7071403
8280111
5746029
1234509
8698043
52459
4158913
4362423
3029349
3286489
6310447
5917979
1495063
5390711
8748509
8311813
2032939
5232957
2965613
6019369
5767041
5543369
2141559
1924093
212911
6641557
2852937
6667853
1593613
8260829
9740739
6019579
3150927
5824517
3013841
4164013
7083387
5084157
10880711
2669277
6490657
1075451
8499569
6106529
8691943
6502741
2308933
7615837
1358923
2129251
7866721
8234147
5568021
9211283
7861673
1763359
1104037
7160739
9665397
8276361
6178047
5461123
4565477
116680161
6123657
769431
6865991
9843811
2153351
8925777
4063323
3689639
2600663
4924289
4361827
185943
5487317
5667427
5591319
7368341
8801349
8314219
8525841
2922371
4546913
4955993
7076683
9600667
285907
8899497
2324137
1436753
5226787
8072383
258159
7147073
9682623
7359701
7128347
2689997
1485511
132408769
431629
762371
7791327
8085739
7829647
8026201
360579
9507409
6718481
6924217
9206907
1011451
4991263
9064029
7564521
7187247
2345669
5433153
373641
3700477
7216387
654647
8605921
4048003
132747
894573
5915419
749123
4513689
297279
506391
1102537
192522547
4358813
8467583
1052637
6921777
4037331
8588627
8342913
4110891
6455921
8314099
1093461
196533489
7736879
3445383
6075037
732321
1056221
2122853
3152319
5199777
9844277
4552653
8551909
79337491
7974417
9609403
3546963
1085167
6742487
9755949
8386913
1146197
936593
7516583
5452981
8727161
2155809
1525509
3473447
1338701
4258481
8706883
3186017
6692353
5383199
8947897
742063
6355491
8807583
3089551
6115747
536649
7412073
9967297
5409919
4931219
902527
1136419
4474869
2379059
4454759
4641609
734377
3010621
6980823
2471003
763511
5557177
9809569
7006607
4102357
6790827
8083821
6194713
9945651
1387433
6867337
9908397
6141597
5997387
5852859
116383523
6442307
7350513
1912961
9639971
5592979
5618087
286881
9936029
419841
3289157
634463
5717167
138652503
4985163
9050363
1893713
2729593
177272827
8469957
2497183
7225799
7662531
554149
4163627
6937543
126707399
7301557
8501887
5381789
8120573
5650487
7815913
9020679
9385147
687491
4290093
7752951
9345179
9186049
7190657
636991
5390257
9809271
6419181
4957059
8749351
5525729
9197847
8232603
182762427
7204463
5680069
1745663
7253401
3338959
989171
1211751
5194523
8149177
9583619
3180139
3801299
9390527
943503
7526273
1559759
7915789
6094153
139761
5832597
4358593
3053907
4613153
6131431
6721853
2590131
5967117
9578081
50007291
3303349
4539793
5800221
2642877
2647457
70846379
6530493
160455683
2080211
3205291
114578041
7165587
6049657
5899199
9787509
6004051
2982397
9591913
283703
9728613
6715341
5307681
8509209
7201299
6351051
6203511
231591
2830787
9812087
9895423
8916141
6766913
6878079
9967023
949387
860351
5156591
6430723
6142027
4392481
1447973
6213541
1788153
16493233
7773557
2397357
3332057
3508133
7110451
1404169
3295401
71743527
1001513
8025741
3724531
4445757
4454213
2286353
4458071
6487139
9889313
6130997
4187331
7074073
6501641
4662233
2257189
2558517
6492617
6272407
3147219
7806891
8879871
7100869
6398009
6312121
7344993
127124707
9312111
8812503
164902041
704053
3768483
9867471
3921367
7883459
8318123
2081043
6042247
6130269
6306939
8141447
4992653
2734753
9383297
991609
1643261
6976151
8245053
2407927
9910479
9888141
1460483
4135651
938377
9536959
7325239
694837
5080261
8701271
2784497
1945241
7988777
9222541
8217677
2184619
4914847
6991263
1173937
9983491
9749909
4773343
9351367
9768653
4327289
41587
297701
978693
8977827
9998429
6578129
4481861
5255267
6226697
1178189
7940541
5601201
1640007
1009733
8372603
8107057
4879493
6411279
5668797
2814021
8372821
175702507
2157191
9700883
6341743
9683083
173725443
3124087
4875319
3213557
2471897
7489397
8736467
5828671
9442609
8177521
18528237
1283261
4598169
898753
9062893
185967
827193
5950897
9756337
9137281
7788481
452793
6774203
4687137
5201997
8979421
5491597
4211319
9192279
4289303
739823
3066463
3495621
3115259
7231737
1087371
7106457
5676573
6765451
189306557
2025079
1178469
2876781
8604789
2528207
3528697
4996731
1699297
404851
114681
1915987
1358061
1776381
9555477
9410907
5918831
8504799
2266687
6976483
8600971
4804667
789683
3717957
3061803
7598821
8268683
3699051
7871169
6457719
7810963
5184341
9606131
7234771
2368729
1603381
9124559
1952101
17437899
856549
3206899
679049
4807861
5294953
788553
2610517
777949
2420929
6372113
209751
8947397
634057
2023231
4965019
8704147
1840857
1881627
3238487
6002107
381751
4804169
1370673
381061
7099729
150533729
9662709
9446301
1806059
107653
1856863
7868369
7860373
1756053
3910821
5569577
7119181
9653573
2277963
9676227
2908907
5647617
410827
7552373
5041541
1544613
5147753
3771763
498061
9943817
6621563
3729509
9983679
9575923
7013287
1897653
8600173
2259903
2335637
5675783
1321429
3489699
4942133
114115399
6303383
5328999
7728913
6583771
4232213
9499587
9236269
5045349
2866093
7235783
3803103
7382507
6847781
2146717
7666107
7390737
