8075533
159581547
9410207
6244543
2665181
4573903
6357939
9482257
9553873
120433549
8633377
127409317
4938363
1538481
4720369
9361747
5914107
8415263
5562621
1166089
1253393
3788091
1572049
5274967
7196833
4627349
4952747
4780493
146682319
2623939
6517887
8938421
7792747
3787417
6966377
9733297
3137563
4334741
1919653
4490799
6297457
8474261
674091
8255989
1171459
1188471
8483001
1811839
2940221
6529163
5183553
5991763
7745887
92891
7384433
6615297
65619859
4668187
5963137
1319771
5048853
4966993
6312727
3731589
7087429
98041107
1981461
1248249
6288331
6787587
62933
6445787
9815983
1800269
199818211
7541269
5609201
8430291
7156131
7571521
3237143
8474151
768087
64901861
4666491
47941489
4599937
3367893
3077859
1771427
5076581
9407567
510583
5864487
2791667
8692967
5794289
9448601
7057889
1401303
2902971
2443161
580661
2310463
4988131
5751891
7597533
3906931
1467273
1457517
5841247
9288093
8981097
3548527
632333
3325273
9044437
7832067
9673761
4616929
7568167
934393
3279447
3264299
6481333
8779617
5604243
4130727
9034607
5807357
1546219
1280597
6626707
8476319
5664351
1424599
3987177
1713547
2769697
3857139
2370053
5845641
9400371
495319
2253339
7502751
7306527
8359141
5248157
5424797
6973719
3016079
532347
9601187
9662591
2534039
3529741
8021727
8762639
119341773
2922787
9262219
5048701
1226979
7361301
7664127
891343
7221351
841237
616873
9798103
4091213
3556337
9554703
7302701
2352037
7246953
5963009
7868821
1409931
9192197
2739413
2006173
6967153
9651571
1584057
1348281
2677313
128167
1050231
4005447
9264809
7888291
696557
5380829
2505343
2763983
5807311
878099
7913163
4170183
5404743
1305979
7756577
8449999
3529363
9492907
2346409
297607
3700897
570427
85201521
1962117
4467783
89489889
5600669
4761773
2668167
6750367
153155713
4344927
7003469
6890181
1442051
8102711
3584077
7729443
680807
5970211
724201
5769249
7078341
7413447
9553683
7327937
2150307
9813511
7028637
4683783
6952351
8109953
1954787
197888761
9152317
5614659
9952657
4413719
4722757
3915867
7917573
2224249
5221577
3976493
1297369
7588637
3844197
4687803
561051
2423099
6671181
683489
7505549
47948931
19760601
8221859
1438233
2340879
2330041
9955069
362547
900931
153293
6326397
5347053
4290607
9305639
7673303
4911783
1079591
6780661
668891
7805479
7871917
3165889
996621
4345101
9582753
4715769
5049351
7781367
114289553
579623
8827369
4443347
9238107
4045677
55471693
112834877
3359847
2171423
4852781
7643473
7365833
1378197
3704167
7568043
2581667
3880491
2575841
4891513
6507643
2501589
5465759
9879829
6290533
7687291
7585533
1343327
3316803
8222609
734033
3118843
2035777
9569293
901137
8536283
6841939
634887
6496351
3524059
2311581
6616939
8714379
3801071
4794973
2166501
2203123
8621927
5642317
570589
2078849
6770607
7493753
4924273
4408621
9497381
3985607
8651141
5309911
8077391
71179221
3366419
1911163
497257
7574773
4273843
6365377
3164099
8674247
55225649
8516569
3449143
6332039
4450553
3159243
1525781
3664599
6735343
8155897
7219639
7433989
8972331
8674909
9389141
3463597
7117107
1656641
4244529
4826407
4379061
4181429
8326289
3570733
5033263
2390367
6577057
6255649
8723691
685427
9517301
7037601
4294021
8759249
5472599
9135389
7577439
4247199
3740449
7157211
2594857
7811403
4028027
5961257
2935053
2147681
8689877
883569
183944941
2398361
1532917
8257467
5606741
5908091
7154581
2042523
710899
7412877
6357949
6043513
1887321
1582099
1307
9049289
6177953
5301823
7059263
9955703
9411653
3199207
1646203
7191921
9026433
7857607
6685143
287723
1385189
3170593
1990587
2008387
1687537
2205899
9866701
2982669
7945013
6225921
2145117
5873023
5553337
5754863
4739873
9375493
4623227
1549937
727689
8957583
9558151
5837517
765649
7414407
5999743
8681001
5138823
2886537
4653503
2086989
4308553
6633089
3371637
7939033
2749959
5644247
4888177
9865191
2835139
4633957
3573287
9130827
9656873
9042279
8721413
7055223
4535649
893011
8969211
110771791
5049547
403609
1807631
9509279
8412823
29217853
6408851
994569
2496591
9595901
6436947
5466903
4431733
3842061
3593263
3055873
4194293
6062341
9509067
7576409
3841619
2836659
801357
6790397
6052893
3982049
9228133
3229701
7627951
5414007
3429357
2027209
9608307
2039659
4959593
2144183
217023
4540733
9844151
228623
7674307
1491611
7858039
9507313
9390571
6229079
1604399
8392503
7979833
1990579
7838647
8104691
7265243
4584381
466291
7196297
7027971
3024549
8747401
119758083
5912069
7322959
1613527
8170167
7800539
24969407
189746671
1532659
3594509
6495701
1598009
5185379
4970417
358181
6738747
513041
6312327
6471669
3811581
5235179
1265963
2082107
6036057
7285867
9315173
5665393
3288871
5262023
8732113
1637659
9615573
5979157
8139267
6651211
4790091
3945047
3810179
3073001
9411927
3900231
5779731
5536629
7455109
9324407
7416277
7583779
3286371
978739
2966601
836899
2061439
5060161
2821769
938029
3857091
4894459
2942493
4081499
1475339
3753483
7445153
3319493
7438247
6930769
3073137
238449
15525097
9874071
6294563
172033
6455537
3824907
7847309
2327939
6838609
117786777
4416253
7962909
9768947
6918157
1764547
124697
4441041
1076081
2525447
8660483
3907929
6707143
8889343
196503
3197401
2186683
2394707
9458523
4385071
7945987
5348109
172387
9921751
8554791
4059829
7019137
1779689
8409769
1142221
8263213
4223967
9785403
367681
8326489
1400561
9483683
6423049
2105399
3106987
2418347
8519423
6901741
3501079
533993
4491359
7842751
1966363
1408621
1256043
8308197
2537391
6040153
3395019
5083669
5944239
2073003
176473
595903
2887457
7979293
8476491
4446169
3590237
4769551
1598287
166281393
1404217
1975851
6091423
2793081
8971563
1543229
7607923
7899541
5801809
1175829
1508129
4757781
128839481
1195589
6161697
6057643
4451821
7061957
5920159
8568671
9312753
5706379
6953141
3356663
8079249
2542701
2617447
64819587
8723811
9025349
4188977
4310389
4190493
7704341
7130127
5328079
7982111
6832019
192223
3425557
1110593
2485907
2872439
1457493
3597021
8785483
1879817
6386683
2890923
54514087
8113591
127791851
7055329
1376621
946563
8376873
5365117
6836537
2367161
1280489
2405813
9931307
5554611
6701483
1655669
6788269
6612633
1047217
577489
1346781
6732731
5095021
3340179
6975959
4126677
4254981
9520777
2422697
8897
9559267
9280691
6843907
67626737
9861989
6907663
4330417
2995187
8773263
