6948277
4353823
6392587
2545199
5581391
7273627
9491573
6030089
1090541
8389163
9547359
7231423
4481229
775219
9899527
7022387
1219549
8731953
149789
6846377
7413199
9613341
2311061
4219781
2695599
2219107
6593953
6472547
2771353
5477081
5620329
83228479
2638237
9692113
2392391
6041031
1110159
1367557
2122119
4898467
8835199
5767147
5139789
1958009
6739977
9251029
161398651
16754261
6270449
5764957
7885529
2723137
1852749
3201529
66387401
7830411
6910603
1336347
8668293
582113
1587231
714449
5642819
5998647
4342641
7700439
6554137
6529411
3466237
6769239
3507713
5977731
2676387
8609219
4573117
2847463
9976571
1980011
1633777
7259947
4279417
7289307
9340389
3453129
7980771
3351213
7528971
9686287
5035201
9366937
3359447
8738261
5545317
5820651
7441773
5513731
1354333
2304711
1300987
5848969
4939823
3169567
5672453
5416983
173259103
8867167
4172481
9068143
3875319
3287927
4878993
5583269
9145101
7671217
1522781
5210409
8173839
22695247
5956249
2821387
6929673
5473861
4065517
3455003
3156773
8797653
4148229
7822439
2236343
4921697
5612179
8729019
5137783
4390913
9028239
8317193
3504991
6780337
769073
9202619
3026597
6615941
5383023
5249599
2031831
5166579
4158399
1504583
938839
8310179
1520149
1130101
310041
188420529
927907
3466739
6511499
4302167
4402263
8018849
9872959
4382143
2887673
6467303
9588797
3287509
3954459
6791421
5253891
8940281
9194649
5430173
144364319
5270579
5395669
6482909
462417
9034707
8711173
5097461
7525319
632029
753517
2583071
9219953
1051353
7630999
5015437
5703813
6407637
2601281
8281979
440943
8686921
5358631
6073463
3272089
5145353
1504873
8771939
2696299
9688017
4297491
6120937
3351141
9982817
6526571
553017
509771
1093571
1806163
4750467
7366099
3696509
1462707
6051991
5275567
4083243
8054317
1428733
5749707
2149507
5632757
7109427
8525233
7145513
5329783
9371323
40343
122648231
4932921
3476033
5418041
6010027
6169927
2531183
9956089
4588543
2745147
6295879
1918103
6996349
7486007
793403
9166817
2239293
2091113
431117
1133597
9256817
3094273
283497
8451913
4141269
2893859
5915481
3487111
7654557
5815491
8153969
5594899
1598313
1762711
4351811
2982443
9584613
6143463
6911197
8319207
8506491
2728669
821057
2586797
7309663
58720481
1640181
5698667
9521421
7231253
4053391
2351101
3388081
7939207
844927
6970519
485843
9818081
3043953
2336913
2809879
7329923
322741
1924809
8199361
4452437
9122189
4973327
1688787
7839237
7029501
9470427
50486819
7459371
9876701
8012841
4921191
2960693
9707343
4455851
5155959
146831
649771
4281621
8173403
1613287
7713137
7607307
8521241
4208583
6905597
6995947
8553221
3952901
5410927
2775173
5242681
5962309
8776121
5564513
3579413
3091187
4942507
4966939
2301741
5987997
7036147
2407417
689927
9110107
5222099
1797869
9064063
873557
1224573
4371077
182877787
6694067
8938387
9281647
71055173
1866877
3028557
3084097
3158777
4722851
587551
7853417
3515179
399207
3390657
6335453
8512223
7408783
2161611
3279199
1181993
3939577
1977947
1693787
7187399
2949499
1379119
4162629
638231
8204517
1678393
858193
1320481
6485481
7213069
5657673
4667939
3534983
139351
7699661
8209439
3372861
8383061
2828103
6271301
5634239
5492027
8462053
1622133
8506683
8671469
3765153
4971321
9637039
6388217
4116707
9362207
671167
6821873
8877477
1533749
8005133
8831211
8706459
95088731
5631009
4584627
4172431
2280091
7262197
3471229
953841
6983993
8736107
2320923
1244131
1875507
9620263
1934253
5295929
5408153
2503427
3899819
9390699
9180519
1416067
9695209
4476839
3316589
3117999
2355869
4014659
3478999
2719121
5283537
7298527
7722497
792269
8309271
5818221
4214031
6424977
5189657
3333979
3215103
6370573
8889919
5362913
7562641
7782551
2389631
2531941
3913689
7464601
102989449
850499
1762329
2787909
4306863
9640627
178513
6229273
3328557
9353249
4294703
4510827
3164389
117137929
794801
6439331
3390409
891713
1704301
4298489
119535789
3443069
6552373
4902611
3390667
2725503
9174369
1465429
2446031
3022529
8649283
4104371
4088379
39259547
8936737
1072711
185836689
9767313
5921001
1712027
967273
8345419
87684543
3875169
992727
4626559
5137601
9947953
3772873
3880089
9230157
5042391
8791701
1332819
3843701
9999707
5219497
7471207
2171819
8140329
6259303
7421283
7483737
2591329
7681463
6444621
8312419
1443003
2318801
7509891
8658573
35520863
410639
8617159
4957073
7938763
6488683
1457817
4759337
157683
4492379
5295369
5691089
7706047
4468887
3896443
6530009
75125523
3843409
5489343
137776163
5150851
4180911
592129
2724277
3676117
1482839
3413467
1958069
9831627
4822499
4946337
82918553
4067247
8524927
7437291
5675199
9987559
2475793
7033559
168019
3115953
6350617
8515607
150581287
9191001
1946197
21363151
8266329
6184781
3624157
5368033
6353131
6281349
2429203
3086927
3514939
1577801
1531527
5927739
4133281
7259479
8127381
39607
6983299
582323
3087527
902577
1761859
3542743
3452537
2540261
8564881
130729
1699653
6460853
4403173
2962913
6668911
9469411
6384883
3115031
4545189
936939
1268469
4298629
2731237
6033353
7974069
1247833
5192581
5313153
856363
141289
5999687
6064729
291993
36724667
9666893
1693889
5883419
7040959
4566753
3034099
6390099
9141947
1725259
8544423
8974249
8863939
2204207
7349707
6857809
6712099
4634899
602149
3278177
7513751
3798943
7957463
3238931
1116007
8127907
6089901
8887981
2747221
8575381
6820749
1047787
1760529
2292771
2384109
3318687
9806157
4424429
2735067
7403079
179525863
617157
9333657
4410381
2287117
2404873
9809581
1108769
145939527
3009299
4842571
7735907
6097431
7422329
4459903
9398939
2918537
5027203
153999
577811
1081329
5087437
7237831
3412413
1669609
8801221
837963
140175589
4633613
4546581
2785599
5685507
6856537
5781473
5666739
740217
777727
8523381
5611671
2068007
7759831
28182409
4552581
7695847
9365261
3298637
2813999
5187913
316727
1713861
7348879
2299701
8790471
9172747
4356973
229387
1322133
8036431
6738369
1724657
1988007
3270911
6438461
6899053
7021357
6255291
5981963
8829021
2341397
158568649
424431
126862447
3858009
7429723
5038773
111772177
2770171
7568823
5560629
239563
4608947
3772281
4522073
8330159
5009789
6341697
