7453623
7229831
2859701
123675651
6643741
8892101
2689557
2229663
4982481
9479367
5818537
7132769
4448673
8898713
4887977
9367543
6423581
5651387
7771879
7708757
8330343
8483923
3059521
9881291
8039011
5502577
4141759
3659713
6484679
7307433
7166503
7201287
8044957
8225503
6502907
2665149
8029741
6819721
569207
2649889
5753357
7458031
429111
5755649
5447769
3464867
8612943
2221513
4775847
1980569
8828173
9824957
8891049
7631397
6101691
6886123
3576157
6527963
5288161
9441833
3946131
1469357
3281657
9159061
6711069
8464087
7209503
1011843
9090613
3250059
3819519
7814673
5867101
2662991
3713029
6120161
9479889
6171993
8978203
8677263
7566083
1842341
9103583
2206799
6015779
3490799
1340241
3869237
9627789
6840191
2628203
5162059
8911119
5208047
4853771
948983
6048957
3883869
1663113
4216119
1202203
7313283
6798251
1602881
3253539
2980953
7183749
48184247
3642389
53117369
3554353
1548559
2313323
6856567
221127
3574203
749973
5831177
21571847
5349379
7555903
6889809
7046781
5627103
7232803
4582287
146979967
997989
3326027
2765179
5381837
5495119
5357137
129649413
7887809
7659043
932081
817633
4650429
1906671
1368171
1469327
566161
9911021
4769053
406541
7306339
3937129
5600019
4396069
5806119
4279613
6043073
7225833
4411123
453187
115225387
8962221
5542231
671051
2393773
6008743
4476349
6180647
2137009
1979579
3639249
1490487
6966613
6439613
126449
4410251
8357029
1923603
2823409
535967
9761799
9747059
41259987
4568037
4652487
2342587
30080083
3941263
4776763
4638519
1141191
1514877
7580263
6778113
8239441
1083489
6177479
8196499
300471
4127369
9688609
876859
7659527
8479719
9222387
2185323
1075217
5780429
3155293
9343509
3211661
5419199
7180549
6588013
7216619
6948043
9075177
9314947
9041677
192442503
3859361
2214613
2808893
7256449
3563873
8926933
1429327
1155563
4949853
8176103
6213243
4873571
9296351
8672179
8754699
9986273
7382883
8166313
9873457
6237333
3350263
7514791
9985077
6520849
1250219
5714251
6731909
5918807
5700883
1389169
9194031
174954769
7894663
6375473
9892349
195656889
1211821
9624537
4902499
21384361
7163449
3269987
4739913
9524657
6066393
5375903
1842817
5769847
7725499
13229
5320591
9859249
8292013
8839191
2084023
193217353
5101881
6880013
8846109
3813167
3828283
198627021
6459107
104581
991967
9391969
9158849
131112751
4460089
4223863
8673261
9570027
5270939
1030429
4669163
4361967
4809311
9376503
6962617
9675121
1881853
2061079
8240801
9441297
4718693
6041767
9810557
8276861
8083091
4757719
8587847
1519149
2923441
104661
1211557
9603231
9666887
9321909
9996339
8922613
6991791
3331713
587179
4590103
3069311
6704433
48599651
5995317
865647
5593791
8422189
8654981
4360699
6406859
4153073
1411759
7004213
7745813
5112687
2197383
5644757
2850407
593209
5643079
2021323
6530827
3379051
4681839
8929513
1403129
8307957
198444957
575217
9025199
573763
6512693
8895463
2422193
9343791
3071139
8548079
1167713
3436387
4198657
4073711
7734117
3304913
6652771
7373941
91201069
5417161
933873
5347959
4968161
3761759
1026567
1447647
1060243
9795271
5831663
6070617
9939371
5364261
5683577
420737
2236123
7928423
7373949
5597637
6638199
323447
382107
4853867
6576809
6274873
285617
8220163
535633
9276097
8194323
1068513
573943
2414619
1372341
60162909
8976157
6645321
974629
6500329
3608481
9201063
9215389
806347
7176267
4269289
3413949
122533659
2734439
6687691
2853143
4748469
1416337
4041881
3618771
282423
2255047
1473021
1574141
3780863
18384689
8986283
2499463
3921017
774351
164939
9672303
5710091
8696767
1773927
4690789
9889163
6489633
6631857
2525613
6531933
8702213
8811807
1585551
190229367
1836381
3176579
4204507
8402387
9064757
7135083
2350963
2152107
8014723
153927549
9919331
3844039
2870419
8301221
7460049
2129079
9163081
2331957
8156759
8076299
2895669
9665471
2281499
2200377
33037
3166921
1175259
453351
4400067
3558307
2507221
7084757
7072867
2161441
3343899
444729
3966591
5087911
5354493
5464633
3933417
109536161
4667057
1124881
9853097
781327
7070017
1973227
3374877
6230717
4750691
6196071
1606111
1043707
6739621
5874921
7131539
1219529
130764511
6195233
457451
1204971
7820831
5766409
4159829
8906597
7968099
3118963
7112931
4644859
255857
340371
4588991
9235159
9922589
8393889
1151207
9262559
6653627
9618383
1067687
4044041
4565027
9219983
5767707
5605439
377457
4499873
3261671
257601
5895697
3894431
113189279
7115483
10713077
5628153
4437881
8086209
5758031
7442129
3566737
1615371
4627109
56263
6440821
5377409
5288189
5364871
4263069
6509567
114063
7332217
3950607
1543101
5862377
2054289
232397
347479
52453
2289109
405211
4931117
9880543
4673289
4428529
748463
9397799
2038469
5875361
4642263
9500033
8060261
5237029
638109
7523763
8228787
1993707
49840061
1210437
9107551
4923237
6858831
2275569
4912571
8219237
9680931
5662813
8497441
64097111
5641077
3371587
8365937
1866917
148040751
7007311
171169
3702199
7581021
2516899
9798717
37066953
1866939
5935357
8436977
5121723
2528801
91452283
3274293
199251
851027
8021001
9329923
2646189
7078829
4795447
661013
2422943
9871429
3195243
8030737
7462839
9454137
173987441
5329709
7167501
9769771
1858623
9846421
6685597
2730179
4061131
2286733
2796643
149467
4302579
7416677
5919243
9009859
199333767
8971089
9502791
6624807
9210019
8427081
3268173
3087093
4232989
7924801
7809393
775979
1267169
9407889
5297509
2967479
5884181
1970281
2030981
4372009
5625033
8520471
1051727
6823957
3128049
482409
1014907
2655183
6938057
3425049
8542843
8745899
9107171
7738093
8034477
7303469
3588333
5260659
975597
9722721
4163191
4011667
8389329
4817387
1414687
6419107
1399157
4109221
1496823
226949
1978477
9635557
1175917
667593
618659
2988777
2416961
5113423
5363581
5926563
7968453
2067813
6930921
6223643
8657153
7884491
1426237
2091911
3898733
3122693
2397291
160415151
2109749
5555859
21137809
8175471
3161297
3831301
5236127
6781021
2039257
8170379
141551853
8599343
3328151
8594891
6580893
5159479
1993361
841221
7743091
7275737
9769253
3577397
6446001
8707537
9730637
168522817
2860407
7728181
3721033
2190887
4767607
292527
5949707
7745779
8513677
384379
5424099
3956051
6358681
4281063
3065467
1667617
6441827
3221813
9267793
1038057
6276229
83011
7205731
1161737
3313949
140173979
8159119
8360301
8575989
2516901
1118089
6739821
3572857
2253543
3595269
3556661
9670747
8411767
5469927
252113
5770573
7227863
4256311
4225803
9193393
400669
997561
2678991
6488179
330907
6437069
9469503
5406519
5344107
6494549
3857563
5990249
9725281
1996491
4002143
8716119
7799599
4252979
9260259
4641751
940857
5613481
9519821
18615529
5487947
2431079
8097643
8595233
3211201
7382977
9781877
356767
3469909
5760011
3226547
