8158193
71881733
1831683
3123553
5620021
9280203
1855571
8545391
5785723
4512281
1222211
3448949
4923193
4704601
6129331
9153509
6700433
1651489
865653
108553
6838397
7352473
3062029
1104307
1793939
1326639
4152431
63927683
8202423
2900117
8833149
8482439
5539921
6153391
1514901
6991693
2047333
6527133
6164347
9159723
7305753
6082413
851679
4831501
2825881
702371
314449
6823839
1341713
5943379
3186047
4323747
2927033
5053773
6241877
8875059
8572637
6264039
180181
560853
2963029
8864591
5111913
5391411
4304723
4417113
1594837
5177669
1709837
7775459
3525947
6182357
1453223
9801239
7302327
9260279
2709889
389669
3566403
8178753
8704737
1415453
8163253
809183
9877693
1071523
2154841
2969409
4275439
1448339
6447503
2683251
1949063
1902527
8583771
2590831
9006279
2173923
117253
9544943
417683
6287833
1712311
2705521
8244057
6138489
8573283
5823017
5403079
391737
4876933
7854753
6300149
5690333
7159491
5675311
8841253
5995689
3317559
1666969
8721347
1166927
6400829
6321971
3147871
4081121
1809997
3860109
801397
7609727
8185793
9164303
483221
8598729
4500007
2028741
2056553
738867
2329061
5762367
3342533
3941661
1003761
2448959
2256303
5003673
8958421
8583149
9864967
121759261
1472393
722979
7179731
21836651
9222001
1928333
5837591
7493717
3461959
95911
3253961
8427869
861901
2206769
1836413
2093793
1827373
5696421
8734131
3136407
26614389
101422169
1926927
3206503
458437
6617423
910029
4949161
5517027
8754413
9516743
5033871
3426869
1437969
9284899
8910823
4164977
5319313
400973
9242259
32331899
7696267
24576999
3819281
5747883
8804683
7205641
8189509
4474553
3916557
8329769
6902493
7681379
6199361
57574037
785151
5865429
170644051
1243527
9139173
799941
6316967
8804627
8342571
6820693
6685881
7247981
856109
3906699
6769337
4994231
8841403
5061827
3569249
8897737
6438473
4945303
5256601
7516237
6284277
9321899
7671217
1703347
9231151
2097449
4687071
2445613
9803911
9811661
6299477
8807491
7881071
9252139
323033
1295787
5203893
1507873
9466029
1740557
6462931
2884261
6065327
83951
5514533
200119
6552829
6765611
3727791
1839283
7219633
335197
312381
8370813
6002029
8078241
4380577
1973
4496017
5914081
1893483
7740881
2143751
8046997
1838727
193589
601229
8423651
6021007
1221709
7942501
9423799
761283
3632367
6136669
1150823
7322633
3449547
7704599
4020867
6636789
531571
6096747
1240333
6935919
7997993
626229
7396157
908699
2629221
7938461
8647283
3832057
7260383
6251757
2418833
5167853
6260297
6328521
321431
2646081
2237909
3812323
1279391
8236621
5070161
8760669
7672411
9519393
8732271
268483
17839
8403923
116313219
7446831
9636863
2250769
5692861
6020863
4270153
8491
4664859
2423693
8471483
5222127
5714033
9808233
1184979
8429723
8723957
3043743
7718717
1764593
1658477
3581113
2350273
1486201
1296491
4425711
3969331
6526301
446873
2358133
9553433
1779003
7337171
4721233
270049
9618473
8443479
4258311
2209863
3207263
3577929
7463609
430781
9054619
6706249
8529021
3013949
9108563
1371723
3859169
7479031
3156667
236457
7754693
2396051
8687411
56849227
5356711
4711183
3172793
4122351
9933649
2872931
3282789
7417801
9256503
2245579
6930831
5562617
6782871
6455581
9637017
5753781
1906481
2894133
131803993
7297329
5557001
8996729
9732487
3193053
3836063
5699661
2777891
2164783
5176833
4986569
9676281
8319519
7056897
20563191
7650021
5355677
6269969
4818589
9236917
2554561
89627
8310941
3596763
8701663
455207
9143451
2513753
5203289
6459649
63011041
1256239
5747209
9763973
118800041
7916683
3957429
7924287
9783557
914421
1293843
1055173
6562291
2531581
1381381
437309
7012873
3254327
6640079
8734521
3556993
3385479
7905927
7522683
4986517
8628671
3006033
6116559
407901
9576251
4710351
5194737
5957071
1771593
724393
6233991
9289299
2119081
344547
9135443
9200567
3572427
1678519
7561687
6761101
7542487
2581351
195859
6647999
6514701
5133521
7692127
3353601
8360439
408527
8683899
7095477
9713593
2349431
155803423
4845533
8002901
3683951
3117817
4367577
3021553
445013
3765317
5131047
8842189
2295263
5564977
3857413
51506231
7110549
4291339
7470583
7091837
156055943
1258209
7522091
3800899
4515911
1536387
4546451
7954363
19305089
9670707
6164243
7189067
182688891
3663879
1225123
7731869
63143567
143031017
4530461
3305987
7048231
2777609
794393
6138471
41882281
2588739
6424399
2505019
6667851
7014453
4478831
6189297
2661653
5473943
1769609
5680289
94608329
5745491
5776171
5169031
9024857
6462053
3157787
9364853
8895839
2071341
1340411
366961
9704087
5550721
9544387
6436039
9248899
6525579
1347327
1854157
280457
6958531
6801509
27023363
1727723
6168751
778299
9596907
2219827
8342327
7412467
88211429
8659879
1125849
3340341
1308931
1006377
2497387
6806453
4591119
3803219
2708961
3970119
9880741
3532959
2207079
3229891
5479783
1813501
3494953
9542531
6093377
9153699
6632843
6699919
1796223
1604617
1620473
3022377
1948271
5165797
5288033
3503243
7341761
7115891
7107529
240351
1600709
4386929
146518067
7980473
2496093
8871469
1763183
4925029
606361
8140727
2179387
72043003
7076417
8817549
9324919
4570169
7733177
5280891
6421877
2860901
3670101
5495947
2932939
2795807
6609843
2657499
168265987
3268003
3424251
8960609
9582349
3204857
252313
3656791
78062587
4117563
1547723
9023591
3981907
62239843
8480263
9778501
5047743
2032631
4024151
8534279
5799793
6685073
4799773
5165737
8050923
3953741
3816861
7046993
9139403
1374281
9281707
5650841
8723399
109574377
4572441
3649447
9438349
7562151
1996337
6537947
8001251
4992973
7587927
3502513
4433599
2079871
186613843
7718017
3465047
6019787
8681713
6313063
1516189
7427801
3944839
125953309
2533081
2022491
7597839
3903361
6223753
2695893
7297377
145631161
5515971
1300789
1578781
7331927
5890161
9711741
664841
9910509
2028207
1406069
904937
7961709
128030579
6834383
9827641
198939
70301249
2491021
7673447
8862577
6304127
8684239
6148481
3614213
4795001
6763703
3748673
4005899
9615683
9314211
4436029
7145477
672363
8123039
9072639
8667349
9339837
1091837
2134487
6928719
6083487
4231329
1197149
6773021
8695213
1154909
5218139
9120779
7335813
63489889
4268819
8487383
5199839
1746677
175652151
9262863
1574683
6508551
5501937
680559
8123341
1915609
5803671
4904767
2835051
6459443
6629663
28449
8444863
8983793
5980721
1314171
5586021
3783187
3224839
5393889
5911483
709209
3653119
2574423
7240203
2959999
1444599
3564129
8460543
577469
1525473
6990277
300007
9701137
580329
9175377
9692151
9641661
2915701
9896569
504347
1339477
8291377
7395931
2781919
2537387
8890293
9280817
9216427
4534993
6077639
6455479
4949147
3494639
2595781
6166279
5616011
8036513
9612211
3065727
9349847
58879593
5139269
9885087
1040869
6495879
9376603
4652881
3244539
4650301
1214039
3601593
5977463
417487
9951467
9139417
3172291
1678411
