6057339
8048041
1658467
7120961
7902133
6779747
1320837
4086933
7997103
3694653
4878833
3613273
7701399
8897563
6832587
7232509
1936821
3568501
5718397
7289449
9576959
9605287
3662471
4098379
8378279
3153539
3381523
7336259
3923357
3521437
5793859
3154529
3347327
3238163
9043487
4670451
6520333
4747033
6966461
45121
1868159
9605513
5572003
8750323
1933277
874181
5407759
130564881
9348221
5195579
7445891
192048047
6720479
86409831
187821013
9236689
164213
7880207
3635583
2041447
9415369
51091
9852909
6106483
9533121
9824487
3818831
170282787
810889
8397819
7965909
8490299
2162319
5300619
6197713
5208739
1827523
3520161
6993699
5364487
2416753
1714067
8578171
5390627
164736941
8268629
86023473
2714343
7797373
98994989
5186997
8642503
7139497
9816409
9679003
9542129
6206583
7168317
9961283
7856829
5513803
8972027
3225197
6824779
5938053
9822867
2332613
9108773
8851743
6274111
4834087
5691193
1346381
101595823
5518331
6361983
1857453
2426389
7281369
6230931
9386133
3695311
4632981
8434419
6770543
2404467
9964411
7739233
6535297
5646301
4077789
5590509
2503769
832873
7848857
8622139
8837819
8096261
179506361
9223243
1662939
6479163
2011439
6578393
1259929
2080817
4592841
1223209
79237357
2816003
459929
3068089
2501523
2039503
1063363
4724969
7923439
5653687
5334587
4722731
87171
6837497
2289493
6760957
2466169
3154341
43818887
9659187
9121793
697969
8898353
9228583
931671
2309573
1483827
5528969
8389973
3129
105802751
4778189
8591253
7921531
7396779
5553879
5147407
6345089
8579321
1878211
373797
3952789
2083877
2640713
4224773
718889
7391769
9080469
668813
6730937
1790563
9475641
8172657
7866717
8340533
13088499
5747709
7363849
8600027
9365517
3499267
4867511
8328391
5164569
111783
1139341
1597873
3428127
58211777
4208069
2249869
8658319
6821939
7818463
7620699
1461911
9434183
786407
3784637
2289953
8530093
6335173
1568829
169199
6512649
4432167
86242917
4431231
4092843
6689651
8241473
3273499
1245843
2599729
1494563
4385543
5169189
2053469
113098973
4990853
9668237
3172393
6685117
438693
15683
8672431
1426367
8766659
8780533
9291419
9292027
3602183
5406791
105008991
2048723
5326113
7164797
8573941
64615333
1394617
2483393
2924069
3183383
3175581
4509617
9021491
5529857
8679911
6001091
1660627
9638493
114799953
85614061
4450777
157016431
8265487
2126427
7705273
5338951
8451299
8297371
4389441
123633
7873667
8340791
9144543
6099067
7541671
2465571
2632641
1290041
6539801
454017
9942691
5928147
179919
6001899
8856137
1369247
9054983
4037087
208641
999309
4775067
42197057
9878153
34918121
438923
2284637
777851
8146417
6991193
5972313
191927603
8043677
2567359
5628433
2529819
5295083
177047083
5015523
1772717
1062031
5157229
1852001
4180537
7991833
1595983
4106137
3591617
391947
5656053
6501157
3003847
4556441
7018589
7477617
5677109
6900397
8991183
8773449
1369829
6191241
810023
9020909
7740723
3549087
3999547
7149993
8239257
2473017
7330101
481051
4067257
2629259
2497781
5775137
3278817
9577897
2809149
9023443
8213121
7755101
3338611
2981093
2572357
4580349
4560819
7303419
5336087
7669091
1643219
9406553
2419593
4498143
5881647
5290149
8087907
62301881
2331487
9604589
141463
546929
9327103
6089527
7481361
2662843
6490467
5173091
6117821
7267761
8671673
8980833
6595479
51672161
8507023
2946051
2372879
9706797
4627067
8887913
7449257
5027453
22412387
9465641
6596993
3749479
1060911
4886721
8256963
5009989
3612321
7123913
120497327
2224873
7263803
5427629
8242651
4182679
3731097
4527123
1138617
4590101
4088907
6886513
1470111
7320517
3972621
6554861
7398229
4348503
6530341
6285367
5257381
4172373
174360201
7910261
8983551
3120033
4229863
9017931
571573
1413699
44973783
8450529
413071
5752471
5787413
48451691
8619221
9731997
6395291
2017203
9815531
3544387
191611417
1108889
246753
3666583
9618761
9284947
2823691
313073
3311053
9156107
5977377
3672317
4572241
715961
1643921
8722779
4668897
7572279
2181133
2418781
9294973
405503
9628471
7418933
1539957
8095969
3042871
2755401
8258869
6589361
5457159
5405977
16047
6689929
2309347
8306191
8253891
7906553
6598979
6112341
5222397
6711301
5878639
156022457
9256161
1174991
1751543
3251483
3039177
3464431
5475067
5357747
8945019
4327153
8298883
4169437
2980167
9375919
57453677
685327
6935441
5848447
6023187
793619
4953669
8363099
3785937
1458687
2019437
4691101
50771551
150473037
6345837
2787673
5392443
7406269
6465291
2500669
8808101
3865781
6241217
5121691
3589927
2112059
3893509
729847
201491
9586697
3776913
7666481
2202169
4263701
8538753
4062383
2608191
747791
125798687
5765943
3000453
4662841
9688283
3086327
9862373
525891
9418243
7630067
39119799
1406589
4705787
6849601
1467869
7011373
1605901
3448971
2462221
1674851
744427
7477131
8584577
4164103
6736003
2013813
2089501
8386239
5918129
8814919
5169019
2091437
4134831
7697619
4591753
1089881
1908473
2204083
2643333
8421841
4741819
1854797
478667
3912207
2261643
7418999
5419723
7341267
7014909
4453213
3814701
1365393
8954049
8650919
9901971
155419511
1201583
4441587
4639659
4367349
9090221
5418823
592203
9651271
1331297
1601307
9265569
8726317
3501303
67146967
7497059
6211973
8020901
2989843
6309159
1978087
5748851
3731149
1590231
3384279
283137
579769
4146053
103419949
75136177
7398617
9943183
6805323
178681173
8739841
7871493
4126217
7942937
9555283
3035699
1110777
4384029
354323
4144299
2618797
486309
5138761
121522271
4608113
184803
524793
2279371
9694027
2516361
1102217
9863859
1364257
5481453
8673027
4848457
78497
4625261
7513353
1987583
6149793
7478199
8816283
544341
4093421
558919
6538001
5501879
7535881
3200609
8333209
5785989
8684823
726463
5935309
1710469
8857489
195029677
7261807
1758117
4625847
4238883
722523
3306641
5786533
1256783
2507529
2164117
816203
2629489
5063329
5996257
4377379
8668907
3304469
6821901
990343
6557389
4127653
8381849
55811993
9055449
4454153
6355077
8900579
8395403
6468801
8235133
2088253
7894159
4395657
4291831
116679
36747323
5541851
9545231
7492319
3765689
7700657
3576517
7046807
497813
7424067
8768613
855389
5372321
1978403
3169411
17245109
2042727
4580241
133940133
5934757
6731627
2443701
4558943
2824403
4529671
1791109
207661
3041037
8984369
9394277
2096627
8429961
5657487
6417423
515551
6160849
2574623
646933
6336657
1330203
9691601
9960333
3714777
3016957
2164811
6718293
2713103
432801
9123697
6952391
2898277
4977541
2162003
7688381
9721027
2107103
3786311
6302169
8791653
9586017
7047209
