7662969
1447759
8514631
7875341
1869489
2422067
2889521
6645223
119899647
1235879
8442539
3665511
8480779
9987789
8137167
3859821
1229201
8881007
5507263
3423131
182024377
3994941
6329071
4724637
2754267
5905789
5005611
7540609
38499111
8107513
8505497
4111523
2522223
4281791
3288071
6026529
7230011
7017599
9479667
4170947
1475857
2722161
6468049
9594897
9093669
9961037
9605703
3923401
1937431
6819299
6376791
2145107
2093913
2266997
5968387
603719
6298837
1319103
161725349
656257
3891617
8102327
9469789
7619381
3944549
5633829
9815943
2702711
740997
5029203
4387311
4125439
7490223
5411223
6891307
4760097
3402101
4897687
7760499
142185411
8646387
6995589
7967037
828637
7175459
7119753
8432819
186005039
8428779
2649951
292219
6512109
3111567
3996889
6389151
137190343
5328461
3121599
2682897
3689251
2145027
6987693
7495571
2636247
8353917
7059951
2971311
1434831
8269149
7508379
4933663
3655959
9756123
3734373
4388583
9213599
7209773
9603097
6547279
270897
9661761
8342333
1821039
7530279
4750659
6661163
424029
8372973
1190479
4938863
4311199
6644443
6106277
3088701
1797171
1621759
8073269
5782821
9012181
9212037
2020053
3691889
4166327
1956203
1389271
52507
7091943
3989437
4927089
19728623
7960399
666283
8910941
2881261
4303587
4348089
7040037
6558607
7012543
9224209
35680111
5375689
8845463
7899989
5157987
1673903
3288153
6838293
26119369
2722411
7110413
9748651
9321801
3800491
9662609
140782493
3912507
4312517
6554489
916507
7816869
6011937
173483109
3414787
6257691
6886503
2967489
709793
608183
5575987
8296541
8633763
9066997
4980851
9227697
169117849
8683359
5840291
2699951
7424713
582333
9584837
227399
2032993
2237127
4596667
1580037
3287277
3107867
5940007
8754271
3142393
8050977
8010809
6868947
8350591
1986489
5585667
1981493
8771141
8754203
7426629
5324951
6454329
6457537
7855407
32681
258177
7962957
3909853
2219461
9700191
9207401
191434777
4664169
91498387
8496671
4576579
2988979
8246251
104817
1185207
345073
7073553
1745091
9120359
1439717
1734887
9635637
7034731
4832353
3324371
4173307
5236597
74505139
3374219
9325597
7410263
5971197
106545231
4420027
3758529
4396569
540897
5498473
6557071
7501571
5401479
171119927
5407339
9231159
60908899
8315913
1384887
5419467
4302611
9572921
783697
4099807
1556613
9607707
1209559
5265229
9100631
4825089
6018997
9962687
967669
6722921
5183877
3051477
8333349
8727583
4514007
142833477
5509029
8458557
943891
9068291
1704729
3613689
8244063
8984137
6607379
5899859
1594249
1589151
7362577
4699649
3303271
7471707
2385559
6641921
5570511
5062873
6111237
1824441
2667847
3784577
8469787
6371079
6544953
2658883
2430413
6039061
6700253
3253983
879927
6732237
9285919
3689027
6753083
1542017
5500891
9497993
7859683
318391
9202521
2049969
2767457
5162281
918783
2599113
208157
6361713
6800743
3658629
1450249
3547267
7054069
4228283
9893263
33398041
1998197
6190159
9822717
3717613
1854381
9940351
8893827
6546679
4079631
7960641
6758029
8602057
9253149
7690013
7452413
5119707
8891637
6517873
1768187
3622357
5507641
998113
5299621
904253
3156051
5294597
5288603
6041389
1236061
5342071
4317593
5223323
5883049
2739687
3744527
6067869
3843109
7732931
7733551
7880151
1364521
1721191
589533
7172349
1468529
5349949
8400271
9804297
2274511
8166081
8851561
9227259
1561051
2191671
2002287
8143187
1220871
7969049
6240751
6383343
3473043
7647933
1342923
6504673
9704941
8838923
7791161
600883
1351683
5913523
5222167
2346463
6989691
8389051
5625989
1108373
5037141
2310573
731721
8025019
8311851
7998679
8095933
7002117
7629161
8406457
7279599
1941407
2715147
7333771
8929027
6186667
3898589
1261477
8344303
5974231
9972853
6543533
115563943
6713383
8429891
5756531
8178157
1353767
160643373
3811843
2871443
33990231
4832177
1553399
5740157
9568381
2835039
8476383
3663089
9661343
2149227
3705869
143401763
1706451
5046513
3333711
68481951
5796091
1059253
3739117
9405031
4221157
4539431
5288107
9914841
34027993
9112793
4756821
3284793
7098307
9542119
2845567
1474893
5476907
2545599
4934667
3237311
2765049
6519553
454661
5939297
6608021
110953923
123251879
2434507
5588083
2309579
8215033
379919
4024781
4118233
474637
8937129
998911
4834473
2365593
7378663
4664763
6103347
528769
2733647
4711043
6052653
7128237
2678471
3028949
3071041
6346041
4595459
54211
4224803
8066263
893353
3545797
2212351
8182177
921861
264281
3920851
3441621
3697431
8516447
4777703
7795569
8893607
3200193
2992931
1005739
2308367
4072419
3735307
35125737
1058743
1352227
895719
4219641
767231
9023363
167226861
6632021
1280349
5605347
6728349
3873441
7379711
9913097
3770769
1205959
77191219
3847347
1875801
2976489
9552893
6465251
8646851
8328297
3820219
628859
2951233
78061
6151241
8118669
8101229
6083279
9750221
8523291
3489689
4333919
8626401
5555097
1839397
904487
1733883
630959
5707259
8608457
5514453
8691429
799761
4979257
7348531
9454777
7720743
7755331
1635479
1201533
9498481
6274193
53619201
9972983
3394713
136026209
9623947
9919973
1765449
621731
5281847
5378431
4623779
4467991
2265753
2395889
9212533
153604409
5682233
2578431
5512183
4325539
9059221
7605981
3597849
7332583
7231083
1847233
6434391
8868761
2977451
2471157
1066387
7584741
5547511
37689
9006809
6493329
1405601
7082203
3183177
4783827
261979
690421
6499307
8378087
6268841
4579093
5521859
649761
2264553
8107393
7936447
6418423
6553281
2956921
6125213
2340101
2270697
2623413
5943353
227043
5517849
1441861
1370379
1735691
1816989
9398177
9781827
3333173
3529451
5941451
7520909
6998603
520559
6713381
4770323
5082541
4680921
119442127
7895983
5949763
8854133
2979993
1066049
104852333
2655203
6630199
278581
6697383
3253097
4502367
794481
9479281
4098023
8560847
7812807
2207877
4988597
1438793
1562363
48789
120037
2627697
109274003
9361389
315481
7944623
9028267
8467707
9519649
7527471
3750769
2699141
6983697
7396153
172521993
6583553
6073359
5140979
1968903
9755627
739511
5236531
5913947
5880953
9519007
2960879
5940699
240727
262999
268161
7291141
6730999
5129753
3128647
6286641
6569603
7101071
5749233
6817137
7689217
8550601
7691037
8955307
6762097
6521519
8786549
9061317
2391821
3656609
8662447
8603453
3207697
729529
3002603
9374053
1108677
3830351
7684569
7808751
91198041
6743847
5700949
6795999
7845251
2109623
1382547
9311283
230369
8604853
2645467
6878011
3423181
4532349
4373289
3519333
3149979
9030831
1674249
6486411
8181149
6086943
996469
8635949
304357
6282907
38847
4374163
8651773
7636939
6180507
1489747
9699567
2511567
8120327
763039
285739
9697607
6738583
7288171
