5585133
2639823
6107843
1624823
6774489
802717
4386599
2307599
4084261
381763
4051001
1699507
2535043
3037093
9965489
8614967
2231667
1230611
6545103
1111153
4822799
6531247
9694219
4043623
3759099
7250941
3708749
8134119
2669069
5527451
133652203
8142889
437023
3090901
5853473
3392377
9694867
1595227
4950503
3743589
5555937
8721461
2690771
3836233
9904249
5818597
3774351
507037
5430963
2190581
3101867
5907007
764853
1089169
4804591
5141651
9131519
9600083
120228497
8997523
1664087
1673907
1041761
4723433
8830253
3318377
6824299
4903841
1755469
5273167
3058661
190283391
5031447
1382053
2771863
2470937
4146943
7008173
3767657
1929497
3084271
5842013
2361623
9844051
9303767
84799069
50282879
8312951
3928281
2822299
8418843
9186487
7345929
6899249
5548567
5309123
1786971
4419163
661843
8193977
2894037
137856413
846397
6391281
6099301
7368393
766571
27507
8585917
2200449
8680581
9589653
62765731
6933431
767557
9911729
311353
8909127
163510969
3479397
2421417
3086761
9770073
7330577
2750943
8312893
742467
7465057
6847003
7368063
5789261
9849399
6763203
9939233
7374109
1094379
28303189
1804799
5947527
1042563
528967
6006301
6857137
32935499
7355471
6240071
341743
8141453
552907
3841521
8045241
5990943
1658169
1799127
127010871
822033
1763547
9704937
166743861
2337941
855503
1877563
9918061
8902731
6323809
8558143
6180707
8736463
150301
2561931
1843227
3296689
8130169
1089851
9037983
3108129
368547
8413763
5603341
5280737
3455743
8225263
9755783
2307137
6357771
6681173
7343811
2358229
5555899
4662591
81914887
6422283
3045563
9197871
898173
7522113
9118077
8775691
7298947
6169461
6770173
8620859
2083641
3639777
3475757
2593909
2513019
2968301
8774773
7627671
4481599
4672099
1957881
4239023
4759633
7001617
9554613
169859933
8563361
1003261
9416477
7523477
8257717
7781231
4285779
8771029
3876143
7528869
2717261
4705257
8624427
8515659
7361233
4012491
7664137
8049401
2780241
2992719
7659547
5655099
2405683
3901781
3712633
6849501
6739391
8556651
3063317
563333
36672109
5157671
5892583
6265791
3601691
2156699
1696143
8701849
6111547
3793849
5545197
543341
6568993
3818699
3363981
6690007
2308699
9647713
6470367
7775391
6548121
6619057
3608321
9643767
989081
8587341
3134753
4095773
4810719
6990899
9492109
3453073
7469771
6722791
3512557
7654157
9693687
8675037
2942563
5831361
1449229
594121
1253749
285203
4558731
7339363
2752477
6106921
3414769
4580207
1541509
180827143
6705951
8112221
875777
1199013
4196747
7356507
4578783
3787633
4389429
9984957
52899433
6385641
4191289
6400349
3718107
7395599
735461
3989347
7394673
7860059
8795019
6950931
138649717
874181
3596939
3043507
7374993
2731239
9787371
209409
3027719
1575437
9721843
5585993
8406749
3426857
9718883
9890951
4461157
28726389
7616877
1405271
1592033
73061783
2157733
309857
8419167
197861859
118406521
78252927
8007083
889001
8821869
410789
3133611
9058631
5487753
9816147
2219371
3954221
749457
3488709
3763701
8546199
2531559
9908261
2526547
2645913
9113731
9757969
4135841
3496299
80809513
5136369
3469257
1897619
3293849
2612003
8050391
2383473
4461917
8899903
5758531
5397709
5996393
5092041
5944277
8471797
8527073
8156867
176571
8101063
9308707
8865813
9089159
2698379
99953
8571497
4125843
9153737
3299067
1991063
1462381
487827
5644297
379991
7369337
8172051
5768297
2223223
4853571
7572923
5280937
7528521
5696421
2168113
1116517
3289919
1359323
1638469
1108897
137645859
7319119
4653297
2472561
3797853
167236791
9828439
4654543
2349717
4466623
7543773
3737499
1651371
404887
2418597
6354377
4804223
6847923
5128619
7628409
867399
4175777
6891401
9820797
9563143
9515409
5258911
4984213
9661459
385573
2069337
7188341
6938699
5043977
9847601
2056221
2353753
8324863
7876923
7434903
7793179
5400231
6043307
658521
1697751
152011
3448527
9701731
8524181
1461391
5419681
689011
1058857
7204967
3140789
9973261
3394051
2335959
6906703
5410857
7837903
2622333
4296951
9469453
4012873
2372711
370501
83787
1927143
6450757
718961
2381817
6416493
768257
8607513
5592809
201341
5934401
8265491
4698571
1792103
4478093
1703209
1148049
6779727
325923
1515011
9388509
6367153
9588361
1317567
9429803
953171
9599881
2907317
3825433
34009
3621663
1577859
4067899
4579359
800893
5012739
9445103
8611587
5085227
4792453
2619419
1329977
37049
4951163
6149683
4822917
6774801
4888987
277879
36789
7219813
5357197
7368289
9791709
2442339
5332097
274697
6344377
7817309
7600847
5892559
3664127
9026603
3965883
5678343
9132287
2452413
7193641
2110387
120853611
5963517
8622551
1233259
1958879
7232639
5670519
6690361
4126281
2563461
538333
1517959
3924789
7690201
2069023
74937
567793
5247119
7199289
1352053
2817709
3788013
7859497
4777313
3155579
4446413
3149871
8939863
3956027
9821107
7641769
9652021
3557429
7553409
9921249
9303217
4991533
6274629
162088183
2441247
6843669
2377567
615931
3163837
8907003
1547321
9369403
4441117
1551949
6262327
7229041
4816353
1178163
2522099
9184763
2844059
7266293
668877
270579
87534261
7753817
2671967
188669
4702623
8832667
9455337
7238887
8006249
7719983
797951
3899727
7426953
7475153
4059959
20011
1839267
7848301
9017833
7708431
13224411
8966827
5140301
1074157
6372081
9947857
128988321
2176041
5707171
5812373
3237423
604769
3676613
7801583
3629071
8094483
9404297
6041139
9675331
2399351
209979
1206061
8220251
9627523
3363981
2422103
1979211
1451237
6469083
2102613
113417821
9455483
1427363
9984931
7639147
1191313
3029269
1060197
1570869
9305633
8577367
6588659
9362279
8667457
7000309
659173
5463287
7535061
330451
1241739
7230131
3142929
2138463
4619009
4045919
3890677
6477169
506319
4407193
3123953
222899
8623947
9600897
1696411
9449049
2829057
8173111
1670711
5649757
3798731
4168189
22801583
9511393
22692423
2439681
111308467
8402199
4169683
4141331
9160903
9105297
5749059
7342707
7716633
4387607
1762819
9176047
8601117
5756297
5307907
1020891
2000799
8295829
9320213
2107131
3903477
9888669
2589523
9903177
1576351
544401
595997
1951217
299149
8216837
8169801
5012231
5375279
99130791
8252191
7349389
2748383
153737511
2802773
998193
7340167
6466973
8272183
1824419
3278439
915883
7839263
8532931
5009141
820011
4225769
6147111
4457279
2630223
2334021
6042229
7966591
127706027
6162327
9510823
1602441
1981773
7994199
5517957
7478421
9593159
2653579
6716317
