6401113
1182123
6421753
3526113
2695923
6812799
9672543
5824297
176852349
9918317
1861893
2005591
5708869
1139633
8209169
1087603
7078803
9443229
2604219
4843297
8389021
6354207
9334963
8086339
4962919
2974929
9476627
5705757
8145477
8045323
9815157
3508123
6895463
299863
9620211
2885331
5020371
8658503
3384767
56879
9984939
6295703
71351
4018797
5271997
7770033
7419147
6442159
7523313
452129
9702413
8349911
1985437
9189611
5982017
2266767
178097
7507741
5748699
8002223
1283193
6092327
1919153
9332003
9844811
553771
4335961
686437
3022887
1296179
3889
8239387
3393677
7833467
4379023
1734677
8133341
3833317
3799137
1653363
1591403
7558839
2415693
992329
8737347
5037089
8754213
3210349
6211293
1279219
7307703
3437527
8363691
6584079
8145639
9008593
6099301
1431827
113003
2336473
3050961
9247929
9386207
9728843
8510127
4103673
7387879
3522897
9199301
1518681
8237421
4258973
993677
6077577
8906999
1703733
6183083
6310837
5168853
2469439
5893973
2274437
1131607
5149401
41699
5686343
4420977
6624147
382721
670523
2121333
8851277
5563791
9862653
4433169
2620927
7043099
161490561
9839143
9433453
4732627
1340757
7319669
7947127
6706399
1095283
1534273
8624501
2809287
34218379
5812527
5731099
2858927
178432387
3794739
9099633
5934601
4662857
4767759
9039601
3232189
2931343
5041757
2483227
8244139
6274639
4195347
1102859
3821267
104790611
5439251
5139501
7760873
2971443
5886379
16831717
3679251
205431
6279111
8702951
729127
6252443
6953717
6342203
1666407
1815541
406791
5360601
4775099
250271
2306583
6146677
6271889
4449241
5323287
2775791
3100109
5589753
5432869
463613
6220133
108025271
2189319
9228841
4720077
9454141
4487511
7092981
1580779
8735673
8241993
1967133
2410379
298007
6166683
131061597
187221257
3740331
5918567
8732497
9847239
706849
1498651
2867329
3713359
6450547
5532701
9606293
8868467
8652057
1007461
5500113
7075233
8289477
1100243
1162113
1908901
35539029
108921
7092759
8921693
3165577
2791513
6765663
5252691
1472129
2454801
9885021
1671839
1333899
9502797
1047193
178640941
5255439
8127473
4675527
8398863
6279003
7324213
6923921
6829823
6873949
5212961
5904479
1127189
5707203
1407927
4133377
5086869
2042283
7939189
3508623
903563
8759069
3621277
2166937
805619
9108277
6243367
4747843
4524331
2661661
8853857
2087021
9160831
9163543
8935777
1058123
9891619
5665343
5792171
966907
120312737
2605941
7135479
4884001
8214853
8698987
5804751
7719879
4309381
2352269
8508477
3224071
5580957
550221
8789223
8085759
6546043
4084863
3456799
9639107
2701283
786353
9650997
3096039
600043
4960203
1859149
344209
6142359
4186803
2981997
3367717
8130343
9963679
5584917
4054413
5897139
5365327
1899873
5163331
4724501
82667423
7650181
1984669
5151179
5812917
7647387
8598767
3318547
7342921
8276589
8939497
6313193
1532113
6346971
1323781
3559947
5949821
8580721
667101
340473
9399693
8083363
5322521
1636149
8530129
7049377
5197409
4329049
2565147
9315691
9889241
88565043
8670597
1557169
3340931
2080309
1395921
7388361
6222439
2923357
5421819
1510577
3658831
109983
3860661
2705293
8304273
2423141
2673241
452189
9894191
8567781
5302621
7445033
52471379
8818671
6466097
5543153
1013277
9751027
2274763
8919119
5333633
7083361
8262527
8048299
188993739
8387679
3743851
7596129
9808987
9061007
3867791
716323
119999
966121
156502341
4680677
1439839
8116423
9336327
3957183
6897787
3392311
490183
4566373
3847237
244653
728101
8839001
6837197
833037
9284327
2315253
3811061
6107713
9692099
9447933
3160903
8291551
7808881
6929683
718263
3459367
8212093
6183891
2196811
6509043
3616133
1899561
3517053
8978651
1432701
8374411
3383581
2767819
8544533
9250413
5967369
7469483
7941741
3257899
7700767
7078481
1519951
35257613
9894537
8306223
9198839
1493661
7355867
9666159
555569
262569
83910071
6872057
2576557
8657251
807967
3091003
8209081
3108913
9540057
19659439
2190161
7174031
9785367
5156751
522487
8822271
2528559
4245261
5514433
4566281
9978517
9970551
2431239
7641249
56683697
288787
8321313
1249821
399777
821967
253177
2427847
7111567
9255133
8292353
4183273
2902357
2758659
2987949
8961189
886273
6222513
8117147
4837077
4270953
9748099
3897401
4649721
2932189
84241
9746431
6087849
8079881
1084499
5385847
6931733
8708913
3642363
5566137
9529003
8378069
9543881
4510817
8179361
6731287
8881677
4592491
7345739
8050059
1581359
7953179
2136653
7126249
3664363
8900097
9898763
3865423
7821057
2734667
3617613
6680159
3939121
9584089
7460849
2033249
569931
36997
6438369
6588079
62611639
74739997
8167863
6920939
5952261
8026907
5146309
3275557
8344767
8852651
4077073
2645923
398579
7260129
3068261
5606837
4946183
949617
5099951
9931143
3080761
7241991
9492847
2724997
7966237
228109
5601407
7653553
3670083
174871
8655069
138913129
2122119
5457379
8385203
7778481
6768077
6500193
7093423
3599213
7499423
1606417
7997171
7871009
3851579
5384917
2983663
2275923
2237519
3940147
1039701
995683
3580791
5655391
87754643
2620979
6386847
6197661
127569
1003463
3291897
868193
7835027
1697091
1194483
8231827
7376867
9722951
6669527
3963279
8476027
910639
9915317
6227169
1375671
201143
7261789
33893
7311321
9277301
510471
5577413
5221389
3846733
1310427
7576939
5839751
5007919
2103843
5766191
3351811
6533011
8076889
6776317
5023847
7413017
2964471
768341
2622941
7558977
73774379
5638817
7546751
2030457
4119607
3272129
2988567
5450241
9503773
839501
8524827
4736271
6819113
7563369
2686791
6246417
9031333
3080227
2116991
9582801
6345883
7228353
9285677
9177133
2024051
5930067
3225149
14855663
192089
13516387
6300849
6629919
14175651
4767559
3158421
797381
8697789
77140649
9533927
510469
7582323
7836459
2185869
1952673
1745781
1142241
8066917
1976561
462273
64751811
3589993
501769
692383
7473867
7256723
2283897
895167
6226573
8669951
7606119
7804169
9487663
5652367
421051
5110079
3843771
5027191
8523859
6590419
8163499
1730579
70571
2364643
554271
3787519
3004719
7043023
6705861
5874797
1420283
6871451
2349721
8764857
1507073
1011261
3072809
2307477
4570403
5869853
8769439
1814633
6258219
7989493
4648453
8289771
7556133
6627637
7627891
7459099
5569251
1610333
8174679
1500521
6619029
7478817
3760281
7046197
4022127
176428737
280747
4794087
