9840591
9338893
3773327
6584229
3214217
9129353
5860271
6620459
1081501
2982633
9214809
2931983
9393489
6759597
5360479
6774821
7068639
1503689
2496143
5462451
1755301
8459183
7742273
5424221
4690973
6468033
2041733
9529361
2637521
5521177
8745329
18034007
5519173
6355199
535071
3023089
5805493
7913609
8552099
3631433
5667607
5402283
2815979
419449
735527
7010091
4100827
510851
6191301
7346659
955509
2222291
5938507
5480743
4315151
8612681
3322941
2449129
6362317
3451503
4352341
502401
895571
1689097
6475167
4019637
4033501
5921647
5952853
2700789
8790309
8179031
4021511
1655377
7040239
9440393
9738237
6063169
9360909
7606877
7732421
8008311
5830561
1019347
3018931
1438629
84689
3909821
3146593
28375303
107251
8283869
1915937
7596061
9969891
5258403
3105611
8244561
4156523
1124407
9306199
4276259
6375651
4129563
8598763
7187153
4440109
6366201
9626843
7894377
2509107
9226917
1258777
2633453
2084427
6595513
5985123
5845583
6813411
931499
6953369
524511
5362781
2029153
6011579
3501191
8073441
7228719
3721119
7930753
3768663
5193803
6476929
2315669
6652973
6201059
1173157
8808041
8125143
3402087
5847141
680829
3841751
271457
4594389
179939
4404869
8587001
8775311
1076411
3185401
2666301
195246901
2376101
5169013
7808559
6427603
2876013
3680923
8869917
3616293
636127
2254457
6252591
3593089
2683539
194245701
100701621
214507
5435511
6099779
976067
1039799
1656967
10389
5735407
2437857
2520547
925291
516641
9196353
6710011
1033827
4465653
6655047
522903
1211961
14985509
3978279
5958239
9204987
1218009
7726301
616663
2017029
2253537
2881613
1222011
4193101
4462441
2514053
1989409
185884997
6109819
699799
8192289
1173043
6730153
2865283
222519
662407
9984223
8608691
1376199
8239891
3515303
4617517
4451729
368979
5741661
4291183
3681317
3402987
6718883
883971
8728253
7360687
9426931
3249471
17681
8467813
21323511
144026789
686849
3604017
182159509
1266089
9558609
1145149
4122457
137187
4165349
9917961
9764123
4205433
5974559
8493127
4204357
5952557
158259
7733369
7779159
9206289
4731561
9673387
2716339
3661791
4828789
3681297
5579827
6871037
2882053
2074981
8928307
5217343
2853211
6500517
3783553
5334769
6403467
2920543
4472943
3354187
5278797
513183
6281949
2741051
73624927
1146663
1239127
3843537
940711
3982027
63796383
626811
2520029
7736383
4451123
5126273
1339897
3948489
160045173
6492867
9165249
1116339
3752459
1054401
5992187
3679667
4097549
6839299
5635333
2840573
6106781
9977003
3334027
3006323
5759639
4509517
2890987
5019063
2653373
1139469
1933709
6700989
139633121
3937593
169708241
4928539
1430793
4815881
165193833
8003429
2142403
4315429
948489
6134989
6921537
113669
1053661
4935773
2221377
2934233
7824057
7216883
9387871
2815253
173187219
5027441
510071
2928741
7488529
7165903
8166903
2328977
3736303
2879113
7548103
7333173
7474687
4189619
7263991
9980287
2437599
2272661
5697489
8285861
4632523
2316293
8688171
9310781
3885061
5759117
512663
2788009
7536361
6662847
5724967
5558861
4340621
5518403
9450827
1504117
1355363
1473487
5534351
41298449
357823
5565369
262353
7394817
6388643
2808041
6689313
5158691
4390361
7717593
1242653
1663369
5101479
5041639
4822319
8024869
35245457
2146219
8957059
6068397
626821
6594789
1275829
7606099
5697809
2619887
7046579
4038609
5110237
4109491
9753751
4228653
5971211
5333061
4200997
2565613
5731717
4164027
2621463
139443
2070131
5895811
4391199
7689509
7860381
2616153
7535749
4863261
9580669
8078909
370281
158521
3705167
8722071
8351867
9073463
8706569
9755843
3429449
8896397
8379351
7329221
9433049
5772577
5202999
8749133
534423
6088299
2522167
57709611
3805233
6476631
9011543
9933039
3658857
9892943
6327401
7708259
8371799
2979337
1088037
4983683
678063
5439441
8057257
803413
6508103
497603
4321683
3670171
4849301
3615479
9532461
2591647
2231507
3462373
3680179
8049639
2968737
1016237
849279
9673691
2623241
8348489
4940847
8198403
1474643
10381361
701571
7484729
7704187
9616821
9143109
3801431
6971101
5459337
194316277
4927789
4620857
47556637
259541
6183321
8772121
827969
5239691
6082221
6014023
6609567
8591661
7411387
7274431
5221277
482091
7838611
4441709
8314883
3896239
5743943
9291549
8214473
5124659
3323721
5438291
5270073
7817393
1912821
3589427
8710151
8415607
2838777
6196231
4400533
3087391
4631999
199763893
785519
6137071
1433463
7186843
8507669
78897
5133619
3468553
82333849
5789707
5706339
4393581
42133511
198309
6560249
230273
566887
4178217
2580087
8284603
5851193
1006837
4811187
6005709
822267
1723943
9527263
2658073
8017563
9049817
8983311
5075741
379943
9396509
60453
8237407
9292717
740827
936933
8348099
1904189
1659801
181807529
8145059
2193269
572237
4549607
3313353
9174153
3842499
2301383
1743363
8351907
2191253
9675919
280431
6051699
8753421
5584189
8167011
8719563
7473769
9095043
2018731
5035357
6656077
2204167
2334189
5110259
7433067
9915943
8439189
9534807
534763
9880527
6380211
5700543
1419997
2384349
6350109
1604287
1574481
140063523
1394187
6928477
2428641
7859811
7727091
6405813
2604669
3065219
6181813
4828143
5291491
3330229
8413389
7177469
8560911
1950473
6583797
5100969
9291759
3433287
7565187
72653631
8434783
651061
26626331
9765303
5947117
481517
3596151
44149787
8207457
1189381
1658361
2692621
94607
5697027
1882539
4654987
8804961
417239
2844461
8807657
3175593
9577019
2102053
7902677
3962317
2628311
30101863
297177
878991
9555127
9510333
363147
7649281
7785007
8727317
6750277
1672571
7962043
7776121
8141627
2472041
3406941
9053373
737633
4412229
3945079
1114453
2465381
2940871
7476087
7908627
3322039
5216111
5187989
5433447
32385583
5666857
9238949
4955777
2154773
9506307
7103757
6452163
4649553
6859493
6516783
118301
6505957
4606231
3748589
27826801
672451
9384077
5182999
9692437
2538539
1135513
1286957
299029
7996869
974557
1135071
1830731
3546969
4846661
6429799
7683137
6974077
7283231
6092773
5756403
3477651
9252439
9284907
4347887
681457
2472113
8561377
7409261
9955549
8105951
2951083
9783263
3950741
4552497
1635269
463917
3323063
9958563
4365391
9863821
4840623
61631
6481591
9580137
9028169
497333
2038363
4927417
2144213
1006337
9832019
7514309
3347161
8826911
7288877
1745831
5205317
4272513
5561373
3737097
581989
7836017
5591399
2389771
4393253
4154393
187548407
2076039
6973137
1476727
778107
6068167
8249649
4183423
6076167
7932397
32049889
6669719
3225803
9351307
4489907
4257689
8100001
6148819
1231527
2272869
5776833
8328001
7444293
9808747
9690711
4672317
117586071
7650673
1644509
5887403
658573
5144147
7750177
3359777
5067897
