7360519
8525099
15560499
8024511
1896071
1019767
2376291
2792577
141779
7110827
1373163
1137053
2703423
8738457
526589
1414693
9296657
4122727
2046149
2657929
7322837
1617957
6986829
4835241
1396387
4107579
7218791
2541653
6502587
9063141
5994479
3000353
4145893
7044783
2186273
5289301
5548861
3525561
2085361
3808003
7503409
7619369
2600357
8154659
3444859
2055639
2319617
8451641
736563
3987591
5812679
6300823
888073
69872639
2418161
3288481
7022813
3502281
9434353
189585879
4172593
7915699
6629473
3947393
7225309
1223991
6677199
11109009
3077409
6855609
4854409
4791989
726101
9068893
5892241
2352799
9666037
2428997
1454317
5218031
2855359
8511957
5597601
6457117
7061753
8038271
113393323
3315373
2167217
3237291
5382987
3366303
4592611
6639879
5577601
1594679
5367339
6962299
6256863
4669287
895059
1297027
9651073
2232209
951203
5713153
6412511
181647027
5564669
5779193
5131777
2862617
6076809
6248613
5210167
1151601
4313489
1400919
7036081
3287329
6735919
3089791
9469959
2492979
14563789
4769799
7877063
182223691
859627
3078433
7586507
370049
5146699
6976783
9539533
1528771
2802837
8117097
4106189
1914709
3938157
2612293
1487013
9701661
1440041
2854521
2384731
8622121
1997641
8519893
7570287
3458731
5445723
4476447
7919607
451131
556079
4541219
8312031
6079417
3879181
9861703
460433
9350839
2536937
896609
27549919
62229
159149
7080669
1006899
6741957
6452053
5612771
8651239
1570271
3153167
6269457
5790643
4529909
60724791
4172049
5859387
1727479
6216851
3101589
1607699
7082959
1715081
3815397
8813771
7046399
5807823
7633419
2129637
19108891
3956169
5223929
6673211
6328043
4856683
6910207
2400477
7416153
8538061
3564557
3346641
6352537
360429
8303369
1000921
8888549
192838891
7046569
8224177
6981693
3221871
705879
4264029
4708041
9519237
4380427
6147209
7364343
9700799
323621
7872197
9747777
7046771
4432777
8639077
8163079
8017893
9813023
1884707
9668029
7589691
6405123
8573069
6235731
64430303
1416099
8639299
7775019
3194231
4853263
1809101
6983333
6732333
520657
8122473
5216051
6443909
79889857
52612527
9377793
3726473
1544659
2397817
63809
5963473
661307
5296301
4542569
6031621
9667819
4593127
8972111
34867463
765249
45687173
634213
5526973
9386111
5381457
6456033
798869
9432823
6237877
1302827
8530829
9594767
6577289
8423899
245333
9226081
369041
4081723
8094993
6425787
1834149
2490411
43983
6486241
364429
4251513
1437973
1467039
2759057
5779447
5492343
8858959
8976193
1907383
7234021
7566017
8751103
201693
3972327
9627867
4142881
4164103
3998437
2557409
4886789
3213167
7752827
2954041
9943341
1513637
8193327
461121
9063501
2697089
7644659
9459959
7438909
896649
3435689
9890411
2717019
6131577
59787
1979983
3369733
2304403
1237801
8586791
9487551
6199617
5010313
1625829
1863779
9649881
7968363
1080003
5647289
5300599
151273
9580267
1298471
7854591
7383533
1319541
6589839
9373399
4188467
5821877
5987041
3761129
5839087
6694727
275999
6632563
277473
2022459
7093479
2088267
6268733
5472037
301649
6820819
6041479
1989777
842697
4559923
2207329
6650249
2781047
5962633
3618729
8236173
164782517
2198229
6819313
6397283
5170323
549289
2008477
8973339
3160591
8648153
4956869
3012379
8341777
9883477
8789403
128221631
1221967
3347167
7352787
4206211
192027233
4938411
9627697
8568677
7887931
9643631
5043667
9232949
6579667
4888263
3314091
1031259
4095377
4502209
6459831
2968293
8174333
893137
7319093
4896919
7059377
2157541
2352607
6046521
6766573
4746259
5418167
95447
884527
5465083
4843281
5783439
9717901
180008493
9890421
1554771
6717283
5963489
904103
3021207
433487
5233297
6784109
2207527
1740839
8615731
4783601
2010423
9586663
9894127
5482047
5152651
8080787
9190019
1986129
3357153
5431851
8120021
6212739
5147079
1545773
1901461
8747949
133196917
7499081
4041327
72365529
4081547
3057053
824087
2047943
3370699
5237191
990973
2402173
5441743
5970027
135027289
1990023
99469131
602277
278667
2730397
6601117
1932193
5074987
5179749
7400953
6829669
1088919
5180329
2221467
2881813
6111931
323099
7106131
3216911
6111943
6073233
3248913
7550443
1655073
5057441
9225157
7382037
8308269
2813713
6615411
6679857
3485559
1826927
1999543
4783073
8115597
4396177
1223349
743229
6666737
6531577
6308029
5376889
8642883
9068779
1754713
6342353
9031897
29451
113072213
6578371
6646829
9320657
7598411
6816821
777277
8345993
2122999
3404247
866861
5186709
1778707
1138171
6555669
5162761
4022791
9561757
7331577
9203057
7001813
3786847
9791019
4467849
2166653
1719299
3981179
9663753
86614181
3658157
451833
3997423
78961581
151642897
4020467
726917
5442001
4835781
510047
106591571
7574267
3952241
3626363
6580861
7512537
3452541
3203707
7989349
4032953
178591083
9475533
5854961
2352417
1168139
861881
7860379
1544043
6756401
3377961
48507141
1123091
1681879
6913887
1324743
3334231
6336459
5511767
6291253
9409771
2492171
1311079
7023809
1638213
128924579
132013
9720663
2833401
4326497
4226233
5871101
40009
3827043
5139621
3760619
6424149
4429071
1785679
3414327
4281209
9080359
151423471
4514307
3183493
9838481
2057581
4050603
6943979
193644457
2963811
1428083
4899761
4417121
9894717
7309569
3807469
3549047
8862419
6627777
1943043
804711
4235989
9541511
1980641
4211129
7375427
9858633
5809233
2439033
7413357
1137203
2045477
4563621
3681199
79711
3297227
4879319
7537173
7517189
8916703
2952153
3061619
9102613
4018837
9617709
6039841
3520169
1625497
7978019
324071
4363547
4704709
1359689
9645557
5274613
7599831
6133417
5767331
41255699
3667557
2851079
8074117
9020007
5583881
3757113
336059
94911693
3917811
9818899
4053421
8513113
58528059
8132609
112956211
3881753
9115869
2725823
4022847
5274683
5489097
3251771
6581633
1747921
9034353
9466843
5519887
6341643
60893
175574797
179791
2466167
463391
9236027
2268561
102503231
518491
977201
72836237
3056689
1102533
4683967
9495801
2412507
9745713
8173259
9546873
665709
8349897
4969113
9521999
5263387
6121281
87501
6602551
4893467
7797989
4402271
9261541
7182969
2236337
4922407
9538549
4722931
6603527
5122493
44907
2506673
4828647
4402869
8102919
8357337
4901999
3413591
9673459
889019
4332571
2130949
7685003
4092117
65894751
1400367
779793
1527941
59443693
8827031
7498867
4253063
6657259
5547953
2266319
8857581
53282571
5796451
9102743
6979309
5287457
4447057
326549
68573713
4046007
2528439
1561827
2295171
8594743
428339
3461193
7543769
7786759
9833273
2378933
50127
1568509
2702423
3066169
8793857
1272681
16784287
1160273
6548321
6671813
