3942829
5449997
2954839
8516121
4250867
4256127
2080083
52050103
5760841
8477191
5779701
2777071
3196383
8081503
7848227
4846457
2553389
2416371
2424549
88723543
9814331
1408163
800333
8052901
2869761
9959447
4277591
180335191
6121517
8439063
139669
2767743
4674289
6008479
658917
9443023
178641
3432423
3432877
543783
5519779
7107897
2776917
3287221
1267029
4570391
8481877
6225139
5810937
1995717
3995783
5851551
1095733
7653213
8000549
1696439
464331
102195467
100345463
4473651
4313987
103979617
1481159
62536083
4519399
3706621
7718073
3675071
6504797
2181279
1682093
8197899
1956739
3637591
9709799
5987929
45952103
1218269
9574399
9036753
3143753
1631539
1965241
4300269
9670517
683249
8893147
6384891
2460199
5338777
9442829
9479029
2893921
4511843
4628421
8381531
9940157
9470633
8929643
5575519
8708257
9296867
5926171
3398923
9913003
2255327
1558319
2335443
5465293
9782397
6012181
4808987
6993963
6648119
3273823
42456223
8236191
2659171
8540891
7558833
7665851
6650547
9825511
5387039
5988709
6021209
9522113
1641237
3555297
7659191
4828191
1355617
7076251
8430503
7821953
7085267
9189819
2168883
5658779
9733697
4824733
3051069
9866579
3879613
3967381
8868187
1319529
2916841
3874861
2898933
8667891
7711967
329771
5014457
832329
1627741
1755549
5589613
325893
1477199
4502329
1432773
7229699
3631417
726237
518591
8014709
5119431
104744133
9392677
4038481
1349277
372509
8599417
6891907
9814937
9681123
29073
8770131
4553849
1955383
2487123
8620967
2005233
3781509
7420081
8273647
5033193
4698981
865539
7466629
3673097
4895281
6674781
4674991
1527051
850981
9722707
1754263
3779621
1572701
6428159
933229
6628701
2331007
1511199
9350439
7420381
3285223
5295159
2287299
1310091
4901263
1499071
2815361
9942627
9401769
3660449
6473769
8683061
7476929
2604877
328757
1902561
1916639
3968941
8297633
4033433
9833343
5338249
500631
2659463
4045097
8294821
3871753
5046671
144247
4270833
7078597
2796429
8901641
2569017
1031239
5496263
3948041
1991387
8480997
8902857
3413351
7057939
1661299
5782879
6220479
9581133
4603143
896359
6878703
779249
3731893
9907731
9511497
7213899
8015553
3463897
7491167
8289139
5827341
7143171
3475391
7522761
8551409
605951
7657123
331077
8570609
1633023
2273617
7438753
4390501
3636723
5886153
3021791
9921147
3309901
6193337
8291739
31188917
5559021
3947353
9553721
479329
8985361
3419769
2733647
172178217
7430183
8765393
6937313
6042127
4843431
3517791
2637513
641849
2369543
618903
6942089
5194939
5805237
7784771
8638877
7477239
8205939
3252643
5751371
1513993
118932691
8350397
4115437
119580959
4520341
8919447
1736003
5433347
6701139
8776239
7796463
8695541
4187959
3416887
80062209
3961363
6680493
2856939
9395273
7808329
4090627
6574181
4011689
6972623
2789407
3218529
778021
239913
6944341
1230867
7023641
7549491
9477867
1149751
7872069
483619
2789947
7531617
5640031
2261289
6448577
6254103
892193
5821163
4259559
9090051
6464157
323291
1295597
9830871
4726367
7821581
3745029
1589549
7827089
2195827
596429
7625143
1854823
2265807
663373
3330773
1979543
1759051
7198479
7414313
2733833
7371563
8398853
171675119
9230559
4833073
2092327
7970297
9061839
8904481
8653483
45555257
1508279
7608887
8831171
2980101
3633463
2533201
5589031
8006281
3679891
5738553
380663
9155817
135899421
5027177
4252263
3774143
159797957
2707481
8000771
4791623
5219781
5169117
4817261
2779269
7444091
9886417
191214179
3122783
9555849
3695459
431277
6242553
229701
3615991
73021
6382113
4325987
5159121
7253027
6107517
5304521
3306131
8688091
5707059
279619
340547
7151503
4811481
249991
3937433
6530029
2904597
6139479
2097747
123337
2648471
1946911
1249491
6040863
9315507
3410761
5005559
8639313
634399
8700953
1458351
7486207
2311449
6627291
2789829
9374011
9460077
4081087
3665841
8981631
4761053
9929523
8376497
3597551
900939
7444121
4020713
7413863
2638013
8369131
6944373
2425103
3170941
4732477
4938201
2124429
6618697
5100171
2741483
5697383
1424841
2011059
5299233
95871449
8925711
7857369
1853561
8399071
4410549
637963
5107711
8647827
154839
355439
3055641
5521643
1709013
2373357
5076133
9041001
5952621
6349643
8833781
6823793
3016673
140293867
515991
80160251
9975801
4798099
3485019
7698581
7513233
5922951
954967
1394797
9943813
6294731
6461433
3249027
3292717
3350507
5175677
299867
8455297
9604337
9265257
1827393
9313353
3824189
666599
7215547
2005363
83319
162147
660443
414239
8267301
4965769
5340443
2946921
4910979
769097
6860771
9878567
7157977
2077493
5683499
1461983
7940601
6554367
2930911
5179389
6216393
927831
673661
7421101
504137
1019761
7563879
9871699
1789031
770797
4677667
9454127
7842631
180927741
9176239
6732491
8280213
597957
1781619
7179057
8077187
2655483
6936361
29720277
4269517
7049613
1202921
5493073
56531089
6510167
195181
899919
3523577
70343
131653359
444701
3204131
9987671
3321541
26435463
8106729
3087197
6981273
1599247
1973757
9087879
116887087
148017331
9448833
8013947
6748567
7379473
4810931
1836613
1176683
2314623
2300529
6414013
1601297
7428467
6822141
4385519
2833553
7140957
2613499
2817999
188769823
5574243
1909169
8268337
1094399
7766389
8674033
6003907
7770567
3841001
47727
2103921
3274767
9660103
8773219
6244007
6808477
7341913
8067759
6327077
9618259
470167
231739
8401037
9960403
2293947
9534303
4113247
7178817
757917
163256359
9646741
9584083
925777
5647591
7443869
5634259
2129463
2133747
3471377
61977
9338727
959407
1949621
3184133
2527471
7838253
2168713
3479107
3460179
8409589
9585949
5246697
9063297
6750347
195551947
9266759
7280011
3017541
8823543
2753657
5373729
9885299
1775389
7672191
6833951
2836237
7965687
3341607
4117009
686983
3476329
2761189
7558123
1118407
5966521
9486837
6375319
9790967
9660369
5181441
652141
2966257
1174807
3242431
65613
8287633
2113741
3667327
1577099
6752107
8171197
5665903
1212749
120996523
4659551
5006853
1926647
6198621
3745567
8198327
6813641
7604107
5823451
4087853
4193637
3621503
1528969
114708633
3259283
6665523
2767459
3310499
2190919
3752167
6239937
4611979
7673751
8288509
6829071
6973791
5173181
2491947
8434703
5454339
255799
1442669
3247979
7826107
1530087
1484219
8869729
1434883
7940847
6442353
5261793
9087803
5085337
2305389
1818293
8672293
2024257
35013283
7442463
3877699
9177471
1250753
1586669
9219221
6095801
8839443
7218457
2352377
4868471
4106943
6909017
5668289
187734431
9503927
7050161
8423499
6502763
4202561
8334097
4962301
7563841
933377
7053707
454133
115963
4762567
1537069
32177
6001907
2402711
676531
4508443
918453
5110251
9308479
3213027
6588527
7705183
1652601
6252793
6124603
5050357
30115767
4675223
7627347
4884031
3444591
8624331
6446211
952323
3157951
8787803
1805143
9569427
6425741
3577757
5847503
9475669
8350073
