5028197
6983519
6718787
9485359
5265447
2758929
8108419
6131817
7437611
6357607
7982047
1552519
91717981
9098873
393471
4330929
4665997
4576727
165017159
8308387
2368263
6460349
5882859
9382091
1512427
525053
5934567
5694249
9546711
586917
9436871
6427129
1163571
3534407
5567229
9977743
432867
4804187
183187717
5329219
4590841
6369319
2085063
3592591
9552349
344851
9030539
3069013
4823073
193113807
16115991
3653411
3902231
6868233
3843773
9942331
1624039
181019253
2571263
2729673
1204537
204169
3680937
1506001
8130503
7349907
4889761
5664263
8220827
8681599
5627067
1779157
3827893
7959033
6173003
9370257
6113761
5799131
7943653
7985879
5520319
5667917
1046963
7919883
1536249
6487433
1417847
7839743
21679079
8348871
150604117
497557
9671721
349407
1811157
5314441
2638187
1547693
2215673
6501789
8087301
9714333
3782481
2954437
380487
6583561
1898953
9529263
60870653
2112721
9319053
7135961
1720807
7990603
9458863
8202579
3439167
4351803
9186517
3723357
7513127
2652511
1953003
9297099
4049447
8742663
5166659
5594989
7954421
233077
4029983
3559001
3682391
7695651
6392967
9141807
4591379
7799769
113865041
4126243
1188707
3901423
3609817
1116967
3371803
6104137
1466377
3868991
4097911
7024277
931589
2563503
1893159
31260893
6966487
8037819
2354971
8370719
28656159
168630261
4171233
9577731
2576951
1320251
7257797
4238141
9544757
156819417
4898703
6054873
8085299
7468121
9565903
8444729
6750109
2377099
5596799
4461063
99253357
8081663
2679969
2599533
5900499
9430051
8987267
3040461
6565991
5434429
7485557
9112557
1737071
775063
2406729
4365639
2262629
8936241
7917199
6189049
4932819
9143947
4560699
5099737
2683883
6836809
1020123
7925677
6672277
894087
71257869
50319689
8873991
3056567
8733101
9223797
8283161
720703
770833
5386711
8686371
4039883
3776297
1443961
1512579
4923643
4696073
9760483
762411
3097559
5565713
2238557
8388367
409929
488889
3566183
9929009
7856489
144574849
7737551
6928733
7137387
9361703
6198251
4364101
4613263
6146357
7196059
1056029
5287091
3973759
1836169
5988557
8906443
3139143
8415647
857819
1226783
559331
3200307
2229163
1311307
1948811
153506593
8504783
9334499
4722637
4859679
3800353
3033289
1626501
5985119
5409493
8600237
5373341
4188773
1222567
9995803
1127647
4548281
4255873
504477
2079197
2937397
5871967
5096389
3577833
8121697
9032373
9460077
9911913
1579219
1793661
5275141
2334681
8993831
810861
8539957
3697897
1914057
3892393
5785781
9503263
4692041
4058469
3218659
84207341
152542671
7911153
3311339
3164443
7248477
6913989
4554701
115823
8684973
6456709
5459349
3232627
3040257
1957689
5832127
7776631
2754057
1657931
2542939
4159649
1263369
2553737
5711953
4759113
287291
2407111
4040623
6821501
9478643
8414851
1585893
4940597
5432203
8043081
4596667
5426071
6506809
3330321
2798701
4622897
772679
7710101
2230251
4376773
173607
9850539
6458027
1759657
102517
9038267
3664421
130731609
7230709
2834341
5597399
47997249
5509489
9989943
573283
7608013
8703803
88556891
7513863
788291
8464979
7203113
8688281
6046023
9445371
4714713
8928229
2115027
7561191
9413979
4858797
8984343
3298507
30753
4542503
1567317
8946241
4103213
93500827
5467611
3822227
113932767
5537809
303139
2014263
7967613
9549701
7973881
2440657
8925689
913579
6675957
3803797
63650259
162965759
7582147
3055301
4594679
3975819
6330011
6554371
1711623
637591
9349197
8502963
7640681
2838373
4247871
9676587
9951069
202039
4117719
4010073
1994897
264897
8961429
4626281
4571709
3303831
912417
3374521
8825633
402363
2217671
5167541
3729897
4523877
9177
8254961
2915799
9816919
8435927
7932467
6101869
7818857
9797233
5966651
2298671
6409403
1776069
3330917
6110923
9360711
5829751
3616851
2856509
8244157
67780383
5931113
7477623
137216551
6133477
2213287
1999233
1603669
6608257
7286773
2677629
4553437
5277699
2327539
3646207
8086309
1018779
4790109
5278929
7221633
7863159
2528747
8972999
5603453
8837153
7131459
5508681
5849813
7189663
145997393
6386199
8651519
5123609
5983169
161509157
8908577
8993897
9361353
9273647
3888791
1460507
7110653
4322751
5327527
3234319
1101733
1763307
7719897
6769179
3675917
7379999
7196697
77757241
94378087
3747303
1621741
3505833
3015767
1441247
1418643
9514973
6817661
7044389
6195419
2861931
4036781
197553
1838213
2811743
4909929
4543237
3857199
3977637
3222637
4073289
3585487
244101
308301
4978023
4696857
6303729
9382289
5309481
2632333
6333267
3557711
1661621
3632057
7916059
2319251
3615389
4904873
3538233
8941539
1935077
9612033
6797239
4539853
2406669
9950349
6765431
74531
8046339
9375163
5860329
8988801
7474891
5443189
8954741
6275637
5800377
1766059
4041833
4728643
6287123
6444693
1165537
8400603
4128759
5869599
7728199
5524691
4052123
122472703
1896289
3394737
1804411
4155709
7015727
5036069
4774727
2320789
8805539
8997943
4235247
5100787
197800797
3080441
1871757
6278303
150896989
766023
58022497
7601901
6895829
1957971
6549597
9370021
3448393
9150117
16913787
4547011
3230107
5899089
7078163
893831
8995603
77412319
3316143
2613511
7973107
1403701
1900127
371193
6017477
1919513
9717531
41185887
3652803
2732111
3691851
2711283
4355447
5647663
9410189
36016207
7195991
3185947
3353619
2448687
1917661
7584131
4897153
4654479
9392747
9063963
8929419
68393
9892731
9660923
7464981
4536731
3661461
9173427
9970957
9874179
7070157
7047289
793319
1975651
8661771
3414721
962277
6537333
1970121
9951583
8029617
2103701
6423863
7681171
4056919
1997
8375003
4452929
3027343
82665521
1319833
5447487
2542047
57605483
1979181
7500889
9738839
4225593
423901
2854017
3566089
6554809
2232009
5667403
30259
2735433
1942181
8185823
2351919
2653941
4372793
1652429
9733863
2603739
1581571
9161751
9875667
940969
2899463
4963927
1370447
6557077
3218761
1413939
3714577
4398989
7423361
5639963
3205747
442547
1239319
853859
7954211
438271
8005893
1261423
9263787
6858499
9284351
1540349
3421183
8129681
4571579
2951671
3128921
6838571
7688273
1258601
3496747
5269937
8595783
1993721
9678051
1304411
1870153
7085009
2893341
9809627
7018241
8014781
74861
3924739
4706729
3082191
800077
1959397
7594119
1251191
93007439
7860779
6358629
2827451
530213
7430067
2933313
554509
3447659
7452479
5655991
3469083
4454861
6471539
2937603
3152627
8940791
9118929
784397
9366509
3451181
4687687
919297
5114391
109137717
5810523
139806929
75918541
2137453
7011019
8247733
4349551
4480807
6130551
1843967
4732621
5239733
7076839
4674579
4381661
1450413
2430799
9410281
8363291
362803
4198641
264097
7845861
5515013
5250227
1985101
471623
9554053
6763933
8344349
2806081
5195151
166067
