3965877
9621979
3630247
3480033
1859161
7967331
2573727
6216533
384249
1390637
1763417
4384159
98385017
9174787
965709
2434789
9305647
4056267
7541201
8332353
2018473
770811
3501169
703327
8464449
8359401
2575867
76126711
114409893
9566567
2592363
7568229
9030487
4809077
531861
2094499
5558389
2861377
7293757
764271
6474279
687489
7208889
693403
9342251
4309297
291931
9901337
5806267
167449
2094007
6469459
1210149
7167697
9102313
7347233
4274999
4306749
2117107
3781243
5340771
4197269
1338559
4190721
4395239
4938869
2048723
4135209
3487817
9900003
1834791
6642609
4372757
6183417
769709
25693973
460637
2896729
3327579
4409443
6457579
2205129
7169333
6141383
3646879
3216717
9918963
8716883
3062789
5204459
1221919
1719371
8888033
8083997
463723
6679561
218841
380403
8098619
9655369
9012493
3323557
101646301
3229089
720239
5706833
7177179
9392901
49993201
2507453
582849
8059667
2599057
122879
7949469
3365959
7915099
4796669
6534881
2573059
6992957
90231179
3193311
5329703
143726373
482977
3854319
6299431
466309
6469431
172023339
2588337
639629
364073
9993401
8461243
9059891
1516051
1872449
8408917
5435681
3757431
2537419
7133129
2797349
8526937
9260231
8285713
4328039
1386817
9597847
9668647
8799393
6838871
7028071
210071
6985653
3488991
8130811
2200787
7076441
9254637
3977299
1587629
5628511
5100413
3546859
5875839
8604671
8972821
3107987
9982071
2448067
6231923
8365307
5986253
6605979
7718603
7619837
9932393
124683
7559741
3452833
3597453
5151363
7601293
9854549
9449263
3685057
4245991
2401137
8041303
371827
5292931
4492493
1730139
5994061
7209529
3790667
1157071
156116337
247279
7920697
9655201
4153603
9037671
9862191
2826931
4039847
4449213
317609
712591
7275087
1017097
5793333
617161
5068597
8761397
6557723
5089799
8402719
8856881
1281949
5774833
8905367
7499303
627901
6446323
713929
4453211
4765567
195230409
7714623
2077713
3721043
7720379
8847209
4894553
5774853
11872777
6995803
4020817
9794757
100352517
6676571
1746157
4650531
602467
9388813
8767309
8894073
7607173
8834093
4043359
9203909
7266749
3035133
1383483
7478497
1342899
5662869
2480723
1166569
6608187
3453141
2054723
7102527
5117191
2922661
8678847
5816607
3841421
5693821
2124303
6352309
2829061
5192621
9842223
2307187
983123
1531311
9728551
6395419
3964191
21923353
8108673
5393349
5650743
3909083
1473369
1074969
3475451
4459379
9101717
1690013
9510189
2635239
4997153
2384487
9245659
3016051
4517959
1063901
4434137
5830813
358299
7778771
7851431
9190551
7154123
7776121
5621107
4443931
3025289
3047179
5712509
3884491
4920521
7029511
5044711
143565203
4022329
5941479
4939779
5344651
7345421
5804149
9915387
3339021
5095493
7028471
3413173
4225587
9815157
2907217
645003
2597289
8427431
37563
6842597
9220687
5154169
9952993
2163461
576489
9713313
5819291
2496859
513003
9428177
7712349
1284331
9371793
2135039
3987251
547309
1185533
1770507
5154451
5547347
18827
7516511
9323963
9262189
4847371
1311489
3685841
6618901
6462581
8447197
49791
5677207
9119511
8598761
3765277
2500351
135027
7215269
1351493
5166493
4548269
7659151
2220121
8227171
3429893
7867921
4839643
5596939
2045983
243659
4582543
3011873
2881501
6738693
9621523
8539333
373451
6190271
8772633
2813919
4049269
8403001
7841589
2360557
8261701
6170261
3641563
107561487
242693
7293631
1903613
3149747
3301899
7602887
4066271
6969567
4684037
4709783
2124329
3644403
41679
7720433
2312667
8035033
6057807
446229
5226421
509421
209291
5796853
9854541
6979733
5527339
5210859
4450071
7757411
5733889
7968307
1500863
7804679
8982461
179858043
2547473
9238731
3366383
8666011
5136367
2477301
7719143
2882671
653659
8617127
1687457
7588113
8315933
8619251
1329611
5165567
4240853
2685919
8792063
4618639
2924927
7510199
5830087
5556381
70553
9642373
3729887
8998123
7611039
345527
5417373
7205867
2445347
8340823
2557221
8446097
7920907
8750471
9667557
3791011
113739721
1589891
1419941
148262711
4133763
8827613
8279709
6840679
8903127
8920397
8539359
8334187
5214999
2371723
6423017
112330701
2215221
9172597
3647909
1548013
7181911
519479
5833659
1654393
5128713
4621143
1496929
698383
9767089
7153247
276797
3142287
4603457
6325923
4132907
2914401
8436561
4971729
847047
6612739
8674967
5600049
6916893
3947407
8475391
6650461
4740261
4488811
5033811
3768977
1999003
6442429
9448471
6032267
7907607
2083501
8916641
145781
6215157
5681591
338471
250417
6762217
3505483
4982887
197547
1692981
4342951
3476723
3591201
7549117
907237
3720341
9997383
1928607
8690741
3659363
1425671
5576001
1882169
2618981
5478191
1615093
4412699
2096229
293311
2954199
8476057
915171
169354929
7229883
4395871
9839857
2774203
2469263
52499
9010849
1684837
686207
9408563
2778689
2427219
6436623
1633431
5301343
9809297
1616753
4445511
1469649
2031497
5176583
7877731
7905281
1560339
6950457
5345533
975593
7332123
3910737
2335379
2534821
4374567
3232269
9287073
5248817
5305097
3190639
1066889
8962361
4596887
318501
9351617
6338681
3254811
1436849
1302497
2608003
9571221
5611933
7621559
6604353
9940631
2826031
7048789
7654293
8550923
6972087
9708373
3813231
4322779
7257781
8607337
6960843
1854927
9939001
953931
4981349
3181799
3554011
5027719
115783
3627109
5859071
2611063
8656781
3148731
8416789
4221717
8680673
1892493
2567239
8853473
7800761
5842303
570067
2665983
30555999
3408721
7839331
6614801
3393359
162531
7640309
2282487
1038439
1804009
717979
8103703
5015187
7354539
8786559
1039501
4911649
4870421
5362017
6004157
1756619
9140787
5563427
1516591
3866221
7695787
769877
8325351
4624983
6657527
6776883
5377411
7274291
9948071
4697049
9829619
3416193
8657093
876749
1632463
9425291
2154511
9247413
5301611
5896709
7459699
8740991
9307699
5437607
871759
5624867
170192151
2478429
7406347
4768069
8280537
2981799
6686071
7998479
7025059
8088821
851841
7190477
8545357
1596527
4342043
7298283
5067603
6176613
1544027
3889157
2526947
6776463
9429211
3487077
5489499
2992329
1752241
1429849
1295329
9963419
543803
4648399
4890593
1863253
5340333
7344959
2412549
1367851
3094867
8211007
8539231
6210937
5945897
3750933
3831951
582021
8266277
7941171
3245433
5931703
4232413
9309467
1217959
2405931
195397
9023977
8190657
5021287
4595213
6511459
608161
8748931
3923769
858557
456641
5808223
2474619
9882539
8212147
7746697
5012229
9839687
2162277
6942919
3168927
4867027
