6674451
2339293
8672523
302929
4363373
9614343
1047257
7448181
1863019
3663601
7897543
8655849
6402801
6362223
809341
5092427
1594317
2543871
7080799
6612537
6207263
3488069
1238989
3609029
7112147
99491857
7820037
54835353
6367917
9948391
5274031
9932711
2890903
2682609
5402577
9556503
1890721
2212931
2024399
8747491
9601901
2372259
6594323
2443429
8373327
7789983
36773
3327591
243699
6950417
2111093
4497079
2847187
9188367
5832101
9773373
2999471
2659057
9200931
3327047
8696259
67417563
8876293
6689219
8878729
7464661
6804643
5667217
2729181
7457603
2410461
4552259
511377
4389091
3796527
443179
8145119
5135063
5079673
6817367
8683643
7087537
5764817
1843847
791969
4131983
1934959
7437641
7974197
250413
4590297
67737381
2736223
53549327
7891093
91565687
2326219
5582549
6032523
643367
2333753
2054083
1104573
458719
1637103
3672767
125054319
2016513
659557
3068533
3455973
6705953
8290779
4103609
8498619
8959487
168439
8347743
106206961
8019997
1667863
6014553
104229
3135257
8930181
108729711
7801483
453991
1691809
3808697
5122187
7841837
7596833
1213393
9609467
5501221
2086103
2271647
9647821
6354837
4839017
3239281
2948523
3894707
7576371
2113849
2323339
2455059
5494011
461023
3338323
3430393
2713191
9472927
4321167
8721259
2266357
907101
1876093
9833467
9860453
2618359
2068681
9803591
9250849
8369631
7537249
5965611
329093
4215841
7145861
9676259
1869201
6696497
9643271
5025251
21277951
1285761
8019723
143892251
1191229
9353797
6891077
7412267
1210229
5634221
2080943
4823219
3150127
8357209
1020279
6407233
2282501
9880261
6913919
1125263
8306829
3129733
3865319
474141
148917
2371947
1925831
1037367
8499013
9436547
3335147
7547583
1588741
4816011
2945607
5992087
8985043
9329363
3184591
60630789
3148761
2718453
5170263
79439079
19539773
3904423
7606857
7523807
3732399
579801
6528803
437953
8912453
2115033
25414159
1108041
4135657
4687843
5382439
3123583
3650671
3137333
3521557
4794093
847953
6586427
4200873
7437417
1935567
1400787
1542343
8205221
3570627
3952343
1222267
8605561
4412809
6943419
4473633
118890039
8958167
1949473
4533723
9254979
4832397
3446037
909701
2460673
6771989
6591479
5728597
6284319
9376473
7860537
1641533
8384197
5979911
4629153
1702111
7267629
362357
7971933
4563591
4210491
7849557
7551833
9770741
9341361
3772453
8735221
9301933
5925503
5631227
7001217
468917
1727001
2103073
2625713
3097709
9518021
9858757
6926383
9079077
573637
5739567
1135349
9012517
605761
7011347
3242927
8752439
6901051
6533633
6798651
4179649
9693411
2060181
2973427
1059847
5061123
9300337
5990429
9152617
7964659
2416793
4984039
9447123
38567401
9736571
3780621
4796143
9458919
145824871
1484611
7318367
5402789
556511
1100473
3217449
9687377
7384999
4782821
124662121
8679537
1158937
3647779
1535877
243881
9137609
3965437
6134739
4998477
8084401
2463383
1025251
69727
9647629
5985351
6521047
1321229
5203707
8369597
4751209
4116303
3354771
2774729
1903721
494027
8081519
4007733
2514661
6975999
1968733
7217989
2154751
8250347
179787
4171403
9988541
598499
2006927
5919173
2733833
1781609
3339747
5570389
7283063
12237533
82286801
6005271
185749
8010383
7948437
9781479
5084503
3057203
8146493
7802771
3077171
8595793
3760261
258377
3909253
8408899
2049103
2737169
1381431
9841697
2768409
87451219
3616067
612381
2544591
4849631
5569201
4403763
2229267
5281749
1842749
3652623
7758821
1204727
2810811
2966739
150291
6320711
5281723
4049683
6846501
7214571
5196003
138921611
9298743
1725487
2450037
3188159
166447571
814283
7768149
9404441
5712867
300693
9803249
5695761
1415941
3027593
7900999
4483029
8965627
7636779
9001263
7829207
5162643
1671439
5399621
79991
6930839
102978871
7695129
9104557
5027013
1512053
1995661
2108497
22219
9900177
8318279
1642453
40386283
5337997
6516149
41692727
5815371
6208357
8218901
4600419
7558657
3286321
6147123
3131
5839383
3236099
7904767
823849
5522473
3502793
9822337
5096927
1983211
1701121
6502399
2170049
70123117
3263197
1434101
7940667
7456359
2515659
2064583
8758449
142488893
7032587
1808639
6878757
305121
4086833
1114159
4748329
6971869
6008143
435163
2890973
4513543
2294503
9859713
456243
789729
2958151
239623
2585997
7081003
2516357
2713631
7381927
5071407
3168617
9257207
5317311
7966863
6188071
9441319
4655779
5467657
49293
840099
689159
6436371
7952879
1829491
236437
7615711
8525527
6667267
1027171
7155439
8485103
3249427
6224817
9528057
6732773
9082611
9590219
9351481
6743969
679483
152241947
5905221
1533647
1908937
6689439
7631749
240959
476067
3279141
3100479
4247941
2606077
6545501
2082429
1932611
6174471
8507223
118634497
9759109
3351621
4961081
9375279
1704507
4861261
4281547
3910979
1297147
6273137
552407
2014727
9563829
5087849
8426199
6960289
5716373
2057811
56281
8011613
33000761
1349003
7459759
171955009
7107289
4262239
9882533
5107657
8190333
438991
9338513
7124881
2285367
5891537
4970747
5185433
8347409
2232541
5680277
5274487
9980459
5579029
1395861
9135459
3825661
8686303
5326143
4819211
962741
3784321
220623
5451277
9875049
1803483
5901891
1896401
2479797
4409617
6323301
5072071
6360123
7433547
6073867
3873791
9821027
2973131
6442241
387583
3308929
9539067
3951407
122223223
7872037
4996437
3042233
3387977
7454741
7330469
3606687
2873289
9580359
2259159
1210963
3596861
9484807
3652277
4694423
5798153
3111459
8104321
137828107
5566821
7795529
7234533
5636261
1351259
6716899
7286813
8531483
6938963
2336521
2669307
7470731
1408623
3453201
9313649
4621639
6924511
2667017
9924813
139401787
7409577
8959979
1356327
5835979
1109361
1531401
35788487
5544711
9873177
5518487
2121413
3676993
2822269
9347599
5117411
4477157
7262907
2805329
1553479
6085269
212487
2601133
25968161
8281311
8167621
1564557
2947041
5363259
7170857
8817467
2270639
7245259
8702083
76306551
2991319
5812309
2316621
5736099
7326137
8486099
304697
9625001
1475021
3965839
9897023
5784079
2047551
6854807
3076617
9448883
6036619
8052543
97678587
8158773
60267
7841679
4918697
4065779
6792653
6344491
1915661
7432353
6785997
9266501
6332153
4143481
2928793
7992931
6915573
404203
7153041
5456661
2465359
961847
885863
8875107
423869
427017
1403937
143623
6551129
713131
1663843
4257331
1626421
2974543
5357543
5751101
6657561
9820551
4183221
7863497
3866167
1103967
1011633
4947091
4129943
1733261
5717279
1064559
1415207
383659
101746709
7660329
3811171
234563
8110619
2245253
8564059
8060119
4667629
