6936069
7008561
5333741
43298157
7976801
9779219
6181419
62697
5735763
162626659
8579253
70853931
5246847
4694261
2140461
9507497
5123179
7519393
7219053
6984717
2468309
6001687
2202189
2315581
2309657
9292699
7778951
135272881
2911221
1059403
6916047
9217641
8131273
7014591
9021809
5660583
6525739
5906343
7497797
5973273
3801201
7779123
8074711
8187241
5790457
8087897
1918417
6962967
648673
9114169
3135329
8259513
8432763
860699
8367547
4960991
9652229
5784177
9386873
4737341
756219
7497117
1044123
5828443
8051089
9988631
938887
9615563
2115049
1694879
6937087
8247539
1610273
6456423
4957117
7842023
195480769
2941133
9952887
3996669
4767407
8257471
4063579
1785683
7000433
2328633
5149453
706167
4227209
7926873
4115549
9360707
9346267
59445389
9652427
580277
1673507
7770643
8331841
6909277
5959781
457041
5741187
155492147
116348297
7423143
2708449
4428183
8260233
7327457
50917
8634403
1441527
2043943
4006641
153716717
7449479
5399671
3878469
676141
354207
252789
760281
147031037
2060501
1507769
2072947
3042539
19180927
4792697
5854813
9137181
9453697
2858481
4432621
1562279
1855349
3407621
1904139
3564553
5094623
513587
2271833
6838531
175848029
986251
1947791
3835861
2741323
934889
569237
1324121
1424277
9488791
9413737
7501937
5964833
1822837
7252741
5007507
4824397
3561227
731421
5188567
7078799
2314691
3955877
5574523
3113751
3271063
7196523
1935051
1460331
4356627
4300627
4358741
7272377
2612707
5277759
1554361
8214717
1580677
3544643
944513
4015491
8861811
2724409
427239
4111377
7823979
1359203
9108541
5726027
7940311
1257099
981443
6291493
6849429
1879167
3581469
7861933
5696707
860951
6794199
5860941
4428157
1664371
140267
3075731
9709991
2404373
1564069
13263043
9788251
6728597
9303559
1821623
134910241
6667853
8386139
4782937
2064337
144351501
7673027
9291601
122017081
7278173
7509907
1153389
9530827
7283621
441413
9178329
8724691
9457297
4018217
5440381
6614429
4666063
7009969
3093223
5369659
531801
1594401
2807629
2205181
7048259
4781577
4791121
1442511
8428279
4213
1035383
6886773
8416873
7021229
186523751
6675789
994589
8647449
41711
445179
3762091
176240183
8015089
1780567
4948119
8455383
2943561
3127139
4325821
690389
5943351
7971663
6741307
5028803
1836247
8181837
6934633
3824969
7427337
8761507
2519817
4359173
8313089
9285367
3286273
5145661
4677813
311611
8511979
4567537
6900687
7382191
8080697
7299099
5382483
8769579
6831403
7087221
5565371
4551901
9721907
9380639
1757693
337839
5058371
8192969
7221001
6699289
3700693
7292387
3130283
9194289
3789143
5456501
7345699
2096219
1365249
5781623
832289
6935279
9051973
9131973
3262427
1662577
4561697
6293153
9496721
2850591
3971041
9790857
673401
7583043
9616929
1060641
5718123
3444177
707501
4102071
987279
8292731
7952747
4014591
3727123
9275747
5103001
6368199
7263413
1405909
5299677
6153501
6282221
7359839
7735501
8822309
1141129
155699
8144481
297187
8959727
5423833
5165507
1742307
830851
505899
3487013
2293109
54810107
9307119
3701409
8262173
9245947
9313909
2468689
36807137
5023363
904193
1722917
3074699
759521
9329299
8049761
2087601
5341601
2075823
2505789
76917
4250267
2225601
7865747
9172347
4699843
8838639
7939821
7579473
5861321
4243643
9633687
732299
4092267
3875669
8146261
2814279
2534943
7603173
1664771
3221713
3151831
7195679
8588809
4791071
7883099
2749469
6168361
7953269
5935453
8480213
2445643
8271911
2592537
9638639
9390043
5905883
1757341
2414733
7958677
2654117
4462109
4952409
6071281
3205563
1145409
6764899
4372187
5608963
6287691
520401
6104897
9007129
6416939
7397773
4107879
2975511
5963171
8612371
9805157
1695757
161373709
4924729
1088489
4970291
6534841
8858287
3916193
415633
4423789
7190697
5234139
7918293
7673371
4309291
492487
6221563
3295787
1414779
5327621
4125437
7404481
4261487
1003399
4359363
6535593
344143
9399023
6112527
9056181
7899071
199071
6509603
5511423
1878327
3432791
3180231
5792739
6127003
1755461
8204861
5429613
3467351
9857341
16311211
8873337
5817971
4802781
5745141
9698841
3202801
4325621
9260097
7144923
466209
1142377
1240277
4185259
8044589
7840637
8799203
7375901
1973169
4388847
3470389
203663
920513
8072377
3590649
3943821
191739421
7661523
1974193
8985969
198656027
4371553
7210439
7778103
4103419
8388503
3799769
4164333
1022577
8346841
9511471
7293579
1524383
6469241
5167851
4871671
9259059
7317231
56703
3587193
9863123
6816021
4600073
2163097
7456911
9001299
14620379
7061869
5254031
454501
3485233
8601727
220893
8863961
3217373
4697953
8470367
3394343
4667109
7745083
322153
16550937
338599
7235711
8882099
5295497
5648613
2033843
4644701
106833161
7282261
7376189
4417659
6573049
9871497
355757
3856441
7654153
1280849
8507657
7343593
7425119
158892489
9718131
8884633
9783307
2563217
2378533
7216559
1549317
8698891
2780367
6832863
9620743
9525023
3730029
2095791
660997
1681603
5281167
5534831
7257641
8920707
1253011
3907471
2525173
3225487
1684367
2999577
7288833
5853957
7910441
698783
5731249
819401
8621053
7990283
4849
8899673
5770831
588359
9722533
6077929
819363
5740113
3073789
4416063
5447363
7988733
222701
3684939
2991729
9858317
824031
9132893
7092363
1777737
84065651
3498403
196734103
4348749
2802029
1651711
9794973
5355203
3389123
431139
8638221
2806573
684683
5315161
3850177
2911577
3473543
3878677
181777033
970299
9264131
6328129
6704763
3161989
8237083
2443619
2888003
6569419
3077771
8288639
1303233
203861
5380857
6225949
3949281
4260657
2768297
6401251
7302999
3741437
834373
2918427
4263239
5624939
3829497
6059647
7210293
2513367
4814143
2698293
161790113
3152191
6356753
5431779
7011737
260377
2935523
8454679
8190571
853931
5028697
10931933
5610353
4523311
7223467
7052627
7755321
6970443
195418387
6187063
7118989
3537151
5915473
1715373
6598043
5319357
6072643
2775619
7438651
47670683
3148789
6767507
1213029
1256293
1357079
5324199
9079219
1146887
5918151
1134391
4784153
6347401
6069073
4296429
9416093
6115729
7113107
1654783
1874769
5579497
63988601
2467677
4138483
7230531
1795267
8611663
6077301
8490991
9786211
9895779
2070399
8663883
5413473
2624043
8334071
6458123
9242351
6645591
8028503
8582911
5722519
170781
4085663
9027527
8450913
998951
2901021
561533
4402589
3915693
3739053
393777
3730143
5170623
1387749
6002447
3807009
3392287
