4720279
7768363
9582223
7972749
2336491
4622789
2328219
3099939
6155797
7293543
2659857
6673909
6970673
1425181
6953051
597543
978609
6975931
661647
1705347
3606723
2652017
8568597
627997
3600311
7508037
780513
3435867
7909373
1088027
9888799
5544529
5305667
9375591
659163
94459911
3335297
8353753
8018817
3027473
749433
6274089
4150777
7539801
330497
5372341
5037879
3041993
1422243
136345597
1447463
2511009
1232721
1013603
5396517
8564243
4339581
1099041
3132537
46591729
1488003
8107483
9524799
9712953
4748459
1823521
2626441
5806237
9787657
5431543
6490697
5631533
5573737
3827717
4239231
8500667
146847
6045539
8124043
7428549
9554127
8132473
3740493
4521063
3823023
1557251
6610211
4175007
1048449
1262133
8156263
176005023
7411757
436127
3041947
8412349
1631923
6479881
7431377
7203061
4738889
1971921
2151159
7181563
6444467
51311867
6080291
4322321
4658781
3872861
7873287
190911
1189489
1887203
6560441
5243843
3969111
3304313
9329893
8886787
288857
3198471
7301313
3813329
9781563
3028261
4815449
8721841
1264697
2410399
5662943
410853
7308821
6332111
8437801
9827527
3988179
4734049
1051121
9974523
292819
73179
7032179
4109251
2274557
6240807
4745811
3027229
8754917
8834903
5060897
125531081
1339
3457443
9072733
4033961
6390341
746261
4210323
6600311
7610487
6441461
3113561
9870929
6804809
5979781
4356973
6137093
5492229
1102887
3320781
3426327
8434847
430009
1395179
3477557
3384639
4772541
1919331
4087751
214167
5354041
6769719
1413417
2604701
7082453
8826381
8944519
434787
7489701
2685269
1236757
6362563
106748657
8922221
4057753
6498841
482373
8827931
4167527
175519
4697179
6514943
647699
2625581
9274121
28426603
8280193
7799619
4599531
5122901
678937
9612287
6634459
3804649
92645409
6629909
1360247
3587007
4161123
3355251
8719319
1272051
6857457
1496309
3200387
116881
9294153
6429361
8220747
9104251
1732493
6776169
9040993
8208487
404577
2704389
6518963
6392449
40080661
1732963
3748383
5524501
3839973
9362009
50124291
1667983
7551743
9256243
2372201
4420483
183021
8269223
9182779
2391777
9770713
1730967
7211737
5251987
4554189
9677853
4304129
3775437
2205821
1412761
2775731
5533991
9518999
9133367
1284043
8394031
9283363
4764421
4891271
9606679
5826067
7182197
2084171
8312843
1357891
2777481
2143881
758131
8905217
9866271
4724773
1078073
6867059
5330981
130751
2066383
2309833
8206477
6939181
5581509
876713
5123597
5686401
8547761
545309
25577273
2029603
2284723
6558643
6128109
3193127
5811913
7684307
7317513
4315559
1150337
6392827
2107593
7380069
717369
4909941
4537747
5473783
5156499
1298097
5824157
567579
9421159
9564881
8300173
653621
939859
2381571
4036533
4196273
2917193
6600413
6181629
6619199
8256219
681741
4736237
9568337
4798869
4004889
3368949
8139157
4220187
7627179
2048797
3611807
3557427
6067197
8616901
5867293
3273411
5951407
7580643
6441741
4254943
5090921
4024827
7953953
6028839
553893
182039907
4288387
5141119
6266059
7565299
8782263
2260161
1749011
6266601
3623007
739987
2363487
1377323
3806181
2889869
120708623
9521339
2884611
9580743
5732547
1447121
151043
5396039
3864321
7241583
464269
5130501
2848027
6776017
623161
2701557
1054993
4507413
74450687
7059671
8362239
7420993
1691891
4321029
3535093
4854721
7512991
6457227
7017949
4517111
3931223
1694473
8053907
3673159
1048709
9845309
9903687
3590063
5241181
9085749
1284261
2361863
4081413
3928791
7578159
6036037
9103683
9864331
4134991
5480457
8326049
2648699
7129157
8699523
8307409
3601831
4045717
4236497
7522317
4665549
4478491
7041117
3143373
5356651
2357027
6921033
5361139
9509853
7377143
6819951
3137303
1874919
2873839
9979263
8690603
6215037
2911983
1257411
3714341
5494301
1563017
104387303
1572719
1277219
4487687
6027289
9174237
9403831
3281011
9706471
2886221
6510797
4178497
360413
6715947
1626537
8890177
8267723
29061
3378357
3207751
526637
4440087
577361
8573271
9232559
3769393
5449451
6902691
4764593
6855293
6050131
134247
8532103
569163
2185133
7164841
2288997
1245767
7588009
2572831
623327
645609
3882657
9712893
6564413
7126317
4069339
9206001
5800187
2240353
8543879
7496853
9584317
7749629
6754383
9628073
2985057
3435309
5109573
4739329
8156613
151299291
1528249
1648127
2772611
542533
7657347
7771083
250101
7177999
4475701
1706577
5502267
2818387
3164107
6208807
3222809
9996377
5709527
7523807
4892781
9012713
9151877
955161
7983483
4295377
3780547
4853157
886681
4874811
5585867
8005417
6920103
4678361
7691301
9116399
9809081
7054349
9911391
802053
3150773
8236583
4278941
2913593
4579777
1644987
277129
2923033
5299779
8443929
6366809
63376883
2196419
8222719
2365679
3257807
72501253
5295873
9248633
1576023
7481513
4790583
6590901
5903879
1361241
1101533
8563553
7499917
7158199
5022243
6499841
3114993
3326119
2391543
1228463
8342177
3293581
9647117
8481583
2280631
8199709
3817383
2705947
2442601
9349357
3447737
437243
1737601
6957031
1229057
5321847
93839807
948011
7725173
1663323
14858879
4341563
6906907
9733629
2178681
8676847
8410979
7848181
6719641
1419901
3413621
6727801
7694089
5282711
2018653
712981
9604033
8696339
8244833
9961291
4074363
4784177
7788791
9093941
80882763
7732817
9571407
4286417
7287093
8112867
3536351
8581521
6835487
13070773
9796551
5667487
8460883
8721123
510043
2623037
2050681
4975551
6031341
4471991
3068201
4652153
705049
1243991
4003443
7961423
9810119
8117939
8322149
3418971
6030097
8404883
25957189
4693363
3749783
9084883
3574653
1083891
6263277
4837593
2915391
3237667
4116193
6391163
5965741
3454773
4068651
6729887
531287
4631531
423969
1040587
749391
3037091
9457041
4814481
1114383
2336079
9138219
1507563
7689857
1463941
7120197
776221
5835067
1730001
2135097
6331031
7681199
4411641
4292137
3010267
7383877
4135671
9548773
7369999
6631269
6687061
6343391
6550183
1343891
2008953
9420363
7617517
3314191
144306501
111523
182239
2305827
3817777
3590831
9545957
6748669
204479
2132343
60389631
1947033
8781879
5261141
2832093
5515289
7221601
4456543
15383111
1624509
171918333
4095837
5209717
1861401
2791679
8116593
3279563
3217569
7797481
1711171
9330729
2512373
2414319
7010319
3341777
5092509
8600021
5516261
168919033
3222959
44577259
9749709
1775673
6801973
5813961
8936619
8183377
3067151
7968449
4638733
4891961
4118641
6931861
386797
5841477
3044447
5860569
105509
7069379
861801
6187921
5334189
113858429
5639191
2705681
7707203
2346187
7939289
7434563
2104319
80187
5262467
3933743
4450153
5841109
