3445123
8962133
6025597
4879213
8932983
2732937
5089821
4754899
3155523
5012269
1646577
1361347
6051323
6500709
762183
8439171
2802913
9911229
1417159
3676161
935973
6147643
166278549
4473237
105809639
7991071
8964221
1957269
2220487
155321269
9811751
1927567
2471823
249769
6073743
9405549
7142779
4257589
4978489
2710531
9996091
93850751
4616581
5547261
5556159
9904911
4182033
9475449
4059517
6057833
9194631
741869
9125167
4740279
3412187
5144577
9528287
3440889
4833977
9433717
112239
6390153
6858311
7263087
5886663
1799313
3985903
5666269
3218969
5612987
8248341
2218777
7617299
7261499
1420033
5913557
4637159
7949683
370157
8508119
7330899
9024917
8551273
7826273
3247777
4324561
8248151
2099339
8180201
3960433
4437169
9836093
6301733
8731887
2090343
1813011
4576077
1101403
1283473
3298301
9078259
4056137
8442479
3066601
4894361
4834959
5774147
4348711
2669937
2275533
893307
9993331
6691673
6312167
111661
3722333
4269251
5243913
3756039
173956119
185678901
3192773
2313481
4118539
8805047
7837043
9014673
6695019
4479817
112545229
1490249
6850103
5500511
1745599
1573743
9815607
8193691
1846243
4607523
5709481
7926687
5641427
2992557
4766033
3061253
6559449
3656281
7812571
6989947
290677
4152729
308011
1606433
908559
8615353
5339149
9114609
9450419
9090177
7393459
9800683
143207199
221773
6644079
2837483
8180583
226439
3889
4748857
1471079
7698067
6565711
3623233
500493
942567
7225413
5209951
27701769
4275737
3766457
2108511
7113353
4485673
5919013
2842607
9058473
3225743
9187103
4863029
7309109
4791489
2950857
1234221
9016991
2936049
2851273
5137143
9216851
2616077
2383329
6645519
5563677
8729453
462077
2498883
3842297
2221629
8826081
7793837
4612989
5086339
8787923
1871449
2111949
6832731
4274049
8431733
60057
7331553
8208683
1011243
9095301
6073123
9721853
7520749
7877719
5078611
4252621
7661599
3404679
5727123
1987611
8888961
6665081
7003841
15346193
9201611
7821121
3375503
5520929
5441463
5965369
3118029
161679631
9947693
3909567
8186089
8676533
1977891
1080639
5059289
2800673
2244771
1882831
9444447
7196187
7314787
6508259
8866453
7961843
4102611
4164881
6987057
4423721
4434217
9659981
2651649
4572033
6568853
6854619
5836409
5531483
177749453
3200591
4353073
7407413
7678989
2813419
7936163
4493319
1132897
3760421
169049
2278263
898147
128205449
603093
7520101
4044763
6935953
5300863
9441487
5043219
6324337
6296197
5340671
9333571
4810251
9903919
6320269
9361979
3600683
2378151
6437239
3551713
2927967
151781167
9234307
4301113
8112847
4541091
1640943
4026777
118756041
2756243
960379
8393031
1266821
4768547
9966709
85432391
2927313
3833143
7908263
6786241
1204499
708517
523231
115743
4092743
5376619
137069
3647743
2359119
859779
807369
9358931
2416917
192589
2552021
8209139
5589363
3117103
7863147
1284873
3533269
2263107
3406861
177888533
170481031
9405703
9654927
5397531
6574319
5802171
2056777
4404907
2086459
4941253
5617631
5231493
278529
7071663
9238831
1217747
9830621
2963531
4232959
1434689
2328591
906231
7005201
2402411
4524631
9223539
2900297
9637611
1767123
2990857
1058329
5207701
3520747
3830497
1039507
7279151
4259423
7043009
2957387
5078983
3271831
5567939
9438543
7374527
2051529
7830981
9093023
8530041
9698711
1391279
7661453
9232197
6462101
4044793
4555529
1601937
599291
1860603
4721117
8756587
3189123
5849337
5331127
5229197
4891499
1765683
8488363
2350247
3971
7660329
3904141
3836779
8328327
5164283
5747953
3488819
7567083
7174313
5150561
121871961
5256387
8794563
1741037
3164787
5586099
3998761
163552897
6021809
6873039
3436239
2757449
6502587
4125713
6480109
8348511
2757791
8961853
2732849
6924277
134189
2258619
3700103
2161613
4332059
7684333
6269023
7972737
7225043
3303799
900577
8055357
761259
427389
17691541
9958023
1480401
1480667
6272723
2354453
4179651
3781219
4296369
5184347
9193169
4271527
7073611
7275809
4518191
2999159
5852323
6329173
950813
189848169
9871317
9006339
7518809
8876941
9372857
4366029
5367329
2640237
266961
9496757
9538113
8519853
137103
6743381
5211203
5953207
290731
5617749
360399
4651403
3666771
2404727
7080623
3157953
2249289
5741509
9426179
7822671
539097
6070567
2458141
3546317
8070267
2563613
2862709
3578087
7353319
124335161
9075179
1157159
8130299
2724569
3190701
60573083
6259519
9267611
9455159
8956007
193261
7360481
4004443
1198013
4634279
5646469
8166363
8758657
4367197
7407499
8197407
6866731
3896511
2713183
8149901
1968211
3040793
1102447
2288989
853297
41097
3984541
8457909
8764193
5411011
8098569
4737411
1441599
648399
8685119
8199157
1600011
3666093
3719969
8531573
3526573
5767019
1197707
1769749
2093303
3407563
5413641
6293637
6708101
5524291
2462533
4709169
7452233
9126787
9593897
1458199
9112141
3040547
6187403
1306447
4332943
5980873
386281
3958293
7536251
5662483
125325439
5337723
4678463
181559
8358007
7044239
4890937
9501027
6608169
148910817
6958163
5143517
2412433
2688329
4853029
7243919
7372259
162379
3723197
4702373
9350341
6853219
8552639
4339879
5941311
4361629
1997931
3737541
1164397
3559423
278159
2849037
9423827
5686393
8285121
6170361
1113447
6045197
1337013
9572403
9449623
5187387
1665149
684281
976133
8212499
5986197
2647861
8337827
9737597
96018221
4716107
6521021
7148641
7065791
9007067
5624809
29237
5017389
955443
3557463
2105401
6046097
9449901
2757397
5208003
9627443
2014259
2295907
5303479
9970999
1690679
7035683
3717477
3271169
1795987
9077359
8360163
8164599
5336797
2652821
276969
8889011
2193271
141642337
7456921
4949569
5121693
693609
8644191
9870647
4715983
9719591
94307661
3971369
3450271
3137347
8897099
1107957
402457
3627793
184713
4521151
9609151
2296961
7450457
1393257
9076581
6011689
533563
1963109
512937
2876303
2092231
1913407
1779979
8448933
6261069
5034513
7634277
1267039
3537747
6370511
7615421
1807329
5320431
7087651
7844271
7570191
7139781
6875077
7324611
3096029
9483197
9986423
4368919
7075737
4576899
4719579
8974079
6622203
8048539
4977271
7671949
6910009
9441641
4085447
6770069
4449539
9696003
4044633
3820271
1034743
9449509
4436273
9460273
2039323
1704979
7922571
49852997
9513791
8919837
6354883
4209797
9318117
8617053
5089173
5996353
3587111
1853437
4398947
5105819
3128433
4242931
2636039
2069667
196323403
8863343
2032787
5267409
9278307
5372503
