7627579
2895963
50093911
1128577
9228237
1188061
3702099
5609851
1582519
9750931
6980989
8754153
8100007
2166097
6142303
680917
8768513
6304447
4447513
2745551
1666189
6200823
8794469
78631
6306769
1473623
3482371
8724613
856663
1778549
2294833
8125333
5061439
9273087
4691599
5002249
9417561
7179239
7613867
112467
8134183
3114809
3340411
3584803
1626257
7208223
809991
9339207
5855329
5102323
9205443
9620371
13569
977713
14859
2893983
3346217
8096003
9536281
1726989
7381513
6416479
3806611
2355087
7237777
144414689
9321099
5032471
8719267
3017623
5125231
1393907
43031
2663629
6587609
7963581
3283219
662851
3178023
2022271
84908933
4791201
7176351
5005989
9645657
3748787
9872843
8472653
3355867
1635379
2640843
2658311
6679393
1720587
1985831
3520877
25701
7945589
1607731
1245049
4200469
6913121
4041487
5612373
3088097
6753451
8085643
631773
5688651
711691
6045811
3763591
5386063
114759
110163
66961
6030759
6253781
5559
5193101
5616303
7869439
2414797
8651103
8208887
3565831
1678363
112442059
4666301
6002617
9665591
4638401
9340757
6909279
1743091
3419689
6505819
7041321
9568109
1895109
6159407
7993723
7291527
4350983
6498431
7303647
4351777
2505267
3232449
8689563
1525769
7375077
7159201
973143
4938069
4380377
5261871
4823053
4735637
1628857
7863131
4463053
1895307
6812639
2684207
5583001
2657813
5240957
7055553
4085993
3948567
2822659
7469239
7613161
1969351
5307157
8276309
8938523
9005987
9877217
746143
7356141
9562299
4305189
4452679
7402813
5665559
9817509
2958173
8759683
3433893
8423873
4911923
3820991
8392087
2334973
8735419
5103849
2223643
3688421
6708979
3366887
9152951
190525147
5227111
5962487
2024383
8574497
3719321
82371
924303
1604839
6127683
4921881
7671723
9223431
8376463
5683437
2910611
7212413
7493421
4164953
2547733
1748591
5975549
9067429
3878633
2517511
3465231
9278577
3213159
7610489
2752607
693579
3388893
128650043
4902037
6324531
6230341
5186937
4421889
5905237
2141189
852559
8620093
8684147
7088981
838369
2124369
5444191
7466421
1362127
6919513
1928059
2709969
1126411
7829763
6399539
6552911
7294687
3278509
5305463
9240111
6306537
7689553
7337593
2230237
6766269
4250981
5844803
9166227
950531
8116223
3295997
5147713
44057483
1621501
7779451
9533159
4992161
3848071
4823933
5933811
2589593
187867741
6336599
5669761
126949699
9785057
1575003
31985009
4099711
2770027
4617657
6221831
5057463
3652099
8428477
2365249
6735069
3003097
3486851
8736577
9554529
3894809
1420529
7913243
4816187
5803139
4992647
8071299
118582349
3807389
4799589
1192393
8739929
936091
9173891
2024633
748523
4641867
2715957
971459
4446319
4537571
6789079
97085107
7469929
7895621
4253189
101123437
6645929
5683207
1310463
1663363
9090651
743633
97559
3875587
6414071
8059659
2200363
6447467
9378367
7382959
6650247
1026751
7600609
8637981
9087173
6490033
7186121
8595143
4309959
6953297
3542523
4814877
3466789
3501937
2339413
7425351
6141187
7504807
3092557
2657937
8672959
3808771
9986447
7869569
4980633
6359709
4970507
4722511
9786033
3963179
622459
5201783
6920257
745913
3108427
1638969
2193727
8883967
9717073
1060773
4102057
7946639
2160061
407999
8929883
56799681
6041721
9895721
8843671
93235711
4848341
6457607
9225531
7643283
492389
7866041
3853053
2472301
1606681
2049123
85254991
140101
46881039
4302853
5091989
6948573
3296603
9647399
366439
1115871
4240973
764321
7737541
2329959
5861957
7539377
1470743
8145739
6456491
1562571
9726511
9083189
4497677
104051
1744071
5253737
874141
7194271
686549
3849933
4284311
3508771
2579407
5125107
254847
2694497
4890711
7097279
112369
2319357
610911
9639211
9755989
654841
7624639
2706051
2124761
4493883
191299
8802761
7701583
9031173
1492369
1582873
3443537
9861869
9260337
81122523
8105393
8994521
6237137
1091563
4664763
9865407
8155129
2975517
9176453
7361921
809591
3991847
1961521
7055627
3043431
7992649
2167563
2277453
93135409
8073403
4134303
405777
3231683
7625743
2969011
3401153
471483
2089731
6589811
2365663
201089
819839
723911
9862451
3589201
7263469
1882229
58931001
1226011
6768761
8052423
7808847
9777571
5595091
1796319
32353
1403049
5722787
8529941
6807151
4545539
7083553
5405811
8066547
8936157
9108899
6932511
9503561
8182357
5653963
8627047
9547311
372387
1386717
5841443
1098953
1054431
9542429
6847439
7827127
7324681
7516419
309143
2645349
2351257
2610099
5997771
763513
6527957
9325813
4395677
9862451
4184631
1790871
5496979
6359927
8377863
2252567
734897
9532981
420361
4204779
48373183
2725131
4578673
5369659
3071149
8971299
1632643
1946139
113071
591477
2591477
3720307
9962963
9824197
1489069
2346773
1991161
347203
7816983
1267069
8333947
7486813
5617013
4612037
3693107
5206721
1640073
1764731
7608331
1032603
4927361
1044551
8695133
5698523
1640559
4488173
6836167
9495327
2303579
4470929
7789137
7880721
3514749
4014041
5319789
9990667
7579937
7308349
5807203
7637029
5557169
164756029
5775869
838447
4122101
969687
2851771
2322931
576537
3774101
8639579
6105229
8768017
7641079
7985129
6126977
8814791
7896329
7554607
1835911
2198203
6020971
3393273
3831601
8201513
8422819
150611969
7490799
1605213
5296659
9822993
7722071
3025679
9671449
5539711
8758631
4908413
6340941
8274721
795783
719277
6974853
1951589
836381
5624797
9835287
2690229
3150337
6850921
5715239
2956219
3443359
6894887
103967909
7928711
1756883
1369901
4482171
6165447
329561
7946963
8722993
1310593
4562517
4990751
3216099
227093
6187297
4053113
2027997
4819509
2208089
9490809
5860487
833953
7140683
5133991
82651
9105259
5665687
1065733
1894213
5907743
176649
6421537
657223
3953379
8168421
2195917
2972571
6841217
3720297
6043561
3917929
4630263
4899863
1999187
3339949
2289621
4125101
1824963
7070517
4879273
1561007
5507727
7200687
980261
7484607
4755831
9255851
4138833
7291357
5615323
4172921
7049331
3010109
8542239
7020687
2789943
6003953
6745787
4649679
8778629
8819291
5106201
6563347
8209923
7675621
1375389
53601
6982063
4250787
2429111
189858051
9601321
4369161
66701891
2051057
8298799
142717187
82471413
3253571
4787283
2139967
9341989
5393337
9807553
175870007
1190773
4184413
6892169
6543843
3700701
5755333
6524461
3947991
9682693
7820073
6854133
5277857
8421387
6316163
6511819
4060829
1398763
7399839
9784817
6359639
6273027
8597261
6715389
5233269
7463391
7302617
4222891
4351651
5076927
4999997
9745301
86709
4657319
34122919
1387001
9118397
9553157
5067011
4406903
8708547
6540507
125078941
140861147
2621509
2521717
1669077
5949761
7042777
6406561
5646129
23320479
1530821
5822691
17013
8386773
6251279
5163823
6029063
8194911
2579629
8131099
2674859
7937933
7048643
1484057
4133369
9534011
5758751
8226721
5739693
60269
