6302029
9307019
8978393
2597739
7602281
4501771
7649571
679479
8126623
836567
4874147
128173747
2942703
4697997
927707
920007
7694373
4835441
3662369
3510793
8956507
1097293
903083
123783777
8169123
9054399
2509391
9514977
7503823
4308243
5288999
3390369
2608563
9416673
1100553
606529
7929991
4702707
2283177
1133147
1241729
5901397
2958369
6796277
9663331
8892669
3870881
2304473
2388567
545941
2419569
1977143
8367641
9389737
9316451
805823
5492397
3444777
2815813
9559941
6909313
3311421
2932709
8366297
9296559
6327747
93217
9010557
4768461
9630501
8015531
2488577
3591389
79957
1781421
574359
3336393
2487503
7461557
6135023
7299901
9293457
4743167
64621
2238289
2344371
5891177
3568287
3485321
9212167
2195393
9524221
3557763
8662531
651193
626261
2700751
1862299
3557549
7042961
9915927
1327559
7701637
159089217
45834273
7921133
2002853
7507379
2578463
4881117
8645999
8406613
7012221
9180841
4595017
2213493
600659
3890589
19309
4971829
137243
9617241
5539997
8585827
1253659
1781381
5410563
5206129
4188491
173615037
4298361
1101481
4608773
3157103
4056607
9578359
988869
3468521
120475007
2675779
1340653
8421659
8805519
207393
8512313
7711111
7120461
1695959
6833569
4167237
9992133
7538811
6576653
8192799
8341031
5167661
198058317
1538581
6625593
8932237
9502217
8103467
9635391
927127
2727093
3013113
8473767
1793449
4667949
9842499
1677747
8953389
3066833
5534227
7487099
1328329
7870659
667203
9238879
5599431
1438319
9047303
1094993
8091191
9322371
993047
646513
5898139
9473753
7284079
5118769
6799069
360007
2859701
8533897
8855987
3602939
1506237
670009
7437043
7065467
5398777
7075657
653463
1993117
2567051
9328779
104609
3064171
2043001
1955037
8962637
9296113
2049939
5415969
1829341
7549551
2660511
5212783
912867
1001009
5185237
3218927
6101463
4760959
7605647
3173911
430989
1858917
6981069
3368911
6111999
1442953
6858183
2604403
378017
6688777
2166791
2447779
170675101
1690671
9011569
3134197
8763377
8710039
1799151
21392517
6151731
6446991
6731571
651193
9974221
2882499
5890313
1820189
3275453
6025867
453991
4570471
7194167
3948027
4756793
1325023
8344389
811227
9581569
6463587
2126273
1656457
7048261
8080789
2013793
9581587
8005391
6093987
1853629
3266337
3452399
5484949
6481911
2233197
7103937
1037343
4982363
4411809
5913259
1098929
95263
3945233
4528103
9223493
6265001
1473793
8809101
6040257
4477489
8632769
7205639
7988329
8984179
2474041
3975127
6798839
6404219
4878819
7513069
5113239
123979741
9623291
6106381
1023721
6110519
9662793
2617513
8579651
7845293
6046611
8357441
556543
1503941
1121817
4078799
3014603
2263411
491087
5376737
6477709
3152047
182249
1450493
290531
8788673
9073923
3271131
2508577
4947479
8732043
9069121
4737971
2725111
3613443
2076971
5640799
9787609
6629013
5672043
5090687
189273
3398143
1587751
134724327
516937
7082633
6851631
5634263
7636259
7847789
2418879
4669441
4299097
4627187
6116723
5018471
4383527
8629477
5520349
8433743
4984761
5377811
6839887
9378031
1425371
4373299
2615243
6649999
7934439
160297
2221257
9072297
8560583
1955519
240019
1398701
9595843
4151503
3832789
3568573
110698791
3555649
121170563
1784207
2177309
6190177
3588769
4663343
8860829
8095311
5061641
7887797
2492641
5406229
5847371
7671949
7026997
8799869
2146021
8375801
4758747
4461801
753097
2422961
2531893
195760411
1280159
4122553
509647
1870331
8361971
4007571
169367
6710177
3877011
3727399
3122529
3770853
9157019
7790353
2295847
8938783
4677649
2671087
7388357
2428409
5194437
5425763
7356279
6096389
5493353
9434071
3370327
5157601
8950867
6818299
5014643
8934687
9013391
1836281
6140061
1541401
680323
1824041
701797
66101481
160233
925087
7568741
2723477
8633907
1690423
5701671
5472227
2335569
6395019
1922091
993571
7929423
10721
5552501
3700443
1872439
6574577
7124571
8147071
7151377
4344107
4892571
3213437
1883323
668277
9874003
6441807
5187123
2950687
227693
5581379
9756231
8069327
3844697
9600713
9747281
271677
201961
1099569
17747
509313
5328661
558821
6643773
39958197
5652339
6036623
5235929
8710527
7068103
7657941
4910647
10248939
6433567
198842153
5833263
3632211
1066589
3979653
1702247
9751657
3387589
7017277
7531451
131837
3043839
1666541
3009969
8315323
4737819
7688341
4334827
2396947
696691
8981423
4238091
1081443
3623723
5621637
1811189
8708357
983551
7916367
1792879
2747693
4822011
6168843
9324213
5615271
102411
4248957
2566959
5706257
54986569
6433749
6651933
6364113
7503631
5162519
1686301
9570429
6866357
781343
6096519
5438659
4391757
3439161
8327027
7858107
185637
628451
4145403
6241769
44490441
577341
3986291
8360679
6141193
5546521
1443331
9925151
8080997
9872591
8502373
7650183
731601
6935469
1089607
6516881
5766883
6880079
2487819
68483
2298441
4210891
3692593
44847
1929783
8935949
9134369
9325717
1050793
458369
81813
4310313
692221
1940919
4817577
490441
8237421
7965703
3905133
423627
105459219
9576967
3132939
802529
5941809
2458949
8438143
9560367
1916489
2444947
602317
7342793
7216307
8072189
1389793
9654627
190554033
5975841
2543437
2953309
6116953
6426787
6978251
3242703
9706207
3129121
8322699
1162089
47150781
5754827
4040431
5357583
45263571
8404961
4465159
1409313
883689
6747799
9410893
6401189
4477491
115543151
48581
7233573
432587
5341923
4663993
8238969
8338959
96877003
5703703
88984489
4523301
67655383
4943323
9591027
5731871
8727369
6844501
3231087
4536989
4434067
955233
279571
5332327
4622157
970763
100709511
8615587
255453
3990591
2804663
7327837
9743613
27234349
1457653
2090297
1587791
251517
8493399
4730141
5128179
2477941
5884493
2507921
3338027
9461993
6090309
5699291
865261
97369049
8839969
4113933
6254743
6539671
52953
2034041
7156397
1670309
8401471
5491001
3791727
6001451
3759833
7696589
1524717
7079969
4939737
2541117
284007
9453223
4273799
2084573
5739537
3066553
1908661
50271
7509111
1247807
6432797
488333
4170059
304567
3536623
2210589
5075817
3095699
8348733
2249321
3942593
4908941
3820283
3650827
335863
7713677
2891927
4221359
4516829
8317503
2813017
576933
9705451
1287357
6932861
2795193
4416247
3945607
6069879
1168583
9770917
5588599
1431597
7405061
3070117
7628133
3492757
102442639
7123587
3044843
