5021659
5044931
6427959
2806679
6920561
2119917
3019549
1058119
5862061
9688851
8481801
7651243
3196321
5458029
993909
4872237
5329903
3742917
2006693
368733
7886233
7278557
5175673
8765083
8341813
6001
188301
382677
8881841
9798037
7917883
2058933
4302247
5230331
25990909
108419
68636729
305421
6433433
1559943
6895019
1309759
442053
8357819
7620637
608619
7420683
6968049
8634509
9601091
7167763
1185157
1293581
837073
5159991
351997
5013231
7664807
4055007
5523813
9524181
6986799
1601693
6866677
9778391
7745239
8102119
4882311
5874091
4997123
2313943
9303517
8241181
43490089
8854089
276559
9242223
8473099
8676691
4866177
1894347
6205303
6870217
5555907
7066143
8296211
1488627
8029831
9437539
951427
7196379
6269643
5736269
7627337
2626193
7821649
8014353
8653327
5619021
7643457
2063739
981459
4196083
1199981
7757613
715369
3940743
2693379
162313
1892279
8277563
141982891
1439083
4973539
8009779
2983423
430143
4247287
9787761
9927363
1691879
1813077
644741
5498003
5867387
447147
7403389
4017879
7315259
8118713
8894537
3717749
5503481
2039377
1717293
5340717
5145783
2345503
933713
1585779
5147033
1967309
2902417
7511987
2522341
2777669
9482583
4888467
9756807
33056067
3163877
1045923
8786731
9300303
2384001
5950829
7572991
6295879
2070747
5295507
843197
7091341
9925033
5252921
9035063
7290297
5350253
4492833
6406629
193578431
877269
8261053
1573649
3571949
7465697
355887
3369301
1980031
8989449
1274229
2112289
1756509
6431573
3673007
6243049
8304271
8724779
9949737
4094589
4025151
8030373
118743
7990081
4645389
113588979
2970157
5079101
3551147
2675569
9308699
1928221
7156123
4309951
9373731
8599743
2876813
339629
9383147
6873947
9247701
7468239
8365763
1047
3026883
2766199
7278311
1481309
6894847
7788131
894043
6953711
340689
1026271
5814613
1974909
1560997
7221181
3187153
5348267
8142961
3676629
6938503
3435023
9822193
3906797
4441971
2552531
2290537
5980763
2922459
7329091
7083927
3278433
6330951
8670269
7840729
2609067
9155901
1452289
8696373
1717477
8845279
3211323
6549643
3680297
7568109
6687777
6026591
5828997
4272343
5347987
8636017
2595399
3670257
4732849
9820939
939157
9118479
4793499
49010757
3086239
8350351
7975161
2634297
9951673
4906607
5089723
1962823
8510031
6930107
4480067
4312609
6883911
6647193
6933197
6882779
2453977
3241779
1659837
5535797
5601269
4403059
9429377
7020649
7282969
7895687
7717851
3556687
1598319
9605897
4036057
3589507
7405551
414543
9536221
1237309
9300861
5166947
3836493
3047957
8283189
9969351
9882853
5802423
9230991
9216459
2855283
3914153
6768077
7064131
8462637
9984381
9741819
62890727
3406057
5801159
6866397
5943113
7794287
7367851
1504823
5735189
3646423
2413357
6499677
8860753
5185249
199044337
3248433
3769769
1936661
9108529
7369869
872657
6588611
6391347
2575239
2058333
4828117
3528121
7343791
4664583
5316953
30851
7230939
5991571
8521279
8157783
93641
5930323
8168393
308911
5889221
5653849
2776591
6829057
4175881
7530877
3844829
9854867
2367377
9027683
7819463
1524213
249289
8916143
6820283
514853
3031203
8236273
2500437
8247661
3592531
3007519
5835137
5624617
2786751
5683697
6558479
9863357
7919909
6930629
5711633
7103743
7919629
5994667
5860907
6359591
3027269
146179
7108367
8321479
6752757
9949869
5683743
8317319
6135389
5369683
5310979
5622253
6179089
2995683
6913489
7904771
6256643
395279
2386117
3960813
811159
6393133
8930899
4313893
1812447
3361781
9544233
7311041
1243917
169259563
5331507
114853
3292283
3118949
748409
3607451
476109
7208881
2051933
3522897
6828713
5376821
9328407
2943211
4065791
4409283
8701357
5272561
560971
3639809
60542133
3400289
7963497
4985339
3222969
76817329
7340347
77085807
7039259
7340527
8814911
5117733
5565493
1707607
1833509
4719183
4770283
6152739
402759
3428181
1807989
5893421
7720871
3277027
8206613
7006331
1935767
2394111
5060047
2924321
6610507
8030533
274637
9244051
7297577
1110991
4565269
2965443
1961139
1491817
7175837
2166197
7636999
9576651
9896347
40368853
6854847
9882211
1773359
8035961
2082271
3931489
6462861
2672199
8023507
3291531
6124591
9067119
2575411
3252383
8422747
76431321
5576741
8567513
5966491
6685389
7074129
4720379
7591917
50755547
9003167
2773451
6778731
4677861
6994119
3708161
3887281
8178259
5432463
9675829
9603031
6570863
631027
456003
2471599
6701767
5470059
3485529
6577303
182318153
8672611
7714237
1030709
3400887
6731219
719227
8107003
8119931
6235911
4296897
3408261
9016567
109274221
6036341
155677693
9446093
4080323
542981
8874453
4316017
6506121
9970941
4766123
5331301
5061907
1485033
3632059
2020931
145559
4092481
4474171
8893207
5504579
968301
1760871
1714123
7353403
146028653
7292963
3611087
2322277
90179329
3620449
153031877
8763207
6968449
4653931
4498883
9122097
134306767
598239
9519949
138447029
4372059
2272659
561853
5736491
5311919
7705829
7944143
8903883
7879089
60742793
3384043
9005237
8962131
8975079
8486391
4203207
9777647
754891
359573
1352121
3834643
485151
9927153
4601549
9306971
9161671
7315267
9732977
5600891
5549197
441397
2019323
9279109
3890197
3860897
3084079
7933633
9236577
1278117
6822203
6385153
7323961
104435779
2712599
9273033
5676149
5064559
2141397
1651307
2897587
1769727
7433843
1906253
9724673
9962481
6425183
1910779
5385123
6687809
3063987
2203247
7516679
9722693
4035653
7057369
219469
8483209
6400583
5915827
2949867
9897519
1901343
3772781
3603677
1910083
3054871
9820023
7170503
6199891
9719679
4125977
1587889
5046409
916299
1314233
8152563
7085503
9436647
5588347
1124597
7259089
9156323
3857027
655877
6536117
7726331
9874397
5886173
4432579
9401751
3071969
3371897
3110753
2213513
67128079
871691
2487297
4718839
9673823
2087019
8415657
1328931
3355467
6184263
219247
7563157
7950647
5327933
6962767
2361047
747967
53671
6567237
7237441
2566423
8379271
6415799
3692243
7064617
3468801
4869171
2240579
1206691
4229467
3916099
1649677
8203093
4874513
8118983
86387
9394251
9853843
6963773
4714603
7687487
3952287
8506097
9936433
510517
6399099
8637517
6881787
5304659
8908293
35466569
3271507
2990573
1867873
101161701
5159543
665521
165191
66375353
9505653
5276313
6219817
6674197
9155587
4515063
6138403
2546313
6682073
5128573
4332269
4038959
4903451
3432423
7632167
5181701
8048183
9727601
5139721
4510601
7818619
9949599
1026529
9443917
1110491
8069993
5344287
733359
3764411
8240297
124195643
2501029
4930563
9225013
9267841
2176433
6621407
7909811
4072769
4677711
6427203
2342283
7713931
9944571
5519983
626861
8972771
4363859
3868049
4214861
5580127
1913191
4937013
2240499
