4996953
5772233
5944077
2878287
8200739
167767
589563
2464921
1136161
2994571
28443
9803699
3624353
7268969
939579
6025663
2464267
902749
8306103
6533027
3655591
8089953
192779973
3605539
1110583
5988649
3722571
4338651
638843
4633253
3414859
7096259
3624219
3034513
70910423
2519509
4062361
3608841
347419
7950819
5802557
2480277
2007477
2826423
8631527
985343
6207387
7324597
396803
8845347
1755443
4494723
8650831
341723
6525799
4482693
9796253
1632203
5013627
6612797
4099411
2133653
5497291
68013
3839131
7894151
117581
8590739
2894581
8427953
9006279
9142801
3092993
7440293
4406463
1712309
7203707
7517903
36982557
7915457
950077
1569677
5595623
100352773
88644659
7617799
9994243
6240411
8178121
8139911
1061407
335961
6337501
6560119
4295249
2111131
118915473
8319583
7004279
44447
3432489
3079527
169549
5095073
3419159
8531823
3779863
2044827
584401
571397
8436713
8404879
5082861
316643
7739669
446003
5654387
9472211
6055693
406041
8619281
5842703
5483293
2407521
111696983
424467
1569609
6202407
2409409
9546539
7539707
6028963
7363483
2926029
6389367
32059527
4972931
2483713
8686171
4157137
2534993
2018857
6930963
7443743
3199823
5896707
766413
5535653
4333403
4545773
4709159
6311383
3646349
3876157
9396059
829
742349
6792921
7570019
3072643
3385013
3983759
6130271
8728909
1536153
3104297
3206947
9270319
2812071
995697
3589363
6848671
9813701
35641329
3883021
8588181
4352161
2554667
5802293
55617
8201199
3973469
4372083
7941507
3722499
3138149
3642923
3480349
8201821
4257457
1679397
2161939
8426601
3402987
7710803
1525653
5017057
3027417
5081
2361877
168469513
9604567
4809949
5246123
2325713
2389061
4556669
6407197
1423247
1319877
1613361
3726349
85847
1655763
194044993
3460009
6054617
165609
2420639
5065113
1320851
130049161
4469019
1198957
9485059
9697171
5123177
3040857
1745483
2536987
9252837
2712819
5345213
1808621
6581507
816311
3799211
6206697
7037767
6534561
81477
5021221
4333
8983857
9090723
7599449
8272533
1775599
2126671
9973903
3740967
6602709
6953069
6046713
1059399
5801413
1980359
8792867
9521617
6277857
6965167
4138639
920717
8740279
5594501
8059513
744961
2211419
2901989
7117723
5517061
6470949
4172589
694619
3649111
8637197
2924121
1313933
7009761
993407
9617179
9605617
8167963
2259761
3368567
2210721
8806889
297251
8102881
7437271
9146341
4386877
4114931
6295141
9862547
2783797
6451667
147102091
9447467
4205091
6943307
4491837
6784093
6824467
3849739
6723443
3473937
6360093
5875467
5718337
1308289
155504407
8343781
8031729
6171597
2531037
3695971
9344847
8272589
2039781
8819303
86079
6190289
980151
1350523
3963829
1625493
7943521
4109727
9218521
4823991
1293389
4171641
9531281
4357661
8095911
101812231
456537
9869953
1347091
6679403
3980321
3862113
1116347
6037981
1058283
6786187
8986621
6136813
4293369
168850407
7853679
6930597
5589791
8445279
9747409
5356481
7849873
1589023
1234487
9339061
5366289
2433043
1226709
86933041
1568321
4999321
7857569
1082303
5901181
3106977
3134217
849491
7678203
4166843
5485361
786083
6258143
3173233
9954233
6171053
6836623
707041
1604053
5409847
9630141
103291723
6342191
5217319
64222129
9687071
751313
9359857
9771129
1378723
8662443
8594263
6218587
1620027
6709759
6996901
824007
3762017
3196443
1673809
5815533
1179277
9274669
5104013
2356273
8498887
2761721
3248367
9845727
2014547
7533913
6377243
2718221
7970831
8587753
9875573
5792873
2124079
4992861
2089303
1765619
4338797
2814163
4659113
9642771
76094289
1419301
7942533
6200939
1673197
2823821
6321051
3056013
7031429
1479447
6355379
9095949
164552917
3942879
4495519
3828433
35589001
549763
3205427
995369
5527301
3526727
3781631
6380369
6057583
9593927
255847
946289
6502863
8332217
7452121
3103051
2841127
4317
4978363
3894181
8739457
6059589
6789643
1656079
7210981
3360293
8256507
2673083
4125117
3206973
8627483
6130539
6245859
6697589
8438979
6253519
3838231
5323093
5286849
8480373
9738607
8850779
4538339
4567971
360983
1339899
6971283
4711051
2843213
6087793
3127613
6293291
2740811
9506759
9627277
7725613
7768847
2002773
7143999
407223
668459
3670429
6026103
147696127
8308089
136543
6704889
5883767
5704079
6055727
3059303
6031743
1504411
4977799
1622413
1395347
9998759
898333
186763
4669107
1874873
9559071
9933657
6777869
3918077
7807947
6226831
4591397
3494269
8161471
8587171
2655129
6875797
3259099
5940983
2578929
157600339
1517803
70103531
5508373
5701209
271801
5599643
8979613
7392357
9422261
5939041
6649457
8397551
4125521
4755379
5738251
173317971
980831
2721749
5941901
8934533
8498621
9846781
732887
1957883
4236861
4055177
4992157
6593681
57840767
7471357
8702367
8915799
3606689
4614557
3371651
9772501
7279323
3604263
4990701
7343549
7364143
7941697
130111
5524077
6389129
9531981
493133
6333441
4393069
1079173
4900941
6943713
8218881
7257017
2728141
880081
3767529
9479261
4482309
6132309
6692931
3516351
1486217
6577771
5133447
2574479
4589727
1528013
4814661
9999719
8886689
4000893
1035653
7291491
6901423
104009
9649419
2410701
3794491
575797
5198729
7849461
6818637
5679807
9062957
194609117
6858903
4261701
4771083
783339
2437709
8103361
7605951
4405797
8393017
9301753
3317483
5386313
8727641
331001
2277201
6540699
3089203
5759723
2404069
8473153
4424297
4157533
1336847
789857
8938861
8152799
8904431
177993229
3835647
9111267
9487513
8939179
8101629
424579
7544871
2598803
158713
7754483
179730967
4412811
8903879
1693973
1251947
5759181
2264657
192591
9883801
6948161
3174087
8631351
169459
4223199
150249711
5578323
928711
6445273
1700501
1144477
348773
7558017
5551277
5620277
2374339
813943
9431573
2959027
3428227
9100681
163316349
7430941
1844347
913309
8569999
8324279
14719789
1354291
9096489
2918379
5323569
5329637
864067
7129281
6648213
6299327
8061783
1054093
1442837
7469227
2981791
7065029
8775199
932257
169729953
6585153
2551661
141601
5037807
9475093
8543827
4479787
294521
4504131
8259217
5915249
614201
6033139
5030049
3979623
70740583
824853
1650743
9513111
7562291
1576411
2466163
6077589
6316759
6028199
9658811
9892323
7899003
9089159
1180071
5773927
22769893
8644639
7443007
2956667
7261329
3824399
2714443
6605189
8244027
1289279
3867407
754933
4120049
9342457
141528069
3310313
6210247
4552649
4723017
1399387
1607679
4182023
5206197
7256249
96539
5489653
7430099
7104939
2347099
3410519
58085393
2629471
2047399
512529
572549
7358729
4169373
8575423
5364297
1416483
5953241
6719053
6103981
5286871
7070339
7053941
1240441
5506881
5989653
7274823
5439711
696283
6770411
9437147
1419323
5658361
2679561
8365417
4378521
129155411
3536323
