545257
5416377
9895651
4807213
9470779
4590229
5820593
153607361
6185711
4546333
5982581
43206553
7955911
8372117
5443251
5439563
1386773
8943161
1520017
2513277
7523093
1503843
2122187
9828543
546367
9754277
2630443
153226927
5569569
7409489
4556509
8344613
2492997
205917
7501081
1516079
5508401
8320173
4506387
2838253
5812637
3869843
9356231
8733669
2616971
3140337
7285687
3918451
7720779
1247097
1667839
9532879
4710341
5091719
1252857
980001
8482111
817983
2738893
7633567
7667751
4150017
8553383
1056467
9212087
504577
3834331
3255229
4534159
3388821
8226721
5974649
6870931
1252221
1594983
4811859
4036009
572603
9002447
2400361
7700713
4784027
9626171
8001181
5938081
2911629
1791699
6753223
875519
9249851
3166743
7810989
676357
9388203
9895751
3737409
7128779
1912703
3409309
2010963
5106321
3961391
3648739
7009557
6496473
1142329
3126321
7262661
9597909
2905433
3921341
4539273
7286887
1602963
5718787
9876419
9272923
7082489
8171817
3772337
8569179
7778893
8914679
7341921
8662979
9390029
5832197
3256637
1232263
382201
6072541
51003
1665441
1453271
56989533
9330117
4078239
4130083
306221
2528391
7410913
4403489
4396539
835869
2603751
5097891
9948323
9575017
6955881
7060131
6180271
9913507
2521933
8690707
3991539
3692363
5398529
149136707
65347211
4184683
4877251
7546487
7852313
1258727
1924933
7887647
514539
5278667
9147649
879297
5037833
140309
9562549
5913199
3005771
1009811
279563
1017161
6995823
4217203
7984879
585273
3833763
1654321
6848907
7440419
9817897
3901031
391299
6234487
3159881
7521131
3500429
9775801
3737921
4087397
4191969
5701877
4242263
661223
4727667
4815837
535907
1853803
4037493
8521337
8416703
4721937
9780383
4345497
3893977
7090649
7610467
7586873
1225797
6154889
3738019
8067973
3215561
8192107
264447
1243673
6554059
183203583
3056403
8367843
5720407
9540327
4630029
4312599
7908279
6302037
4717899
2840371
56841
5127953
7845163
4324571
5058467
2486051
8272947
8852953
1652601
7420181
8843729
4494343
9473439
198361
6010897
2330369
7997871
3325863
8927879
5725061
8414917
3417859
8315779
1126573
1743823
2555333
5665853
9518291
2728911
2984993
992791
149263
3166831
6289071
2953719
8964053
6128849
2525429
5582881
5309329
9224713
1737399
9705401
8455537
190040141
9476439
2463093
139822607
9129849
6255789
7649143
182196343
5730299
274363
4442721
59055233
8993627
962871
4996117
5900327
2484941
2887659
5208643
9212071
1081483
9420597
162632909
131467
2017809
9779189
1370797
8267309
9001993
4791427
8874587
2160429
9261387
9598699
1489639
645471
7886767
4854113
6191597
1833853
4578621
7632299
7384717
2608897
4577959
5254257
4275749
8528303
2555783
1472661
6198887
3156861
5254921
37429
7949413
546343
3144607
4578627
1429709
2012721
8121789
5374849
8190191
9894161
7919071
5270813
6328317
4571069
72931793
19535189
2756593
8832867
84134811
2581091
291503
3357807
225103
6468183
5503187
4740669
7184707
2049157
1333837
739867
6167491
2032129
6983867
6609543
831669
7857847
971571
3398509
2214839
4611059
9143751
1075401
4576903
8877061
449323
7926511
131460121
5988497
6127847
8425001
1547127
5603469
3432397
8021267
3231247
4659217
6913659
5576801
712797
2111887
9637699
8275237
5474351
4718417
6615399
201261
7303993
4486229
8834291
9732311
9167353
8922403
3165143
828427
7254939
2113661
212729
9331857
6031597
1256857
851537
2753103
6492639
9284141
8999263
5898773
3133557
4179927
4381707
5601889
6442523
3733601
4307093
7446253
8195773
9859643
5832901
8481079
4123543
1322777
1158857
3496627
3136227
6742079
5720243
4987593
7681549
5020369
2118181
4722833
9981589
3279537
6702859
6321549
3889521
4525117
8187357
415353
9470249
8565799
3155547
9081239
4727553
1581231
7481759
9253027
1923199
7959037
6737287
1249911
1372607
9122749
371473
2044859
800147
6504601
4193597
9968953
1112931
7259249
2606527
8920203
8378131
3439911
444767
4345283
7818567
4581
146805297
6590699
768229
3367679
3251631
7755441
640953
9384611
3485691
5545461
1889829
9235189
1311857
7682167
6381513
2568109
4546127
6721281
3542749
8104809
5708349
78527283
7760331
4870237
7292693
6392923
1915723
1397871
5275643
6748991
1786783
353063
4504507
9890129
3331293
167247547
5987871
2378489
144515547
6359339
699009
7134077
9745037
4391401
9212507
40251103
8033121
1491361
8968719
3265283
3151943
2544417
2570647
4027963
513537
8063527
8990289
1063569
3635839
3215689
9059053
3872449
6644359
2276273
2996879
3921953
6119107
6107029
8194167
2624401
9269187
26642863
9168939
1822319
5673013
1541259
8460797
7286223
604463
1027791
5874369
149141
4714877
3960217
3172159
8946727
5881381
6335371
8093041
7600271
6696961
76229
7756647
4299453
5851331
8745273
983851
9076559
3918847
9793939
4615729
151061
2911359
44719
9679613
8719737
9194747
3524717
6192017
1011067
2770937
4713361
5688333
178711203
9305391
4427819
88431799
5191199
763553
9195517
4523003
5958607
6963077
3994561
87219
8307749
1279713
1924317
170471099
6786287
1763817
7859499
6255459
9644207
3791977
1002401
1145549
3319611
701417
3624451
7048429
7225871
41876413
3046877
8908497
9776837
5425983
9772047
323307
4704271
5724019
8350357
2583131
7238091
72630017
284853
9188907
6549547
3165703
55113
4939229
9569031
8374339
1882037
6613183
9782831
1488503
8939851
552367
20408441
9554333
6040951
1760683
3634703
8820239
8612061
3008653
5129113
1163811
1531027
3318431
2010731
7350533
976683
5209763
6495193
2551789
2875159
9971129
272891
5059279
2057967
9810093
689959
2808503
7160409
1793811
6468263
6685837
3952967
109659503
3443629
1107459
1264559
3175679
5062417
9643727
1610677
3789309
1264569
6805491
6629929
83897681
9867011
7021553
4260543
1371931
314437
3322517
6818111
3010009
6141879
9577041
164158827
171416301
8360561
161488327
659067
4746667
7421199
8380349
2391171
7902843
7322939
4463349
6181681
1910171
7206953
5414379
1284147
4166587
2846343
190907261
1884619
4888319
3894281
75722797
16102831
684169
6708509
2202777
78902159
8402801
1904199
6625231
5196653
699203
9348083
238521
2708797
6317533
8163313
144064977
9457043
5743267
7378417
794169
827589
5254741
9376317
4770497
3398623
8453951
4284111
1507771
243721
5921621
6575321
1086187
183579
6095811
147831
6926211
8083009
4780847
5023063
7359543
9004973
2128281
7845841
3669553
3442031
6221857
5710119
8674747
1448191
7887533
