4765101
35664569
7512977
131599417
5405819
2517441
5588077
9085149
8569993
3629789
9434873
1318739
6848479
7613927
15655321
9216369
4405891
8541917
3489089
1859583
2137673
4626897
5639973
3988933
385121
873523
3293121
6392343
137066583
1709803
2627073
605373
4633567
486659
3825883
4543703
191833
4834019
2490477
8059969
2124553
7690061
4268511
4514961
4061543
8009661
3238721
9053461
3549247
9812077
9996813
1370809
7357267
8324493
9179909
9871199
6329589
5350533
8016419
1801951
2687871
3964661
6140037
3980337
4419767
5001913
8897833
436911
18481151
9639247
8437989
6756797
1182239
7077541
5602991
3186207
2365677
3112563
7793971
5621613
9291909
3543821
1956627
3173083
1640771
325553
6633657
2038441
2497369
5562843
3211303
8936413
7775687
3387719
6701879
2583711
5426397
6975853
6451163
724187
8928577
9981881
5543023
3327207
861321
9141701
8434951
7148673
6953321
8894969
8488733
92900843
2375733
4886117
7721837
5047979
9321681
4886347
9784379
5412559
8385749
7348371
2524963
4481443
2895917
5240609
9870011
180593
9045583
3734133
2893677
7399923
696297
2613593
8908511
4696771
4710419
4147697
513233
2009621
3359107
185109511
5211927
6040061
271049
5576413
2629763
8434403
6574001
2310871
3674691
3376559
4852551
9517981
8821969
3038201
1992081
9698283
8017123
4568183
2128797
8628311
2930091
4648491
4081149
9836039
190061
5169853
4544167
9618611
3195211
8296737
15061
476809
6041419
2563169
6837873
30171947
1667411
9770107
2409959
7483857
8825411
176559417
491673
8903411
6584251
6810249
100898291
3907271
8883619
1936323
507379
9518421
3212781
5192379
4756127
3176557
9200213
9728359
1190033
3422079
6595331
2617383
14636821
1360661
3710241
6540069
7938817
5380967
5621893
3141831
7667323
3245697
35335073
6702281
78915933
6770593
8725989
1076163
5399483
8692197
6904853
2580027
1800283
7436243
797199
4459409
6980927
5984697
2745477
8886683
2031071
8238863
4922797
1015997
4910457
9122867
1091919
8783441
1867323
6459367
6011981
6274111
8722313
9904227
5702037
116517319
2058889
6963319
8322437
995989
9661759
791701
5790511
8375681
5776589
160531437
6822407
3195889
2821041
4077623
35722047
8849733
5883263
3568191
7454921
6397297
467093
1865051
7513121
4425149
9017819
6653149
6564381
6743849
5390921
6859551
1312327
2542831
8204903
5169487
6485077
3074119
2828437
458129
9164763
9302443
1866963
1525817
392099
9831681
8396023
9422903
6489679
6558593
2725501
6138861
4290877
1688847
4628401
6688649
1885079
4413807
5922479
5896021
3570601
5422367
9290083
5797511
890071
7056227
58581
9760823
8045961
1747063
4667799
537371
8936033
7138539
4085159
4593269
5580001
1289191
9907523
6212559
9183907
7577649
6540417
330369
5002927
2155563
9939243
4135523
4424681
708593
9860293
5228501
8038093
1828259
544781
5280991
6345477
1182391
9789923
1888539
5134181
7689659
8135027
5865481
3935839
9475581
135141
7907597
4396279
7311289
3085999
2041451
1863437
5632379
580583
79203
2137221
8473813
118276747
2523361
8853193
4490437
3573581
3593487
19027
9329851
1146137
7780097
1681303
8858689
7157209
8760519
5390711
1276359
4342267
9615689
3230331
9714989
3506109
3484431
8049207
5321319
4560873
188161
3241291
668897
9371933
2371707
6101653
7384571
2550839
6355309
5801731
3512231
9064381
7268013
4430289
4793997
1778041
1205363
2678973
9044929
3178177
138987
7424187
4992521
7448337
5862211
6798679
7185791
2791931
8864957
1616067
5483197
697269
8099849
3709767
2779093
5610859
847167
9080173
2848569
9851489
3298301
5228039
3009767
7040293
7951403
979651
2271329
1538439
1507181
581197
4420617
9337003
3490507
1199897
9346981
1697663
158799339
7698343
4304889
6254973
9263557
7473301
6681103
5638717
6389771
7454869
4868717
8130667
9199073
476327
6463729
957327
1535291
9040799
3164653
3216077
4532191
9729731
5284497
5891213
2836599
1752719
7761407
1358861
2028731
3740671
4070991
9792373
5657127
2101057
6666513
7024061
4119087
1042711
7681279
5879969
8289673
2143167
9364069
5173137
2504217
9127251
4553617
6219673
7794433
6490597
834391
1186507
5254451
8966651
4789067
9071401
1119619
80274583
9178229
3855679
7197001
3491197
2548583
5452613
2814399
8584727
8060651
931541
3892907
4516609
4863791
7955237
7958581
1733957
116353
5934579
1834719
3809239
9666293
2381871
61971199
1727839
4724447
2623643
7398563
2164241
6769001
8141881
2808501
3642769
9294759
8223389
5819061
918957
9706757
1710337
3991453
6277557
129531499
7103827
5314083
2814747
2041227
6972929
5643089
7660611
2108587
6170419
7010679
2598117
9638109
4001159
5951027
3706927
8485959
5070959
7840659
7553139
6355707
958737
3276759
18578167
199793039
8343081
6255699
3774919
2528377
7305029
7904783
9562259
2586833
1179487
4115507
8158651
102613133
6194581
6598407
8214369
9494581
6950799
330373
1247179
6952711
9249789
5843233
2647857
8163653
2974423
6966497
6907997
5292049
4966481
597359
2207157
178913943
4873079
2131083
55786869
1112361
3208711
3752401
2145183
2165339
2136317
1509113
1550657
767653
7794621
9804117
719359
3374413
1066449
1096243
9321599
2741617
2977801
5894611
7236129
1810129
2987847
5308557
1441603
462949
6974433
321161
1158011
6207599
4036869
5730937
6837493
3575901
8625821
7904061
5889729
9771529
7300447
550337
5732793
8429481
6864653
9212869
6901587
4369833
976277
8042651
9369257
2144003
8693561
170361
2047743
1540889
4384747
16266791
2513759
2271533
2112301
3639763
7581337
2035521
9549887
555949
79802169
4938473
9244131
5952591
5242487
3725007
6311729
4400151
1719643
9654509
1234227
5433631
4029241
9966453
5950921
8856821
9938769
6243637
7635289
5135157
3807343
196418407
8453697
8035947
2784513
560161
7427141
5964519
8802309
1851919
407417
8382009
1611881
1124107
2106053
4882277
4019581
329193
6605237
4438041
3313231
7909203
7774243
5613129
8604181
5374191
8796527
4904337
7440159
9138447
3276383
7212993
50416433
177895157
2362801
1545023
227637
375239
1285143
7551311
6087493
4021989
4916383
2579283
4094853
8142847
5875441
8227207
7930847
6219971
8982053
2666329
7584427
4657363
6952347
4153977
8600067
82573517
4139593
2315351
759017
99874863
2168483
1775561
1740567
7358887
7157513
7277343
5197947
3687809
9825273
9386609
3986847
8042929
6911543
4309167
6658203
2515879
3910001
7868777
4944153
6205253
8943459
4638801
8922173
7133561
472937
4865669
3123667
6602003
5086219
3590443
1330823
4534237
7606331
3583279
94689613
4481669
6631191
4414523
5396747
2094541
4118049
5675179
6462397
4372023
3154107
8974939
746439
1993727
690479
4540741
6161703
2636343
4745323
1382321
9225051
5401511
7664917
4658811
1230149
9820029
123435601
8244731
516847
172763
2262389
4968917
16035613
6368829
8492077
2075203
6892641
2662133
4431911
6282039
5023959
2949263
510033
9816741
9115397
5351531
9669929
2878747
8184693
144888667
322651
1422013
5757031
2452561
8047227
