198581963
1952637
1300049
4714323
9577213
2861857
8004301
2609867
7058769
9487579
4004319
9041703
5411039
773337
9789999
7928203
9676517
2721983
5282917
6971743
5585699
7081711
97443
5858197
214273
5855893
66271129
2261071
3006021
2542659
1331217
2135133
5968837
1087801
9260607
5261737
9234127
5173303
5199317
9943489
8408663
6937747
7449153
8418581
616139
1964169
8397343
710167
8441391
2376127
3725753
5751897
6175749
153530711
5249127
8932407
296759
3619667
3318751
644747
623221
2738259
3804053
125883
6669287
4101569
333213
6452191
4168911
2510947
6740297
5279191
7018709
3324573
5150641
7415947
6075971
7438589
4265567
2721547
21734043
7636827
7542431
2304277
162549599
8827057
148299861
6010447
7158769
2809799
9957061
7067081
6896917
9648523
524097
9513139
1400647
3253661
7746997
2653471
6004201
7724189
1384287
5329633
7317823
1037001
107123
2489363
2798749
9879617
3497517
7946387
8518307
3777097
6167441
4744417
9427613
8590069
5329011
2337763
8541713
7220109
101471851
5084867
6126601
4784597
3382059
2155119
4531121
4271517
4843851
7232977
5802449
8775739
8688279
8231323
895941
1024461
4821119
2260223
163683
3596969
6023359
4126011
9149357
9361811
8014921
2807589
6671433
3310997
1675983
6295091
1658119
1675473
568201
4449561
9650921
8918891
307089
4492291
2670161
4752507
3105127
6067139
8163013
7575449
9214937
6905061
2255107
7751997
6621431
2266909
7776823
9763959
60921637
4888283
2783257
9919349
8860181
2417133
112039719
3413349
5491241
4391371
101628971
6783051
8793613
9127807
8554999
6131969
2674407
3478481
6684349
8265979
8325201
2815901
5163839
4708633
1584651
89751
3391617
5322353
172885101
6766863
3795631
7933507
176715831
7713417
2873723
7359613
4435379
9138303
7803847
5621867
8475063
3913211
4480591
4888677
74597887
154034293
93584547
4518961
166860569
266873
7848991
7414293
9400329
62073
1268569
7492723
75510033
7712649
3631199
6329547
636207
350489
90189349
1482543
1007899
3413761
1285737
8374781
802257
5699797
174149
9427199
3515149
3966137
406331
604817
9496089
24275201
7723731
4766603
1691159
3890501
2536491
4774709
1798259
4447503
5357611
4763443
3440089
237443
3012997
5716009
5255581
7834101
2874981
2022057
2294287
7155933
6745309
1829333
1433269
346509
1689377
3033687
3992821
1485589
6578771
9907979
2700201
6711761
5983803
7148181
9706893
6791149
2705361
4200767
428807
1083427
5955083
8520109
5693753
770091
166053759
7288059
1307521
1834501
4721647
6428713
1126257
6556751
172756731
2615853
9179539
4374003
5411277
9491793
609721
5749281
4236123
7123691
1164659
3453951
8528879
5899439
3839067
60158193
6540909
6657949
3349233
7107271
4681361
3012101
2103133
3595647
6874519
658053
1990389
7560363
7156939
5109101
7051039
6330267
5302599
4794673
1956433
908781
2388637
6265701
4654297
4386603
8433367
5951041
691501
9018827
5155421
5505939
5236937
728267
3280587
8076033
7198057
8766837
5332591
9920559
4161667
1308929
2075043
2028891
4906001
2470967
9406727
912619
6863409
1467651
255167
7488263
1923631
3850713
8476711
6418343
5648013
8295421
401463
6852429
1197497
8266481
9706901
243897
6875863
81706913
1552171
3891401
9387623
1881527
5003521
1400513
9548681
2336921
7846607
9121661
5247419
1930993
64946289
6040863
5263967
5388063
5770459
8478187
789951
386783
3150023
6152959
7590841
2128927
73526483
69101
4672137
7250887
5957169
8231117
2633369
8634939
6408349
3377123
3672387
1176837
3860971
8146693
7745083
4120093
5113727
9603477
3148929
9078567
655669
198517989
7507239
700431
409601
3436989
9082333
9728807
9110247
7825471
8839779
3959407
8468979
4902401
7676233
2792821
4504991
9810687
404623
129300199
5973691
3683159
9895073
3630601
4908657
121830703
8182913
7485481
5313453
6232121
425513
2714029
9671797
28149
5721871
6344311
88709
1825189
1294171
5222493
7571827
2005133
116777363
1900131
5797719
9779241
1030117
9625463
7582579
5963327
4233359
498301
937853
7270749
8946567
6488843
1686329
6007569
4929471
1817327
1744099
68152611
3354969
5453041
7649651
2648589
186117
6061903
4655723
1632117
8389797
9536931
1483717
86480703
2254693
3845317
2974461
96793651
9488559
7971539
9079283
3442459
9765563
9126743
167603037
4469083
6274933
1084517
7192337
3687567
7435373
670017
9324949
6512997
4116291
6040477
211257
7287289
4510971
1379759
8207769
2066921
4202711
6242637
5973933
4034597
7374469
8464039
7941617
2095929
3251691
8185969
8894003
8852861
858623
5209239
7136921
2193591
5396859
122622797
4351883
6919579
1816703
147274693
4617781
1092591
2539761
183361991
1429171
2149879
4871751
2252509
1633217
3273143
1118029
9735831
9553357
2266289
140209903
7052177
3863417
2626147
2633579
2906759
6290777
9528011
5593823
9968087
4710277
7385793
1908653
3603323
728717
3760629
1626293
5353051
5171103
16951687
9906849
8640039
492533
8731563
9912859
2992987
5327103
5819537
8947369
5876911
8267229
5023139
1166183
3644727
4760139
4974911
8780679
4721097
2944687
6344261
6141107
995061
6318323
2461903
1705111
6752557
3042621
1148803
7221953
1756427
1650773
5934211
8417021
2655779
6353577
2086979
3871251
188173
3874817
5975759
5703921
4611611
3321513
6253787
2041773
8384317
5360759
9632151
2904481
2901523
8336681
9656137
4348173
3664273
2329667
9645971
4929163
4954231
5610203
9750789
3950997
22274671
6278827
5178177
2319777
7913719
6657611
9436249
117027947
3327763
7595943
4568791
676123
4291901
7392987
4353659
4136903
6152009
6369439
482783
5110049
1607577
7108909
7452081
786643
1095749
1138867
7036939
69532469
5211677
176517
5361117
6669621
29017619
8107831
238163
4724747
3022797
2783283
4757607
137169179
3150339
4736977
2144277
4454637
2706247
96618449
5938573
6512113
3409123
80782861
18173
7708293
3701383
9595059
6086001
999863
2624671
9510919
2791533
1654969
6381043
3759497
825773
2195477
3494967
3991443
6318461
8949597
6781153
6158227
1577663
6997831
5422401
9571539
4130443
4010587
2221217
6435039
9669257
1820853
9586281
8530307
2639807
378479
5343389
3827677
4716079
3207617
1030297
1180189
1498787
3793541
33567
732303
5704981
9114187
3029559
970013
9811593
3342649
7062437
8898247
4788053
7895981
2156221
6256943
3075787
1934939
5294187
9772867
991933
5362513
3056747
2651523
3437703
8570599
3848987
9042179
6885049
6067093
1694409
5773121
5047583
8352381
4645767
116831
8911671
7005981
817497
3006653
6272187
8303047
3529373
6464003
7654893
2102353
730967
4856753
4620581
397831
9925753
6780457
4871873
9528591
153511697
3419501
7019967
6411251
6316027
3881473
9646081
7315553
3796829
8976601
1704953
6680169
5493437
5202591
5170279
41724091
9110053
8373071
