9690633
784281
905323
1028009
6683113
8839461
6169093
1280787
5773211
593823
6700927
5647067
4499989
4072759
9484037
1450907
880767
1770807
8651619
3680841
9087341
6822949
2380151
984361
8707221
8168821
2149527
8800809
9496831
2843433
2044009
8384209
3239889
8225193
5553303
7554683
6675953
3012061
4958157
7447049
813119
8196307
1837543
5938033
118699959
3107139
21765849
2242267
3917373
6931409
4571793
3446613
168535417
8273031
3835427
117879
1652759
5810233
1479637
8659449
910763
4696193
4689673
11020941
7194869
7132309
7018433
7586823
7093007
68456989
9812267
9503749
3761927
4188737
2900783
3629659
973273
9546857
2177491
9168159
48839
2049867
5243301
171781
389151
697759
7803139
6362207
4976293
5748411
8279629
1028651
8064491
1664307
9767829
6082147
3066741
3649009
2898789
5550499
6853521
7823219
5221909
3866787
2692911
7606567
1843997
2546767
7748441
3570429
2364799
3927351
7895587
754667
2715791
7914773
8290553
7128707
9055883
7107923
2993091
4968799
9987291
5316309
3816571
4039891
197329759
4838723
4481599
3129801
9403589
3458547
4740861
6881841
836133
7064271
2863361
4891531
9947073
6260141
2765301
8905289
5436661
6260259
1975657
2275397
2013367
582539
4239033
1002609
3109823
6353087
9107291
6223821
1474753
6886817
2319139
5703623
7622429
6627901
8875337
5216887
7594557
4028367
8223261
4670127
7824577
4275837
5304551
3561089
1207331
8945671
6581551
1053117
9377833
9235373
4638697
794343
8179269
5420417
6671443
4334341
6547943
5763847
8123311
4138421
4942909
5159597
7201853
3963179
2204409
1955347
3567561
8871189
7331907
6662383
9233603
8932077
9479947
4259107
4686441
3443523
2020193
542977
1264419
7474063
7117243
7748909
1053641
2039583
123741
5315099
9370257
6233977
2522867
522007
2011049
8777243
932639
8246163
3499139
8080697
8817657
8817783
8034829
4260873
9855417
5307421
4002577
8195031
3558999
7872431
1773533
7609707
1968087
9885609
7474463
4010647
1968629
9991031
1350949
824427
6704883
7959471
3834667
8032443
5258451
9843169
5988699
7565379
70968883
6204621
3768863
4973791
908881
6484703
5233039
299087
82827
3396979
7597743
1556997
1313851
7640143
8730379
3012657
3389201
818501
8545747
6830431
144759583
9746713
65721
7513421
5940607
7356589
161288571
193996089
6082251
8020567
813399
5730709
7913819
5067693
9138911
148857553
8399799
2139703
1671301
1528589
1315847
2411809
3371029
3485423
9699279
8606867
5810853
7126321
641899
9750047
4264981
4171561
7971183
7126699
9538131
2974147
1746253
4945599
5411873
3767141
8560911
2971769
7379889
6129773
8512329
8906633
7617223
1514639
5668879
788701
7452457
9986599
6408753
7512569
6360647
5095803
6981979
7102267
7311001
4940797
4229109
2125389
2659397
9613449
1675793
4864243
4377517
4071619
3177851
3738389
8133599
8477339
8884743
8538367
6705559
3810403
8484857
589733
2184131
6739527
2082669
9361683
7236609
3516527
4084741
4784757
7054243
3416267
4459167
4586789
9839399
6347659
3794857
8529993
6477783
1742349
5612271
3875673
8589929
8775429
2049967
9241831
4952289
95290041
3737533
2587299
1558487
8203077
892381
102620597
2452651
4447401
8706703
4623011
1417613
8323339
2857973
7411419
6055697
2507889
3767681
3545407
8601451
8341131
406161
3469673
9103227
2176129
4256833
5873341
4019097
9282507
9697087
906003
6221247
122186401
9355241
6345567
7156317
8345843
4574849
1707167
8467353
9768237
1571747
8229243
9075151
9460717
737629
9042177
758277
3158837
7940431
8199533
3493131
4895727
3511069
6537369
1344661
1125043
4284179
646563
8076669
1171007
8101267
6126653
7102557
4018651
7428839
5175501
7611347
8259791
3774323
7543537
5005663
7691853
9254227
9811613
171046793
1290157
4408091
6408221
5737927
7279089
8305329
4282619
8519449
3282793
4722101
1385939
305727
4719809
6495331
8948693
1400233
7418247
9753079
4165977
8103463
9113667
9378271
2495357
2225741
9558911
547689
4709909
1648723
5681469
3623691
8369341
8167291
3538241
2115277
6413703
8431153
138021059
5226671
4265467
1637183
8575263
1246413
1339643
6458423
1774303
6396493
4212061
8312873
3577877
9216763
2019837
156208203
3051829
6463633
3113901
5465061
4575639
6590891
112293
8017171
457423
9728987
2991021
3079787
4034937
7327181
3621871
335633
4377683
855191
4775013
4653911
1217607
1552167
1048279
6156519
8104941
2452001
7649081
7477169
3789443
6482997
5082349
6626007
5901369
2129429
3026663
8399363
118120863
5018719
7463759
2917679
9494483
1352087
1603943
7281323
1423073
1146771
4248919
2242571
2756167
5601049
8393619
160428059
8324887
8659943
8040601
3217717
6315287
8511873
6727361
9020393
5397659
3040633
9518291
4093667
7692213
3122691
94941
4158231
4820247
7534327
23895919
3257201
9551743
538171
4276799
7994803
1347313
3418167
54234391
6879679
409407
1915269
8173863
8854301
4644853
1192829
4252501
4700141
2989649
14377
2121311
8572451
5007737
7043919
4741279
7378257
4493401
9365193
200101
1464193
1847349
2148437
9269721
8209049
6138679
6454557
3202099
9310241
8474661
2980927
8209753
1608749
1056793
7327351
7637079
5546983
9231201
5117783
5866621
6971443
6577077
5650431
6881771
5223073
5119111
9131491
3917253
9819179
7352057
7602427
2505619
8058323
7242171
3331173
8700457
5634653
3417289
2489557
4093777
34123869
755179
932707
5514319
1443719
9491621
7141999
135563441
3465259
948159
7941621
3021759
5727833
125838251
1615829
2444047
3535473
3881569
4723907
7899769
2871851
5042781
3961623
8285147
257167
8365801
7063433
839831
1097653
9493963
3404133
8221207
4305023
8332059
7833973
6061319
4690719
2811703
2926369
3857681
9745193
2825837
4371481
113656969
8639061
511369
9206431
2660983
4981529
6942351
2909783
3827007
9731049
2057779
2659349
2121087
5145879
5118131
9816317
7491087
6422107
100545973
7077023
1942831
8353441
4454201
6326393
4860113
8780579
8935459
1781151
5642827
5184773
8815869
8469951
640199
9795703
178818957
1078637
1759087
9876587
1806907
5052459
357947
2377459
5196397
1384359
5673869
8375201
8185061
2715473
7084053
8588949
3765467
7643181
8327543
19819367
3414583
9390349
5745593
2709189
8895897
230109
5011317
4162301
5882541
8838923
7303267
9327429
9373933
8885493
6306059
8496151
300739
1369129
164385229
141648463
5179937
2179687
2629467
4489773
399927
8524607
9019073
7112967
9604403
7693739
7482321
149271
6814847
1495339
4758377
2524351
9961397
7928123
7043913
3197661
4106903
6140661
19956097
8176833
2315003
6637857
5357569
2126713
7261297
9661177
4348509
4187213
9129333
7279651
1604937
2787151
5720283
824501
6940839
6666353
