341601
2244741
2269853
6354311
9215053
1107007
5517609
5083911
8303317
6313637
8008467
949329
114711589
4657641
7420639
3162777
6105069
8426233
6207067
9379863
2205451
7679289
9562419
3428497
5584991
558377
1743137
5857757
1412019
5926649
6129171
4088601
5065271
8380847
838329
5464711
5198921
8900453
84934653
5768163
1138553
3598247
226377
864367
9946929
2849501
3201749
5919189
1374267
8531737
164674993
6526883
5624699
1556257
6056131
4645271
1533587
1482327
6899013
8005549
5417751
6111201
2725251
3822209
5247597
2602919
1004357
2612761
6564943
1331671
4277589
7766367
8063191
662263
1450243
2768163
5484899
9831163
9025347
3212371
322193
1761639
4371361
748573
5953791
101685719
5143693
7781311
5855169
5822571
8967951
6953853
6557393
4654539
3336741
4771693
3500673
1808951
223899
2652699
5345041
7800731
5960497
4575049
2502639
8556763
3345643
4452629
9352981
2212273
7683619
9672317
9310223
7538933
6277703
8084307
8006343
409319
5551637
1429189
8700429
7179509
3176771
8934533
5889037
148035043
4773839
5633669
173359
6853921
705741
4051837
2710563
3320707
6934359
7259871
6062653
4303139
6839467
4863233
3884327
117473997
1855697
2503713
98755593
9290081
8392037
8085999
2427363
7653883
5305017
8614591
4999087
8969633
575851
8515443
5287709
5192321
4969197
2713207
8660591
6793601
4925401
7882143
950601
774649
138412113
9795107
1459183
8600271
7671217
6101601
7010521
2188761
7261763
156410323
5370521
7179723
3995861
9788543
1046493
4543233
936141
7396667
2259671
6855029
770547
3019209
868801
1682577
8172849
2938147
185383169
6175409
4000123
1799599
5028933
222659
6127013
3192939
3410709
3018241
4253067
4173391
6014031
3274759
9761573
9183377
5695371
8332657
5251947
3191593
616057
44103
4510287
8807527
1691039
190010861
7275439
6801
867683
3266611
1524903
1502921
5664841
1932777
5476791
9223303
2238733
6403989
1513097
3728089
8481987
5386903
9727983
515149
8703399
7762317
2576343
2906793
3917641
53427
2901873
2118911
114268869
7879231
4874943
8979941
5344791
8289797
5524787
4060863
5964593
698719
5298379
5053817
2951491
9775037
4754211
8921803
8527231
2761093
8212011
8354429
235091
6627527
5820831
6478273
4447749
4451349
718623
414861
5113009
4368679
3199593
346823
116632237
3008257
3323947
4046499
6694111
8430779
5411963
9566893
5818777
4429659
3139647
4858847
7989901
4283109
1696767
3458569
333981
70113393
1988653
6537143
5777113
4628067
4953251
4485117
7453441
6470877
4140157
7318103
2621699
7081511
5286277
9104151
21639949
5964299
8717393
8276587
8908177
5836119
5684581
182680421
107169
7770013
442043
3041399
105373
7496331
1878459
9229129
5415879
4942041
4729987
1152269
7176527
6710169
3519163
5377017
8950991
85793123
5909857
7743877
8164981
607913
2610487
8065901
3950921
3543899
8631711
1902539
158473243
1292007
3725471
2888509
8990523
793843
5929159
8068931
9696771
1347007
8614461
1063881
8260247
460563
5651661
139793863
9166009
3473597
4688419
4320161
8919083
7146631
9173381
5551469
114487
9209569
787429
3857299
8388561
4021149
8321759
9123833
3827089
667507
4053131
3104817
3560427
5017329
665311
9602371
9506611
1355253
8404491
3077919
741991
123293651
6764907
7992029
2346621
8200121
4291699
3305453
7358503
5861513
4827171
1495757
923653
5567127
4423089
2350903
8017329
73497471
187611
3502843
4611831
3715811
3758843
4863751
4059443
6883923
9824657
2232019
3460471
2060763
5221183
4279361
164025917
4909839
9967769
7751997
4714911
7848789
6516777
9650639
3649799
5791549
49721279
1720557
4384473
8647601
2649379
5923983
1379267
7135273
105553727
8903499
7334129
885891
5569769
5544163
9304853
3044847
7946079
1836401
9110447
4272511
5937323
5004187
48005941
9178469
3171901
8206269
7615751
3119041
5830013
2322839
9647899
3991079
9604123
1152897
8320141
6395649
3303741
6475479
3999439
1859441
9224579
4369301
4372333
3185007
4229953
5262061
666219
4152911
2562373
5557499
107869193
8477441
4147843
74490737
550639
7694329
8126407
8787583
2902627
9218431
5938761
8743457
4108133
1349957
7980783
6886321
6302417
9959003
8824769
2654307
7776693
7409777
4120971
42849
3964047
9046101
9073783
1929237
6458793
9346339
9997739
7409147
2041199
8706871
7948443
7222901
1950283
8016587
7154547
8989933
8726419
3432483
9224653
2207623
9202677
146008561
7970227
3509939
5553139
7722293
5949823
831861
5283083
9201947
3685291
9760619
4533283
6428939
223749
1046847
5407101
144374853
8062271
6620723
6913251
2516689
253097
9148293
7772899
3524193
3111947
1789151
6302799
3913489
9121273
7807407
3093053
8293947
1846079
2398033
9534393
6222221
9429631
4177979
6002663
4958997
4019381
5938589
2172099
6250313
9239909
2821251
4903587
6277807
564831
4990559
6376019
6461609
7494247
9542809
4998463
6651803
8633033
3584181
3998729
8133071
1200757
1516109
9866903
586783
2835859
5651207
1104679
3542767
7058873
5335879
1475961
1868001
8448617
5961533
5819771
1767577
309229
4239101
860263
2385299
161600173
8166263
3807403
194189813
7210813
7437217
8528071
6939447
2983243
7873691
211993
2118797
7926459
8056777
8944513
7547733
4021863
1856133
1578071
4297231
2258723
45472151
6898879
4763251
3440473
2296561
1348709
5916761
3089967
2093189
6697777
8247563
9311329
2788593
3328749
7206611
1310389
3032713
4060463
9164921
6779673
2632879
595951
5813169
589751
7123341
9449971
9850793
8626821
3989399
5222759
642537
4289683
8096037
2776491
5929593
5618291
8377131
3140437
4816211
4987499
12393
9901443
229003
2246353
8236313
9474401
7515081
620127
5272209
7631101
9557213
1333751
9712121
8958249
4532711
4693823
643123
6038067
1525467
8213043
9975799
6310377
8403211
150448997
4732049
18369023
4796139
1906883
9540849
4098971
5436969
5769529
6636361
9674211
6385979
9110901
179443481
7149159
665863
9746143
3984909
1492691
8906181
4560443
4473869
24789527
5289863
7934657
9361761
6590789
4177853
6575671
6328679
1337093
8325681
4383583
8961853
3063291
1267357
8054993
5209733
9387739
105483371
5002263
1152021
8745823
4748497
8709193
3610639
4046121
5518637
8664753
6340521
3561703
2687981
925661
1651813
4667153
9977759
6806353
1569491
6946733
8738109
8828849
7695119
3696371
2438289
1652801
2481783
558591
7746169
2420069
1107127
639367
4942161
2524717
767393
6786531
172262183
714849
3714497
2124559
6515149
7732077
9212307
6375213
3653137
5135871
1558769
3146077
4405783
4267639
5716251
2327767
102904243
488781
1491001
8918417
3084399
5999781
3236881
845641
146950599
4391407
6229793
6191047
