8524837
7980797
8967241
2620883
142528119
8200881
454037
3930663
3865963
4884483
4580233
470747
3935029
1565907
9329113
8903897
3239641
2760137
1731269
7768003
2521757
4930543
5102867
8285457
1156467
8632811
3240323
9595617
4071311
8265481
6300909
135883
1376777
1643747
7447979
317283
9434733
9415741
5944847
705819
3787441
7402063
823689
5011863
6898713
2143453
1817897
3513119
3329469
9984999
4074041
5038593
2675981
9800363
2734719
1983617
234689
129727
8001833
54931
4499301
3369947
1514237
9222367
135895323
3262199
9920923
3518389
222481
171911029
7671523
9779497
580539
8400453
4046421
9431237
2477299
4777733
98679
7247271
2473573
5507617
53839859
1785427
8728073
559
2138749
6346703
1390373
7375029
8415951
6815839
2993047
5034661
6331079
3442241
8240573
9028997
4725751
2122601
9708797
5517711
3623039
4345159
2105741
6041809
2933193
93756221
8787123
5820183
5561329
351297
5115779
2291909
54449823
9009919
5857043
456851
7968719
7558701
6575479
168655003
8365227
4038503
2759269
115703839
6344141
5747579
4130037
9482659
180741553
8547687
9635931
5118833
5790019
9505293
3309053
4779149
2065951
2305211
5561139
2218593
919411
2612869
1946919
1259887
3943289
5985531
542947
5192667
5557517
3317121
7659459
8378849
7646873
1193383
2421207
6803371
960953
3608751
5838881
1452017
1398767
4800581
1430141
8394909
2764723
1569071
2012777
1102157
145523
5903781
6494793
8732001
3737463
1112967
6580977
3655347
1947579
3181813
8087591
9952767
9205957
23051957
5204801
6020361
692191
4156641
9158011
8534497
4160691
1740893
2208153
9300449
504357
4789701
9001039
162541
4715671
7918391
1740049
7791409
6553797
6252113
2566203
75283559
4828009
116225377
1918009
4200917
8266343
1476829
4648927
3211021
7592497
5912943
6090581
5403969
4771191
2019417
5729657
5000709
126677429
2844091
701503
8631631
3604239
3079157
147526641
2526481
51837
19884833
1303773
6673447
4687679
8113453
123777833
8947621
166237131
5905019
2500409
6614337
3445329
3801703
511199
126823683
3365301
4429311
2691841
242469
9118659
8665553
2732179
8837413
5917093
1614749
8149127
7165663
2456779
1823069
3276779
1305651
5328633
4523453
6538463
4851557
2640659
133092221
3563347
3553119
7167961
8894739
3144969
7022653
169449
9932481
8927043
141497729
5940691
9192083
148216677
2366351
580833
2221391
543491
9034597
2623071
7605027
645681
739383
9776461
4246459
826279
7166069
3535909
6514751
2078101
4888673
3406897
1238579
8799169
5327371
8486997
6940183
5140861
3011731
2834309
6752781
2338733
5352199
8109723
4849751
8484427
7367253
3737963
4733447
6162299
153670903
6067397
2290151
497363
7195897
924487
5040531
2703421
211759
7323321
662481
1908909
4413007
90011
1202167
2137293
7201527
6307107
675377
435031
2406239
2777753
9578797
3812473
3616767
8198137
4668631
5376093
7028287
2719793
58816967
3217911
2462111
3181089
2647181
3319527
6590899
8908533
5025137
1632387
3247361
8118809
1601453
6895237
5083779
181139
2398849
278929
9434007
6632639
4296899
8289653
12177989
8211977
1992523
6328003
8042909
2123017
3823621
9165799
6296869
164767
1807001
9314323
6633417
175703831
3711341
5790381
5379333
6926053
871613
4535973
9689121
9825497
1164271
1671431
9164903
1665479
9040139
9387711
1528879
1498019
9808759
724357
9978401
3989333
1486713
6795797
950131
9675289
5077623
9327523
1107657
5685531
167380597
7541903
3428069
8833091
1838721
9193189
6341699
2311543
713479
5689663
9046029
9369567
1133531
2010413
4137321
7984959
8304603
4743391
3733411
9161703
6174077
9785707
6594461
54553893
5107511
3755979
8348503
3334357
5686499
5712543
7871827
6853591
9746049
7662711
9729529
8967909
3441
1402921
9433233
7776729
2000163
4526603
101843
1490251
6740083
192139
8024081
6815713
1703097
2649683
6139883
6807481
7326027
3985197
6880751
2566131
5627183
8546871
8242431
6667219
2322453
2321859
7647541
7583347
4291897
5376821
9930271
7183681
8900753
521823
5367909
1603111
1225621
211999
8195947
6621147
776317
4811831
8383029
6608267
5812379
1162847
6665981
9642439
6086223
516229
4230233
2846847
6498279
8301531
7110191
6707491
16020963
236597
7443957
2649159
2265461
929143
6674519
4832599
1020177
6982479
1504283
4914113
1362043
5628369
1666389
7947937
7930123
178603
4855859
8110089
4256379
8791873
9075141
6469853
256421
2860181
7743177
8773719
7068787
2089177
2001879
3092193
2054329
6118143
6878467
2907441
8926841
3138911
2669471
550513
2507543
8412241
5447141
1314337
6784017
173089843
7031093
395141
72008713
7658421
3458577
8577267
5354339
4206521
660007
6697599
4955409
7848309
4773421
5510789
82761
5058197
3984721
4915761
658337
8643609
4600777
621767
9349353
7542697
8505171
4385611
910283
1475863
6422303
9180329
4695331
4454251
9309561
5713497
2591227
9606743
5822507
11158971
2457553
225461
4970257
8806499
1219503
1704397
919043
9068337
1840631
6007599
378933
79103729
183631743
7838141
5871041
9162351
8707727
1590327
9269563
135899069
5655187
8539077
8685417
493541
2286899
400273
4380073
4272977
4884289
170749
822291
4335233
2283519
4266231
119597
425421
1984701
5415327
9352833
7529243
811119
8361689
1399087
53923771
65778079
5469359
5172447
1087447
6103033
9677667
5902663
3873963
5463007
5865819
8304321
8736529
8567223
5957403
7512013
5241839
1310091
9272769
568373
1312621
4215301
6616819
5491393
7243093
1122891
8163453
7496221
7688991
2903633
7164291
2171999
124456149
9206497
9048247
7059897
1037559
7947527
6073043
8172643
311641
4121019
758831
1561807
5297671
783757
8589863
3234927
1010061
160813
6364741
9721493
3568299
1491023
7511639
4125701
2216801
1960149
2501079
3655507
1268821
9512473
2535099
4349789
3871
5875263
4137571
9540749
1228419
1714991
4627561
2191201
8717221
8845079
2187661
2968303
1422773
8963397
9974939
5994259
1064451
4505593
347517
1545437
1145421
2271971
6055331
9230417
6540029
54818099
7273603
7956403
2736799
7495229
3928639
9061539
4928817
5061913
3528521
651863
669397
809839
1635333
9305151
966731
108831
2697691
5661071
3391131
8250649
6959491
4546607
3568373
668111
1511711
8617029
9020823
9705619
7673751
5003393
9507133
6323661
7804143
1915433
33417
1937309
3515917
1450927
1706243
1451413
2930499
5289389
9958881
387237
3777989
4020251
7405391
1337247
4124291
83683
2077209
5378563
5737277
6152849
8315027
9994179
9778177
1151889
156735991
3848549
3393623
6367673
2878823
7932209
563173
3425499
8523387
718853
9312409
6258963
4909877
2203571
144730863
3676169
9312883
