9738237
3251711
2157529
952589
5545283
2226969
6815021
1820107
6773507
1979689
6557769
9597429
7670201
9230203
7543039
5589901
6341433
1311421
1700169
3359073
5825733
5374039
74718827
8117127
1929249
8659157
9027743
1944737
5470519
3739731
8409893
6445213
9593247
2616737
9338057
4581571
5401111
1770113
7047353
5671503
4305767
5467681
5206839
9415151
5113041
9685567
36263
7276801
5881443
1500121
2229201
5215783
6491977
8711837
2316723
4699061
475377
715491
9757967
6948481
1868349
6225339
3437653
5899853
3418201
9390407
6784029
247263
4233043
2467389
181415743
1591653
236481
5752711
9554193
3303151
802637
1931699
2052707
545247
4733163
6952853
5724929
7464499
7459351
1127369
66182291
8541357
6917401
6107141
4012901
4559113
3806959
8646523
4709343
5709057
7819619
4645059
3068569
1229229
8961411
3857551
3450709
4150839
9776277
63787
5625871
9699551
7290097
5502867
297941
3720853
5705617
6932241
9262629
3897453
6332703
6283041
5645629
6006017
1803531
1045889
2408011
742603
4011159
9808863
4944853
2284987
4705257
1340573
2897329
5798797
185588309
28511
3228183
3072469
6969227
263541
6796239
6151919
57447
6893487
5290261
4890379
1327619
7201359
8308729
2897109
5874809
1204699
4836099
3856037
1889601
1581553
3112919
4991771
6528123
9715481
9855519
3668651
7574241
2774393
4408047
3143817
140495337
1365891
5092123
1590077
8078733
6872201
7425911
8142697
8025163
1888971
9286589
9702167
1723413
1362373
125793
7472741
2936379
5188303
8538429
9302361
6069829
7025547
4394411
8960259
5904689
4491999
5556857
5268691
4162833
794207
5846439
3981197
516109
299989
7896969
3537243
9885571
9313077
1326223
266711
4228493
2679723
3208851
1720287
9427403
3962107
1776751
4423141
5777901
7699649
2524087
222271
9874723
3199243
8323439
287737
3113971
7703411
7539243
3401043
9318063
991693
7622249
246959
6231349
7196029
4816503
118001841
6076761
5044241
8746533
4975641
7210437
49349
4916043
836527
7882181
1645503
373701
3104859
105714569
4891489
8775341
963687
102321819
1290601
5336977
7863777
9068401
6107357
4569479
6854367
7447901
6217583
95517153
7887747
9643349
2299649
6269023
6240929
2663787
1554563
6677043
5827841
1139303
3348559
3740751
6928843
3631647
1270701
3075493
141759337
4743257
6565871
5142229
7349481
7593397
9254531
8765753
4044637
1377793
7889841
8065197
5244631
160133689
5156109
4800101
6563681
7344869
7869303
9083723
4668291
8470203
6173319
1016973
2820093
4551531
1495511
434699
2989583
1917727
8021461
4852489
608799
3216023
2613487
114715191
1451673
4937053
5587463
6816751
9039547
108168883
5809097
2058603
7132699
1649293
6063779
1064727
2330033
9509963
124732873
8453017
5818477
5547769
8619051
2523323
105383999
2949549
1599183
4862471
175739111
6469039
2138167
5964333
6231157
913601
5561013
8527781
9934483
595999
8245107
9432751
9949801
241027
105226771
2805401
1719
409009
4470411
2483903
1029973
5967237
6281219
8022509
7475063
2423411
1308021
1659877
6074319
6255419
2612839
9904353
4505301
9795381
2897783
2900437
1126227
3466477
7542811
97963357
8942073
6173377
5710277
1812659
98423339
9776743
2563197
5274027
5559159
5234997
4492567
2600081
3785341
9591803
178057
7449819
5864121
1426567
239767
2638401
100139047
2395493
198627
6056711
9392351
964853
6700607
147170803
2560047
3864849
5113187
827733
2574193
9044737
4055279
6250023
2754601
8175629
9310743
1964149
5746029
6426093
9958499
2751067
1654591
2846291
3360263
6000087
92179411
76255281
679441
5626749
8876511
726781
4836867
157919049
7463719
2651433
6983723
9783349
6569117
9887159
1662997
206809
9265999
3535971
5381077
6048801
2483177
8805327
1182471
2951603
2793741
8491889
7701959
4604941
234149
1197813
719867
1939891
4091247
2505717
8964643
3753241
3059599
1051211
5801249
1562103
4204373
3460149
7630201
5510893
7929613
1321983
4073003
465449
5176821
510649
6510017
6190173
8480319
9062209
7364157
6669699
5963703
3293523
3189009
105343767
9085053
3942247
2920883
8580781
3591751
736907
4205251
2637137
5457223
8625251
3906491
1948749
4303797
4457567
1639993
692049
3876307
7456153
7018519
2156761
7681159
6698107
8766121
7010689
736117
708263
7864699
9424131
3430801
2977891
4669061
4802537
6404639
3445759
583321
2693549
6429319
7572669
3171337
9209981
3429249
3838087
169443
660379
4953397
8389471
5121521
1624141
3881741
3454507
7678331
8048323
7013763
3650693
7541771
8726619
1460199
1357537
3977901
7272029
5430807
1382243
4595349
5824743
2425597
5665363
6367017
3716457
8066183
2361339
295203
9989047
299481
1394081
3777159
1330489
673843
7826647
1429531
2428611
9323351
9914859
2360283
418663
6378901
684859
5786511
5482767
5470369
5283957
2583893
8140521
3316957
9012843
2499973
1986427
9172693
4852951
1333099
7645661
5700457
123457891
1018553
6974383
6774293
5892521
6685691
8013599
4369023
8668601
3697483
4816447
4151727
7685141
6811607
8908317
7081953
5506647
9761369
2364363
5441971
4320157
7330737
1815009
8179789
1060547
947289
2661403
53523
8540513
3595997
178004319
63713
1954983
159808071
1141333
9788967
908641
6546533
5643313
512029
9145641
168522089
4425911
246247
5645791
3342963
4334589
4228091
7911673
6110303
9000899
6973863
7353663
4079179
7369217
6221387
8228089
5125551
1714901
8250899
670647
4923153
7968271
7996027
1797659
2071957
8529849
6169231
7847049
7565981
9453899
2256549
7025021
6171919
4729953
5561051
2976651
6361997
5896107
3868243
1763737
2769217
2605733
2059517
8796877
6781357
3959129
2749593
8685981
1904927
7220243
66322931
7318427
4949829
5142669
3166983
3519409
1350073
5332049
5944011
8168491
3863023
4848741
2771409
2055991
120166981
113692333
9295237
3906733
5950151
9819607
6806209
4828479
4805863
1503093
4592021
3677753
519833
9269027
9625301
623331
6546783
3002811
6595753
2762293
8000579
2989297
6262941
3898713
3455113
7467
5452457
7910481
7385649
7753977
2944423
165319799
1399737
7664331
367233
4934221
1932697
2634133
6866341
1660901
4976043
2024363
9761237
6088927
2627059
2687131
4551449
4087723
7257137
4742717
8309657
4845821
7311697
2110307
1771483
6681807
9775721
4556451
4956449
8884873
2664969
2028473
2004847
549423
4025299
6122997
9223423
8558733
1627993
3465901
9862813
1565713
5560713
7782121
3351301
7160343
5850907
9981451
4392167
4741829
563357
197457369
6183531
4030223
1643029
7200443
419723
7012971
1260763
4538811
794851
3611301
6845541
70019
2272101
1838213
6023657
1900643
8329049
276297
7673243
2015513
2386391
6488343
1803011
8960297
3577443
2665267
8429289
2055741
992249
8259161
2911071
194918239
5339383
6384993
4919941
109680109
5034413
2951023
3425533
4348491
5091307
8221613
4747991
6780121
5841219
2264737
8282621
1844283
