65506031
9608697
2366363
174593953
4940543
8010477
3495529
7379983
8815671
8160749
603019
4973099
2170847
4616833
5838441
862221
2906059
8451867
5273647
7228751
184828613
47560711
6964269
4742311
222859
5733723
621547
111094253
9233733
8510903
4440427
237639
6198003
2272501
187081759
2336159
2730891
7463721
1777751
6513433
7479417
3097859
9323019
1222639
3447947
2515027
7636483
9047627
16041
9762623
4242291
5084311
6595227
2901711
7122407
7102197
1029801
516529
7085391
6398403
3143181
5449293
1360549
7017677
9978887
9596293
8581581
6692969
1366103
5000501
3764919
4331987
5358729
7173223
3018977
2048437
2499193
680729
7317471
3744259
3253713
2627089
5479317
1874959
5178427
7292759
2076457
1857027
9083233
3867167
178887483
2039867
6291267
4633459
6931541
3424887
6041537
3935877
77029607
7417003
2414537
17509881
8810457
370819
2992111
3981297
2151139
3390853
1650693
6089287
4975191
7953129
2035939
1201403
8760897
469327
2310367
6454591
1530293
9233071
8836867
3869687
1144821
3809757
7990463
9113187
6523213
3768057
9903383
8485929
909027
7358911
7771727
2563051
14501
2903533
8933331
7445173
1560489
8462597
4784387
5977061
9283141
3111539
3531387
6014239
4575067
111171547
4377503
6814133
3864549
5291883
7336371
7493973
813309
5624697
7192177
11777691
9856957
1477057
5763101
6896767
5458167
2804239
2616761
5973937
2903443
3080341
9608001
2309009
2973683
5887993
3986967
8895943
6495821
123650299
5182387
6205921
113862593
992507
2801899
4117039
4407427
2792401
9672779
8030447
3647589
2070471
4025487
7251227
4712311
47063617
1019791
3929261
5526169
3751701
8404559
1540511
559987
62241057
1047243
5170169
1253799
7307189
4580491
2242859
3029761
9545077
3218513
519131
8751659
8952189
4822951
5249453
903493
4321931
9784217
9954301
95634513
3419747
33567
3322537
354191
9649101
2657323
3114841
170758403
5352223
4488767
9456057
1071119
86271209
1498941
8169871
7773067
7635201
6633693
2485587
1507259
1912219
9986813
52183857
8155729
1817349
1628469
3331469
8277569
723363
3048403
3691791
3103267
1249637
128252869
3899809
19682443
2746481
1409593
9189473
9435763
2993563
1084197
5184839
4136867
1999531
6995949
7632061
576779
1647197
5114667
4270507
1395559
2662499
6411917
5121207
8283547
7086703
2921913
9711641
8528297
8342801
5621969
3780583
3839171
2673391
9909321
8681587
3069313
2140273
5119879
3198277
8103027
9235911
9850329
3423147
29918107
6473133
6805369
7609491
5382669
204597
2808369
8378423
786563
2710573
4887033
6665779
5398839
9293453
6734317
6067241
6314517
81193
5091459
3362993
4168511
7735533
385813
2186621
7487643
9603417
7725053
4367043
4966447
7097499
5790223
1539101
8507751
165307571
6662001
4316321
7839467
887831
8035281
3998173
8916681
2789661
1601293
7145953
3014127
5334027
95949
92777793
3584123
9906159
8188517
5855461
4567843
5545477
2860319
2538999
5548443
2360387
8348369
6079459
1565587
5342399
7940343
7660751
9765087
8560813
7331161
2647601
7382961
3382789
5704997
5724549
6025573
1991657
3683011
296417
4241237
8704077
8667639
986623
5816853
214181
3885743
8018399
1096611
2055443
6094891
1014887
8101571
5220557
1528413
7531833
2613079
6741709
5490619
9615593
1893391
4821449
37005389
2346271
2506371
1139117
8294291
710363
5051387
2079277
2764551
1153723
6114899
853379
109942071
4809323
4552247
7206867
7200897
4785413
8756871
4608057
2635563
6362721
4532179
2803547
2767829
2972919
1396967
9882753
3391939
5955923
97712263
4015021
6008457
1818933
8618657
6551879
5401657
7588563
2382689
7462181
9793767
695629
9361287
3574647
652673
8528343
9475003
975329
951311
1227971
4398857
6838381
1888523
2875053
1161573
6425007
8367777
2438121
5607477
5365783
570319
662177
9064037
7953073
830091
3342521
7784953
108633
4899099
8475667
7487373
4981529
1163261
7889413
14926587
191389383
6883721
7240253
5170739
6057317
5498213
8998273
2671761
7601227
181366841
1451229
5507329
93636937
419691
1655999
7527921
7521451
2113219
9750117
8003209
714779
897513
8254587
7210941
4034089
587189
7397173
9208539
4394031
9061649
8872721
5274499
8684761
9851489
9481979
9057219
6871011
1117909
6521723
5838067
8764279
8941477
2873117
5278239
7547943
5533241
1272623
9636647
7395757
8280141
8863149
1992919
7294399
7171527
1265469
2440351
6452583
8799857
1836527
517251
9847509
2595917
2289897
1642297
9837573
3075159
4953957
1710203
9462569
4104599
5082601
9850507
7668761
3623347
7120919
8423719
8681941
6879701
68942337
8940543
2959299
5132799
8532463
3700159
4914271
4390863
80219
7568697
9641989
6285923
3399341
7772829
8276459
9537781
6524501
5666937
8646303
6305947
3965633
105046567
6111249
5012047
9575657
8245831
63834341
2024979
864207
1469501
4037623
2724851
1628651
3330317
268261
791899
5148181
3756341
9021129
4088681
9377551
3509827
6467601
8517423
9564901
4033941
3334691
4027427
6613399
4649533
8264189
7233883
3761481
6119907
2144817
8486467
8734267
4649759
3369283
5788339
6395069
5592347
8472287
5170563
5171527
5758397
8038217
68478741
7269899
4536393
9513469
5268477
8304743
1064299
2036421
8943891
8909399
3006059
389331
5750133
7339721
5650577
2109701
754873
6499881
2401497
172382881
4187827
9345523
2592731
9419643
5622041
5701769
5817337
5128391
2869489
605653
9857639
2138537
864651
4635513
2223447
1311491
7351421
4475143
7860909
6089221
3713453
1187609
5416361
1057341
8945101
8312651
2203339
1668299
1824539
40110571
6515481
4991591
4800171
4521257
6561993
4799013
5551611
4118601
902459
8270141
6404391
5281101
5423737
2412893
8845727
1931069
9422361
2791313
2908451
6938741
2093453
8369979
6298483
9906709
5518073
7006147
7843451
2174637
134146067
2768379
4211507
1213573
3014371
552143
1957383
7446933
3762717
61688489
4022273
653019
4302037
5418071
2374219
9756121
2307601
3404019
4812321
4264887
6149713
4118377
2454771
172829453
5251291
1941519
6458629
3771617
4891627
3264989
2121541
3602623
3409129
5646607
1650691
715989
1575187
4166209
1108417
6114903
7092291
6370727
9564917
6842431
4720189
864913
4516563
3771561
100840331
8724617
1924821
4018073
2173191
6753021
9632833
1983063
9944707
9065053
2561921
5557057
7268557
7334123
227679
3029431
2831273
5563061
1052851
8115267
674959
5642377
7236741
