2659063
3280683
45704611
8376639
60621297
8580551
9920123
7198937
4672681
5154499
3067719
824011
399747
190323
6928797
49097339
4116539
9181881
4954453
206847
9400003
5906099
5303703
9887787
1298869
4119409
6118811
4092219
172514643
1832499
438073
19187273
7328211
2684017
7047751
2506723
7128513
2823899
6532491
1327617
7060799
6871597
1201721
4606497
7189769
9934559
2660933
9090591
9068611
2131997
2788031
7048701
3029227
5547009
3274699
7138883
147448853
5772097
5367009
7138301
7628257
1064981
9183489
5899523
8246539
7625629
8741669
8650723
9556771
77543
2729947
741569
8545827
6038367
4360073
4514677
2037919
3616067
3024593
7103479
2285879
367523
73530631
2719393
7315753
7670923
9129501
7049783
3951391
1149971
8827821
4546491
1144147
3498573
8457349
179332703
101173
110732513
9317917
7812079
2211801
6346723
5381233
1661919
8697553
9892459
3734173
5413727
6607041
4132517
2123921
5764171
68559
5753711
7760597
2788457
7960169
2933803
9556271
5210093
8759901
5506967
3222329
73773959
7761003
9899763
3119053
2089619
9863699
6779237
6658191
4761147
2465183
7188751
3331107
7485979
1311123
6685503
438809
1464047
2676349
9362941
6808323
7458313
5343631
2196973
2235893
2437329
6918223
7193513
9724459
6322101
2750303
4754323
3699933
7092403
9088537
8705277
1157901
1790731
850269
376573
5195061
5623903
3944541
7839423
602911
208097
428241
9008829
7869657
6706829
5038407
6519307
4731041
35923903
1013271
9594757
4615851
593493
5195189
7999877
1069861
5502167
2974131
5379899
2863303
6657163
152583
4012769
2434871
2960121
1872079
7015087
6198199
7941661
8553087
8928601
6844549
2097117
4739443
5027209
6962107
4882193
3577551
8399653
7090771
66233943
5304731
8610359
1226781
9935739
2493299
9561719
1918807
6014247
2873811
20731
1060143
5943757
5733119
187797617
5436161
6272269
8063627
6619161
5075409
5672097
2408401
8885641
7625427
4617181
1306147
2200913
7080339
4613429
3039309
7125049
6999287
1714507
3037017
1804073
1643209
2737611
8283611
6156669
4520493
9600787
2215751
3427933
3652733
50953617
1911087
5091427
6722483
2586397
8605623
810203
5621883
4538069
6427309
2511161
9227531
1768649
4245931
1045989
4725939
87673
1093907
4160871
4280781
5035907
6959721
4524591
3026923
2627849
3367761
5693887
6649409
4443297
3352321
2920037
5845719
9657011
14419
3792559
3207399
4452713
4789051
5486763
4053841
5272659
5503979
9362041
9979319
2232871
3292617
8407379
25874337
3977001
940169
5745677
173825571
4092149
8416501
5584031
3665727
8808231
7543049
9238687
9081671
7295627
6392129
8803297
5335293
637213
2529909
9702877
2796353
7799041
90899121
5764597
128706631
3925753
1534411
1274947
4654957
1841329
9213093
812789
6262671
5208689
7441341
4040689
473003
7729551
346673
3620843
7452559
48158071
3536357
3349143
4402311
1924349
9973063
6897369
7657349
4993043
1505779
787791
6443639
5508953
3822459
9426579
3180477
1026083
9846299
9099883
3570051
3490477
6639527
1434881
4089543
3546301
5969163
1380259
7205267
8828681
771503
808523
742167
5598047
1190989
9985397
4269691
9107407
7767537
8618909
3848019
4035581
1266213
8789559
4617153
2857919
4377447
8233843
1729183
812521
8647427
143144883
3202323
2123719
9315211
9247353
7453287
11132419
656097
6164461
5355809
9036557
6556003
5861517
3774297
805131
294927
172079
9572471
9331483
1279103
2134737
5496057
5838043
6157547
914323
4725861
6211887
4566777
1872067
8796731
9102497
8034253
9706767
8139821
6632727
7299841
1903451
5297103
4268767
7732541
5701061
2891397
3488457
8764357
6926973
1180803
1244559
6845177
1149449
895831
1551931
9478879
146716169
3939927
3431851
2104619
5606737
222989
2668361
8956023
2844957
5111881
7968983
4129053
3969157
3276903
669123
6744209
4736683
4412381
919793
2452497
6370947
9366933
6570233
3596599
6370569
31548443
5737587
133794153
1344127
7003123
4477197
4016921
2453197
7126009
9971217
7774001
1486057
5977901
8307709
1641419
8216347
104142529
7304327
4441729
3001487
9015793
4296121
3742877
7868379
1460727
2688827
3373561
54423209
340081
7880199
8845371
7688969
7006423
2728969
7000981
3201369
8323131
7074427
8619453
3708657
5391953
7022901
7720769
4759769
5764191
5050879
1498513
8782149
8900681
8004229
9554711
158798143
1508281
9969009
39383533
1093017
2926707
6071917
1800221
6161971
7923129
3863411
8742951
606889
4948303
5827667
4439639
7874387
5505283
6091207
3355653
7600851
1417527
8559653
6980499
7337213
4160901
3258611
961807
6567613
466697
5952419
9938101
1337887
79438407
4970079
6245389
8454863
8112651
689629
7157997
4059619
4887587
5617899
6742851
5777881
1889019
5943521
6729539
9007199
9429043
2990477
2380431
3843909
3225131
3833661
5446183
648263
2246763
8867189
5634559
3301009
5616729
4458303
1984293
7986803
3548493
2704641
9823637
6433161
4801663
8609959
7534303
6157241
4523787
8266459
5975983
86221
5211981
5627517
5941897
9615231
4612123
8712287
917823
3067091
6306139
8548919
5530827
8442061
5274337
5146411
8995981
9778213
6997081
4900099
1886073
7640729
4799519
9066259
3665737
196532281
571757
6824403
6994917
2068627
9364433
8590731
1005429
6090969
6093869
43588139
103307677
159007423
9047941
6468459
9726077
129426991
2331647
1226093
9558507
219361
2724181
753213
1267311
2394601
6995411
6029311
6732507
3916833
5509089
1691139
9776743
1847447
1989387
5508739
8141899
9557201
487019
95508481
9511603
3861487
7792867
2742549
7395621
6675359
23323351
3121247
1129139
3840607
5373599
2787389
3218311
1040117
4306293
1388811
1867313
6191641
37606107
2018731
7528981
7184981
6749151
4980329
4484471
1913259
606507
81503
5214289
5105229
3940803
5314807
498831
1168969
8793659
9999059
3124681
3359897
7316551
1282301
3159449
6638083
9666563
7027539
15498989
5414993
142154797
156812813
4881513
8183907
910673
8295239
2751883
3425357
7048183
4747961
950949
6189381
9968399
3288693
6213627
1682053
5903143
2458761
3152293
2060839
5985117
7921483
402747
8803817
7694091
3397823
3990119
4443447
4979651
126959
7656677
3189787
2221201
7872751
7928161
1492853
9466777
2831807
294787
175027329
6699483
3759813
2484023
7925987
685231
4519551
3149479
1481021
6753001
352777
9973831
6054517
9963229
5989169
6906829
7789877
4184841
7594743
1858683
7009703
8728997
4598223
147432769
9299091
147337
6529883
5852933
8046143
4194551
9329527
9860401
6376997
463767
5206367
4505903
617633
7571201
2730261
2307453
100122049
4570659
7705901
2643419
218899
9854371
1633351
6285843
5334749
8323549
5156203
8927617
2949159
623429
112462197
8897323
9435481
5473757
9949047
9612321
1155683
1297099
9474507
1038257
8510537
6997961
9683053
83139581
2738089
3259059
3063469
3614741
