4766451
8953113
8589159
6149693
1628767
2767253
5099949
9943633
7423047
8438933
9579903
213827
6093323
398251
5533457
9951907
8627861
9067127
4421767
6024363
106974183
9405863
9866463
4963519
7161623
46911973
6215167
15700211
4289407
8205391
9414169
65266541
6052757
5743421
4668161
2702353
2892937
3375747
5926323
3971487
2910923
1122253
5764791
5435227
7770179
2145917
5087843
9103249
165826373
6827477
3704079
6145419
8168559
1706353
4233311
7639063
9219057
6047307
3612347
171539509
5610697
8999997
7263313
2612267
218443
9625131
1771999
2981353
2840319
300397
330311
8807309
7703101
8783719
970427
4495883
9336581
4576453
3345961
6028683
3702611
7555799
6836539
7037079
9049233
5676287
4997041
789647
9669261
3472971
3279349
4241373
8238767
8598653
1435807
4316511
4816521
7694767
6470157
8685287
2398307
6148633
2157653
1680453
5155901
1857677
3268073
3119751
1953357
8081467
5966661
68013279
1847009
4670421
8251139
32733277
788333
4448107
4508569
9348513
6873413
9647511
8243273
9659493
9172669
3394113
3419867
8321627
2072073
7338769
8387199
9299787
6843471
5772353
3051079
7733853
595983
7639179
7463577
697689
5792597
104225569
8396921
179591
6693067
9169463
4115447
9834859
5962857
6180793
3610709
5055477
8153719
451063
7423821
5356611
704183
7654643
3821999
8010557
5975939
3618043
9300777
9779363
2126669
9779667
3990369
8480197
7984137
6777589
2091907
7736501
3285647
5735291
4630637
7618341
4180371
8241287
4888713
83963271
9710267
8175037
196130953
3425037
8578741
3186341
4393391
24434321
7414973
343353
8831231
4547169
1361379
6782531
3524829
5711317
4672091
4964089
5901101
5311073
26073869
1480769
1978353
9151889
1697251
6664289
4740739
7329771
5906153
2634837
5680743
7012037
6581557
7324151
833909
9893717
7588131
9073549
3386739
4576793
1425241
7032179
128623861
1420779
1175609
5078497
8278231
6378723
6886507
4731727
8139797
3364001
2515967
677813
8545649
7340987
5943193
3778761
2873389
6569071
6840497
7098131
7668473
154707349
2183
4647751
2503051
3105767
426617
7188149
1904521
8078893
6220669
4916287
9431763
9573849
5282413
4049481
9215211
6390351
2735451
4157813
9420993
6186377
8296771
2761401
2190049
7521047
4449131
6283513
4101299
2717631
9883437
162328681
2050419
9540063
4507839
4613247
3754147
6225037
5592829
8263057
7296071
5014253
6291751
5117879
7384411
6074537
6575419
311361
57750597
1248601
8495557
2417367
1359039
3981199
9124853
2573697
1652353
633157
9069123
455767
3698129
6051153
4226051
6760029
8751031
2296931
310251
50635167
2760349
3190433
1189709
7878549
67984743
2889597
6938559
4654863
9311007
4503341
3049667
123691
7595291
3711249
7338637
391547
4456551
7107157
2034087
879981
7945731
2027199
6158183
8629827
7438921
2581581
6924933
9803941
3551211
9086069
2948843
3869009
1967553
1105147
4072637
2606837
4245863
7137691
359187
9516773
5498559
5866187
6775707
2392513
77951073
1787429
6081377
170503847
7858957
2861871
6196973
3811393
6666569
2926849
5233281
40101277
3383453
2348981
1081509
3142019
6936099
4068739
1005857
5516989
1725353
25719
6227417
1807141
8735403
97747
608663
8033159
7263939
3289281
216059
6681009
6342971
6338011
7685443
7999421
207247
4533643
6580133
3715869
7292699
5041173
4896247
8287949
5218823
1485359
8214469
748033
4013411
4578589
4936467
844833
735043
3063583
6246739
1182207
4463491
4258623
3050429
1315667
7885447
7622583
6901097
5385471
9691449
8307729
7156947
7851523
8416163
6456663
3614227
1659461
1941703
1269047
199871029
2104337
1741469
8164889
923041
3804613
7965169
2582091
2530721
8348367
6548409
744243
2640619
2583537
7712463
8206827
2889317
2926913
6105291
1199297
7757169
6111231
8862197
3636377
6637311
4387699
1277563
7833829
7750519
4625303
8243781
4429529
5022221
820727
188180793
7524151
9433639
5961573
5877571
5468089
8454557
8790727
2269287
8812207
124841677
7451713
2837821
871019
9334903
33118151
88159611
8855743
726227
4088303
3336421
3597333
6102779
136060599
3109233
6777151
5437673
6903
1174507
121762319
8237649
3455721
6371763
6880843
5501031
9099227
7702627
1277091
7700831
68056811
6920619
3880401
2612299
3557169
7869339
9331753
1709873
5533849
8514441
9624559
8851039
4227203
3725513
113501111
2772709
9048387
6578999
8273731
925889
2663409
3249907
8991861
8340327
2414493
3543123
35407571
5847171
619259
5384987
2050339
6646237
151023339
5120229
4400911
4348203
2067511
9394727
7288293
8197249
6509763
4356049
1172247
5157811
6936457
6169277
7931937
8291141
3037869
7471163
8576923
8326607
3838849
50459589
9112627
1021149
6333357
3386637
4091251
8233573
7301511
1084801
3245591
2950311
3436861
5274561
948301
2158749
8717747
451789
1234003
9871767
3447967
144261
9269023
3179381
5629841
2127869
4893893
168213961
3038923
4691807
9276913
7378939
7930327
2487023
7191001
7300987
1915557
1883773
4904763
1346853
4346079
1118381
436329
4786113
7540587
6196887
1820753
2598901
4958311
506799
366413
9967153
4347203
1113367
5620197
8189287
9018899
6563253
1598519
6165877
6828281
713913
92011601
3476909
2973931
8839621
5034893
3685103
2959979
2915427
2956947
3030577
4734167
2819159
3558617
3702611
6293741
1191019
5473333
3885879
8851241
9431591
78819
2658333
153933197
194630923
9855869
216301
4817329
9682253
3018299
5183517
1829917
961577
6456647
4006317
6558441
7049777
8944089
7942397
4538709
98397
12271
4930269
5917297
8850037
2887137
5018563
1977567
2519773
126015683
8479333
4565321
5740073
6150081
8450843
2991121
7581221
2055061
1302221
106102679
8348159
3988287
2495711
4516413
7785753
2706987
2900499
5641353
2226419
5098259
9152397
2408073
9815821
2748039
9716613
2753853
9583961
3189967
3086897
6170581
7589709
9293557
8783351
3202923
5115941
5427013
9533683
1585743
513923
1931123
8668299
6871517
6342961
874703
6089113
4545149
8060143
325161
3033117
7486233
5741421
367553
3019029
3507281
223153
9467383
1008557
7974541
128071221
3687703
5961643
6540399
1574347
5163249
4752949
6523497
5809153
163342331
831959
1827731
2556177
5922103
8131219
6620611
5579909
3886019
5854343
185913
1700677
3306003
8901369
4574193
6956773
176137529
5504801
6034637
1994473
9547013
3422603
1774073
5520721
5437393
7396647
3265539
8837607
273771
8865629
6705039
191439
8202217
6538303
2465153
1997071
1860923
3059959
5693407
8027643
7223989
7084029
1148311
1570953
8683459
2597527
5870931
3493673
4030369
1313757
6200511
1278161
1852719
1464297
9785981
9072963
