379107
9939827
9432181
8060529
5250353
5411871
6295023
9368567
9681189
46287
5331327
5798469
3182347
3759953
4747411
7882937
4679829
6515709
8786857
3987133
4496927
8499319
7456691
1731919
3839437
4302191
307801
3070743
5993749
122267
3675357
4879121
7166089
4999933
9728001
7369609
6997317
6070669
1246061
6047881
3284319
2842197
7719023
928191
4949859
8496341
3774933
2969889
9929637
5100159
6988839
5765007
6778799
3227011
9647569
8912627
1322559
3407197
699807
310143
6493797
6658977
1978943
3137429
4479349
9123743
1361493
189096863
7615279
6679801
4990221
2527809
2673859
9816397
1906801
148804693
8781313
7819199
8126253
955753
3948549
9104667
1936557
1739047
6032651
2415291
7553971
4758303
6533691
6129761
4846881
1248457
3868121
4754179
532883
3782287
4841883
1337679
8205531
789301
8966547
2543801
1018223
3643717
4732949
1625919
8520989
868281
1758809
2275641
9938853
1774921
2507967
8302689
4527531
5427237
4836081
2348443
6495447
6037933
5184901
835963
8858343
9646467
8542713
148356687
6565911
69693703
9046951
8376827
4605197
9804569
6388393
1147153
7110647
5245353
2960529
7805153
91371
8891841
9377641
4297999
8512283
5041813
8532923
9061423
9543557
4214573
632121
9453561
9165907
492221
996867
2170491
8570371
6537321
3701867
9261579
9948701
2339057
6568317
3921149
7344313
3028899
4865641
7904607
2670783
4484957
7125961
2714837
182527019
9447937
6229097
1492769
6446583
7004209
7434131
7902541
8708853
2397003
9408171
1310981
7071787
8256123
8406141
3321151
8287539
4951379
788453
489129
341091
8465293
7634093
6617727
7539111
1816357
2195049
9882447
8824221
9391623
5897399
8762029
3722467
4151543
2659153
6410809
305671
8901571
180293937
9683843
4730123
6117011
2027043
1832439
6080073
159873681
3868893
1086719
8593527
4688579
8986011
1794663
135421
586127
6630237
254819
6630143
3085483
8992709
101297717
9534483
119497933
9452317
131397899
9824283
9624207
7819281
4844057
6624907
2144239
6595467
135642171
5833829
7464649
1780969
8629151
82347587
6166829
3687833
171815187
855487
5224639
118057287
4799343
4931773
9722469
5998529
2191289
1718141
6793247
7779767
7645017
7203653
2812051
853289
8984869
4840509
9208243
8475411
3993011
4721659
7095823
3051003
8251393
8227233
5586863
5047261
5229263
9621829
7732787
7908131
5431881
3209413
4469133
1147177
4754093
7527199
9714109
8336397
7276929
3157953
5451021
1404159
8249527
4106379
4108401
3481897
948731
2538541
8202667
5059817
7771483
2231543
3770947
8054207
5978611
80030523
2232607
1821633
960353
1896807
1300389
644801
5689733
4813341
602699
8055029
5962763
3809267
7824157
4534783
2164761
4740581
54679
9309193
1472913
9753129
1165893
8416933
5353329
6382763
9712533
454107
6466883
9513311
7945771
4120819
1846621
9814149
5514567
9744237
2499159
1561463
5749681
2080587
3714427
5314021
8147899
2791723
3151587
7606071
7050211
6630647
4386707
506933
8645319
5887333
1242899
7412317
4155499
8664533
3562949
7922531
97852939
7781651
5848259
852567
792517
8420491
2385939
3483537
4369323
8325451
3681669
8861593
4196377
1372623
1821823
9858377
9100589
3821469
5823649
7514919
129295673
6118653
7190417
7446101
73155487
9149933
1069857
334099
6894481
1095373
7141023
74824499
7030863
9770863
7455701
9671329
8999663
8806599
6270021
7083999
3925249
2068813
4390507
9524701
3689353
4065801
1185573
9195271
3809169
1224357
7773037
6480077
8993647
60847393
8732383
6923563
1611211
4482641
3959221
8145719
1250947
8987529
1985981
2590019
139193959
3264679
2185931
5782729
4738183
5337767
181545737
7078649
4987801
2740623
9983907
3581901
119446469
7439593
1987661
352607
8123809
5250237
9778199
5181829
3037173
8145621
5303249
7372343
3080681
9502261
2774903
9148827
2259917
8739093
8314607
6840399
7036817
6829471
819791
3402601
1321097
1036393
5744671
9590631
6070757
4442951
4124481
1344139
7136193
2661101
1586959
4278133
176287157
2478509
5485833
5323931
876829
2969717
6583247
3322069
6867017
6640893
1612087
191581
1487613
4080581
5748003
1928847
6947037
402983
15753009
1856889
6651453
4076943
6059897
7201007
8410247
1322793
2717967
7356443
995607
4416279
3422879
6683397
2859429
561427
5939521
8219553
2268837
3617321
7135997
2157193
3056581
3624431
5930257
7699353
5767083
3128377
4938411
5610033
2520357
3407359
2172411
3540373
3358391
1895099
5379447
524257
9138103
3342677
4987139
9587317
7361761
7653537
8040323
2721203
102581
6288119
781587
7526103
3416587
3780843
5199039
5105009
2285577
4136503
5267491
5118451
4083751
5168789
5223579
5052031
5286449
6754251
8343699
4496131
8836987
2012557
6257873
927757
487107
8303343
487861
2192267
1289329
6347593
4910289
8229843
4445937
44189161
6594629
7432547
7966717
7246653
8668463
9460933
290589
7193181
9156801
2974053
9757257
4200887
8127741
9845457
3540961
6024117
6732791
135638569
9107633
9654113
3395233
7942631
2753937
4050483
139143
8455413
5083829
6031717
1372859
5695443
6735327
119209
1768383
1055473
8556831
479839
4152301
4396833
4067647
6447853
2632251
4816603
9504101
1156223
9260971
3483991
9558969
8633519
4405071
5747153
391579
6264661
3737109
7523941
199592047
2600333
156783
8146803
9726627
3710833
7661583
7908433
7839113
195713
2594881
5346587
6367961
3105663
558581
5001729
899129
539613
8339157
1819439
9600113
9203911
2016583
7747137
312353
1311283
125508623
2409583
2915689
1923363
127394363
9566579
5514691
9754437
7958597
3675843
9164327
275607
7113573
415343
8999391
393351
8242083
6030411
6276637
6259231
4740649
2806969
3681967
2838309
4351909
7733889
2420171
2838371
1668391
4158239
5464461
9353007
9893967
654011
1210389
5799321
6653373
8773861
6924521
5252159
660497
6988177
4096143
7094209
4845131
5499671
1544697
7247253
3606787
3947237
6238799
2990773
7595717
4057487
9373243
1627301
122779
7325731
4219349
8730291
7617753
1662881
9850923
5784103
8621163
5358353
3998229
7176657
9913389
4475747
9552377
3713133
7574059
1135921
7986659
9953559
74933
7975621
787329
4609953
9446361
6751221
7856019
4997791
58277
7370717
6384829
6053047
8293543
8134387
6872411
6879679
817311
3368761
720041
8847033
3961539
960133
9929621
3475307
3
3468389
