7271083
7920067
91846787
6422107
4392069
1345431
3798249
71999789
344573
1445771
2721013
141065919
2247877
4620223
1049193
285899
9848507
3508781
3866453
8791169
1247297
1792763
9521663
4747031
9758779
8627557
6706691
6005263
6184089
461473
3626701
8503757
737163
5230721
3675779
490091
93573861
2599361
5802769
6058147
8280163
2897141
2561151
8135291
5095691
4706653
5785381
6830373
5377279
3204517
4203097
6708009
8379727
586789
6408909
3920651
6526333
3535753
8874089
9413857
4845889
8028269
6760829
8677713
8465271
8388177
9169051
6528647
7953111
8656087
9578403
110769799
9854627
700239
185365077
2360201
4699493
7632407
8669287
6754381
551357
949771
8197121
8556453
3221539
3605473
7329759
33077
9907683
7097867
2408761
4595803
9695709
1720101
1202569
8550793
6014259
479797
63125367
5943689
732183
2082967
1377371
3405397
1110277
4061157
1945721
8602337
2995527
8047511
534929
5087929
6653857
8802679
9527251
5312781
2893439
2337597
8572771
7028553
9350329
2819477
7743681
6174693
7073269
78319
4712967
6894109
4076971
3455749
4340337
1303253
621773
9973067
9541859
3128489
676387
1932237
9781733
9748529
674641
8636863
4831753
2690017
1018141
3222611
9663291
9959037
1188299
8894789
9827803
154125087
8756223
6601899
3858753
2379859
3994619
375419
4084811
4891033
4388419
213421
8265701
9931831
8956137
4072177
7622867
3168291
5229007
3194017
6744659
9515703
7860667
5628109
1065303
569769
2230993
7602133
5723893
5706561
5094971
6224079
2746911
5778803
8599071
6160253
3052039
716383
125930651
4753699
9285391
5980903
4384287
5933547
8267821
6430099
104911623
7857451
8027973
4596329
20292229
5500017
175389
3106857
1734533
3131921
4667977
881003
3592153
2714917
3809197
687357
9871191
5020441
4295629
6201911
6083977
126327017
9502161
9413059
9967147
795697
300351
6956763
1455147
1865953
46692023
3289019
3678513
9005763
4487117
152992507
9045529
5470533
1066987
7440923
1327417
159504559
773571
3008081
179561
9518617
6876771
1401871
6250313
3359401
5921527
6547543
2383293
2193717
4924679
191685739
58581
7952329
9724711
4017549
4430723
5089939
675683
3024301
8940573
195063031
9076493
7203601
7395237
6160871
9160281
1339619
2463561
3344461
6978971
2351917
3160061
157683
4665651
2313643
5813687
8792699
7694963
18183577
7895153
3411427
2693473
4865389
2465131
5204273
9713997
3545669
6204743
4317769
2062991
1878739
9569951
6661557
6740843
1592723
6909829
9935887
11157867
3033407
4723391
6516563
7279047
2104267
1265729
2615667
1760471
9713667
3324999
4360393
9969411
7599697
5886791
1595531
4667721
9554929
3881121
5086481
8092199
7547509
6794649
1763573
2603021
4999209
6707427
4097753
704169
6807491
7914681
2578297
6545883
9728373
9561909
3827437
2264221
1797353
3249199
8097319
8121627
6433051
9977619
133897083
4738231
8706923
2402281
429373
5625159
6939653
8231143
2447699
155408867
4598451
2190039
3173523
1779427
3481327
7107061
6464263
8043209
310617
4553657
6725899
3110909
3733887
9449299
6987121
7042089
7059867
127917
5713311
4774097
58946271
8505621
7083153
5163449
8531471
7301303
4546639
6781683
1352671
3034861
2864197
5816371
1749677
5604057
7489179
4795567
9729049
6208791
1653237
2647643
8522191
4232611
6085223
9717429
172736009
4984249
3570667
6676717
7684781
3261673
3967331
3873751
9624399
150098271
2782859
5991969
6594009
8135449
4220607
5055939
1455657
6137613
4283313
5371727
4060957
9131529
3633267
3660989
3954661
9217979
8087583
9753829
7683273
8452597
6405161
5831093
7591351
6879323
7322003
158743983
9759339
7452843
9890549
166905191
8203037
4329607
6118143
8206903
8335211
6710813
3201037
6160563
9033499
9357129
2959633
1445283
5539489
6780637
3080761
3456833
3335139
722909
3852163
992173
960687
2262333
5577033
1614251
9976723
1486421
7919843
799679
1736973
54196957
749103
4729553
578267
5530761
5145031
3559279
5000857
7130499
7143
8687103
7134227
6511197
4441837
9431223
2240453
3463467
4051043
9186401
1473689
3013213
841623
1360023
116939187
3746973
355051
2448519
5835949
2075039
8826567
1567047
113831877
7193793
8513449
2083321
2632171
13456497
1655247
7433697
5575969
4530191
4863207
2008751
1931483
3179573
2799231
8973683
9190677
5721629
2232199
5013297
50005447
8242911
302099
3589477
864227
5900917
5990539
778699
7397619
5603199
3221267
6561459
1279539
4410213
3618921
7285511
8985923
5812541
7331789
2946447
9657167
5846507
3566153
4927591
3376093
1860331
2905507
6195483
6484227
6594233
1717539
3386551
2514561
168929511
4978019
2882521
4319951
998359
4668287
5771623
5380703
3860367
4933279
4913731
1483667
2220487
3169701
6708913
1576783
4714133
9952663
1682553
1375979
1782371
3685873
4285941
7873809
9939657
8622239
9254881
6348233
129000057
1868081
9567367
5966103
905661
9596229
5692663
6255471
8783693
7731627
4408759
8421887
4894391
9301859
9399229
7292379
4306723
7479693
4992383
874997
3920281
4774039
7111377
5760901
6337893
29357373
7833117
8425407
664143
9963107
7301763
4820667
9898283
4094981
5043883
912567
3496179
7187237
1519737
42978411
5451829
758019
49973599
5460067
6747769
9230499
8556643
9499217
8112169
3787491
6947943
2484499
3954079
5825319
9998783
2221549
5369131
5838091
8420221
1719471
3067741
2675671
730007
756343
6122227
4019049
4128261
8607561
7825273
1344677
6499181
4372043
6619693
6512339
184270237
3156273
3129977
5022661
5875721
6202489
3372879
1602491
1484329
7932563
2666069
5959859
6108501
3423947
9908271
7832221
4103879
8242509
5220151
8083529
6091651
1384111
7030849
3186379
4700423
2260633
2679163
9804119
7618781
6533291
2852509
2209441
8402699
2828047
4084039
8591111
5488459
33969981
4145389
6827923
4941313
3580001
186967633
5709081
8047197
522201
6643107
53219
5439281
6376787
9712659
1521387
172141
8868721
407977
140106237
720863
3443321
1493017
381441
5158103
139338253
9418233
2056031
9649773
1538517
2209621
1188789
3389417
2423201
336499
155908533
9569903
7017119
6842969
9176619
9308977
1113061
9609669
6230083
5616431
148367969
167689797
9519001
7807441
120074901
1284167
6313771
790659
8440831
9991481
7569771
7218923
5337751
3978003
9110007
4251653
8766869
3632493
5013531
9028821
2706327
396297
8873289
3672403
8761951
3213461
4236463
5409849
4490851
8831759
9085421
2304159
784747
7916777
8349853
3123043
4255243
8516283
6160819
7039771
8350443
1783677
9876769
4930703
7394421
2181811
5992301
2471283
2146663
188122021
7992553
464581
8204083
130130011
7743693
5043101
3436611
3677753
963259
6371297
9876749
6900267
8613687
