2161643
8962853
9969191
5787883
4555237
8542139
4259243
1059819
2657487
115823
7242459
5859999
4641623
2187071
4233251
4690611
7242493
5721393
2997137
3546287
3588889
5390853
26613171
6643881
8654101
916773
7941517
5967433
2270397
1780227
2517789
7042251
7197821
7360281
338241
2089383
3679449
6515301
6920481
6462171
898209
7747641
8359261
6999027
371627
2629007
537139
4545551
84235587
2581833
8568673
8786639
8319091
148439183
2837363
9115351
4720657
68131
144725779
6512183
4910181
7710427
706141
5212803
5853381
7896307
152253831
1014599
5028903
5642501
5557953
1898191
3129731
1906671
9997181
8890649
6264257
9172241
8146747
8934173
5184669
1575991
6016131
8110483
7784171
4403993
4750817
64856249
55627203
3083721
2260881
3401991
7331047
6480191
4687919
9063977
4284687
5742881
6086121
782367
9564349
8633411
2091233
6940069
121460073
7755019
6296269
1312249
5339313
2942967
122933
9410283
7885039
8526071
6050049
3858277
997121
3594351
8912301
5582339
50217
1049567
1305513
4174359
5675629
8128477
105769513
7654227
7932647
6011719
2660873
6867117
6760671
3925223
235273
2138407
2964589
4928697
6349159
5797169
8111737
692323
3689303
9319321
4042771
1574877
4596243
6201889
1162371
5377423
406893
2765023
7332441
3796649
2243087
5788497
5234903
1687333
3578497
3345989
3001307
3878699
3147281
4028737
508953
7408033
8690987
3136599
3661499
9542623
2925183
4787041
3161859
6928607
1017283
4544437
3807787
5441969
5936119
8265153
2335837
2812433
7968493
2837879
1713237
5723053
9068099
6420239
6133527
9629299
6886789
670697
5387683
631827
6467569
971749
2828847
4853491
2032169
9436197
3857411
3643909
2222963
8274169
3346083
196887257
8994231
8300913
7227417
6755571
9914711
197838651
4366867
9664809
1056609
4399491
4725901
8925951
3150391
8897217
8187077
66940927
9993819
117753
164093101
2586567
2749603
5565281
3722733
1635631
7807279
9413853
6875057
5718473
5063769
3476749
554693
8779707
1016399
8123297
1866857
4748237
4720659
733687
7786403
2822377
8281981
20387513
2818833
102515427
9911979
9139339
2440723
1760587
1186113
5400437
2154867
1695083
8407073
5341601
7204669
4520969
3143811
3893389
2216229
7103411
5085337
8957073
759409
7710333
5734289
6588539
3701897
163940949
2076279
3296951
4658291
7094297
6749553
3354847
7312941
5253999
3069811
1672733
219027
8258931
5097169
7488803
5948151
5698489
169257911
9807667
598047
936979
7892839
481669
7831369
4724131
16820133
2548461
6432139
180422343
1208369
5737273
7757117
6911953
601321
3712937
4391337
353689
677343
1531961
1981313
4777507
1292421
8031431
2343093
3216293
3370843
5128169
9707649
3500151
8004631
8983943
4134193
6931011
8217051
9136241
7412151
1198111
1158641
7068267
2234623
9343237
2836789
3541123
4737201
5520567
2455143
6684931
3870077
9068129
1492093
3691423
9281377
2171993
1206067
8416677
2591849
2866747
6532071
7250997
5804107
7724717
9475023
1858789
3654009
819721
71015831
14158291
2397837
1914503
6425181
9288423
149639217
9606987
7516947
7244901
4706621
8110631
6053753
1418333
5974813
5118699
4927499
7782577
7005739
5248139
3000197
4759103
3020297
2732619
9018563
5703819
964333
6904251
8799867
8276949
5231081
5495807
2720403
6703691
4666579
875281
3775259
9523503
5583783
7599669
3333207
7067837
7518031
9622753
1051087
1106131
6916637
731889
1322181
4761861
5306579
2301673
5566033
8728949
3865137
5978493
4780803
1943711
1801809
2340297
1285071
6835403
3767917
1578737
8092149
5675307
3366021
7737909
1624467
7642729
4469657
6233911
3257183
9155607
5631403
8773311
9031509
535809
3751671
504401
4263857
6731603
138617
9213811
441451
9758843
9032793
9630893
7515457
6171991
3996811
4685587
9924379
65913
4974773
7841757
7987269
3387577
2029623
4005153
7098523
9849533
575321
8500429
2274543
732503
6477183
150368117
8938757
4405917
1086449
7476589
2813647
6080023
3167021
2715257
4231957
7481203
2680341
5159011
6928257
4125081
8097319
7483459
8392287
2204797
4923351
7538147
161440349
964371
9779213
4166329
7501863
8725081
3122389
5336137
5592011
1522507
277907
7890997
6172043
4040561
1306403
636151
2130781
171083
1182557
1753239
423339
2860351
4359847
2039719
8001323
9405231
1705211
6742429
1033681
7832133
9577833
125878567
15935743
5530791
8722973
9460201
275841
5299147
6808831
5288527
4529929
2558803
1443501
8429859
9156037
304751
3604617
9307537
1057867
1966963
195283813
1420453
3842379
7848157
3808271
7955703
3788023
6505503
193313209
383279
1786911
8456683
6435651
6799523
1043331
5054443
6899311
777997
9355769
3532393
3006761
8823627
6415913
5212021
3033469
6346077
98437451
7656647
6690277
7498737
810421
4192151
2152753
811339
1689029
5868757
3085751
7861591
38011
1000761
4726177
5404981
3883503
6673637
2319787
1129909
4967723
4520271
16692017
1662881
373679
7146239
5657489
3374507
9696809
2428647
4067709
2738803
4513629
9092707
6051281
8830919
247269
3634827
7886847
7625423
3194511
3741331
17649183
7979577
1560397
1513717
124474451
9466093
9955593
8815089
7010699
4380417
8548517
2515947
1389379
2535721
6073017
8708713
7217171
3540417
9156289
9368891
1764393
144177
6582791
8524713
7547703
3017861
6506071
5948281
7181863
4638891
5831679
5031713
9073529
9700839
1747507
405451
1259637
4111651
637449
6707339
3037989
9619963
5164187
8051931
8186383
9722283
5714449
6163449
9596179
9862469
2883647
5052491
4153177
9154437
3447077
4257759
8623443
4944429
8951593
110172203
8468149
4133067
4817961
4994461
9343777
4485607
9618049
2278263
1999263
20297
7504589
1803099
100473
148822981
3753549
185980751
7739461
6095091
2619681
3477503
5319167
476577
3334843
6210553
4388337
9861057
4098087
199611911
52561887
2631419
7558083
4558459
6175103
9756441
2513159
676003
8224369
8742209
2810203
876989
898721
9843469
1574181
4626989
3515861
17521
3031197
3974519
4940921
2742123
7781993
7188823
9256341
9056039
6111421
5847653
3423371
9810253
7364599
9200369
9753099
7555663
9729183
4016031
2201139
4932101
8500839
4551359
5982161
5589367
3930397
3194117
79979
2651317
6439029
8836001
250133
7171039
2417671
4871257
2388251
9169967
4024903
132382427
5427449
3023647
1129903
1508901
5518947
5378851
8932941
5917647
824777
7376399
1178539
3423087
1031841
9873819
6876777
8027697
2485133
9384233
346161
4769317
8154597
1783533
7120291
7062379
2319481
9316941
132679837
7601919
986181
5890081
7007267
958277
8522481
888643
4158447
129509
9669
5987719
747037
5472617
8034583
6663487
4912817
5924453
1025671
1096551
1741509
3903649
1001591
7686759
8485131
4789421
108593
1854749
114165773
2173763
5700529
3502353
4577253
4489111
8666903
7768477
