3895593
7931543
9989341
1043703
4354367
2540591
5974583
2813119
4420359
6708453
2005531
9806311
474609
89485491
3512939
4750013
5719441
8237113
8225303
3707313
4469223
5096693
3657509
2184751
920137
2105507
2873889
8886849
6104853
7122031
1894627
2146963
206791
4626833
2416171
5351833
4885629
3672577
3544119
9137169
181893
3092721
1304783
1886597
9921591
5507131
3815343
4354647
7564381
4010421
2927971
5331851
6596919
1498363
2965961
9348979
9873953
9691209
8450439
4093793
2295801
4039831
33343983
171388141
3015627
5587927
3006643
190761993
8616587
6290631
6457149
9607051
3224679
4186099
710929
823607
2029123
4777441
1965501
2987299
5750161
317971
4552447
4751843
2821683
6117197
8955047
8908793
281219
9873813
69741881
2343657
9038231
8289961
3117087
1070347
4250087
1833401
4794333
7828977
87411159
8750397
5975741
936143
4567369
8144897
945221
8040397
7228799
4644339
4625501
4154847
3918627
6201423
6397381
5850971
4879007
3160981
3676591
2238483
4973619
8528591
9724623
5174727
3809719
137349851
5758737
4430933
6979357
8877583
6108849
3780013
6406333
2366529
8947787
3206311
4326727
3684919
2625251
2105941
9161813
4389579
1241587
4602431
5113607
2955957
8981399
4730949
5543917
5341747
7578119
5993267
6441689
6742021
5295837
2625093
4757789
6638793
2659953
8763449
1322901
5495163
4730641
3610051
2023821
8089181
7981729
7987221
8207639
507511
9569417
2593573
8468433
176108353
3110783
1593251
1018527
4793671
2996921
5100133
2891253
8168809
4239279
5771911
8615711
5481721
5132459
3624767
9863253
156357
217553
4338461
7104661
9632371
2710179
3849721
1271619
8451107
3741681
1595813
3020437
6889839
6339147
86860257
1560193
3455451
3694499
9387519
2894667
7188827
3455321
2973099
5423851
61972451
3962863
4554671
144548839
2466827
771337
4063759
8891673
1261391
229657
3751019
6782171
3919677
7976643
4930583
4133597
729283
8578213
8301749
7341513
5588783
7604643
867271
3690247
148456729
143693017
9834421
6519857
5932539
142146737
4850077
205309
2038767
7207291
544269
9087489
9813069
9736049
7951769
291033
3007487
49258013
4428691
3056051
9551567
9170009
6697291
25387
3735779
5093503
9958773
7603113
2552039
3342793
736717
8152887
9525491
6399073
4121207
7392473
4346667
2542173
6484451
2809449
1957083
8779683
2145271
5197587
4545971
7360717
4072179
4719473
1929191
8521629
785581
1851467
1892647
1192747
8047387
7765889
6835629
9606033
2568481
8292953
7747331
8958627
8232373
9896029
1069797
1732593
4174601
7068619
155859399
9176253
5502369
9564551
3182133
3689841
76477
8210091
69327
4716983
2413217
7003509
8222499
8127531
7303617
957347
107583597
8589183
3678341
1555119
8817961
2507583
5672163
3517197
8969683
5514089
1173693
8060707
8153217
8879969
8364531
7486263
3776283
5592377
2409441
9387283
6850629
8572509
1490591
2235019
4067107
1153429
4769291
5376619
9994019
2350761
3599123
2522897
182663
9215921
6702151
2532707
5119141
6297921
4483697
5364861
2588213
7239243
8304803
8331437
3128169
8011963
8926053
3950457
2097281
7565111
1803581
4220083
763523
6886153
5976391
9638707
65511
3368657
250751
14806703
5492233
2744663
6233179
2201207
69089659
9137147
7839451
2853719
6071693
3278179
7266933
9910137
3519589
401387
8314059
5582787
8861061
2081931
2771617
6072781
3712319
1629077
2507023
4469089
8895853
4319959
2512027
7716273
2795743
6622723
1504303
498439
750877
1046199
85563091
3395077
1782969
4145461
8909159
7503681
7671067
6266331
7546149
9089147
3193731
4308441
8227809
175842959
3159213
3773299
6229741
8441613
5456587
9830633
9038739
8690847
2857969
306543
2268729
4054967
5979517
147093
3094757
8026883
65002979
18583
7624343
5533889
7182459
8741017
307837
3004147
3664087
7998629
5087843
1091789
6284313
2631369
3628213
3353617
9149231
5549511
2486831
7494179
144740159
4075479
6499201
3094387
5884919
6718539
1155521
1922219
8073469
6332347
7474951
6968337
1911047
2738577
168381577
363899
5884823
4339861
2127043
9630063
555929
8393107
2932807
2526377
9546873
5634983
305081
1646829
417289
8855817
7810039
4747261
4854479
5871851
9256419
2290041
7571293
2380613
5636281
9577867
5480581
3922541
5998879
254227
959941
66639
2391619
61626041
4084489
9949783
9931277
50183587
9786529
6736099
102321757
6003
341499
8036741
8674899
1171043
3891979
1084103
4747089
9480049
1817641
4480201
4469727
4704823
9550967
6662133
4119617
159346409
9480329
4874189
6793063
4398833
607657
5938369
6817819
6649337
4028079
4563207
8715571
5249259
8754837
5387353
3296259
3550269
9227247
7214049
3178151
4877687
1331617
7667901
8535763
262117
7034787
8819849
1748479
3682843
1966743
7400697
2203579
9021081
1852483
4804873
4604343
5831089
1092771
2735707
63294899
1835747
7479391
7423469
317929
449077
7275133
5926061
179443
9215481
5280669
9404391
4703299
7488463
2308233
4861561
1984311
2006729
1641427
909699
8639337
2764391
6551167
7616031
987991
2536609
1321443
1486131
1376849
7614433
5429967
9562543
679131
7029941
6286557
3205279
4788431
1641313
2713527
5733469
6149493
1765667
3279759
1818223
5795273
2532309
1534887
4113453
6713881
175574587
2788051
4406173
3521649
1296003
6400521
869981
3333773
788813
2899549
9127067
3740203
4110293
8599541
4670711
7876903
1129787
8472797
3619269
9757141
1465153
8823391
697243
2169251
2879529
6160679
5733503
3773149
2132517
345473
4946951
7739271
2777453
1367177
7588641
331693
6241013
1476449
6774191
12947
419921
2669307
4772513
5883729
9944989
16982619
7086641
9791581
2308013
7089973
2757829
8394481
5986597
1932511
4411729
8217541
9535217
8152563
2422047
9857181
6519417
7243853
4133443
7893327
5427437
82483597
4620621
930161
8882147
2161859
7070109
1030011
69018413
7463467
13049357
7954011
180831633
9629127
48098831
5108429
9508699
501199
8686069
5935177
4398183
8261741
145133
4222831
7847477
5604939
6360559
8099429
8765097
958313
6400681
6506321
7112301
427411
5538849
4883949
5057589
1914981
6023349
7767699
8791381
4897249
7218249
3005527
6913621
2721231
4218239
86014233
3568493
4109191
9872841
8477013
4090351
1524211
5584019
5231583
6769389
7627227
6540831
3925723
319507
2291947
9963871
8295613
3727461
895847
8851571
1831079
1883291
1665237
9857217
8031709
2282281
936603
9881559
9734407
9285379
4334599
263971
9681081
4269913
8277181
2769569
270213
4926561
5215761
1825863
7299013
110539
842537
8634377
5872343
2159879
3261207
87542751
3674193
9145867
7741653
9838789
6553681
2123543
5107897
8336447
53426887
7086011
9026983
1395281
537591
2693189
6896177
8537613
8032157
7069281
239357
9207289
8346847
1525809
9133577
2580429
6478417
9513341
4337331
6749561
5762991
5787283
40843
58928739
5169813
5834013
5737423
79534533
9375441
9211099
