8805541
1371509
9814063
4148727
68903
7471513
516241
8745671
8846909
630577
306263
8715441
2982607
6636137
6527891
234449
532267
1663039
5718059
3466987
8949893
8786029
7597843
8072479
7689777
487739
4765557
7287749
2947657
1311299
7283599
1599799
5704687
9854201
5359001
5099057
6620091
8224231
5808113
9563893
2367029
7903591
117911
51334759
4110289
8604857
5350001
2009449
4438257
1121941
6411317
1437203
6401109
4349487
4273689
1975957
7524799
8589803
7251673
400211
9113867
208129
3075093
165535047
21884469
4510717
1221743
4938941
5550091
1754639
1370587
8661413
9204821
6770957
130829
1245409
4500049
2374011
8713217
4173787
4713341
799461
6761899
1903213
7097707
6311201
1389167
616181
7156013
8218173
136915251
7477109
1178109
968333
7215081
4841357
6114281
6212297
5125231
8552461
6227113
4832583
1456661
3779779
7312413
710211
6178511
7547439
4047809
575477
9209369
5481547
3291589
2417627
7870207
7869651
6464797
7440017
3417777
300289
3024317
2374399
1233941
5522197
6641049
9770683
1422431
9243029
6215429
3849543
3615931
3106967
1599193
6368589
3919321
5083949
7329019
4378353
8800499
7715367
7011109
7870391
7542951
4435353
793649
5950721
6272969
6834519
6595459
777349
2550137
8864387
5170453
4017429
9736069
120322957
9486959
6070943
4645389
2342513
7287513
8383879
7134321
3679159
6604377
2290613
3683823
4991617
8450831
8293637
8320561
7543513
2667433
3435121
70103277
6299557
2708043
1605633
136632611
7685759
6559907
8625997
4116199
5993107
351587
991583
5446991
6667493
3925913
777497
7382707
5229931
4987067
7542587
6824399
9732927
6233149
8757551
3548257
8433287
2111751
9873911
48389
9879623
9034671
3343951
8554529
9665271
3917061
9722073
3294139
3534013
9184339
4498437
5304089
978201
5106433
3762053
4779287
1352853
4964953
7319513
8417683
7624787
1532003
9504757
4524451
506197
3541497
5515499
5374631
7417697
3194763
3202447
8522129
8241213
72232197
3151131
8051867
17057693
4037643
332243
5658909
2763701
7119677
1363457
5199217
1256903
6666671
5388233
9826759
7612837
90475631
2545673
766291
699553
3988937
1563513
9973521
3086807
2204341
7235777
6635373
9561351
5127857
5879823
187083
5753717
7255813
9780771
2473797
8001213
9891881
918777
4416441
7866039
3666333
2854497
8411447
8311237
9783633
100450043
4342467
7159043
2619659
855709
5997637
8796943
9230019
8372389
5503539
631763
4909763
9011663
1334113
4977373
6559221
5319339
6121391
4868239
5175571
3113909
91159497
7095617
5603051
9501029
8267603
138189
1314179
8060623
2077871
7532783
2957621
6108027
4517671
2589411
111414419
2443627
507337
9731529
2504399
3903587
3956929
9192983
2473993
3111971
2993943
3172167
1121813
6637721
7974539
1935907
9770841
7726277
4177993
7841301
5402417
3631673
7613977
4649897
42331
8733707
3889791
1276187
4003859
6911083
8442017
8575071
6179803
36107099
4855847
6327471
9988367
2477673
3288997
5890133
3200037
5049869
7491941
7972547
3260103
3632579
35647
7709693
4536469
3792247
5309813
349381
5620767
2712063
530987
3693459
4191857
5816603
3628891
1547061
6810149
9129393
9826339
9471301
2433357
3606663
8779047
9764291
8268897
2486173
4998269
7557011
5623699
8927087
9382013
71603
6107373
8940459
303939
4953097
8242451
6901947
8294943
7379759
4535579
525097
7963897
7309039
7369681
4658393
5118319
6437849
8970471
8899227
902381
63103091
971953
1708333
4293451
3491549
2774007
326249
5604693
5103167
3889169
5769597
9213783
3007553
7499887
4949811
5639759
8493943
7786901
8048961
1529267
1811737
9237151
5630557
5976361
9177557
1164657
7563847
3683641
6212919
7702637
5672277
3667631
7941859
263223
948533
9160811
5086177
2346569
1218471
4018193
8238629
6906477
2210697
8652853
6068361
91085243
5317557
5100103
1931771
3572417
5153887
9321153
5909613
109756703
317161
20912737
1526117
4789411
6307481
9523547
8497521
1980527
6512137
5302191
9034559
7900791
7312923
9483641
119419109
8215869
5203931
2488157
1265231
1511409
4685137
935249
6801023
5140611
7588453
7104337
3679217
3305253
3933943
4127753
6416071
6101131
5514557
2992391
2776141
100387
6948107
7704879
3714569
6689437
1751277
5098829
4494681
4747363
3066991
4566593
72866319
1152897
7960741
15161121
5269519
5417367
4338701
9312319
7160663
4014121
8376963
14821
2772011
4126513
8378763
6628407
6361771
106651
5404013
2833219
4636803
6806179
9535761
2902517
2860717
6153029
3066427
2053113
9322553
5319319
9684639
2307823
7698219
3458359
4279153
651841
8670219
360871
7030121
4346587
3124147
269039
4043307
9436213
5643991
4071291
1947539
6846421
5853879
2819487
3287839
7761189
56863
4220017
467757
4394529
1814431
5815019
8794401
5012217
6427
9266637
6044641
4562533
1497591
3491863
3775053
9924937
63348963
5385433
341203
6266567
8359729
1832637
2488431
3073723
8833037
8635091
6665917
6626819
230643
8823131
2277223
2009797
7866243
6820703
6499583
4530267
8624889
8297969
6697397
3001953
9692309
25151
596039
8429307
7901549
6829277
8444307
8075971
1934109
7035379
1614887
2795427
4167323
6378419
3291277
3796503
8533467
5797483
9949761
5733273
3975811
2260519
3940559
3343591
9117261
6773447
5726519
1243017
787917
6053859
8652817
8158023
4959963
9504559
9600281
4132153
4935319
891427
587993
4601493
7169491
874081
108776829
2924543
3198237
5041201
282769
4396487
9826043
4789639
6619629
5305717
2016809
284389
2183699
4670977
5955323
6032889
976629
527801
1462743
1283307
542031
7083327
8923777
7600981
2745943
5782727
16555661
4612897
4787879
1224019
70569
8689603
2433629
8421109
6847407
9362213
6770013
5603791
1829153
1985099
9174261
8752841
4825779
5462407
8438627
8170321
3748723
9261743
1306109
7697899
1959373
4145841
669929
8455957
110374317
163039271
9738717
6843571
3457281
4015827
2391279
9308011
2029331
2414017
3470847
8399997
6087047
6956781
1929343
3258507
9483767
9784189
1749809
7966669
196766357
4054877
4633911
8448241
1775327
2227201
8076369
9520089
2889397
317127
7418227
1082007
999901
3257879
7399903
1599857
1234311
5442039
1583841
5873643
8923293
1712371
6987299
5286129
4917517
492623
6390879
127964607
110654343
8935957
6251219
3650229
9057159
5471423
3948789
9832297
2758903
2579113
7306337
2295799
9637781
2978539
7461069
9041949
3492471
9770417
3356863
8720457
4898673
7855349
5785589
5750251
299503
2515413
2894447
287059
8236821
4135393
8794249
4440037
6122267
1043711
42086747
4359379
956437
3036499
81734773
67538151
7994123
8056719
3994183
135175061
7058211
394259
365993
4515293
2243109
716783
5184769
164166359
9405889
4161693
4576557
1063337
6578283
9596467
3283627
4247401
8944919
4616921
4232723
4653117
