9917249
1767887
4732721
5993929
653551
2290889
6296473
7625163
2307339
652839
139203
7573331
4483231
5565963
654851
2558633
3928363
6713947
1391573
6257797
7093237
6102447
3645883
1139011
4178711
6689661
2322709
8736237
5330093
6006413
9964237
9286691
3880081
5702917
5674161
7335551
5627311
9676549
9369899
172953347
8624319
3142229
7779881
2779709
4674141
2860703
8677187
9931887
1394913
8161529
8837559
9332809
7778611
2793193
1044367
126399197
1031419
787907
9312371
6684547
8392211
7234577
4171847
5334591
7823441
6622203
9513513
8594663
9556249
5622489
2872391
619523
905661
9416751
7808781
7890281
6209461
1808657
8661949
3978007
7205503
6473133
6809793
4921549
6098099
7297299
1439613
9399443
6168517
5393447
8912291
458661
4760039
3813869
1268551
1260153
4548143
4972759
194159481
3484453
4157437
4540517
9446003
6650911
5278309
9736629
2927493
6997001
9435853
8140153
7050681
4805647
9905213
2639583
7110709
3002431
9203213
1268519
5639743
5009907
579151
1289101
9107431
3529173
2557819
194633
1208739
2778587
4707661
9575129
5727897
3219421
5794213
2023699
6137603
4250929
2996841
1862019
1471563
1870031
3099823
3424279
7720019
480253
5936621
1344889
60597903
4563439
7377251
1935507
1674033
7973429
7849651
6082937
4516191
3705361
8075843
1990061
2723337
1889521
5103571
6217809
7351987
655553
9693673
5762267
7855537
8305551
5161299
9693461
8341237
7232007
2985179
7070969
8699039
7886547
1659689
8857937
661669
922191
4739677
5938929
4628233
4300153
130109159
9994627
8181241
7563857
217753
5134873
6225861
9824297
6686093
7543979
8243917
8641737
7938007
1403633
6279329
150491
1219263
9884333
1873091
2534737
9069819
8088499
7197439
1943827
5192373
460189
2504011
3554177
4273099
1044421
6027281
1560033
2811247
9671609
8355181
8314721
899143
1886293
45920201
6411411
6422807
6088921
3658217
2714457
5701803
9660039
6405699
4457877
9137267
9247061
4050527
5360857
29216777
615741
2000041
4022039
4977877
5453639
3289383
2985567
3322601
1820427
5102693
4652409
4709109
8981549
813517
1251441
9712841
6701281
417403
6108763
4276401
8386951
2304131
6008691
7455903
4155473
7823673
5624343
7562201
9907987
106056433
270687
9067227
183243
316383
5193711
9120617
580701
2192163
2217291
6619529
4417489
8914613
7077003
5233971
77349687
853587
7182959
3880029
728147
6611729
21025711
8831647
3726793
6713727
2330689
2615837
4710203
892479
1132869
7389251
4431669
6462989
9406321
4098261
7008419
3980557
4321291
8733483
1500539
9607519
8798171
4334403
725577
9065449
4797199
9583901
9550027
1997997
50453337
4634379
1382433
5337997
4183529
1955077
6061963
7441601
9822569
2814993
5207389
7239219
6201613
941371
177538379
9973423
912613
4804169
910131
40210573
418427
4790019
9413573
956217
7486033
8808079
8394857
9127179
9818281
1223097
1070799
141446801
65618957
9366647
1574747
795597
172096069
3740303
8111507
3115679
8159147
7794751
4805539
8108167
3124601
7301831
428251
1408821
1107893
1946171
4998263
6747951
1680123
9147521
1597921
164723
5903207
388341
688013
8378433
8677243
2527559
7455937
3502923
1367099
3561723
8719221
551963
8738337
1384413
9846843
1877483
109820719
1481979
9068411
7939757
4643821
3164309
9255129
9844579
4860187
4392471
1307359
6386729
2988073
8951981
10686473
5332963
5330371
6287381
2589197
6858859
3499539
8634387
2417243
3567217
578651
3464793
7115647
180869
8750239
69252241
1470883
585437
2022801
2099183
1815363
2448611
8575629
694881
2978827
8307687
9089497
7038813
5835449
6280791
8679837
1600939
9625141
7510403
8550937
9677581
7966289
4579769
4600129
1718743
9198363
6734221
5108533
9634827
2232991
2061869
4917239
7684083
6987979
15856587
3321621
1512703
7615587
9949441
1904693
9344283
859901
125437
2188533
1516313
6817141
4259417
7245011
5323771
7436391
6849479
7582461
1635637
3061907
5170799
8566409
1542443
1848799
6391977
6663431
4636673
171657579
2792771
8268957
2404601
128428977
23692311
2787003
6686529
7231559
6093717
3393109
5230003
3571277
5976473
7211903
7677333
7262299
1029147
9235657
117172063
8759271
164714863
1888731
2774163
5593903
7452891
6975701
2681899
2927197
8413911
9736671
4703759
9043983
931973
2864629
6797753
1556653
1224219
9326903
9994067
3948927
1595143
4281293
5798313
950059
1622029
8034599
1619383
9718789
6174007
3759713
337261
7611109
4886403
5875171
1950307
3032051
7648367
3188657
3503559
9319853
7756099
7450819
185232151
496771
1406441
6761449
7094589
5252311
7233921
8826657
5019229
5884957
9568227
1418223
9453319
2772613
1058169
9114229
313653
8037193
4307379
6205403
1731109
1789679
5012543
8940873
4788963
5122109
1738771
843777
245771
123074549
5070673
8598959
7752347
5205527
8407113
8195037
547041
3652341
1042267
4033513
2414749
5084313
3747293
2143577
315271
7430367
135444411
6333339
1205707
5007367
811369
1274483
2366201
2491837
4175491
3937201
989239
6466633
6149613
4524731
1563309
7348199
8644499
4375401
6040461
7267719
4545307
6802221
72976153
5806299
3189809
5651771
1934627
6944507
395803
9284457
6460057
2012397
163125583
8413487
966097
7690857
3424769
6081489
1423899
4728093
5155559
4219151
7786479
3008277
2265817
4801851
5630819
2380133
5175897
9656419
5977991
219283
194281613
970239
8771169
5430271
7804287
3786407
8130191
4807031
5883609
697587
1923143
6052519
3125771
1682193
3163649
6014683
304791
3666647
2291523
4966869
177833
9969189
800619
9512673
3968619
6026061
3016537
9993591
6342499
4010461
2616607
236767
7276273
4398779
6169829
826231
423567
4592251
1175603
2567557
2948121
5713821
781177
6324953
6444709
4020777
4040331
40641843
4602339
2826001
7051781
8042007
2982769
20341949
1186571
1557971
8307553
3951781
8669403
2059023
7224919
9362783
7499437
4563681
6264959
999243
9510923
2847763
1839389
9773439
1703779
9963947
5273413
234517
44647633
75069
417591
6677569
9042249
6984203
8708713
8838491
3319931
9435867
1648669
9038103
1274563
7924179
740019
6919741
8184961
5459981
2678397
3651351
1236617
16350561
9197853
5351833
606799
439343
2808091
1013789
6469
2863703
7364667
9221039
9093449
1319113
2517487
389289
5986323
1342887
1833631
8780951
800157
5248103
299051
8885763
9666199
884273
7344391
2126441
4371649
138108929
5212369
2562501
2499383
6747937
8081403
6811641
8097451
5987031
4476301
7120897
9124417
7423013
8711243
6294409
7511987
9707067
4714849
3980611
5561169
7120763
9436447
9947687
6261787
7277899
9720677
9450061
2312113
5643977
99527
3470211
4683703
4744783
833209
5496797
7264943
7040307
7217921
5442547
3958201
505583
9195333
321677
1128709
8655139
6541899
6028941
5723377
9288523
316389
9645389
6829651
9798697
2540869
2581379
233601
5920017
344273
1201053
