1907149
2014081
178632433
3100047
3566901
9888059
4070801
4077983
5519721
9736037
8311499
8337071
116722773
8293123
9353843
3814739
2434197
13316513
8058489
9128181
833713
9730133
6879931
9574057
6974469
218359
3123573
7514081
8255043
9698003
2790967
375223
5283091
6586219
4375587
9755997
4472127
3747299
5018021
7454397
6952697
6189429
7634513
2234587
7319477
9223919
161697137
1082619
9404181
7485597
1626011
9409129
3851679
4513891
6491337
9601743
4136817
646751
7488873
1895099
4245629
2186189
8098447
9668247
56847991
4848283
34708111
8759651
684199
6556099
816579
9205417
5080671
2852727
91770831
6554249
7544757
5423439
3866121
1884739
233191
1394779
2829757
3069123
3590867
5376353
8816381
7129241
6738497
6522967
180585571
8100167
220681
2797213
7534251
1171517
5477671
7976317
6563293
3022193
4089779
8840783
8643113
58259133
9786031
1619783
7457039
4695171
9334417
5102449
5273577
2379657
6845853
3463953
3159667
4832061
270753
3726623
9572073
4788023
9895873
1496937
5083901
128227
7939331
2237211
668543
4557959
9293291
917571
8897283
2005321
8577547
1506559
6132643
9480047
3211527
423203
4866259
8634217
8002911
9169847
334537
9769149
9016793
7311449
4609931
2760687
28386011
3703199
8880399
5188511
3000877
7316091
7272813
3490321
2693831
5349511
5637537
4058051
3113809
1730699
6936493
286787
168256567
4131669
5954341
9604793
8241171
7482983
7628537
2352931
3330799
3780969
7294371
5818031
2852509
8038611
9712019
4844247
4049429
1449269
2785443
2622777
5110981
970071
8972709
144013
8097607
8456663
794729
9282543
5920803
7327731
18809601
3561391
9829127
764889
3436807
4146219
4526463
5767713
965729
4288497
1781673
825781
1962347
7063663
8821117
2569911
7038709
5827033
7813177
1004031
3954133
4561167
1002523
9252029
4198889
9670351
511853
2896787
8365889
7044543
9536589
7610819
3932917
7059519
4708081
6711241
4380543
4909847
860297
1375789
9356009
7064049
6643451
5732651
2050729
3613721
8446237
6425377
9760379
6618593
5106197
4862069
2075283
5181141
2848501
8249557
9580081
2908361
73809
866469
7212947
5153857
3333369
1511571
9984169
4372057
4400619
194613461
4014807
8367277
8060551
2374877
1691091
4857479
5071599
7104189
8611261
9798443
184944147
102813079
78860443
1298057
5869083
5158943
8854389
8464927
164593589
3879647
8971759
772067
8915043
9432311
1611643
8067033
78599
9368813
9113339
2070601
4027973
9302223
3994691
3054019
4833007
7351657
5378737
6798403
8277813
2623579
1043611
3778277
2578897
5082059
1909787
7416983
5703887
281907
1268831
3679887
1304487
1987633
7122853
2653767
9604491
9205601
2798669
5595581
5644993
568757
4104439
3468719
35159541
1387003
8041047
9674953
711249
8685853
117228719
8337499
1657431
9589223
2842513
2337889
4874633
8600853
8787119
2615737
8319547
554417
8913113
6287001
2020659
243763
6391249
3734133
5388827
7813053
5912449
635331
4641581
8103497
7565261
862723
6374807
1354839
1107801
5941201
5533857
3752181
7117071
8523299
8209211
5845283
3189393
1639807
374853
6360801
8524629
8644997
7410539
9733203
6000729
7102757
7894641
7852019
8715221
6862301
8979381
1378033
2904949
102507
9433751
3369029
2614933
475093
7690611
5130541
8252683
4991187
6928019
6788047
767971
5705853
6241019
32751
3318929
5536901
8293343
5495129
4140183
9910999
9160537
4475537
9474879
1758019
3483077
9626723
5358237
6132461
9510819
5513407
7892411
9053473
185944209
9365759
5088617
4177621
3481753
485371
1331939
5422059
8300477
5009971
2143889
4594203
9092579
9064221
5399703
3596941
1126831
2575387
3711701
5169631
3995559
9549567
6323743
9018997
445299
6637467
6011659
3930051
2518329
6798341
9724727
5698899
136535573
141819377
6511941
7740587
2948539
4611939
9305749
7889997
2426761
3087981
8763799
5573921
249123
5627003
5386357
9180151
5725229
4545399
992957
8577251
7023193
5086109
3476887
507799
4795967
4267919
6519103
8497137
4576671
906939
5134041
9645597
5671189
8695197
6091611
8231647
6752991
2086351
702621
6469149
353983
3313717
7281597
100322109
9296549
9036607
7852489
7298559
3755043
3817719
4791639
4118631
4787911
5877491
2179757
1548743
1522799
739751
6105181
4978659
3178003
9984737
1856911
6723399
6578627
2217379
9409149
3458517
4278461
8423123
6807079
9867257
29816989
6554499
6469859
131664399
4310667
4073813
9170631
7173481
6509643
809081
6070157
8750981
7574867
1879067
8348639
8855603
6251387
1316903
3020359
1779129
8442853
4054473
1549561
632509
2890407
8175513
185549409
5776003
7159021
5769047
6343907
3537899
4155773
700539
9566767
5374441
9202667
1041187
1241169
3856189
3300949
2652667
4414377
971717
3573261
38932201
7262101
7960031
9741777
2539723
5508003
391033
6147791
3204279
9081281
6189607
7631307
1923899
2676851
5462753
1123243
1955831
63327
8493051
1557543
4725861
2881681
6758317
9721167
1282157
7832751
8040767
2806009
2425681
5383291
1910623
5237357
6775119
1233011
5106517
6737213
3054629
9657641
4624807
4931161
7993889
8449877
6143029
6708739
9946169
7768117
7465461
7290177
4988181
5609111
1925029
5964999
2836821
72325169
9478831
1724663
8824977
1871197
7835937
9622211
9513381
5217447
2784409
7775057
4972907
4275227
5753301
5531449
8555197
970691
6956173
2910551
177461527
6858623
7164591
9467977
5154291
5643883
6331121
9096577
4822769
7508743
2833249
8514071
1883257
2454111
87686809
5868283
2327297
383297
2864947
6259043
3262903
1194781
5942501
8177849
109231
1007241
3477841
4138903
7419721
247331
385833
4982221
4520171
2404189
6987187
4666773
1497151
4808961
3431837
6601041
6493267
72869
2870813
5989553
415961
1898351
4723337
3958423
9340987
6525819
4616953
149701
3470451
1722929
1190137
91937301
5026583
3266667
7887163
3733863
8391809
4057589
252753
4524833
2582707
8042899
81325129
6866741
190288699
1026449
933649
8160113
1273113
8593203
1639629
7232697
2100467
3454551
2918353
6581527
9591677
9390343
125751113
185675389
8862959
3069933
148484887
8380659
5305363
2705567
4638677
7684681
5425523
2553719
6477263
9090231
7141897
762123
5747939
1337511
1890171
16303
7081799
8764603
6512533
647083
733017
8405713
439323
6960617
1942541
1356147
9826433
3397189
9832967
5826541
16137847
1013897
4179653
428141
403129
643821
160547
6910553
45485173
2984703
8237001
5036019
5352223
2384223
1382079
6934397
1438353
2833849
2853173
5156481
159383
3599373
7760651
8705391
423353
8391557
9175869
2404267
9492741
8320533
9375947
169450017
4725987
2251503
1576213
3934807
1424767
5820173
5606263
9226391
9804697
175633
8135121
5114031
4298479
8351903
1981553
6518717
3890799
231569
3626323
9378797
157185293
3429987
8736089
8833209
8714319
8862733
