18112283
205367
5805681
189877971
8342473
3274083
6983107
1048423
1507621
5514851
5533717
1663669
3645861
9623069
6761257
5954101
9838341
2860691
3906001
5202923
124559
7507059
8829361
8499941
92725977
4953257
8126567
3725497
5022471
5830789
3705253
1611027
9893557
840501
8702877
2981071
5293509
8989531
1403387
9874421
6921969
5645389
179156787
7429863
5932667
2763689
9626999
163919239
187492919
2015449
140922973
1459673
5724787
3138013
4949743
4552647
7346313
5320391
8657053
3751139
2997577
7019813
2199819
5644043
9198191
6328503
8963739
592571
2880057
3731561
530253
3001723
7580341
2965563
4827711
9136807
4635661
160656917
9555567
6967627
7278853
4851387
7278893
2728331
2469769
7870979
1257723
1228517
8592977
1381297
1441293
7935177
7608153
9346341
6032047
8753567
3640239
1163651
8149199
1135913
1384373
1775939
2190237
165206981
5157091
7170279
3824801
5181561
2521803
4911829
7986597
1569677
269049
5816477
1435233
3124593
313137
6437787
6013153
8917751
5206043
8220109
7527121
19389
8082423
7824839
5924347
1100717
2822597
142203
4061009
291967
7081171
61389803
6869917
9254249
7694107
5440307
5659301
149021749
8308729
5061593
2831369
6554661
8200547
9623801
8496899
2946549
6277127
8839887
2912579
7807531
8916493
5782541
3306053
11738831
4827037
3250957
6653523
1753009
9163081
2239309
110276309
2885757
2507257
2316063
5311077
5103337
3714639
127666133
4309439
6661847
7041643
9838789
3994811
6159311
506671
4263167
499559
993381
3443527
2035339
8297127
18759
9892543
435589
6149371
1011769
6953061
6033003
9152379
7863657
4662091
8954801
788611
6774409
4024091
159987467
3758591
3733543
820653
7004789
54931607
7729479
6140427
4361157
1145427
3205739
1429789
8388513
5860881
7903433
8793673
1402107
8686971
9190613
815997
2428471
1335621
8257503
8399241
3843941
1025823
5928989
2925339
6762629
7390587
8539613
740561
588919
4197519
427171
4535677
4858843
9263941
3228741
590833
1285739
4197593
7528423
6392963
5577359
9136251
1171419
6554171
163711
1993341
1230189
5222819
50266923
6329577
6132977
8796267
8070023
1235817
1174333
163845559
681419
9942513
3463957
6890781
1330717
1287719
8310299
8889063
3974421
5375951
100171179
8794061
5297383
7637091
1044039
6479371
5702237
7155431
9065773
8484681
1204121
4213603
5336497
1053179
3830993
194604131
1297513
5457343
8538183
2532973
3386633
78430417
4455423
4119443
8648311
2453069
4390489
544481
1640227
4587081
388313
7280797
7059159
2414607
4528361
2104051
6196449
4916963
9542203
8955867
8739431
893419
5949901
373333
3927171
8235909
184186187
962731
9334721
3812241
5635363
7087681
8605061
4489023
4036067
5664259
1127021
3972413
1579763
4664677
3880813
2303207
6626987
4328933
7819159
3266971
4876699
5855961
6337559
4779623
350899
8333253
6605759
3140221
9743779
922941
2291987
492391
3995347
4318739
4285547
2089213
7560391
6414979
8092521
7893279
1471117
4144441
5343779
2736643
636317
2632149
5806547
2293419
6152437
6793419
5787401
7006863
6905321
118872153
1275061
55069567
9548511
9996049
5664823
1058089
9466029
4581921
9519937
660867
1222529
3758937
8839903
157618153
2634311
9057229
8032997
3102203
9541119
5743503
2042759
41330237
5192691
442383
1703641
4847407
6735623
5767011
7290087
754283
7614603
5972251
476231
9980911
6673677
454187
6841709
9140943
1050663
9710789
8946823
5260221
8783767
1435193
5720937
7022277
9620629
9007059
8571831
131913491
2634881
1869337
6199777
2203359
7449993
1193549
4200371
9860211
710789
1140039
5328717
1813603
4640817
2410679
8484389
654597
810997
5542103
4326513
7150799
1100039
5100761
855037
7309941
1973183
8709331
4015781
3157353
1429449
2049251
7221963
7972157
1731481
9613351
2392301
6333559
5485547
8584371
485689
6148893
2160863
6879529
7107741
4363341
2947179
1756517
3322797
32209
2381733
4727871
1542717
136077789
820567
950119
5690463
9724547
3290081
8287069
7467809
2776003
6249237
37063751
8781189
8336973
9659543
1508841
3250981
9688229
2149149
5280107
3555137
194007
9693389
533089
3536871
3779961
9925531
1178101
1738823
3162007
5235811
9668017
6865593
8595423
1891497
3314529
8153333
8009237
1505689
9702831
8077057
2488669
3526197
1005653
1473729
6910537
5157507
244867
276927
5346321
1990993
2550231
257493
230663
2743173
1505369
7790443
3026743
6997409
8101843
4326239
1703513
2549151
8163917
8780453
6453409
9978869
1157189
6914423
3537067
57547563
116488777
3555339
491923
9980331
643313
5372957
8472173
6680061
4501821
598701
1535037
2701571
4423693
124015307
1601959
1924349
6936837
7074887
726209
26443
7136583
7417841
7016593
5911939
3878281
9941551
5823609
309933
103877351
80008603
128463829
3174593
4638543
8914579
1342643
6469497
6988163
3471723
5576969
3634409
171241341
3090591
5777653
8290033
7557651
8620829
8946877
6597591
9601249
490089
1185329
476921
1155449
9150949
9315737
6999077
3415497
5230463
2573793
8320359
9297479
2381671
5738779
9166461
7591651
700263
4112387
4967681
1860137
202349
6519793
6841993
3465923
1646031
96776459
9783057
6338399
2251013
8542073
9035647
723621
5469139
9834669
9913209
5370353
617219
8563513
347069
8225603
656043
4868783
2365799
140907543
6925691
4865521
6084629
1889441
3887953
1065893
2569237
8758547
7894529
7659823
9448687
6766497
2559399
7676383
4152171
1068051
6793933
2010943
4324351
5482153
2075439
3220851
9661259
9378059
1456657
5818147
1043979
8566177
125480741
7355977
6325839
9973097
1120481
2698023
8701599
9693103
4244313
6777047
2490397
4191623
2859409
3214003
3826751
5315019
7064717
3689153
1895663
953737
7096237
46463
3244973
1531761
4548149
4648257
4478631
2243961
4781679
7733581
8752443
3183337
8098037
4307303
6328577
7883189
864853
2589443
5765799
8972527
398657
167414647
5050757
8633293
4700359
108699
6970811
6741183
7059591
455209
4764877
163408789
7889617
2219573
3463081
1428403
7657623
4945733
5192339
4639639
6044449
5464497
4774059
8329579
8450179
6092147
3724147
2393951
1769451
2516109
5614663
6266539
2475411
490511
4615271
3467999
94483839
2566033
6103651
8891173
4916309
152747
8430097
712509
4026823
2970511
4747397
8891863
6867127
9068909
3825773
6503779
7623857
3758399
6674813
5726241
6351811
8302359
7885221
8376213
2200627
777753
7921087
2221321
3084591
592477
2877101
305897
9264297
9631031
335081
4059457
9336931
5394203
6256443
8634537
2171641
1262589
5885627
6114937
3212183
7585997
2014113
9972209
8446539
721139
1421127
4181317
917699
4162267
8740037
2531371
8934249
2681239
7258773
330273
5038619
3985167
4226229
7137219
7364747
2740597
1272679
1170237
7129961
7086791
5515669
270991
5170971
6593541
6824409
5316349
795797
6792663
2039153
2582917
4024399
8587191
621581
9919489
3674251
2320109
790849
