9888479
6039009
4491287
5931589
4035407
2177399
9911257
5895107
9381367
8276139
7329769
96232793
8907639
4285317
9366447
1185149
5755253
2739923
6512909
6196229
2256557
1075963
5293231
7164637
9963903
6028443
5459401
8760859
3115601
9257777
7014343
4475691
777323
8989347
4062411
8358543
6646583
3998297
9321769
8534587
7789621
886041
704283
6185759
7401217
83354549
2115633
9307393
4295977
2587229
6778849
193251
2476559
7299381
29458277
4298677
6786519
5587451
1552047
955079
337251
49625401
9663211
1731549
2538979
8227931
2094927
8232159
3401691
6446813
181712973
2650097
9069921
3798007
6133597
9666659
7681257
2841549
6243649
6640079
3830479
1737099
9276213
1275091
9244677
7234203
51711
8473203
3963963
4457369
4885529
3042651
5745703
7172871
1788851
4825289
2385969
4247579
7538917
202271
6339727
7347437
5723603
2708981
8156789
704711
3505859
8355167
2981953
7470517
2126479
6910173
3678447
6851741
2438841
2874231
3105157
3039917
9135547
9524329
747969
2523601
2542289
9681691
8650959
9867667
4589227
451093
8227953
2151959
4628487
2129071
9500849
4663003
2197711
8915367
9533491
8075569
5398883
7829443
1411679
6108543
7843899
7045817
863233
6084961
2481507
9200507
985271
399237
8696347
4185779
9214601
658863
8454751
5517679
4719909
2767519
5513071
5713763
9538039
2906747
9079249
124376143
7021697
8501617
5082903
8228921
4309737
3778901
2364903
8390423
178273467
9829429
714061
5158059
2501663
4829157
2026349
3707929
43134703
9901203
9674471
7500903
5715933
4268439
3286079
1753129
2389893
4788777
3995071
9134261
5687599
134449
5766211
24803427
9585011
6948119
4841071
93767
894533
8122557
4863991
1950857
9506277
4350133
109813
9199843
6334613
2309983
1474173
9149477
2777293
6660817
5119137
3612207
1833387
3459023
5554481
3549821
9981891
3453229
7172159
62119531
240319
909759
4806281
7060473
3651903
3826009
9753441
4384163
6567091
3966139
1817849
9235189
3255923
5641979
152137459
9592297
3282087
6396559
1929023
5798197
3505897
4279633
1473721
4724451
9470607
9517399
291093
2878117
6558311
5619417
8042979
5194589
141463731
5733691
9068403
986827
2589041
6194397
5243683
39131
9067319
4473879
8889971
8685691
481121
194357
5163259
8570513
3474847
6057159
32929
4508913
5142091
4961253
3818447
3148379
6601767
4317189
9297839
7056909
8836679
4947369
2754419
8839613
2945463
4524839
2094627
3864607
7722267
1640113
6308467
9799841
2475897
1760587
2018793
1944443
1795251
2261543
4899773
8786113
4841099
7007929
2837639
7549141
372391
2189993
7734111
7075251
6577927
3916053
3329851
3504959
114468817
9687669
9846597
117152599
1465179
9960437
1953143
4721533
3709183
177509
949743
4478557
1355439
1231577
4263797
7465099
7586749
4090721
9829561
2789157
3938531
7817897
7550979
7692747
375897
5372833
7085531
8999981
5568503
569471
4582693
1830191
5500549
4087573
2531311
9759561
1717121
6030287
5133173
79565567
4825057
2176619
8589419
2876053
7171681
4967243
907369
2273899
413979
3138713
3259463
4643001
5060961
6560799
7937141
2063283
417401
7285667
10693
2688353
64651
6040069
2164373
7959077
5381733
5852197
8288773
9505439
127879793
9345079
1279989
1320437
1039743
7118463
140157167
449543
6636987
4249601
4563087
439411
6354477
49109
8493903
3754697
7739561
1532123
9899631
474267
8507769
6471979
7073227
7452587
6698093
9343173
6949171
3537697
5335311
9494233
4513343
7508121
2073323
3650259
2494363
9854809
2408531
8224121
4160507
9845309
8793951
9811771
5447303
5840563
2416287
2860589
3919981
4917341
8898023
8943833
527261
6180303
1087513
2805663
7636677
437279
8165021
3300991
5427283
9193031
4190639
4313541
2200689
7964187
4348589
1356151
2211117
634263
1780681
5620901
4642929
3153093
8678791
6818883
1889951
4318549
3904191
4557951
4364509
11010341
6891659
730981
6636009
1251113
2087839
3351519
2404801
6407127
3498961
7617251
69585671
6203301
5478123
5879983
2185479
2439727
362951
8063327
6540657
2254997
1528823
3328131
5421211
6858047
8109929
7798307
9999537
2810897
3284309
3178389
318117
1499823
9755999
9863891
9721807
6074909
4603751
6994453
9587571
7356909
6823573
3875217
5208789
6094739
5502733
2984047
3373931
9851539
5393941
3530927
4656671
141758473
4292907
3857997
2296517
2639607
8272293
3401253
5846641
438931
3199213
1616397
3123473
5827441
466219
2693539
5831097
6138879
8457861
3495939
2550783
6843527
8748073
6333463
4506861
74889
7996087
2099523
3763987
9143457
8266549
8120071
2756079
5950273
2703343
398361
3307563
5053813
430027
190290041
9348453
5914033
5448061
3647571
2019411
4288759
649491
8273437
4599461
2239103
3322043
1423341
5931531
9720083
4362209
4369517
7699727
173853
2322151
7261077
748241
5032941
597839
7467963
8313759
2065777
5574831
8236591
3044123
4348633
7073117
3988289
6171463
2787207
4970151
6813537
7507967
6331669
1415341
2231119
4589799
4686243
7682241
9441709
3292361
4995947
1483591
5069429
726707
5409319
9879663
4108229
5697527
3097109
2317239
7666459
4392279
1555807
5492443
7660957
6936357
1500719
7608333
6430073
9586619
3505651
157506199
45916219
9599109
5743869
7161661
8096817
4445667
985147
1964691
7766487
2738587
141217
4358183
887107
4579431
1944911
6393979
6849541
436801
5529081
5952851
2350663
6544123
5659763
8979753
2991833
6015701
9036631
7453387
5941277
132451
103382207
7806953
8863167
8129019
64713
9568339
467881
6046257
6710121
1778413
951987
393951
2548693
7661883
7119321
4266849
7350507
3696889
2716561
6179383
6460511
4437527
6214413
4947681
1978389
8196787
5304673
3513583
8463571
7396531
6259863
3103713
5079649
9131147
5298089
4392231
1623331
8160639
6699413
1682621
5907863
2325761
5118547
6191387
5978249
4537243
330157
7545573
1344927
4652921
984883
5414769
3937193
7379419
7039567
4839679
4538343
8106007
2622527
8738937
8134041
722827
3187339
3254037
1455449
2204803
6442361
9272589
3868841
2036849
6104113
8509607
7320397
2269449
4891743
3580341
5790651
611369
4890783
3905883
6110687
1114831
4347347
635033
3153929
7503281
9129417
2831
491267
9323289
3957513
5323193
2282907
90291403
2864167
2432407
9146039
791729
8326729
3421767
6399083
9265863
9147337
623169
5081173
2238339
9922573
2062149
3579001
2337923
8691543
1138953
282021
8715049
2036667
5655711
3021727
2856653
9011631
6610653
37849711
6243433
6282573
5645651
4581747
4407701
1976007
6565031
8160261
7837021
2778211
858529
9814143
114773
1020841
15372439
5282457
3909317
5497811
1226501
6302623
6032239
2810123
4399887
91822763
5333041
8487183
8343491
4776119
740947
28810771
9551117
3501447
5616347
3049229
