2000299
1550257
9557131
7543319
8223257
428451
1631447
4810199
2198687
3908853
7118311
660683
62809
4324997
3852797
2020183
6414683
151453
1625433
6422347
1595289
8450979
9495177
4027893
1169879
3571067
2802369
6634309
471157
3454077
9795879
105554631
5361947
9423409
3461671
4624341
2257827
4681061
2565263
1142717
9971639
7603359
2020599
4721391
3263653
7697577
9756291
6904581
6967297
5874209
4885793
5514463
7574849
778477
2955321
4470223
444551
9317677
3039449
4108437
252813
4737941
6056017
1920289
8855381
8292049
3963701
5582609
4851989
3296249
138316717
58819
228867
1531761
6783343
7147979
3840111
3536113
9894033
2249109
3774979
9462523
1071137
2264187
6507317
1411829
4623341
4992167
973463
2199699
439721
1136441
4545681
7653219
2123377
151019833
6268853
4190961
7988787
5694793
2495371
4956867
6922987
5765049
9109759
9732359
4206303
127407711
435089
7089519
246667
9800987
6224183
470413
3835583
9989397
3068829
767863
7410957
467679
7175877
9668573
9790267
1177823
4832117
6214177
5966501
9193203
3755967
1408993
4879021
4510519
1449897
7190739
733259
4418527
4322487
6073981
7399809
3309791
2641397
435101
9144191
1959051
6933649
2444141
6480963
7412957
6638173
3712529
6031543
6317963
2736927
6887053
732011
3299039
724927
5630833
6849389
1222481
6290741
891709
7419459
3651949
9818203
4310753
3458867
5266269
342163
5401103
5134167
539489
1001067
6995069
6703371
9120137
8255449
4323903
9408227
4776609
2973527
8817591
6943219
1862937
8605943
3040301
6043001
243413
7060999
9871823
5457747
7368803
4403079
5731341
128623369
6210437
3629151
5478279
7346413
8228351
7333179
8148217
631087
48605367
8686049
2953587
88409
9564333
7557933
6283247
4591583
9662577
2258569
159996161
74056913
5133431
106827849
2660101
6989593
471503
3169913
2217969
5977907
5474541
8831463
1426617
140851
3420229
6042787
233951
5545797
3961283
7674259
4964819
2101853
8297707
263819
433401
674573
3120201
1622831
4803483
1210993
8245589
1620909
9051191
7881711
4815989
5306347
5910881
2667053
8335297
2303207
182379
8598281
8039603
9640017
5319831
552933
6097907
2984481
3617857
35687327
1972399
5409397
5884201
1396189
1246271
6550809
1247863
5801569
7140423
3741549
9630813
7357367
576503
4205283
3560411
470997
9339113
9929013
1753599
8827427
2768653
196442241
7589037
4608787
2460451
1273837
8736199
5204183
1739507
161772189
5131819
5087671
6430449
52188453
678929
1867691
4778667
1612573
4060433
8124121
247691
3584673
6239123
8591941
4214657
5510199
8480231
2224067
4227957
3829113
6470883
5286509
5574183
7921797
7175227
4490021
2950881
6768999
3391521
5735499
2449771
9329199
3024579
3148847
8035871
5583429
3180061
2571851
129434939
126259957
9461771
1356833
3456767
9824837
2818107
5132529
9660183
3967543
7467747
6882747
3248433
5080049
6494471
5386227
4976961
7245839
7584437
8340001
133159323
264421
4400013
8644087
9557651
3450179
7365813
6205319
2172981
1817171
26068219
2479077
106193251
4940787
3900619
1466801
8809197
5591639
3311299
7095611
4540433
1434859
520853
165010567
3855729
6415119
9732311
5696193
3210847
6269923
4326827
5918519
6860959
7414671
4130661
6232023
8401207
1880017
601511
9597133
167321937
3243433
5334961
574637
3512383
1151337
7171483
5222893
217543
150980363
5110793
2188571
8840579
6787641
34283
2641849
1745969
7174309
489897
6204491
546903
9655459
9231719
4471929
2834303
546377
2993477
9108269
4977219
1411599
475851
3628561
2401391
6460029
5353893
9663289
5173219
3748637
9099409
789417
3113657
9344667
6331031
4947673
4881253
366961
3523167
15656119
3453031
9536197
8680093
8509577
2106681
7175441
2207547
8378301
102511
2417
3759409
8168483
9193637
9406431
9019209
149979589
115654837
1253693
5047681
6255591
8289107
9529331
6913611
6482609
89267
1560323
8406649
1018539
2256793
5699983
2348377
6923637
8752383
3170659
6020717
3775737
6948491
8683833
2048443
4469303
2455817
108531663
3019741
8112679
4176613
7499473
1253929
2748251
4570313
6315563
8524791
6819933
1519877
3074639
4965753
2522939
2345827
3737663
2743843
7907303
2278869
5870917
8083367
2652591
8609279
675357
1871027
1395201
5748091
2146501
1251567
1213899
3281753
6289291
1559451
4205961
3902961
811393
3022647
7205371
3434051
240823
8265489
4052851
8929283
7222689
324961
3753649
6257613
2692407
3830173
1496609
8379441
32371061
6642993
2666327
924057
9214691
3410129
4411651
1657561
728883
2981387
9941271
1816953
636583
3671831
2437457
3354753
772543
9248081
3704221
75444061
4815833
6711931
3050053
3498513
3912849
156163
3426531
9167889
3798033
394687
8995071
5829489
5968791
302051
3594463
8625723
509081
8183801
3854153
4923
5021667
2791933
2722471
8121289
3394217
6591563
2830919
3783701
4859559
3224153
577909
3343317
2854649
9180881
3106247
662537
8513667
7637051
7265117
2549559
6395059
6315697
5300909
9667469
8318397
3303467
6549667
5150559
3825769
9012499
7293649
4465791
135962951
7029223
8078361
5121937
9302383
2509497
539507
8911791
8957659
1324897
739381
91779939
13598721
3552631
9251701
8428623
6955511
7129217
2787769
9104359
2660837
2034463
5215587
6911321
9609311
3349887
2615683
675393
736079
5385687
5587483
2054069
9940933
8838859
9359083
2237963
5010059
9378023
4686397
8006637
3195087
7711339
4111149
5323007
9801377
2776767
545443
6731967
7159311
2865781
6420417
8402577
5684331
6160779
3291213
1498391
3423729
1276187
4723873
7729007
3343621
7206851
4114617
9210697
1606921
1824279
9402681
7580573
2708739
2658213
5308907
1371959
8528431
1847639
2128621
6355917
7554409
3210789
70933349
4338963
8040109
5252623
9252591
9877773
3030659
4876467
4495983
27531487
1838847
2025361
8226511
7042393
5069209
6428041
1845513
1510337
727653
3897757
5601663
707003
4934651
8988447
7987001
4277239
5242279
4276661
963107
8864579
1168437
4864141
2536079
67341933
9666307
119412399
3015217
9010173
4883439
107363993
9489067
6961243
6880689
1522759
2184683
3006259
44261
3515431
8617331
65903
380027
30915293
7213583
5350699
299251
308849
4205351
8045411
9730511
6037711
4483769
610041
7298949
6452429
6677291
3960757
3386813
5716257
3307863
4499943
5111073
5482547
9101033
4259701
6010823
6625371
5941037
154427
5277261
3101581
1339137
3634463
937067
9118839
8779093
5906809
5279423
4424379
2019439
9423029
5105833
5117913
3124281
7320489
2258543
7414321
8074441
818053
9579719
1290733
6876837
8818047
8754721
6340141
5025347
703289
5835837
944121
4812819
3076337
3228273
8196831
5153401
819853
2665107
1593713
