2140367
8597633
4811449
9935861
6185211
7621159
4112487
9739801
7224139
3695407
2708777
3553153
1811939
4995817
6330407
5156869
9851721
328491
2120821
1061777
8579729
7202411
8182177
6292889
9192089
8658891
7199851
7048427
5730611
1643249
9618583
8333373
8623957
93669031
6712651
69281
9918927
8243107
2143881
5558443
7776879
7973559
1335589
187813617
5560649
3830471
3935541
3014781
6682489
5363219
9293423
9819917
4901471
9242729
2103709
7170141
2779887
42362203
1364683
3448049
2055527
143717
427027
3540881
6066523
1951127
4235707
8346573
2772963
6422213
3999433
8791429
4058613
5603653
1529727
1506009
4938257
171851
6837679
3423611
8358683
2821151
6857543
4648183
197783367
5260613
1240561
2759699
7522687
3997341
2390179
136126267
6402087
2899907
8591393
9642739
4370857
2312369
6084713
131393
1404893
3842967
4858631
4579469
2421309
1079697
3440603
8297007
7346041
4229133
4735359
4563761
1644041
4538563
6822167
8996007
9719657
1597839
8890379
103769
1280381
2199709
4101159
9336893
3831201
8229051
5038723
1997297
1579257
4963387
1473187
964443
9958733
5683931
3043271
6185007
6943013
6737473
6079889
2501049
3415307
6118509
2585637
6747293
7407053
8880343
795299
8057883
249709
1690639
2098977
932059
4881489
1895923
1627879
7233731
3513217
2438437
7865221
54790437
140181283
8818467
5974589
4470193
8443171
9812347
7378537
5513347
6674177
36622579
7230917
6614061
9921831
1438213
2204539
111942093
9491467
2655061
5002817
9072263
7027083
4396029
1816503
38667
2164851
322987
4263663
3476551
4441377
557089
1310947
76518799
6681371
4455053
8980109
1332209
1611859
2721617
140803147
552559
182019437
5881729
3061607
3666143
5140031
2652027
4614217
1279779
6445559
289411
5025009
3103567
4079543
267251
3562389
7698387
4057557
2485393
9713931
9100737
157183021
807279
4176397
3742813
1391711
9227791
9149597
234827
1821331
9039337
5301427
7352501
7743843
7730661
8928867
2377109
7198157
4195043
5127887
6274041
5412377
4994719
3112079
515171
4710279
2565123
2036691
8233791
9282329
3208213
2821657
9282297
5344781
9638913
3840979
2134963
1644977
6289811
83340151
7217253
8320657
312511
2909817
9911643
9835297
2410781
3237807
9965757
5077581
7118779
2392491
9887873
58783121
9788589
8065209
9737857
4054433
2247283
7704027
8939073
2956533
3409761
2280641
2511483
7209213
5719773
1025843
7660457
633903
8430269
1645133
4309093
4448979
2233963
9009259
597157
4610293
3060787
4958453
6274873
6868869
5184237
1989669
4571903
6878677
6382147
9549723
1575821
9049569
5796833
9939467
1340599
3436159
9310453
8444699
6110869
1795021
3291033
8214633
6108351
6033031
2295703
6059549
2209709
9310189
1962161
6321371
7843083
2542423
532363
5418533
59538613
745441
2487911
5361707
6230337
157670879
163656891
7623023
1511231
7663071
98297
1646957
2265859
8095321
5502883
1508379
6753729
3600381
7596421
3794241
5593471
8574179
4713169
9562649
8016901
1877573
3105627
4154893
4691849
8094359
2062197
150551333
2003199
1115677
6623711
11863501
6623887
7809977
81709
9964837
7859509
8362793
5041437
2646211
9775883
9948007
146305103
5513373
7441303
4504461
8739359
9560281
594313
6314973
1919793
476107
2706351
8726333
7293617
8858799
3506109
6489423
5239853
5498703
3116047
4618003
8669407
7386689
3501653
2615427
5408719
5835223
832111
6472689
4687911
8986381
1381159
1098957
3700261
9491851
8385761
165290243
7710707
8810293
4333103
5733807
4816701
2729801
1467753
1788447
1611047
9510363
9403111
9903743
5444797
6440383
3994739
3227389
3705089
8853077
1567129
8226897
45604837
7563387
9548197
9644913
8027787
6973287
8904111
6740921
1690973
6009479
3655501
2622419
7654649
7853501
2579261
6228749
1033817
4069127
1886569
4869847
3235197
142271
5850321
767159
6124573
9934137
4293201
4711081
1899457
4003967
2152307
3285549
3792523
4085209
6952483
7259711
1202731
9811897
7243291
138569167
1911179
6550231
3076587
5332913
7830567
1767643
4553947
4356673
2360521
9029909
9889451
8660051
5561533
7084891
172547669
7456367
2998899
2052261
9881027
3032259
6860497
9763413
1237573
5000629
968737
8717457
2261859
6838027
35242901
6508249
2706297
1219657
2330359
5290891
6911811
1454233
8242361
7895293
6816869
91596059
3749663
6371043
5578861
9234329
4510599
5502347
1369391
8166901
8763711
8367421
9686089
3195711
1996397
6963401
1331679
6129583
664541
3796167
1858021
3335663
3582431
1288077
7207847
3785263
4237377
7372633
8773937
1870499
6991651
2069521
7281767
9722253
8402799
4397417
1723167
611109
7563347
104351
7400263
5737367
8101359
6814873
5467787
4463519
4105033
840813
8055487
6421807
5934891
6989903
3564231
4810849
8565413
4655959
3155199
2477647
3645197
1850681
3139693
58387
2486611
1059189
4831751
7437257
4049677
133314561
3189721
6872257
5089651
9919243
6428211
4239117
7468971
195989
717109
7097683
1805341
43346027
3516393
8582937
6349889
1835603
9175829
252569
777523
1710007
5765569
3554363
6037221
4963937
6733057
8315833
3904197
4284007
9980833
8051779
84196153
3357
3307819
2754633
543387
9675329
8410809
9189567
3477691
1678561
6018339
8811143
2068077
1155097
1376777
4878061
5579641
904373
8997177
8055013
6260027
8974759
7869321
4440433
7929781
3053729
3194791
8990427
5206899
4520719
726921
6810533
8146829
5576221
4188477
3868069
8820391
3943959
448099
4612137
127927979
6738197
6083447
5248423
3312783
5417591
2913833
1491529
119557763
6495137
5948777
6024201
8568123
2024091
1540337
8267453
5734539
6699861
7559633
7767867
7362699
2545467
6684813
5903279
9374269
3326421
2627163
6592107
1464083
5054247
5595179
124298803
392521
5142759
9554539
1194253
25105829
5396973
2493919
186133
7383209
4816519
1850459
2086907
108011833
641
4081113
6427667
9094407
5753067
7894353
199182457
5308611
3049703
9451043
6141691
3360841
2773117
6746631
7549417
3906081
547379
6498283
5413359
3497153
4752331
6546211
3638267
107957
9402513
7656367
8806429
382913
253993
9045343
4295473
6275637
3682121
8231249
5064319
189899
9251617
1887769
684771
1620661
5451959
1422217
6716463
2253663
1912137
2227727
3063549
8947287
911819
3454269
6631333
7904737
5847053
9570927
8335033
9046617
9506541
6465029
1465377
8833611
2616907
6108767
4289821
3272779
8280651
7684627
4991909
7705503
2729891
469729
7100799
6944207
4083863
8974313
71126821
4529693
4998627
7857157
1252679
3066189
4486517
2122827
6222471
6902501
1172041
2731603
2508809
5038917
138231
1629633
9073183
6665231
3435263
3161223
4917657
8618551
5131817
6416481
