679333
8890003
1698723
1426231
2896571
677879
9500853
9671087
5964389
1891841
5236237
895107
8628497
7267189
1625381
7315483
183339301
4713997
6782161
7595863
2100843
2953789
1297871
969343
7570067
1573287
974277
1966891
2882001
9908463
55242123
8371087
6742511
9515199
2023527
9849143
8794943
9786431
8569649
3767989
4026471
9270077
2548627
9298029
6727419
2698581
8161187
3621029
7719497
9603039
5700127
2869533
9039987
953467
2647619
4086663
1981327
4565471
3388083
2587451
4020937
5874173
9361277
992961
1021893
8849063
6224651
8667989
5004577
3638663
9160887
3933169
8208087
5436209
1229989
8943399
3815953
3281747
6008421
2667691
168997
8869123
9328059
6731147
4669891
6431263
4225351
6593569
5238107
9856909
4509133
2345729
5102023
1158163
1031859
8952483
8131191
8004017
917231
4196951
2050611
7870811
5353979
4909371
6636509
5822991
2256007
6635701
1009647
6080181
183166261
9125553
5995953
8119767
633457
9454727
4392323
6520371
3278979
6071507
1435067
6666571
137039
32997029
3309447
7951779
4669327
3963983
731567
2811749
1791431
5780127
6642663
5988323
4297039
7645527
9807727
4252509
3715409
3351957
4474749
4039863
9366789
2379703
1060459
1528229
137324317
238607
6381693
3543427
107064397
8520527
5236639
9188279
9699057
979653
4428381
9949409
7712881
7889003
8097603
2109383
6573467
1691859
178494761
9850649
8795821
4521523
9930899
6058917
4698291
9890697
9616923
1806901
6134481
3905283
2330439
3478017
1234339
599361
4299729
4967431
8758219
7488897
7392733
8692851
562017
2611191
5527897
6769061
1134701
6266449
2783173
9490711
1517437
83436071
2267559
9028641
175177
175157
173639
2589231
2337099
4784511
2132819
9402017
5817023
9067351
9727667
5539221
6358953
1267461
5505059
6200447
4985891
1340733
4554277
3160993
7547279
322187
8400103
1817929
8450127
9846371
3688501
5797217
6202309
147583
794567
7638209
8313159
115164257
833181
3561999
2447303
6474131
148542261
6295201
1804137
5353553
4519101
9236827
784117
348477
7912457
60837791
9728581
8566669
926181
8909503
9390399
8316321
8819307
186213721
9192017
1768147
6643301
4115177
3882037
267833
4450133
1302471
9830121
7248567
2282333
933773
961663
8902169
2088667
2217367
7276689
6282771
9877839
8058151
6914577
2461549
3820733
2979209
2881357
5157587
3187917
3908549
7769573
2941853
1617517
2705339
467653
2429463
2652747
40091933
12789381
7946071
745841
719079
4221739
4940931
8138243
9092121
1863221
4670601
8924197
1101687
9781643
5519961
5833923
4456521
371781
132299083
3267523
4488571
4102137
346947
8084337
11127607
8904199
8234159
6063289
2348467
4335847
7152611
30022971
2646197
3303057
6796373
459563
143407
75041099
8356013
5809017
8575037
5766109
8261259
8856467
5999227
9558099
7960851
4324367
90733
2782489
3363443
766903
6607543
471493
3495191
9098127
8318529
5844913
1309823
1417589
1616287
1898733
8563833
4708193
8941203
123303881
6021057
432981
4118907
1926771
7532967
2573427
1999119
6436263
4220353
3890141
1457421
5210129
9926879
8520009
647907
1574567
2983999
4551939
3568713
8201917
2769223
6980999
4757731
1109543
4049003
3126403
7233633
4410153
5957817
3110963
7835461
9318461
6101701
4537789
5163569
130697377
4872267
5610991
1840479
2577821
6722539
4774097
270291
5839657
3218221
9902731
286989
1865831
5120941
4772471
172830049
6123141
9452341
2982961
3963673
4292957
1281851
2095873
3067601
106428987
1381733
2677511
5073983
5583599
6156769
3490901
5567393
9631147
344117
9702851
5639031
5565673
8463759
9195301
4443301
9921011
3699809
8734131
7246139
3720797
6680907
7816199
2437777
4214019
7868879
4361487
7913211
8298323
4717177
4931429
415211
8909189
6469633
8110889
9437377
4066063
8345871
675109
1381439
1348879
2874089
835869
1742363
1139329
1604031
6513293
5997663
1893823
176198827
8112891
5980197
1327599
122411
7227499
7213957
8087463
4559003
161400351
1782557
2269297
4987841
3598643
2236883
7823241
7704929
6855447
9593663
1923501
4057811
8614317
6332939
4874099
5651849
5962861
5615141
7119757
9030181
6125921
747001
4299569
6140467
6744601
4445653
2853491
5552883
2840713
6792113
2638087
6725063
1337367
5323889
9941839
4832283
9703627
4862729
4103937
1950401
8956927
1199881
1090571
3786287
3966789
3434813
3089471
959083
7309723
7264509
8791483
959227
8314403
7577579
6105643
3823173
410293
6120457
9962339
6296617
301737
6251369
14207519
8653659
1865843
52800783
4569659
137127221
1920301
6419517
3524649
8839923
24912719
8453673
2550049
9523697
5371391
1532383
6454877
1859567
5089489
34778359
144860743
8197181
7717873
200677
3480031
5825951
7916731
5270127
3084937
4996621
5671693
4148547
8939679
3626211
7437187
7780129
7343379
9094033
5325171
4988563
2616391
7103533
4337159
3750597
9482277
2041667
2149307
9943491
6291711
1334697
4801947
1124741
9900041
4566969
4707669
3898491
5764479
2014563
1283347
1173049
2442831
5674573
1116339
8538223
1737003
2976829
4991981
6273457
5347177
9552797
2122653
5192811
4268319
7966781
3762309
8203069
2154107
5690063
7637723
3366121
3218217
8694493
3797413
4347519
3277171
1274933
3514767
2115581
9271717
5499463
7674079
153981979
5793167
2094261
2182533
6480173
1496533
1823973
6372087
1173791
1239539
83830963
1031121
130070681
8557411
7653953
1929221
1983773
4440071
6912469
3180569
5762571
7312491
7314699
1040151
7185629
7671311
4691701
8525503
6251871
5911691
936593
5186697
161419179
780813
3155927
9754839
6249129
9633403
2743429
2848727
3299487
4948441
4924143
8459723
5751949
7757541
9034919
8535829
2582667
8429981
8980281
5758363
7160809
8182929
3602607
7373951
8507083
765233
2114303
4454937
9745517
7181739
106516133
6826031
82185367
7052027
4394417
6814197
7579031
8265859
896599
493197
1485329
300713
112937789
2322357
2342559
8335943
5460039
4139393
7764679
9884823
797451
1953249
70748893
6913511
4470441
134985173
8620923
8242771
3501051
98319571
3555483
5208649
2960207
9871591
4963161
8521087
901387
8006693
6927011
3372707
749999
7439209
4274277
2204593
4510677
3906739
7015593
2389057
7710583
7424301
8696703
2823517
7798611
8337599
2746629
4135439
7017533
1688827
9300377
7819867
511197
6912741
1776751
823117
4578149
5527227
131156567
158775703
1056887
9087651
9841887
9818671
150744347
6935329
6157153
1596087
2568241
5428721
437377
3798037
34551943
6328947
6699101
2475569
1445123
2321981
803919
2937119
1459429
9083611
217511
4657417
7553587
7548019
6521111
101871
8470277
4009531
8005173
4603877
5337001
814609
5727751
1553029
5603019
1510273
131979823
1492009
4697419
2397169
6644331
277157
5656803
256741
75101
919811
9941799
4472791
6932967
8594429
8795963
8118037
7693413
2173763
3671953
3079939
2261919
6069677
32441
398551
4601429
6948899
7142849
5477941
1692331
1100309
5794459
2501449
4658503
8154421
