9418397
5975699
142341633
2286239
3598287
9952983
3726379
2993093
9502751
4072723
1516933
4929959
5825521
3955643
3242897
9920431
6870081
4499167
9651677
8967523
6632199
3789367
8303779
9082879
3689581
230739
1462947
1092881
3180159
7156197
5037783
7824179
3569949
9740987
7721739
5408883
2883241
9143689
4017813
6964847
2081791
6418501
6912557
578453
8906599
4278009
908337
2989697
9088689
9635451
8290369
6667631
8153331
7819023
5599381
1137291
1170199
7853379
3615829
5684883
9158673
1450023
3944941
504393
8555833
3645149
9982157
1538263
2630871
9612859
107992959
5981837
1046771
7477687
151322543
4258319
3166273
3099177
43711
5574743
3649689
1646147
9835149
54816793
2598197
575961
6979849
6010399
1649121
59577
5796459
9423901
2862167
7877179
6398399
9404273
1673699
250771
2469359
7046839
1477739
4915497
9355091
566539
5906271
6385387
3816427
4272553
5729247
8960721
7768621
2248351
8197629
617621
8829469
1113499
3887599
5608487
1872027
7697499
1809831
3682113
4486247
3865519
8347513
485689
3596689
7670561
4981459
326991
3205493
12097809
4640057
796067
5266693
7610359
7400501
3517159
3624799
6558693
133253497
1352689
3256173
192569807
9338489
5252319
5057877
5136219
7979621
7669439
9806119
4946991
1668183
246297
1999919
9347429
3028537
9944943
1746869
1086571
4710151
8599871
2544497
173374351
9345359
5151971
534077
8026209
6910701
2754683
6444433
1240383
9759227
4120269
9890109
6275307
1331361
2804509
5825431
36138091
256757
6721013
3052109
9655293
304969
3020043
954871
404969
7407941
7693887
5316039
5572083
9131181
9415663
8404421
529591
3012221
4184457
3273501
7645223
5324677
2948669
6955207
536623
8803347
595117
9943199
1502923
5016703
2743621
9163189
6868269
9364361
2552623
5919579
187556409
9819033
1610711
2748877
6217653
9527583
87228987
3113637
1815223
3845421
8371427
2535383
5877713
6831859
5006381
8284043
3360417
4371667
1569423
9909029
4675139
8836837
3405909
8285991
2959281
6010869
7126697
1929923
2462551
1927929
1298501
7323761
6842923
572421
2628451
7281131
8262247
1237569
9056593
500313
9242343
3856957
1635721
9256153
4330267
9371611
8857269
9905049
1898767
3004467
58910521
7651329
4454287
1884027
1345431
2659421
2107327
6431087
9892181
408403
413919
8349291
1814907
7287169
381219
9411911
5720689
7758721
2724689
7624531
8388929
7764767
5774603
10053
2164409
2389177
7332171
5697591
327919
9745483
2211009
7487071
9966709
7681557
3054609
9743537
4569227
7447761
5850171
6151101
3693603
6101557
1733281
4248903
2690141
7354181
6461583
35067557
7500101
4874427
1165259
4066473
1014877
7240303
2531111
8083789
5376923
97166413
7713321
3082501
1431403
3390263
4337967
7986787
9592059
8490099
2280953
1031333
4487273
200923
9431357
5783029
9921497
6161303
4875297
3146799
2207467
8908397
2930997
1348721
965399
1346093
4083283
7894763
4077471
3160591
1068047
9421111
9961723
113721
4165801
2010551
9802013
7899869
4556183
5768503
5851713
8838323
1879413
9267607
8228447
1532291
3965991
3784677
4531429
1661177
2606041
6890317
169916059
1337501
3496657
7273013
7464119
318449
5954479
2574563
9779961
9059897
4488519
8165083
3278079
6500543
9245383
5375327
5792003
2345449
2386021
1696813
6670551
2621483
3135279
3276211
13730863
6341113
3679189
4497373
6562021
6415151
1929613
417531
9406043
9661087
9401343
1492299
4298349
8882957
4711751
2864391
2215341
9909261
4978423
8254099
3873433
7345911
414611
542127
1357019
3507949
2563611
4153509
7392337
8886801
4262087
9317957
4134421
7457721
2039487
2428911
9009399
4444813
9496003
8100593
5467361
9144381
134701
3569843
3828629
9926391
1608657
9497587
9291557
8971537
1620097
1283951
7708527
3659347
9687337
5545031
8382189
8137669
3521643
2156057
7246639
6237469
6260483
7776567
6656821
1797013
6515873
1813369
1536173
7843889
3902981
8090463
22898389
7762177
8980623
821409
2162901
7085341
4448941
397997
1496027
4971653
8525173
554889
4387331
5058809
8545823
7280671
195381
5656201
3254971
6115369
4301833
105104451
3386293
6496653
2917717
9579639
248241
4984687
9880217
590037
2622523
9167683
5675663
8451227
9225327
741649
125673673
6794611
3129301
3478579
5301673
9398469
9329973
1467131
6269399
6741651
7075807
4077129
8391549
678003
149526607
7422611
7201057
170708541
315799
1636389
5394343
2435221
1389423
4585413
4855231
5071547
2004513
7840319
9568591
8954217
7681053
5440441
2498779
9171251
5131827
8022107
8122141
5269283
5274357
1739987
6758263
4524221
2828481
8346129
9191937
7436323
2862103
2268881
7148087
5698819
8920759
989693
600399
2563787
1131841
2745293
765819
66057
29512199
4428043
3700591
7322187
3034313
9256829
7902421
9510261
8443637
1449261
7586249
3804723
2156673
2141403
9979151
8344067
8951801
8177391
866201
5826517
8639097
6612899
3107991
2783203
8791523
9839731
2808767
267991
1751931
9803443
3315353
1283943
8668113
8622839
3138139
9663973
1293351
5350691
6437067
3850421
6302599
797593
4477277
2340903
1462743
8077833
6253763
2807057
1448817
5306377
4093651
1821269
4012673
9440091
6938617
5252559
3042887
2204291
5474921
9140339
1417377
2626689
396097
7212031
7173419
183083
2108713
2924849
8809083
8956037
3552463
9817869
1293419
8064209
4035879
4294587
4619067
2092887
3360151
902479
3737493
4878759
2491619
156211391
9781131
7969083
8336363
8978387
3796281
2345081
2297243
8778277
7263961
3602077
5112997
9285167
9312139
5802159
5709199
122566621
2245359
9655227
2139683
3393201
5909729
3932223
52309
5627503
6299793
7904497
3799721
5734251
2209107
9085423
876669
151686371
5527127
4617723
5143777
5805127
2313603
2542999
3009881
4115721
3647937
2007439
9932033
5548813
1387801
1920747
1942589
7866667
9754203
3072893
4383889
4383071
8983107
5981251
7372977
6821971
545603
910593
5452347
2470627
3055439
3966747
3199767
101934917
3704359
4221323
2439941
6804963
3466871
9083959
3736793
728803
2789927
1434013
5525627
6644549
4696129
7077993
8378931
4667337
7358201
5080917
1529469
1568389
1417871
7973881
2853793
1115539
7770871
7711189
9115803
2041711
7943231
9321513
8778023
5760703
3549581
6111269
5956959
293779
6373259
3882467
6694603
5713573
9162073
1347819
2630909
7626079
112497
4150849
6397723
170732687
7255559
7422317
9692071
8822249
162585437
7344913
2127143
1582657
919601
1641077
3368883
7390121
1574361
588697
2430101
6361729
4585441
6233581
3158607
7618089
9876353
4308691
2931181
5707287
7829119
4850953
5599283
790153
7770557
658739
1696899
9146751
