7949483
139221
4972407
8471939
173878791
161729879
6138289
9156867
7678749
2525751
1226301
443221
2797307
1818683
1875013
5448039
8893891
7139823
3108939
9594307
4335427
3252399
208523
3800951
7139301
5210921
4066559
762877
4798099
5275371
2258491
147305653
5618487
7484219
248033
5768263
57610683
2698727
515849
8456087
3172489
2426089
295243
6496353
1889739
3222569
9997959
8963897
6703719
452643
7538693
9062207
9514089
4697053
382351
8304619
1730431
8916249
7105839
6372311
2318821
745789
8798959
1821993
9854351
5172693
6938649
4267517
5357661
8195649
8831139
3573667
3974167
5179599
2317379
6874783
4421167
2553221
8158519
1782451
1644563
532399
4026589
2242933
9817941
2711141
1542929
8852597
9779219
3098749
25495453
5923549
7604787
4948079
7895413
1847589
9371233
4335037
3225677
2249081
8063107
1025829
1383157
3105381
553461
4191943
4256547
8832511
9330737
8420021
1470433
1969311
3151937
5263373
3833963
7474371
129477
42001
9951829
1105343
8096711
3122311
1429453
9128949
7485647
568923
6354707
1611479
1586113
2060419
2520573
5258359
148477
6310391
6356729
3309069
7751203
4687153
7407567
3819991
74187999
5358761
7936541
7056853
5243249
8106917
8787039
4009199
440637
2581217
3993551
4256423
1773569
36534463
3289469
4507963
6538989
5363703
9598607
8261971
5118693
5861559
7455997
2290961
4780313
7642943
4520221
3141759
3049733
7286301
3530179
2275929
7955163
671011
5492601
5302261
591827
9762047
6780543
6503177
1901833
4411
9235707
2290387
786507
7111849
8056577
7064071
3095147
655449
4773933
9016447
2053087
5224787
6393377
6027813
5235843
9132923
8941369
1256463
4682577
8372997
695907
141388333
7284273
4615307
7505901
48974759
5864431
5917697
9786007
696351
8954881
8638747
4096703
7246373
9374081
892281
2941257
5566699
159689167
5091761
6105367
6971731
3727547
5856423
143429
6328677
4751409
3591821
2924793
9148057
2040133
44386431
4737227
6052549
9914943
8002991
5357433
7785017
14335919
8312471
9172803
1574409
4835081
9067799
7534557
1230119
7122589
2535059
4456723
6309001
5119173
693681
7085021
4963877
183481
2283519
5985211
5463299
4478853
7682213
6502903
7688309
4342199
5717347
3790961
4724361
6106421
150035703
5435833
7244381
2434617
1370897
31453129
80291541
5419847
3897863
5640667
2559561
3084179
7552529
3431971
6042637
6332593
6031267
1311727
2038089
425641
6891681
5861223
663583
1451117
5209597
891831
6082233
323659
4057937
7544033
3089111
7483443
6915543
5509707
4905447
2743683
193703187
2557693
3847909
4882179
9548229
8859729
8727973
4952871
730647
9299521
8787291
2651993
9670347
3866923
3015979
4969339
5844701
5765043
8499039
961007
6229989
634179
2766483
6820857
1716063
9846739
4403563
4868101
2349313
3360277
3671363
9562471
9181397
152675941
670309
5014367
6782893
6561071
4585319
3825879
2398191
6779151
9755841
9678009
726493
3509777
1069983
5012909
8130277
6441567
830271
5954203
777137
6058069
5435959
4029773
2350723
7725669
4480261
9722043
8591043
1670363
7977927
1854519
3374113
6028891
3915519
151001399
3952977
8971791
3527363
5455187
6335877
1835811
6742053
7009
5688183
3051403
9950779
5782187
2687871
7860101
6728543
812349
7950709
3991747
5236547
8636649
5955597
673449
83541
8745417
7317539
5579783
4000277
110432527
2007131
1676007
5599691
9288467
4606083
4406181
2307679
2682929
2363367
8414521
4656823
4203141
2567927
4832627
5090449
2675011
3361217
8927929
7257587
2665611
3319631
7016361
4132831
4048147
6542101
127535891
6411843
303641
7363677
6785573
5478209
2117391
8853483
4643899
4776191
4372011
562239
3977147
8372379
1685223
4070907
2925673
3360767
5453023
5857847
2335419
9451333
6339199
5779721
5489981
444799
6725733
2247423
323427
6885441
636681
444843
341987
4685039
6369817
2071569
3606087
7911847
525533
1474503
2866683
588947
2353597
6033907
7577417
3629607
9836981
1706403
4440647
4523279
3498781
716479
8202513
38523
8109271
186593
7039073
5239171
1214071
2920323
4122017
6511789
9591581
2498883
9810303
5827551
3106931
1505161
4891591
7505617
3106509
4329277
8153079
179827799
2222507
134460137
8128437
2303933
3228971
8158103
4698541
4981677
6832439
2214397
4084051
9014539
76166133
544489
852051
137452583
487451
4518893
2831633
9338919
1928041
7908737
4571867
25753931
1752047
6816651
161956701
2323519
3023227
1922531
9793297
7834281
4537909
5238261
5980823
1638849
54294839
5335959
9759009
2687833
8937473
9091367
6412109
388097
2087911
239839
9174637
6495609
4801951
3205823
6454401
1983521
159080261
5742419
7410489
5801571
5760671
5196101
77677239
6027269
3972119
2255981
7744201
4177719
3656101
8954813
2796649
4980509
4421557
6076737
6639541
637577
9785803
5192201
4626041
460023
5601427
3550921
9331187
1266357
4097357
6380923
46919211
94133
5749073
3752223
1168717
9864223
2065341
1751843
8482143
3787069
2889181
2434251
2842191
4283091
2882461
7607027
4267327
8315487
8953297
9732161
139888883
4281777
5171583
2221551
7504803
9000009
5289843
2964683
6829659
5595829
9263021
8497527
1538893
4340041
3161821
372643
8701001
170457
7729903
7427867
2900927
4234639
382829
4644519
7919623
8654449
6659291
8923457
2439899
129303
793903
5027473
915649
2815617
9048197
2255881
4193109
3449259
386941
8907409
7777203
700907
8337729
4191179
6877251
176825413
9633341
1779257
9447903
169771353
734693
896693
2026863
5479873
5719653
7984471
8564637
9656957
8528947
4234977
8771687
2015767
5109097
1636229
1262007
190083
1958441
84053
7038687
2756201
8409511
238033
9747417
1434207
1883921
4379063
7184541
2589903
2161011
6448167
9554091
8344167
6361449
9077743
6808167
3312933
7671913
6926631
636541
3177787
6087543
4912293
6371979
3179693
3294243
3305939
3828379
4720057
464881
897587
3173157
74759153
36485621
1317783
1925851
9592501
5834971
6479103
8803623
1108351
2755923
983471
7915827
4289321
1895677
6689987
88331157
5548011
5719037
6532291
8532129
999533
1312503
4859649
6494603
4434907
1726949
8278759
9878049
56439
111108659
9329757
9959471
3422317
5760743
6810749
9642907
3315529
9179683
9898907
1452259
1494311
2933601
3885343
5006267
6475443
5052739
483979
8214049
6645797
9034839
1388353
1326481
3181691
8595389
5695051
3711457
7462489
1494719
5115617
7800563
5443883
2548191
59153393
6771793
3404803
8557189
9506269
4017653
5108837
3715361
6854867
1224619
9584569
5911749
7195909
135473
444537
5582607
973181
327097
508111
4463
4171877
6455047
5250059
2933931
1374189
3172267
6825233
8557299
6261017
8779649
2038479
159351
7860179
4748749
9783701
8103487
3797937
8738033
1519293
5028921
8582009
148497
8368969
145971079
629841
8605607
