8224261
9502683
3642411
9516087
3793653
6169101
3347683
9388607
5877831
2677591
5441941
9130493
7986397
5149739
3882177
2428039
3499201
8798143
8258201
8837691
4095001
6762203
7597579
4462727
8406481
8712639
1657739
7924701
9153791
6087833
706343
960443
4055543
4970261
3264349
227629
4345083
4834519
88216209
9108447
1898811
7824687
1589853
3831237
5273939
5807851
725241
7962941
5348051
2181261
1601397
2588629
188736403
9843787
2594969
8777983
1247909
3355513
8555497
4977381
2761771
780263
4821789
7882249
67497
9778367
7350857
1860701
580909
694077
9040999
5492523
2931377
7753567
2177161
7970073
8210697
4719707
2425303
7310739
9858789
8282191
6087399
166556807
2557
2079739
7429869
9938697
8650841
101669
9942403
1111111
7895203
4885853
7920521
9067541
6738847
7957259
5282731
7821993
514977
51671551
7561033
4647151
6750787
2296059
6689063
7685329
8636767
6331617
3202907
3335073
4532599
3162431
192108027
19927
7669897
2153917
5801873
7034373
3838481
5618237
9072889
676929
738057
1412653
7309481
5784703
5078423
4725463
3130303
6947567
73797201
2652527
2971441
2051669
9849031
6585401
9556867
4390909
928861
5301977
454561
7495369
9418503
3177259
9597409
9095793
4341521
1175547
144989231
6464313
6100339
581239
2386609
8143127
3565967
2175857
7155989
1500183
2783129
2588797
1883911
1740147
2672009
1461739
9444147
9983869
9715249
2758499
4115761
658401
4337501
192961977
19347
8381717
3884109
5361553
6009641
7382631
8415081
2980131
131839513
43293427
9178007
8971607
1034713
2162817
6140233
9533913
6456017
3480681
5796339
7201767
7262559
2819647
4781297
3212887
8388307
4054757
4483669
7610541
3747191
576687
2277097
3282367
4587251
9702531
5219311
6177683
4282861
8349383
6173941
2119213
4692589
5929981
9305163
1843963
7741879
7723309
648083
4241353
7738051
9132023
5075211
1028967
3237043
8027811
9156431
3898409
8949983
990851
1926687
8980007
8533413
686223
4570833
295811
166061
3418157
2133203
3751481
7155803
6064159
1615637
138284451
6334077
7362073
9921589
6788359
172570217
7978987
1715353
2981263
6887957
8209541
3687831
159537
9363429
9343283
8035887
8823729
5505273
6671161
6651581
628301
353213
5624313
487527
4881923
5531559
6758903
8788317
1325269
1622841
2469749
4845863
6339937
635811
7424769
7506829
6761843
5479997
906189
8994239
7420773
7911929
5591661
9095667
5033481
1082957
6555297
2351147
9596269
2236359
1732181
886143
1989133
3911573
1332023
4172687
7191181
3511097
2023433
26621829
7569789
7084311
7388977
5182823
4960017
7564149
35287479
5858449
1438947
7669697
2345709
48253
9592853
9399451
6842711
9624537
9147799
7949877
1471997
1812797
6088329
3838829
6898879
1927773
5509151
4636697
1567201
6943499
2208657
6089507
9487697
6627001
7809097
4298293
717439
9746451
4096537
6620297
6461277
812357
155543
6117659
7525213
176109407
3343143
7662709
6591607
5688927
9849891
2322107
5632969
166867457
5380743
1711859
913693
4186067
9263073
5427749
2379891
1296119
100339
8231871
3093831
5956137
61925887
9325299
9107223
6099507
7768037
8211511
9118029
5597249
4621371
137607
5841423
6033321
7222977
962529
4244307
3178877
9098709
9990241
843107
9354879
3210177
9261533
3122471
3784733
4255917
3191833
4231303
7649979
6143623
9634907
2249721
7994093
531867
2992019
7424207
938527
6024887
7666021
4966097
470373
6486229
1114287
3199221
8928843
9017833
4459201
1350341
96477
9819653
5691573
7158711
171852449
8517607
6411329
1440563
4928009
5696537
3489839
9250667
94069
1671361
9892833
3273437
3183619
8671679
9535193
9128991
4360397
512371
5533517
6324263
2957417
9689399
3600397
147938917
3891561
6167397
119729771
9019259
1195519
1306173
4429767
2396503
4022583
7397677
2051967
9743573
1487117
9783937
6448181
4014519
2596709
434127
4147969
8829471
6241487
9249069
3395119
9300563
4275791
6094813
1268053
7092101
5746389
4282391
108433479
4041407
4453047
6889881
8999533
2443591
6651159
1149171
6090983
1349253
7923321
9587331
5872409
138451
6110997
618589
2191449
9327863
3959511
2967281
9384469
316791
2628597
8000459
3247319
2615999
6181561
9402297
8632503
5878679
8964561
526531
5632009
9129699
4632891
386703
109896209
7614913
5168211
105713
560993
9233721
2120081
2467013
8083669
4965491
9004193
688741
2730567
8816421
5772129
501951
3164029
9926549
1647737
120041
917753
3793243
708801
7839241
18518983
6553253
1860997
8391629
2151761
8169307
8806011
794731
6825437
780249
4221917
206499
5699483
7231011
9106711
6458317
5167167
78399291
8814431
8539189
216649
5839329
2425711
9696177
1092047
804439
10255487
2915421
9241569
6219733
3021739
9801937
1356191
1539399
3733749
9278469
3753597
1133539
4920779
7809147
9836821
5774969
2056237
2917869
2799273
1491977
3357029
5845143
8181033
45161
1425047
8947769
3892587
81867
1332663
8331817
6298051
2387717
7966103
7650433
1967277
3593979
4377833
3895571
6371641
4390031
3076499
2283993
147815983
4089717
8930957
1550849
8583669
9301753
5882963
5683933
5103033
8593263
1034767
9985171
3457603
3892337
813363
7873433
6746913
5270941
7070703
9668599
2196283
3348247
433139
2581321
8872759
8659299
5245431
6117619
5241803
2857907
6727601
7406301
181400127
7358367
3514413
8386253
3422421
6698407
5019303
2266509
9239087
1944427
6044931
8919153
4151947
7785923
1833211
275311
4898551
8633757
6103503
8104437
4857649
4442291
7216719
279177
6582049
1273739
5018649
2786187
155243549
7904949
9895871
877447
3337807
9987327
6305023
3819007
5995413
4501897
1946089
8259413
1848921
9803441
3587969
5678309
8947687
4599297
8629237
128019
2070951
1375677
1916791
5149679
1356633
8391859
89621
7050917
29683643
6540579
4148203
9067243
579607
5162641
8432843
10078843
2135933
8848313
3830671
4184791
4922537
9765741
4777433
8039833
3819499
2735981
2127179
9363719
6676093
2190323
6063531
7993379
786371
5258659
5338389
2516433
8879919
9616337
8049551
9910143
2256483
78608829
160464921
7956929
100581031
108249243
2945321
6496349
7713829
7235577
9901133
9116167
8644561
9450107
363543
3425519
5706637
9843693
1928947
7567553
3957499
6004433
4646797
7081181
9241793
3664639
91499
5585077
6670251
5124493
5058813
5770671
934577
9322653
6831009
3242487
2894909
6839343
2524629
4558819
8864301
4782209
9780789
1382879
3375369
8622017
6936399
9053403
3799859
7805709
5815777
4069663
132259409
7039587
3333357
8220957
7729261
5147703
3973489
9918339
9837767
8031873
4772797
6561219
3983979
8943229
8247097
510579
5612247
9674337
3421943
8997941
1247851
2379973
7661493
6658249
4173229
3503189
1578681
4168107
3121187
