2794101
3678419
90327837
1893357
1400261
9009073
5173973
1681943
29615813
1334931
8243893
802083
9160473
2478737
4469111
6154433
3487593
8663047
7499003
5497231
9444063
3905717
315811
2155699
7499503
3107031
3513171
490567
6489659
13090833
73847301
8437597
5171803
2163269
7312239
147679
2715307
7696713
6994503
9383701
5526723
4154351
4669867
1277851
5204517
6302903
1951007
4834091
7818929
19701003
3643303
4551619
1848951
152117
7240783
5183751
9197139
1120871
7038863
2724493
8432569
7749391
8467839
7131287
6008093
144759917
6764789
6020509
9874519
3908839
3512349
1078431
4581259
3437563
3606653
4960367
7231853
1944221
3797743
7228373
88124071
4246531
3623153
2150653
7382361
51029437
1489507
22741
7539247
1781007
4690309
8703419
9425251
6070719
3909837
9572569
3138423
2698391
8968801
3568099
9818243
211231
3973833
4558601
9962747
1005207
4900039
6217799
6239763
9224009
3028833
7652173
8781319
2517171
3267551
827497
7387687
9652351
8729153
8638083
9791313
2470799
321553
8706859
2614299
7681099
6076091
2457031
2997787
2167711
8323007
4551287
2534847
8863997
2415287
3563747
7202637
8622201
7163567
9647539
8579231
9265079
9426941
5194791
4373197
4530979
5328187
9546417
6904429
1942913
5606583
511829
2107031
6353791
177549
7361631
8235393
5872167
2624617
1427849
127278791
8130183
135408429
63420191
5149811
5096221
7981007
6836227
8276519
8532897
8776839
8683809
1358449
9293733
4002747
321039
3807517
6049609
9907533
5510501
2390417
1885537
565649
9625643
431423
6867603
7220741
6853243
5142619
2651313
2903643
2106133
154160547
3037751
5857681
1720749
7661031
8290273
3965331
2195773
5144047
63490997
2524223
1254129
868129
4600301
3281539
1606961
1695643
13082791
2164271
9124693
3898321
461047
1285613
1766007
9977817
43572577
9270399
3242111
1235579
3767863
9350759
189986221
7895043
9741253
3865597
5960291
99765837
3661279
7258203
8212637
6699733
325397
2013823
3015559
7272243
924651
8720751
7739081
4689311
3475217
8565781
2311447
280627
6640123
9198673
3519299
8631199
8979731
593193
7389969
5845301
9820847
1719143
609957
3992503
5905047
9005901
40655679
7750687
3171323
1812489
8157593
1085221
6211207
9100957
6705921
5659919
8106791
193961619
4525011
5409589
5452687
3962739
112231907
8960893
3871613
2359139
3998257
9981981
6510267
8251327
8999499
1519129
4091391
7130659
8211267
1754349
2214063
4218539
3881719
1338791
8104233
180559
199083
5651937
5361953
9622157
4327649
6245621
1089119
5307779
3068289
9503007
9412431
1318087
119309257
7209067
4955957
4794933
9014153
2972499
4695983
5879929
7495673
6368229
7431807
194889371
3792487
3035739
6473923
7202969
5868107
2921223
38553869
2328989
7476981
3331861
6179593
695367
6778193
4042463
3411061
8169847
104003441
6233211
455599
291521
6027679
8912521
5630123
7620457
6997473
498423
4257701
9246913
4394823
4855257
978899
5845619
7210201
6713567
2383367
5970289
6660089
8954751
4588997
5015879
8777483
9349487
1640903
154367257
8686293
4535813
5786741
4887663
5081721
8259119
4305137
1260089
9702399
7227249
61767663
51370129
7795893
880369
6036991
2458123
5575407
1674307
9868149
2814679
8249259
2347669
3099839
65660907
3559319
7500507
81967783
6908181
133233861
4555681
2213707
6618827
7766829
5969099
21385161
7869701
4076751
6946081
6447387
2999949
1923743
1592293
8805619
50550441
5885781
4161707
7076691
404209
2177311
174271
1917807
9741453
3427561
5850869
170359107
6628911
4211087
1713539
741039
3387889
9031357
2743299
469903
4489977
5415209
3854339
2897487
8423387
3163569
5973903
8636271
412319
9344827
8689843
8134873
6323539
8861331
8306727
4617077
3451913
9632127
4188847
6939971
7494637
3277601
405651
9044391
1676931
4970863
2378819
1204439
4991637
7969067
6576019
4691989
1271911
2366617
9786153
3255373
5589567
8619261
3005513
2543397
62163821
3987281
453859
4265461
4146199
5691903
5222519
8793709
5331271
5274187
3644523
930841
144169
3265163
132217221
2617373
4533213
7800173
8884609
8987867
8132493
3498373
6159539
4840029
3677037
9973801
9182789
3787249
5983777
3265481
4366669
9745731
5095003
3349753
5103249
7852421
7320159
7059929
171186159
7159161
5196097
9028067
74037257
5870487
836013
914287
20199
6034379
7184901
8434183
7387339
6614373
5475419
8304043
9371311
4240397
9700603
2827283
6811833
2994049
7866599
61181
1857929
6569397
9460453
7422811
2351001
9138581
9126457
6877957
3894739
8715817
3369777
5764977
9568291
96441659
6612309
1123973
5453293
6625041
6324941
1379829
6198417
7345481
4084279
5766659
2102957
6738511
3031061
5001691
746831
9682433
5564087
5966969
8821547
195940877
3431623
6335077
9088211
5559673
7471233
3185769
4753399
4566439
3206811
5336839
4345551
1996689
6934539
7414957
7833739
9629331
4072633
3030833
3569707
168883389
6667317
2179493
8293363
9601881
3493107
8176113
567313
6812547
4918899
6229549
4037133
7767599
1111291
4387169
755333
5283521
4857331
6273841
5211491
3126253
4327129
4282099
8290409
4986861
2341793
5910883
6317759
4245427
9450699
9639331
714473
3044949
2995123
82960601
8881869
9214797
3559109
2352813
6897797
9478361
4656097
6510383
1047069
9014007
3945661
8830907
1351339
48506323
7624401
1701137
9181131
5828611
4078273
5718867
2071161
8293379
9381517
2023303
4873807
9663799
7565189
8004063
9521841
2034471
1873741
9189733
1519541
1390571
1565859
2172907
2932727
137457227
6528317
2353981
2815633
3708207
68387391
1052357
6360003
1212097
5568063
505733
2980697
5985957
9977683
6861259
6497657
8426749
3626693
734941
2909223
5251773
9156567
4955663
29260289
136143881
5537053
8210963
8537489
2401319
179497
3978063
1489379
619969
8506123
752679
1903449
6116289
7321169
8680187
4749193
4418403
4320631
6529201
1750277
3155297
5141797
5338857
5898339
5601877
4928659
158061079
176147113
5789429
5515243
8829733
5982783
8012459
5549009
2317779
6831557
459729
1249023
8128243
5806113
3909321
9110111
1305149
8574209
2284619
6981191
1729289
8563357
3043539
2453031
2695153
5415671
9001443
6072747
4003793
608199
9348539
2352397
8637363
1922949
1318407
2944083
8954149
9086887
16461
1358223
7055729
8376817
4570277
7414293
2312421
7443457
7082967
5349861
6224711
7884373
4711193
4048319
3685087
3844441
110979
7052821
618343
6949127
2297541
3260277
240669
7915267
9118639
1493221
7740977
232067
5885313
4633679
4615173
6445747
6698119
2786319
8715323
3726669
9596569
166917629
8902403
6981531
5718293
4943647
8980069
9832217
8530537
751107
3759283
4083009
2775347
544687
9733923
1950583
8217063
2819233
1461569
567783
31209
3316811
199707
