8113409
9881713
339481
3354211
5329187
6849027
6957979
8004043
6891071
7429761
3487077
5005421
2679119
6622377
6420061
3317889
8524823
6149757
4260331
6994361
3240777
4059259
7511453
709441
1807081
4866673
4306817
153675873
4876419
80113
2123747
8124797
8739761
8497357
8621999
4649441
538489
4370639
3715687
9785107
5316741
2193873
4120877
1902247
3647631
1296177
5144961
8879637
3819391
2588573
1777983
9300143
1430771
8192029
1052957
6143231
9006229
3280059
3494729
8360867
5130249
7958253
4263033
8565467
8610273
8217267
4395083
9522219
6057473
7468859
3661449
6434037
6422037
1782007
361471
6109539
2968333
85572759
3622243
613983
5715569
6929131
3998033
3301773
5425951
3636599
4977121
2666471
4637497
5211211
9317249
8651679
8075489
3219721
7886637
9782751
190402639
4151547
3224133
3160173
2275511
9193597
8084713
8071907
116443857
8614567
1663949
4081781
2162491
1703587
8013961
8032931
8435899
7388703
1304719
7430381
1037829
7073791
167616981
4718797
4418769
3388409
884893
6887567
5209023
9223419
9193631
284727
9825393
3652443
2024851
8868043
216403
1336587
1180737
688357
6402129
710287
5933039
5170603
5977501
4089399
9420657
7900379
9020689
8914339
8403347
6989563
2876787
5859923
1568017
700689
9982387
5211091
8730441
4683837
6249503
7380439
3754283
7458109
8938247
3340721
6120141
5255307
8681793
9179427
749079
6691541
54389
6718661
9255809
9946199
3265609
340861
8508503
211007
52781
5977719
76397191
5118311
323889
9995181
937781
7706509
3302447
8410901
5537389
1922623
2022971
8113827
4489637
3228837
4568701
9717741
3564057
7897901
1198657
312689
136322993
1968229
2587823
2472287
2266473
114845603
8887589
2326237
2168687
138893
8253541
8371723
33109391
3195043
8808889
341333
5097929
4140273
2744971
7657297
1222147
89297
6715469
4742481
1030053
4105811
6223749
920943
9206901
7781263
4691109
194357
6098813
5124111
6106713
7246409
176686977
9624211
152110209
9714609
9378801
5349619
7358863
3858463
8067751
9768407
63050787
134491
4986699
2911343
92521
9943657
6541307
2371653
3557137
5432529
4172903
7721223
1810863
4380233
9820649
4189727
8273487
81023
3896733
1636121
1366467
3786407
5192413
3179339
9707577
8336149
8629271
1190787
9666391
3670837
2115513
2354077
524639
8385049
9739661
1808873
90839383
46493073
8143941
5599021
8279239
7192287
203561
7629547
5469689
6032769
8672211
5300749
5442999
9570597
1803789
6781189
2954607
7249931
293931
5459967
7681991
2004681
5238673
2442081
6938949
4816907
3958143
1927283
4208703
7041467
156878869
3849907
8279631
7845261
7814333
145279
2349579
6073437
594073
5074763
5370093
6504047
1081337
4957703
2993731
99975353
9013971
9666057
4366619
345421
7130043
9722383
1811893
1288217
2511373
894197
172217479
5845651
2306789
790829
9114987
8390449
4519211
1426401
5929803
444737
3606813
1081001
8414991
6607123
7436951
1668749
3667719
8408583
993279
1335757
3021011
6157017
7158087
5330643
7138827
2389977
2685721
2213913
126558499
6122241
2459069
145858557
814137
1889803
34433
148193783
8192843
6675143
9287143
3909759
8661161
9985493
1048547
3200591
1190753
43257411
6770757
1907421
2102569
737181
4965063
42621
6237633
2203781
8119221
7434753
4608283
8664707
6457701
710479
5197603
8270753
118846053
4434303
136205271
5738583
4463233
3672417
22895597
8584121
3715373
3681623
6932289
6612387
9977133
72301
1493917
4588227
7453737
4809561
3808221
154569407
1496701
7320887
5729423
9680021
5254829
9043909
408183
1718699
7616057
6372919
2789179
1565487
6788263
6387693
9446157
6096737
9309383
7479239
8160153
5355479
9347803
8966307
3960641
933299
5373929
9579049
5501933
7393907
4690879
4426473
6570343
8226767
1761861
56077231
9582793
4240549
8018431
3988643
1057831
2129943
1128857
2981911
4340057
2178667
7970331
4014919
7763713
7029163
8383357
38925371
4844339
5243047
5402667
9049517
1320089
9696021
4223657
6329647
6270453
9476669
2462889
5608809
2704603
9888239
2314593
3834341
5292421
5446837
9291797
2429433
8282207
4089047
4058913
2129093
1913623
2853541
2746621
6377139
8082279
2779267
219151
50918911
9309051
2258319
3832559
9049063
1884707
1784051
286109
6558701
6836801
2194009
8839937
1130031
9230113
4102869
345627
545679
8654471
5315461
2046997
8264359
3616249
4546863
7534477
2665639
61711407
3170017
8350193
6767021
7610999
886661
5205429
1736477
2921893
1034853
113711631
7013757
9078933
3575029
1614439
3222633
4459207
4571623
7414269
2188957
6243261
2942259
2484593
1924707
3830261
3744907
69469743
3876953
5942361
9319333
1226529
5623601
8036789
2154653
6424033
7372101
581777
2399119
151440361
4015661
1435937
8527579
4449401
7374301
6452619
3124323
5567067
2526639
701239
8625721
4137527
59190803
2711289
1394327
7508373
1781493
6949259
9628667
1799899
9526593
4778723
5027241
8782423
3261607
159717
4851259
5581429
5202273
4245761
5251423
4020203
9597177
5002717
7205107
8178703
164963
1874383
4792273
553177
3353577
1825547
4618469
9425539
2100713
2771989
7990187
7238569
5735117
7526451
5353669
9970579
553699
5450211
1345893
2415411
5703461
1123
7895847
9501459
399229
687389
8309159
9906873
5971349
6689697
6987159
7417079
5057981
6686811
7924929
291701
107659
7390901
1925259
9209879
2420641
244837
2140259
4312673
9772357
8438013
3712807
7560019
7432653
1228423
191462309
7221077
6863991
6977213
1394991
3094413
7468167
3104777
85459
3607047
6676503
8317503
2502689
4856317
8696589
9009311
7738637
7575551
5142827
6159009
17619
8260523
535733
4312389
9880543
1339201
2384957
6008557
6421231
6839709
7922183
6142721
9178653
9854563
2912721
5576791
1060441
692221
8475783
8605653
5017227
3299831
3106791
4858971
4247819
5786849
7436771
1129859
5952617
8085041
1986839
7937691
23347
1171369
2597213
7516419
3139937
2414447
7840103
5043909
934151
1757419
7373683
6552083
7542799
2356747
15963
4124597
1695491
28356353
8997673
7518491
4922691
5557653
4862783
9630603
3393771
9144451
8461609
9270611
5256169
8801379
7146209
572311
21261
6528699
2172177
3255677
2673763
4595991
8290519
101263219
4305187
5761171
2710609
8649437
8916589
5273831
3698029
2960809
4479691
87477217
1792813
1966203
3874753
910557
1715389
7025553
7424957
2415251
81683921
7871219
5944803
8631449
3042193
2111733
286799
5317867
3189731
1159701
35257
6169481
6022603
3494363
51672571
2828297
3525459
737047
5116911
9944637
4068371
62582841
4238161
7784983
6055049
3017831
3662193
4019211
8440123
4958709
467933
1639043
471231
9708519
2732041
9115837
2175201
247551
1579271
8099847
9103497
5402491
361537
30171
5665349
9094467
157899117
3951637
4518323
3403417
2051503
2265793
6626883
7289277
2764253
4803317
7728599
4808607
4602439
4383541
295819
4309243
6676497
6966589
5857281
3279411
7819947
3984533
6749957
3401057
4165763
5686163
7029487
5784307
4758793
3967587
2847941
5367581
