6687047
2832787
3751261
8462611
984333
4339961
3997107
899039
5067309
4222221
7140113
6424781
6670303
2402051
5469647
7684613
8624763
7946369
6527889
5716311
910809
6776489
8018507
4106349
584637
5897549
4421059
3192117
5857857
1846401
5017023
5641043
9213249
9789777
7439133
7579691
2455619
7936689
6481491
1162123
881883
5420611
4526393
7926461
3821939
9563543
4699507
6526209
9669431
9258497
25096781
9712791
2698857
1941097
9616431
4012021
5690381
9276337
6104187
8215543
5177227
9369453
9563833
9849963
3708713
4260429
7769769
525257
4339477
8269243
32012721
349137
4546111
2108093
1032409
9082453
6846983
9461409
2883133
7108959
8892577
8890123
952399
7525271
6782991
6271941
3056069
5686019
7225349
2117961
5010931
3836643
7647551
27401
2523447
5868299
9598513
2750913
5084909
4010959
2664909
5041013
2134247
9276113
1877549
5188353
4623099
3829053
3287059
153812337
3909743
193934423
2224949
380839
882317
1494769
9477007
7137333
2801999
77869119
3842423
7452717
85177883
7170117
5116723
8005617
4760887
2305621
9385103
6524941
6783467
4570257
8860731
2477031
572529
1163739
3695661
8331421
5739017
1270811
9034871
4900219
7549439
4622349
3317063
9805053
8800363
6231837
6360411
5242209
6705307
7055207
2940841
5902177
1939693
1404001
8591511
173211637
9966089
4485081
3863327
2817183
8096453
5803309
3922243
1385767
997573
1514447
2676169
2662919
5369489
2912207
2567191
8609851
9433687
8062373
7895867
8115227
1012089
5528837
2773921
966247
1427267
575017
3691209
4959651
274899
6821419
9687729
8814691
6287557
6201791
7308419
6739843
4879761
2562141
6268443
58224879
170131
85320331
8933319
877069
6636481
4452347
9197973
6735541
3569049
7530093
5761647
3113087
773331
9118481
27847
1172347
8882433
1839941
2971823
3621611
9640053
8552777
1660173
3989697
7682181
3341039
570323
7655087
9348689
8070783
2346399
3147801
2796341
9467171
80056593
9917961
7975021
641411
6682049
6643031
1133557
3105071
5932861
277173
564363
816161
173441541
3396811
7864327
9472797
3883617
6232039
6003511
6545779
5286319
5186269
1605767
8182979
6675973
5775739
2624641
1271859
2703603
6408067
3904223
6632591
2128403
4515437
7134647
2012059
9641081
2495957
7000243
5766307
1038853
1426243
48027657
1211537
457143
77656891
1936007
8008201
9634759
8997047
3177463
8876469
6330181
149084987
5581809
7424751
2837531
1081509
2552129
3987327
1779917
5154747
2492791
9117477
6165433
7165079
1887533
7508551
416187
4405381
7509879
1557719
6703313
802877
5713503
1421123
8273157
829397
1746063
1992179
9083441
5194721
5810189
2517217
5525319
2481463
3682159
8953641
6618563
5083607
8855601
3025449
8991847
1430107
5023953
6558637
3000233
3685847
3187447
7488249
2050303
2487651
4218851
9521571
6478939
7941607
5936167
2474207
5988099
9550241
7668753
6664731
8123247
9344679
124203
2024569
1908007
115919
556497
73721367
5336891
6782583
7039197
2828829
6159697
2785337
5727001
5501123
4502767
5202599
7864641
3492277
9614309
2239727
9675049
6662957
55243191
4761153
3672311
9351351
3855881
4664021
7358233
8268439
3417117
2357299
4946747
8194781
6952553
909671
1242051
2546829
7697661
1116551
1508819
1384819
7025129
2784267
722261
2526431
3298989
6774619
6222103
5322967
6839303
8712439
53534549
1477787
5901791
7730921
7519163
8728209
7497029
5141477
3958059
806733
8033999
265459
9449353
8651381
4610187
3376881
9207997
6019349
9674953
4642799
76388337
6385789
9162569
4719453
7266751
3696953
3775689
4057037
7549007
4013267
6864601
34809931
174781
397169
7007879
2994117
2259851
8851491
129127637
1064167
8688683
8892823
9183763
9568117
8354909
7404961
111781
1248033
4763407
6653171
8313719
7705817
4461951
2313987
1112631
8185777
9295617
7422379
9633527
4079197
2748141
1954713
179766649
1541739
6335253
6001537
4761951
6360253
1306943
6893033
2340453
2294239
9317957
7933103
392537
2053849
6458083
9610469
8635381
7131543
8117393
9764033
4680507
9068999
8349569
2639521
600281
2685439
5184993
9795291
3988001
9737423
8473673
7536219
3903829
6648183
4683833
353877
6562249
9066519
3490273
8417281
402389
3781551
8794091
8601541
1565187
2454563
35926783
2878109
6334249
2842429
6364161
9865669
6136477
4546929
7208881
1905177
7426311
7819043
4624869
4440697
8970711
9001041
8624471
4890431
2137843
8047131
4807041
4480909
1665053
384611
4652107
352041
1606009
4439103
645449
7581277
101661
9167341
9130953
5535823
1095853
5494357
4224081
195181859
9660959
4358851
8438113
109493353
5949019
2464011
6174419
5965093
6699283
7319619
9032817
6273753
3836739
9718217
1571793
8505739
5271427
6584947
170079383
3376637
7433631
6822511
3143753
1272859
8339609
6498093
8227813
9370201
4286687
8082557
1828037
138758081
9459773
4115229
4291807
1575519
7617317
8133837
8073433
8814349
7006027
5861969
9571179
4606483
3256581
8882281
2185721
7713303
7500747
9951371
4637439
8867971
3167673
8134361
9234741
5450791
1743327
9096127
4424147
8636719
3725921
1782247
4300501
4299197
1337153
5566557
1562737
1713111
5479503
1005493
8299119
7649593
5462353
5092111
9151677
8822517
8498501
5080393
5031761
6763569
6552853
9323023
3556733
6476113
1842849
8526691
3901409
9725453
7576679
2277827
9806233
2644501
9815931
9888847
3700543
4120687
5165689
4877531
842323
2557641
343129
6613923
2833391
3139803
9447027
2542969
265493
5375553
177305871
2615449
792111
1949
4853793
2043087
7230251
4740789
5427379
3734467
7671777
6406931
5526523
1755511
989271
1621611
4887849
3030193
2302427
1333987
6731803
2803889
5047311
160512483
6623807
8465477
5974871
7099997
9023257
2003729
9686589
5960403
7552923
415633
3979949
8919561
149564647
9354429
1777747
5937331
1079709
7267237
4010773
8944957
6334773
3141507
3058063
1156811
713929
4408169
6508093
6150697
1955333
130336917
7193683
7882887
8184277
5221587
7474919
2299699
8874911
4442077
5188533
23761429
164446599
7546441
9063849
3057567
7499879
8355763
9207317
1703929
3850073
4009151
7325293
890409
37808123
54164289
9152911
4914343
7482381
9388929
4899541
3244361
652391
4902471
3560337
8537511
3732953
5904323
4231519
1968679
4953853
397287
6754051
444403
8806959
4784501
4845217
5856921
9784701
6329929
7941339
17072197
5379589
6503601
