5724083
3359889
7260121
1554059
2000921
6680037
6367117
5971413
1530241
4796167
1257151
6939873
8426393
4625381
6525333
6770181
8444957
7390107
5216101
70003
7611637
382413
7499651
349879
144487
156828067
9151091
3560267
9116227
8862583
2508523
9575377
60424631
4874273
7361129
431083
2960709
4613721
467251
2671557
3825747
7716219
3653081
8334837
6838619
2903167
3339709
676403
9906697
837403
4704273
8772771
2572179
2472763
5628629
95891
1978203
4122161
2675599
8497223
7260613
3747129
8012847
9370017
3134437
8544301
9076329
7289929
5939649
4081639
4875371
2600143
8461759
8943567
518563
2751381
6320211
4094379
6924821
7570263
8202807
5943837
617663
8670647
4952319
1204627
5276099
3220317
3497151
7620221
1417673
6073391
7427631
5932783
3812939
3644453
21281493
5741209
5579847
9530873
3848941
8160981
2174337
158978991
6173303
133139967
262969
128731
4020123
563739
8649639
8688091
3894127
5143229
4982883
9094479
6840961
2967469
454537
4609933
8009299
9875961
265257
8619019
3285037
5802921
1510833
926401
2144903
9256521
6292339
7743867
8689287
9709337
4344619
5303433
4996149
7341383
1494809
8640401
1793451
1266993
2020629
54877153
8025493
185183823
2517733
3178777
5664117
8173927
9923247
9256847
8892761
4655211
5032097
8126967
2096189
3022559
9023829
8429973
5423919
1698501
3641939
4086903
1196777
1516279
5633057
8401061
137657
2503157
2366757
9635903
2215687
1275413
2367469
1847289
3766591
2641361
166908549
4157923
7906251
8882677
5783997
5458109
8261121
9396757
1262907
2449687
6503357
6033497
9718279
9148349
664133
9894461
1120347
2053511
2614477
7162443
1752621
8213487
2539133
5848687
7039431
6176813
2469789
7411357
4544009
1323471
1435077
8639833
7329249
3382241
1842337
9092983
1504587
9233399
8937847
9006567
143187
156211703
5608403
4506859
7027519
7117637
1629789
6363163
7751851
1203639
114152761
1183869
4212259
9611831
1465927
1647971
2310817
8495179
101330047
7019851
5854121
454539
2815513
3511117
8426721
5616391
4320569
2092639
7589939
610507
1283687
929319
9768907
7607159
7705047
7027927
5505801
6209663
7813221
594517
7568537
5773413
99818293
3685749
8165933
65027
1776431
131231
7293089
6386929
5605851
78791359
9805161
4994727
1221269
3376019
3177827
1922369
764229
9820837
4439403
6725061
5476029
2431623
5318467
7361801
5369331
33662931
4629381
5680847
5992347
4079057
9831559
6557801
6814489
6075883
5973437
8042799
1386083
5506687
6117843
8490571
7624093
5358441
9638123
5001221
1105923
6590457
3791303
7184949
7884293
9475811
5292313
143134169
7818603
8278879
4711377
1777859
7879927
2967197
8960323
6814667
8423681
8526389
9666667
8150819
2534861
5634417
2844433
6361927
9645037
7247359
9480227
3724711
375263
6501607
2502241
6532411
7030791
2544889
4938011
6231127
5369951
3244471
5608943
1867353
7009829
3442259
5418111
7475387
6301741
5536709
55317
6073221
6240951
5670667
8794011
6443619
4445299
2223469
3284487
9645643
4510177
2419623
3008241
7221137
102993
8040217
3960411
2782003
7148289
7228489
2507703
3049613
9727893
3143619
5011733
3743633
3900253
9372283
2427813
2603171
8767949
3978679
110711341
4461411
4979877
8808271
3081851
1856919
2887469
158702729
5505747
6734841
8396449
8966549
147472913
9098383
9751929
1664599
4475791
8619103
9570949
3086741
2514437
118276339
5283559
676749
9841761
7955933
2089983
7709073
9780713
7633431
2346019
5977977
3789537
1079321
4773417
2765427
103785761
9887191
2928173
1423371
9321047
396847
986033
142001291
2614049
6292193
2000437
9675507
9478513
2340361
4748511
3913651
7756159
3838331
5546787
961621
2324669
5864443
1532779
9176051
2013023
1084859
2440253
1912799
5716491
7763789
1357091
5786433
8502997
1682183
6356759
648733
5812061
71944737
6190193
9902639
3678657
97162649
3134881
6630113
2326817
8751537
104378089
2207241
5963589
2797351
7466681
2170063
4411279
8572261
4642481
5381663
3282443
6051699
9067759
3003413
179552017
1451033
1442073
5813867
2657041
8480021
5660697
2962333
3996067
9567071
4646403
5029217
836293
9815959
4341443
7237751
6473123
6653407
6476833
8110183
5084989
6564917
590497
8869623
8041847
8142399
3722583
2841059
8013607
4413549
7688179
2533723
6668241
1483871
2007951
1507901
8721387
7300189
2835709
49270007
4507307
3521557
3137019
3488783
7749641
5813719
8314353
175157547
7045421
182397
7111187
4412903
4756351
5548387
5523197
4378493
420373
6952213
5550279
8843877
4521277
8942337
7960383
4541659
8576837
1503281
2111817
2324853
7951911
7320853
6781547
7691933
4279377
1040533
7631617
5754697
585601
9521253
4828437
4569569
1295671
7232787
4716413
6277963
3663719
9102261
4955969
155605461
7512977
8331609
8535579
2109127
8796169
1986163
7076067
3352649
1967771
1971261
4775193
7055707
1350361
1835339
4610507
860741
9793961
5457257
5109117
94295469
6374759
1148111
1445177
4170041
3051841
134545959
1364763
406977
9597943
4917973
16319
3598669
795609
2878723
110176223
7373269
3169103
898977
8986323
5313059
80353
5123141
713049
31987591
3241357
8734169
1057333
915271
875963
8001861
82513009
7737969
6174607
3734787
909541
2606247
9192147
4071523
2645671
6179247
4174739
809117
467049
4825221
9117733
1607059
9661853
8367349
1042903
6521101
1717233
8369479
3179511
5857887
7430739
400049
480033
1923759
4162721
5061223
7989551
1058053
3443333
8868557
139747
5324859
6013969
8165567
413867
1510527
423369
9631271
8955547
3918021
7322839
7756977
9478771
7882339
1222687
72681271
602949
6114529
3897221
9035609
7968643
4411153
8079107
5818403
1740323
7629329
8876873
312123
7927789
46689
196396287
3197191
6909353
414879
2745989
671671
3137499
9290369
537693
5838187
3190893
3932527
154817859
9231261
3954039
7251209
9568697
5562531
58470089
8375079
446423
4915329
7391177
5558499
3548213
1117013
673129
6549221
1854549
3216839
3725051
7696527
166953
1615387
5678793
8868527
8665443
1449783
384481
7710691
6199463
6128057
1050483
1117269
4512389
7614593
1725979
2205993
9688433
589151
7063861
8880581
8258853
4806391
941461
4456113
9662121
333511
1953843
1887757
5795573
8704913
616999
5221641
3559497
3984289
3887259
470351
4888001
7201401
2877859
1663447
9450223
1120271
8554951
3881951
1909781
9961257
6154463
2333223
6146997
6725309
95709
9216881
149528747
1506861
579019
151807231
5586513
4080133
4641483
4026977
7078013
8536597
4829243
3552063
3447851
96510959
1282883
5899961
6295771
7692143
1622117
6284651
8895947
6486279
6526271
3250313
8684367
5287261
6372141
6634829
3280991
5490611
6244899
2655241
6782483
5218771
9593239
2376227
9220737
6641293
5781317
97489137
5417061
864487
4516507
6775099
486747
186319
7568123
2623241
8959759
2711603
4058787
8688693
9759749
4186417
8024533
8592757
2552919
3830719
7248151
8320729
4252021
5336659
3156893
5960691
2468471
2786157
5202023
9549089
7866837
3608259
446497
121801
2043487
5430501
5755179
9098121
686971
7637133
4837831
207719
1734789
3664019
8795669
545519
