1153291
3795857
8769331
6737207
4047107
5169793
4666661
6992541
9441277
162427
2462013
5177863
380729
424039
5849951
8386111
3615157
2987633
5125473
3872583
3665567
6727919
2956019
2790711
1212941
6006727
2477267
6273851
2456093
7267103
129498369
3077907
8128779
2185343
1603663
2891971
9316627
7771171
7961221
6266051
2932487
5519389
4844957
3766011
3365233
6146417
3200911
6863901
9786051
756591
8966577
3123871
6918483
8671891
8201023
4495501
9527621
2630177
8080801
109189557
2553817
7672023
796019
6063939
6380727
9384741
1021319
2444623
9525623
167496537
1422919
9656159
6475271
9540467
6608529
8973739
6345187
2186583
5406047
8500177
1016679
6371319
892281
4817329
4089
4494619
6468157
345021
2268261
3313923
3990403
9517691
862897
7810421
8027149
6349717
5720841
1696327
4921473
5411943
3603531
569733
1133137
6729567
1216219
2381001
5314729
8876459
3541293
773591
1413949
170346467
5686257
6263489
5316407
2477999
9330789
4331593
2114299
6187461
2504357
5780181
4853641
1229837
4760429
1649033
2415803
4655687
9116897
5094123
8768339
636951
2489457
3721263
1279179
7401563
1426661
9176709
7591593
8095661
4727459
9594757
2080119
49840669
5725227
148623929
8424527
153971101
7875667
49705287
8565727
2156959
513867
9525519
4231097
5638153
8423447
8471671
7878379
6591043
4409211
5119553
763177
2693019
9768647
5596093
9968631
4958143
2917599
1734013
6601111
5182463
1568439
8304403
2779359
4600699
7395741
6706891
1319029
2261441
6431489
8362507
9779891
1135173
5780943
8743461
4469049
8379837
2379419
215589
9790009
7521157
8103961
1342211
8800359
5944383
7331457
8459549
137801311
9041517
2221859
4534293
4266459
4730983
5232633
7486673
9343771
9036469
7243913
3227669
9984121
5598261
2414437
6109271
6399769
1410429
3492437
9318691
1503597
5814561
5026041
2656307
8712349
6643663
2840011
8679331
5168341
1547453
5133481
2445453
96199103
5805857
36479313
7374813
5282907
7988627
56129
5317831
9143431
8180637
277823
763169
1259043
19539
8925769
6167043
8352457
2340231
202689
5087779
9228603
8980553
4361641
177836013
4519043
6569767
8542687
6484807
9217087
8287351
4726817
4616007
1776171
6877907
6099313
1605383
196404211
1682437
1729253
2266669
1082381
9120407
3042809
1734869
4141839
5812589
23331
4929041
9022997
4242351
550341
158485171
1649509
8039087
6495001
4946857
1822297
321491
9006713
7259341
8556769
505289
665971
9346479
3853447
5587563
130906639
3031507
4062189
1819909
5612833
6097291
9096491
852437
4135121
77357707
8726279
138069
5534731
6801971
2290941
6888707
1129041
1241099
58373969
4244031
7343901
2483811
4456401
255583
152651033
677621
2943657
3816311
386189
2816493
4013313
6993287
9595539
1017957
2549543
28290633
7205211
1066257
4502607
8261281
6731869
372377
1486009
8970649
5136749
7894481
6055567
9171167
1072389
8532113
7542079
1565383
9900067
6164013
5079859
3160209
2186449
8614479
658623
2757261
8930669
8741469
1060041
3184931
5458809
8552867
318577
4501277
2222977
3356599
7843223
3756001
8053263
5469661
6708909
914511
674821
6940931
2279839
4962151
8363419
6182797
2836769
1439051
7884147
1849451
8145091
16689987
8298991
9545669
437579
1525291
1904817
7658797
8398269
1049071
6055423
5356209
8836027
9866383
6819423
7770333
2451951
4192091
98539459
2665417
105953
8418229
4396453
2027719
9392919
3686603
2971801
4870063
4507441
1570417
9953821
3283779
2011399
369711
9792727
6145191
3729619
6567111
3607647
5088827
4813887
7270149
9835089
8846349
7140687
2364079
7062879
754731
2092253
802839
2823297
181264151
86319
2736853
8289411
113356393
6270793
167506677
4407309
7753813
4952529
8630057
4837349
690813
1480943
8591039
5071907
1048751
9785529
1469293
477709
1714247
1069257
2776911
9355489
6167277
8551497
60632627
836119
7892229
2176529
4291709
6300911
8883831
6008583
6404567
4503727
7116151
5363749
9217927
4539813
6419097
5469933
4161877
8745141
1293329
1891507
6692171
6654403
7701069
5567449
7412941
6013117
7647369
1795279
3447781
3890013
2174123
7067039
8062101
9937743
1727577
8038569
8736589
6455887
1071517
6252351
7607057
1819717
1819811
5019439
2172863
4829391
6839749
8647331
2773881
592733
1712039
1465659
8112389
3911769
6077821
8257759
2118411
9199967
9511901
5756541
8877131
5782147
5671701
5272601
3833087
8425509
7298687
4688871
9151121
7518851
8333989
7018407
4683283
2975389
7798519
6659301
7669451
3364421
3545323
932643
4776083
4395121
5117787
5251521
9920771
6404513
1984119
6732063
2338857
9615201
7588439
1706493
7034201
9058881
6787511
20718141
33807
8146511
9350893
4495637
9250557
9958467
2002271
295027
4665127
7097293
7428983
8270157
2533491
844177
313831
6130203
4288581
8678447
1726357
1546227
5309177
1661957
4808657
4624099
9015303
6268433
7303903
61743073
9129617
6936349
6741773
5309541
899019
1630553
7531769
7650729
3279163
4406257
569659
126489099
8888069
2297581
3444789
8380813
8340909
2701023
2910351
6863121
2480003
4166623
1476403
8927601
1723021
185369991
7982873
4002123
2079999
8299217
4862651
6485011
8964617
6126299
9753817
7054783
3615847
2452027
1348591
6736857
4265349
1111149
953347
9181599
5061277
7760449
5117169
7368287
5507939
8715749
331893
9636903
8072811
7697573
6271139
7931309
1282727
3701757
1965977
1491681
2742983
8979639
6845619
4620303
8267601
6374501
487209
9880139
4128791
2466479
1019433
6910947
8855877
4580213
6491729
2278141
7247921
9538939
2965939
5876587
5444687
7136783
8749081
6477543
3272987
8636469
8786251
1033967
8270189
559543
559229
8423597
9101693
4053
5356939
7667231
2115867
5898461
5461893
6759829
5577119
9545181
184597
4099353
446807
9240281
9919423
7394789
8306757
9024281
3849761
1603941
2341753
161293059
6663293
9407997
3433281
3900819
1960789
6205751
9114989
2075567
2218361
1856459
9705689
3870117
1137381
8133469
146285023
2919637
4438393
3715281
6295113
7905169
3144273
6386107
5586573
2872839
2117751
9081913
1857139
7398183
7677919
2017539
8083809
6925397
1579221
44457757
9934519
2592569
2522907
6018147
5274783
4732107
4921287
602643
6320993
8676773
7028277
1064659
6331787
7620697
7384719
9116187
6420589
6184331
8446089
2936689
8915687
6163363
5886477
2835341
5433677
8630267
9791337
889999
140031
6078027
1831397
5360687
3838123
7170481
6048639
3712407
1031887
8739361
6581273
4380241
6787943
7677951
165573
6239733
2285007
2072349
5117621
5976253
7625493
6491401
207847
4070401
1324687
2294181
5884791
2535991
6573881
4944001
8380307
928943
8352301
3896763
42234109
9568979
2110387
2283561
3456793
9554499
9688749
1576591
1866099
1475213
9754663
8693783
2455739
7429039
7410407
158405979
4323179
149309333
2017711
8969427
8766501
5403011
306071
3426599
