8627813
7599013
7593483
2834229
3030237
3579643
3503677
9757303
417677
6948917
2321543
5181411
2378681
9912439
744951
7109221
5552679
3823203
2343017
9859971
2456039
8834713
3776453
8368043
119073
1099331
6613729
2682671
8523689
5717811
2418893
2907291
3090223
7904811
137687077
6082247
5912201
105857569
6739307
4047871
8019321
8490227
980987
7053717
5173319
3626171
2520693
46575251
7695761
25527
7269231
7732197
3143349
1764961
111077
1508693
7185699
2146737
6975567
6709883
6719039
8334561
4604209
8728479
9958759
1891179
913459
4637049
5087513
6693991
3280747
3236881
6006131
4677631
6621581
9987237
5761069
4907199
1873231
7834509
4579201
9042027
3591203
2049177
4183657
8858279
1597429
1535701
6998649
8547743
93207
7329597
6984879
9131321
4159949
9306169
7155373
414647
1406631
9791709
4237197
6479997
6283977
2141741
4245847
9999403
1397797
1042911
7082989
2413041
127453
1978127
1221983
816429
1294251
53949689
8198701
2529457
1837651
6697889
8187513
1249077
7690029
4921107
3313527
4751749
2694851
1270399
9770623
9302681
5604691
4453343
4515821
426767
611257
5289531
1370513
8838107
630079
8839859
7190429
8233061
6324357
5424341
5613219
4265137
1759807
7193797
33467
3318277
7930343
9344583
4413137
855741
6401431
5512591
51901859
1753159
9834167
1353553
562173
6201171
627311
9820829
8536219
4268491
2848969
649357
4783013
952587
1416533
9293311
5036001
5372073
7325253
3341433
566301
195305761
6891583
5799629
7116987
5964777
8355347
546811
4511207
6237541
2762149
583961
6562981
6837831
41917219
6614279
1898269
5212927
2687289
1966291
4927909
9298261
8445219
7032309
3628907
2272311
8087339
7842309
7440083
6328549
3846069
1353583
5489343
2503287
2719271
7449697
7708003
68035559
6442923
4177589
3680347
289967
1387993
8532633
284171
3039009
8308473
7003141
4008303
1781311
2427057
9762079
4630263
892761
7238017
3195981
8830763
976487
149912881
178476651
2600213
3257497
1010197
349519
1308023
6478727
9760327
4286359
1934479
2680677
7278457
2252319
9956827
5792377
9802499
5599201
7216553
882199
2427833
913207
1133311
2590989
6897647
54513
9235701
8055239
2661597
5856763
5746727
8940153
8813257
6319191
3153893
2125693
8398189
2536137
711039
8909961
6103609
4076841
3180167
2052923
6254417
1392657
3512229
8840413
7248371
7807951
64287
8424143
8990177
4416311
2049151
6615667
5035633
3131127
9253929
3692969
5024213
8391217
414627
4317063
2070899
2124561
2186139
4314331
4221113
7298831
6312553
7345283
6108937
7602427
6839829
5228441
3932299
9550491
2702203
5839407
1922333
381291
849049
5311573
5131067
347321
5122301
4802403
8434837
4999567
1887331
4012309
5220853
2000669
453039
4353531
1384341
4959827
8306039
6392969
9098659
7984721
1589023
5945307
1767381
1639511
5418701
9656051
2311529
6374783
120163
4471403
272687
9793033
142049
6915363
8122851
9658283
8676689
1309119
9458801
9794821
7942967
5487939
1514523
6476617
4927753
7941451
3814063
162150389
7988927
4553169
101672319
1160691
3949753
6900293
418803
2035383
6197323
5253021
9293471
7290457
5303571
2679957
5270383
1808531
5647389
5210431
483609
3290443
9395311
607817
9664237
4426769
1527813
7504661
8414947
6576891
5879281
2383157
2018183
521897
910181
2352331
1068587
7857263
9040727
896051
4811403
4578663
8870839
2257801
6382407
1372061
7979677
1570977
13600023
6965541
18602559
3762669
2410853
9095899
6942421
4795503
1111317
8012227
6748411
4098553
9672713
472983
5138523
6343253
7928091
3926079
3259807
4592877
7572639
4080987
2317841
5673109
5728731
24427
8045881
8266583
3703003
2704261
8715477
2133647
1500439
6792411
6836917
6552011
73613207
8179237
6691111
1078747
4046697
4502961
1258137
9197371
2180499
6706011
4034479
6689649
6053391
9069769
3917503
9764217
1050989
1022241
1381599
495133
8722359
343593
2349431
3482243
5794627
1873727
1369487
172342507
2579231
8893149
2249971
5206431
8140433
1430131
4927613
9345257
1149587
5041237
3163579
5143971
73644701
776521
7447017
5320847
8838089
6411831
2753961
2117713
6428591
106233
6357171
4770123
638303
5491829
9992593
756717
7083057
2348667
6332683
1913051
9038981
2449237
152931
4618419
8304631
8305487
4506759
3766379
2285403
3914403
3459479
8874559
524161
6602393
3327273
7206959
9319557
2779757
8498347
8115709
6357749
4752383
7000431
2754509
6114557
9726341
9118913
1127967
5680183
87563387
7115623
6771919
920463
3921771
1578623
146090201
7952289
8500989
1867997
4121239
8805579
137035001
175395117
9991661
9416911
1661009
3405691
3541359
2578777
5774811
9726787
4495101
187695111
4143529
1707651
3192953
7435831
3032961
2035483
5790611
9170773
7098141
9856809
3695591
7121587
6838939
8448623
9288497
5384201
4416139
6409403
7768417
2603101
3617853
7492939
4894197
9044309
4729207
2962811
6446691
7529903
9484933
5742461
2764147
2925693
2583517
5375251
247483
3895229
6399563
6652763
4271569
9487179
7418811
6260327
1318067
5509649
926521
9501147
8373187
6139933
4569111
1633903
3314023
5378083
4174471
385049
5265967
1799819
5586841
1587383
8741599
1887541
114028199
9894097
4041247
890047
7886909
5068143
9162263
37076767
7580337
5416007
2189033
3623193
7019137
9044377
5796371
477513
4131733
6499593
7032087
1359287
8050773
2077029
324243
4877499
3402267
2877097
3488349
8839159
9021969
6607921
8003197
4436763
3568063
7950149
6208177
7641703
8470349
7182023
8107213
5327551
546679
2101513
2007107
230293
775983
949623
5437969
5099711
4652431
8297163
1331653
9552853
9024959
2054933
8344631
2809813
207899
3535337
2436771
8395873
3570299
51140677
7365147
5742309
4960503
2290769
8941309
6242209
3678713
1848401
1915651
5506597
8865787
5703181
1980833
4598299
5761869
1613543
2731107
9643819
42063473
8453977
4628989
2137919
7402049
2527109
645509
8240111
1067817
6261333
4694287
5053137
8279387
6862369
249311
172064997
3475277
9321937
7240689
2840937
5110623
2580679
6913621
8585961
1617103
6864391
6833639
3029
31263739
4563751
7564037
8446767
9136579
175776417
5026343
6756863
4548293
1998391
7563473
3923971
9737163
8754279
7763833
6661329
1382061
7021813
5811033
6133047
8638999
4359737
4463451
55602703
5835151
9499647
1523269
979911
8404911
5460879
7088743
9698137
754813
7985233
8909371
8227993
5980837
6368243
2116947
3022699
7719551
7942907
6621507
5983259
7496983
1916687
4454097
9566849
7287849
1522289
6289807
82818431
5836159
1647193
7110197
6345579
4190303
9922487
8573351
1728603
7640913
5229799
9163311
7779287
1381177
527441
3968083
1423581
7169123
3711531
9659193
2975919
8069969
