4816801
2021577
3447561
9847121
5812517
5405303
3986271
2493937
697693
1692901
7510363
322533
6505881
7991539
7956959
11291
5831557
7926889
4207459
22727
757927
4365479
7225537
6405867
3780061
7967179
8759891
2935807
4508463
179601937
9006403
48399489
4967823
4484153
9285623
5943399
1134869
5623219
4188921
1598591
6065227
7880453
687771
1629889
579147
8237173
5481993
3597209
3594929
1867343
6438989
3416109
20549
6360209
408489
1491541
8883899
1130329
4965537
6156643
1417599
6750297
2685629
219181
3284011
6938741
3875519
367191
5807223
9800493
1930269
4774291
2608283
177003
841019
730609
8919459
325019
95027
3717237
9729437
7324761
3919843
7175399
8702133
5782679
8659487
8059059
9981623
1574883
8002119
3536253
748957
2707381
630271
3922799
1610733
3615323
6923769
6360677
9349779
2831977
9907137
6645897
935273
2600317
9458889
7893841
6574797
3273663
1508967
8446373
2732727
1335291
8267683
6444013
930649
3629783
6980791
7604903
9418961
53403497
3313423
8410683
6300517
6169761
7464163
755307
906031
1245191
2520841
2095729
6144457
7745163
3529539
2944051
884357
8785521
2617529
6714123
4255073
5662619
9012879
2132981
3174923
4761753
3361493
5702513
73697
4489503
7958789
7188379
8226163
2728381
149359627
4752131
9119839
5733909
9475547
3143157
6760791
5944267
5656567
8401879
4918157
682799
9902809
2277209
5006731
8750893
9697031
6045017
7469931
3282523
107191
9619571
2782423
1840557
1645101
913229
2106069
3279807
8992871
3045111
828703
5965921
1135747
26343
5002341
9048513
4319713
2420839
153753
5774549
3569251
88286331
8111627
6488717
2858503
8348039
8680329
3666547
5822617
7613743
9495533
156351893
268537
9351881
6766533
6197423
646773
8413461
3307591
5299829
1941673
6165977
8453587
23071
3881171
2588443
1088367
3447777
4217963
6146769
6897491
1766839
998149
862041
3538259
5922349
5367481
6843819
8624719
2255887
2124667
5687443
123860677
9416403
6426281
2921819
1629087
8647889
6609557
2144499
1303459
6825771
1588803
7566661
3033519
1395711
9316369
7659431
5742907
5399301
3190577
2927057
196140367
8282041
4537993
5469281
5948923
9178979
2921249
5440481
9980609
7924053
7321149
7378831
3964033
3418071
5451279
7939523
1082597
5659879
4365373
7329283
4626793
831973
7606817
1421647
1118821
8206379
1336443
3156833
7782601
1281197
2994703
1761273
2497601
295261
8488483
9280027
6834081
2227907
7738661
5993419
2401611
9780821
3304859
1792561
246861
6238763
51943
7975693
5792843
548083
72070117
5068241
4837537
1112291
1736623
4998937
8362549
6397969
63065973
8682607
3997721
2283857
7553083
6980343
1840287
8160931
699467
5110011
1106279
99513459
1226901
3750221
1696233
4793909
4359111
7002329
547711
7647519
2159127
7521061
3704097
548471
1642751
387781
6899551
9033227
751557
1183859
7973423
6797461
7568471
6802327
3607931
182812767
3553583
111111869
6994877
2027611
5162853
8324773
6994181
3595561
6292481
3138741
3424453
210913
9935813
1945909
2404559
4964051
6127453
199063
7318537
1693423
2107813
4932111
1709469
1695883
6087651
9948613
636401
647527
1281047
7222937
7558223
7899093
871383
2301253
4067789
4984283
3481793
4257499
2673989
8974417
8453793
1303091
8766129
4135499
8221407
9534467
3196553
165093
7568353
4505893
1335867
6862911
1195119
6978477
3382321
205921
1833311
7636129
5184159
2682297
7524863
4212251
2239027
1918857
3057077
2380999
36747789
8676237
6432143
205473
2983121
4507061
7098163
1587897
3360767
392451
9951019
8413389
1232281
6925523
7335483
111510581
5192223
3240917
2856173
4781423
99159
8182839
1169557
3964279
139542133
190149
12595541
5419183
5811299
4007571
6626383
5509397
8340843
3576007
3602017
1643187
7950509
9291043
2372933
5627969
5754041
8256961
9841043
7316973
1328931
112939
1451267
1245671
9928747
153251
2689267
1659613
2597903
6623749
6974189
7219299
4716887
5655763
1179471
4867137
8730977
6857297
2377179
1046589
4379879
9827577
9475191
5801553
8896543
3625699
1576077
4650149
1617777
5191579
1543323
8073371
4943129
72028009
4962573
2785687
3541541
1109551
3628841
7444229
4589081
1773749
4699833
5687733
2140429
5673379
8406151
7025723
4308083
1789633
9453909
963563
7937371
5856959
4276401
7353951
9848291
2806429
6384737
123687911
101746587
8924211
1661133
1513139
2105283
1374791
9774703
5544009
5364919
9802859
7812263
2864063
3727871
264891
9341911
3379601
9088057
2205227
2819411
3881611
4719221
464233
1433983
3969473
3432069
7655487
7245543
8178519
2569311
2660729
4229721
1825961
5117781
159714857
133068499
6211543
6686513
1499307
786131
55587
4276703
1644183
4483383
879037
7138041
2614159
3140951
2010149
2091511
429209
5172607
326603
4709429
3663467
4319723
6947291
1922439
507563
7066933
7394401
4258189
4486063
4985821
5766119
132972637
7644839
6602861
6465757
9264249
168334757
9395297
7283913
4782463
4501791
7702861
1288079
461233
3536773
243909
5617861
1906991
178455633
8410871
6182739
9241009
744519
1160519
24982653
8411593
5746411
1517719
5089903
5019483
6135803
1532393
9383101
4379611
1486569
1395739
8362893
8566383
4542011
9419063
3561963
9634317
3236513
8053933
6841969
4512877
2367219
5214479
3860719
5487293
6009073
7253921
7995617
1570953
1890069
7848109
7131517
1986979
577611
5102229
53597853
2043223
7866583
2452799
8997123
9584899
4846061
3704171
4633471
2832773
6280109
4217557
934979
249813
4220239
6310561
4628819
149119
8565167
61601
88101
8733429
2477401
5499341
6305483
8431489
4269903
5140693
2548809
7967011
4563089
3383133
8654057
9253101
6175021
3611483
3546097
21583
8913037
2207609
5404807
1998277
6332031
7416313
9177349
164759
69846099
2847503
4627841
7394619
8587063
4855387
9400803
1611617
4441293
6114831
9556183
2040277
8514757
4426339
1797621
3646701
7964713
3991147
8788781
3459763
9232823
7716647
9022471
5893369
9653361
9418599
62585651
45986733
6431661
1727087
8615663
9022387
9658469
464257
6325499
5522823
9127161
4441859
5807987
8303421
840741
2196647
176077
2914473
3261753
5734547
1991773
8283547
6053613
9112189
6692769
3889219
3156993
6178021
6715537
3480013
6700499
2317099
3345077
7399559
4373027
9497843
64763
9045927
69413
1502049
3899683
8338119
1754823
2937169
2822713
3722531
5920649
27910731
4473497
7034643
4874149
9088811
3343439
204127
841639
1022033
9906797
6380257
3694181
9788691
5345109
6556237
141498659
3063663
725379
8418053
3082293
8202587
6010849
8638187
7513739
2434117
8009723
6003861
