4316097
6560231
3737379
3951353
2425973
49153
8073657
5905717
227433
2781581
3690103
1371727
3435209
1103873
2638993
4614767
7593027
6561847
8037287
6902901
1535137
4745029
9747453
2167111
5455413
9551611
3956057
6634837
3970561
5101137
9886161
2924701
4909953
5840477
6761427
8045697
979839
8858447
4753329
9089481
9217257
3819297
7308947
1822123
784527
8432779
1336357
2662941
9659083
5430787
3239791
8409259
2360789
4158007
6637693
7006647
8115683
9570097
3832919
6329413
2610919
6962887
81764907
4518549
6583211
597083
7563633
3476547
9152919
7854139
888253
4854643
2490053
3747923
6349851
8146499
1343393
5414819
4970413
193165579
7425237
1459407
1521
3972023
1373281
9425769
9159589
8322877
9594699
3545929
4419523
3377129
8635727
5309313
6151837
9206313
49152629
9106403
7006019
4800967
9800087
684919
4916939
6338567
2528711
5143939
7081321
3448159
1788631
9594387
6314221
473323
6277063
6913787
7921553
3126577
8589231
8926487
4084839
1239643
163719889
384351
4274689
6498097
687829
4945173
6511131
4759223
39877197
870247
5190283
8717131
1406579
7792051
7691199
3164697
3852129
606409
1735953
8767481
7923911
3277179
163368541
1775421
5576731
3453281
3033063
96890079
967957
2836173
6825931
5247963
5241821
1128669
3059187
7067341
7419521
8295519
601319
3267517
7974537
156669
2864761
7297867
4210943
4298803
6428273
4967539
2134979
2127849
8538573
2446429
5401813
7094739
8287713
7956927
6168547
7945949
6409337
2032567
7826639
1571637
3068981
6141511
53389507
7629463
3591119
6457359
3491891
4832831
1208917
4398169
8141107
848793
2205207
1489009
9175847
2764493
2876303
3574021
7739861
2115603
3306859
6337231
7407389
7455739
6520557
8335279
1273483
2635851
2873711
5042379
9544243
4120883
441137
4806001
54360799
7394697
1640663
2025571
8141733
7686481
7782257
9096797
1504669
9792239
667687
9337967
3336143
590999
7153107
9581369
5914939
3411013
6213499
7357477
8600531
3484409
8154391
5373863
1449821
1451967
5341259
727051
2764257
4570601
518989
4655829
3910181
9570353
3462119
2739747
8392867
9332213
106641
433121
9012181
9466183
5226341
8787419
3330761
1068107
1779019
3692963
4401431
5734459
135533307
2649171
2499493
9901241
4122279
2039783
6286359
7659397
140482139
4659291
8894611
9302607
4459263
8490251
665909
1452939
2509423
4171749
7008691
7590259
790583
7436123
6269329
2091439
5497959
29747
6845159
2735791
3953661
9604181
3587697
3845017
4821381
4764337
3316693
814381
6638457
495691
671911
6022919
9213447
2485937
5546017
6936533
1369361
1276669
7294397
2987589
5650943
2891807
9151473
2860799
3233409
2440779
2351621
9593749
2514937
6514287
2823867
1645953
6449387
9966793
2698723
4876499
619961
9618829
9516547
4159539
787817
3839259
813087
2877307
8026367
9922663
835227
9327241
4786213
144544227
3488183
7231647
4422821
4468153
7487537
4580759
2817273
6998587
3543379
3145443
6370097
8118931
8232309
7547047
937183
7990433
9662103
8966053
40791479
700153
6622477
7935773
6525353
4556753
2909307
5809089
9046523
6520377
118759741
3961189
8987991
6574099
1039099
555837
118640549
4506689
6001687
1266147
305687
9615207
5840463
1081657
1349751
1255781
3195549
5703671
4550117
4417153
8931519
6239459
8747659
5463649
675769
4267953
7168767
4270629
5073229
3137241
3860517
7920333
433117
5501847
6205093
8144619
3631579
2792347
9814517
8758913
3922893
3369879
91359711
4485513
27309621
3200807
270381
3231461
9787927
4437587
5136517
1472029
5027577
3662821
3192251
1985523
1102269
7952847
1675431
9906863
1825777
4642651
9989369
7126183
4003153
4273569
1944083
503369
1487969
8296011
7245327
3074149
1268451
7569621
3555767
3116459
4828219
8177343
8207847
255829
199963
3810589
4976431
9528523
7328511
7780533
1824931
6388471
506033
2342777
195263967
8085543
5308149
501893
807377
8372381
8386921
162551
514029
8331787
2450771
4758261
4117251
5874949
7112401
4911213
5551279
4332477
7778461
5516833
5255297
8575233
8864197
6470151
3323103
8475993
955911
9895431
9934017
8428879
8992851
4288427
961051
8017653
7336157
7448621
4041607
7834583
4111827
2140851
3959203
837687
2747899
4244401
7578693
3390807
9057317
7486861
9289439
1711291
7363097
7983357
2333621
478519
5662439
4387383
3050107
679543
3725491
7548563
4760203
6004249
5765461
5008279
7879521
74051
3581273
2920059
7321069
3750573
2068563
163391431
1515167
4235889
6754661
7179989
2956447
734483
1104039
4826163
8578989
8001403
1722327
586389
7718003
8208491
5965881
1080369
8134043
2822719
9785773
4809937
8289161
724531
2176249
3648237
6911109
6272431
6409403
3834647
1627487
8907461
6368609
54213
8512591
2910313
7347599
9332533
3017493
4244477
179055731
3327191
2189841
8508343
7280693
2659671
144581971
6141329
5126929
9696877
9763881
5807163
2804439
4577697
7119289
380899
8224969
1763827
915323
8151033
8105887
1409939
1019991
4669311
4000799
3751641
9667301
2108533
7027063
749811
9933633
1923729
2627027
5005441
847151
726869
2754353
8432247
2975299
6805251
2424861
3467937
3959891
3964193
7659601
9576179
7868351
987853
1712361
7305327
9293053
4031723
6312789
7316789
7486117
4837613
6232457
6313813
5701191
1085897
2317551
1845171
8820229
9747987
2332363
2065209
5002191
5888813
5714849
7195581
2859579
7946377
4141383
2417989
3559257
9301409
2118421
2276781
8306527
8149689
1216573
6382181
1762561
2784663
101743
9135039
8094667
823863
8528949
7627513
8711701
4077417
776177
2275841
1619247
3529759
9967263
6263063
2189007
4634287
4255191
6398979
3076073
1843091
5905439
2836753
9453379
3499773
4076033
1420089
5190991
2614941
5991127
617901
7839897
7046071
6608829
9075851
1644813
2997177
3074059
8235573
8139217
5292103
9125517
349889
3928327
7502699
8219317
327411
747301
7111577
360207
5594357
3355427
2354371
4730497
1275279
4508009
7843243
2929087
193967513
5988243
2215891
4957431
8639643
4363639
4829587
231887
5261837
8901113
2646367
4236799
3816987
7462099
8382197
2338947
6616523
3317991
4257877
8515157
7738179
3199793
3850947
5207341
8440389
149807663
8586109
9789151
1554771
3427137
6669011
785983
2152507
3271283
5250483
2341401
9718927
7873163
2730677
3687377
4207721
7614521
2579579
541837
359173
8384173
5581919
6806009
9904649
170425209
3413833
1770631
6614927
7171191
6904579
2254267
7892623
5949283
6167487
3313607
3248467
9658543
5031723
132145563
6850667
8571477
7479253
3291979
87305967
3567819
8266113
7121041
4058667
6590601
4277523
7152879
529471
1768439
8297143
6500633
6182317
3739591
1212609
3984181
3645959
8293883
8925691
1827423
9390863
3582929
3478961
4961113
3825241
902153
7788249
9967793
1846557
7746441
3752997
8157241
689657
2802373
5596217
1708323
35339337
964563
5119387
