4448581
7786109
2397731
4973013
2948201
2261829
5899383
2532199
4398757
5126423
8383133
3232531
9935417
5997551
4134741
1593669
9017781
9579873
1349693
8140851
3586237
574689
8703923
7596443
82345249
2240819
7692661
7376967
6714037
4780103
4286147
9000563
4410807
7273453
9570857
4021963
3102331
9458921
63639793
2623287
9131783
6987921
1684761
1768833
2337049
2820609
23916491
8448417
369779
3541497
164974369
4444957
3131709
6201027
7008193
8454001
2878057
2328283
6692057
2963703
3553049
132761
3888117
1999143
8836311
8766077
1204219
6851169
7746201
7173407
5722057
3395289
2676827
5435421
756303
713287
6926279
7449377
8544793
8502491
849673
101935559
2478151
6592703
8293841
1596947
9907681
1368067
6279347
9755037
1421387
4835403
916101
2409233
2393801
2280771
2499157
8495639
5579793
2785847
3659831
9495409
3631613
4758693
6148791
2752509
152391959
9951983
8361643
2540833
7648547
7211641
1079837
4100841
5097089
5427623
5262451
5397733
6566267
2201591
6687127
7438119
2881627
4294811
8877243
9930759
561713
7006779
85773
6497027
3848213
5697111
2877977
6937543
5330717
140231693
9999423
1495289
2113487
6230557
2307187
897359
6684473
3964279
6222063
9966233
3174481
9486367
9795731
5893183
1125073
9394511
6537337
2262297
1029749
166959
111798393
4493677
6023703
9284163
9053061
4042041
8460879
9643507
9320627
3991743
634589
8354823
4967831
8550851
4664999
4124329
8144129
2249147
2933843
2947109
7711823
9486909
3771037
5077879
6834993
2562323
109710923
4163883
4656069
4291217
118331533
9983369
4820473
8902929
9179377
1462057
1652453
4182251
4148767
7384383
893863
2207653
5431451
7324211
3170023
9689429
8757991
177427917
1640657
3982233
435017
7696273
9688769
3924231
4491213
8464451
3426561
3424323
54180321
10079063
1000853
6065353
2735113
7715501
6407413
2945733
2779407
417591
1101181
5720277
9367187
674757
2016007
1069707
8741027
1215067
1851809
23510159
943927
6213863
3552657
5656641
5375751
5542251
192331
4706577
8880307
6910137
7780687
9547851
5362779
5771013
6270143
788279
1709443
2403689
7439163
8020673
12825393
2631221
7959263
9402083
3810143
8521939
4297
1402399
4055877
160366869
8158753
7127827
75275737
9036299
2379197
64023
5943299
7449249
9432459
1936381
979949
870357
4678489
5818343
35887233
5963801
1331673
6458733
9994399
1506091
9678751
2112303
9822643
242361
1775431
4792501
9677597
5034237
7740151
7111321
4920433
3008417
7109393
8313209
2344481
903919
1378033
4993101
9896137
4684659
8247231
801947
9182537
569451
7440077
3759099
4821609
4687673
5797593
4251117
7296403
2665659
2688503
5762521
76257
7160117
2162453
3027069
7588697
4397333
896733
2149483
1356191
7968433
9668977
9348789
5158147
5636333
849397
2057309
191242477
5315417
8281827
4019181
7777161
4562511
6418123
5896011
6758167
2599749
4521837
5120817
6308097
4918237
8455257
4732069
9915017
7358617
4971723
8814237
421509
7165851
949311
819589
7097623
9994563
8135901
2532017
5509337
6750973
9381569
5960393
311443
32181031
2936331
8013137
9083011
5957251
7874651
9620119
9811417
1521277
1021749
9111073
128603
5403353
2418957
6007963
6032381
3786739
1550663
3429737
7835507
528539
9855967
237267
4777783
3784649
4448829
5449311
6188779
9429457
7897017
7962563
424223
2083901
3302131
2271569
7371489
557229
1854937
5042709
1383199
6552587
193217617
1885411
5793483
3675171
4240113
3339817
532029
3146241
7045003
7194273
3368387
9368081
3105749
4269521
8257663
9216819
2792107
9832569
8660269
9653649
1394769
9671519
9731589
8164567
442657
4041381
6086637
250757
8807159
6101891
2541333
2866303
4884703
3625527
1019173
8584129
8129007
3106273
9815351
7743581
9162193
7330271
5899951
9632749
7375849
4269077
3362033
2377691
5758389
327679
8157273
7530477
2843929
1393183
8370839
3442571
79744193
142505581
6421831
5732503
4825799
156716541
3393177
7823733
8456521
8634889
3663183
198264927
6454031
7538189
2714109
3160887
3719319
800501
35469593
894183
3517197
5615071
1071933
2016861
6585111
8580367
7043961
5181877
609079
5444253
3239499
2207299
2445197
4130261
7705639
695729
7980911
9372729
2112407
2804851
3474139
3225351
9919339
7702417
7917213
3693021
4527079
2495007
2091159
606961
208183
2304169
217787
671389
6544187
2120341
4595937
9377047
9656183
3971463
9271371
5471271
2335083
1129973
1775803
8002639
1068897
1503109
14270821
2253387
6386843
8095867
4308937
5897083
7106561
8051391
4319587
1079471
1425443
9328529
2397259
5596099
389983
9003567
6257559
3803023
5872417
9390401
7754853
1917993
5673933
2486011
7253249
6305147
7194933
3235697
154419799
6284719
8532283
2126079
6176239
738793
5313711
9866559
3661833
793117
5823919
511283
5927609
508027
1808551
8822461
9289533
6087987
4125083
2471271
9562967
5591901
529723
1617799
9464227
2137377
1897313
6214779
3524193
9078121
8995491
8733149
7130617
1758627
2823371
3139349
8964293
4547783
1332973
2701597
8510007
685179
6048223
4782401
8083633
2104577
5003871
8405077
7492273
5650387
8259867
2167767
5892607
2935203
2167973
5138877
7707203
7683967
8205239
4685879
8889919
4892479
1250703
5891721
1727677
402219
437417
38811661
2510899
4723759
3049151
7321283
4144381
3896673
1586721
826027
4368959
1326327
9766341
7022763
1058081
2886917
6954227
8098251
6595023
651259
4086439
863573
3398693
7998551
630063
4213593
5695983
5979767
4045499
3265161
375277
1177769
827657
25966413
4258167
4990243
6019289
6782437
7054901
5247203
4874659
4743053
5065709
7307573
190563
3996763
9808249
9685373
6604603
2079897
6813531
1446847
7500179
8348901
3237791
4185481
626681
4098951
5154889
1354391
8813929
7041849
9470673
5713251
2528909
573563
568271
3237213
4354781
114191593
1662101
9591823
3624767
3428879
2137343
7322129
9176067
7548683
451219
1275843
5764571
9173521
9155341
8428373
8284939
9816881
9782529
165673873
8044379
9975249
2568417
5483941
1475729
5000579
2243973
9480293
89239
2581943
3703269
5226353
5553677
11350843
5444441
9681183
5563451
9351953
70538607
5384471
7826111
6193853
8552719
6457107
26629
76944097
3529133
7307217
2009979
7033589
3461709
6000191
5159979
1553289
1503337
2641499
8467067
23180011
10991453
4510871
8810561
2516313
88076851
87647621
5553307
9383383
3793033
4511069
5938783
169887561
975253
807239
9651707
8160537
561937
7140731
2574939
8498189
2509183
6402181
9305089
961551
5252471
4409853
4723269
8912811
5490379
8690491
6203351
8972931
5515643
7923159
9841961
7531853
5030757
160057
8086163
4986439
2353863
5851127
1353661
4050291
8003149
4352999
9244869
3835273
1429309
3319197
5180681
2482547
5553493
4984343
3356553
5735591
