3991919
1251733
7416981
3859897
6354087
5484543
7715277
795971
4561947
398009
382101
5035311
969797
105609891
6355933
1511323
802799
3633699
1541207
22322099
6212703
6387621
246411
6989391
78056759
3423841
733083
7323703
8366529
1818581
8268969
469467
7280411
6553269
264541
3351571
6525513
7749901
3663107
76659169
7911801
1592473
7887167
1231099
70492967
1976019
1375051
2168309
612977
5197819
8804049
4694557
7398411
5670353
6071323
9481639
5009061
2578263
1393689
5581761
27942081
785933
1838009
6927067
1174777
8433269
1469113
143471217
6637919
3550929
4818703
5808171
2253767
3933803
1335431
314769
32210471
3880451
9416191
6974869
7837921
7324341
5761389
5224351
1142419
7038877
74983
5640729
8674053
137247587
752899
6581059
1307539
5744301
2719319
3157117
1395963
9326833
2110911
967433
3064983
650047
9172349
7873153
5762867
6267661
7939383
7610983
7765159
4472497
2278951
545093
4220267
8746503
1618293
9922979
5303511
1379683
6230097
191416849
8456367
3766321
5804843
1105791
2923859
1392287
7428607
4146893
4724941
8991903
3837259
1488397
8985921
7287879
5306601
8872497
1897627
7708907
5261481
4864909
5392937
4018751
9962989
6587651
4786203
18570487
8059139
2773261
1589343
7465247
9900567
8267383
1366841
8960187
9358111
9379159
7450199
5982203
2516967
235337
5057209
3317639
1710591
5830849
7164199
782883
6341927
5018393
146169
7806519
3418471
3582571
949881
5065331
2295611
7593597
6418261
2260239
8324051
9503849
8617179
5112249
8509267
71868773
1000723
7825493
2557199
6678403
7270587
3985633
8975353
6377821
5283407
8223123
9076869
8585991
2321021
5850659
3532311
4331711
2721879
5812323
6747153
4667109
7262171
8890421
7115643
4296999
7774989
9650419
9377179
9876237
4088781
4207607
920603
1938753
8819211
5399099
6431091
8084593
6226363
2805933
9202951
6713371
3625743
1802203
7782687
9489937
9664209
6244501
2256689
9552371
6465213
2004281
6297343
4312147
5664331
6047323
6782397
5682297
8041709
1977737
1176177
3453107
914591
1746859
1057887
3622583
9093841
1978513
6033057
3333237
3130253
4086989
7746659
8743099
2862889
8898513
1906491
9617949
356873
707131
7417177
7134829
4979473
7585263
99593357
2730629
3018863
9800091
394147
5092269
6552047
4903083
2069479
3854281
5822719
6485619
4986621
2657633
4861883
3561863
8338549
9946127
4370477
8753113
6857319
5692671
300609
1045053
2051991
3121531
5585879
6404227
6396793
6715133
184889921
5319467
3083663
190979
7265959
5225813
8943571
4923239
2941959
6300941
860043
3322631
1488543
1868843
7189859
855791
5308251
4431023
9421167
5461293
6712513
2052309
33943703
2909027
8020427
7572553
9799001
6542529
7576263
5717267
9459429
9315129
2889283
3839377
9149433
8819519
4806411
3843687
9188891
5490779
2802987
7952463
9637037
4662091
6340547
1918543
9587243
508211
1239017
2238847
8239401
7605091
9263817
4397123
5225069
4104701
9812727
5137119
3871229
8593923
997503
8745911
7821951
3208411
4704323
3708743
3222497
91440159
363321
1571089
3319141
9832453
3198723
4618911
9534699
134955849
561991
8695953
714871
350187
7689337
6905931
3846787
692501
7746639
9735557
1416019
7628427
4887913
4585713
2152353
7408953
1229203
9677217
8967557
5848261
326581
942429
1891979
8620367
8924579
6995019
5015127
2393533
7079309
8181219
665641
1147037
138007
6793949
1977723
7465257
7105797
216351
103593361
3724389
7730429
7008409
7115847
9488451
9411597
240953
4033457
3102067
5668039
4310853
3429577
3473623
6573133
7025777
459211
5504761
545161
5104167
1900543
1586013
4424531
535331
772901
460417
3564653
3703697
5607471
6248547
7396359
1618639
44043133
5637699
4441717
7971323
6809691
3542729
5702853
5029671
4996161
4529641
5939389
4002037
3429551
9659529
9018357
848383
5286171
5052693
5094319
6826153
3841493
7508391
5744459
122907
7899449
6092357
927139
3679607
6834677
168531
432351
5023543
3047903
9134491
2428097
2118861
3644211
2039723
2214249
4961311
7866471
3863133
88720019
5835211
3550551
9538443
2006887
7384659
3857579
5169771
4716633
5654831
1955391
5901913
5280529
2893149
9141263
182911907
8891347
3019979
5316483
9800229
4995417
5438057
110379063
2734399
1981977
565793
9102959
5564623
391387
9879633
4435677
7372039
8245543
8176047
5172831
7724069
3486927
1002293
9772839
53953
6970953
3935933
2845719
8442149
1850667
7202497
3615277
2298671
21843
588099
8656761
2121133
9551797
7789853
5781837
7413457
6209017
6087859
1724321
9335939
3602541
78407871
9625191
2863567
2697757
601453
5868857
2273859
3874003
1947877
88696241
8727709
3563963
2663101
4642879
1861837
5437729
828481
8675969
2088659
7522221
4417601
5791191
6768751
5029351
9686459
5597457
6015591
7910229
3453341
7186763
8574441
1618001
3260279
2623347
462591
8378333
3877923
3296619
1373993
4407159
4552281
9323309
8284421
9980959
4300319
473287
8876449
162741801
241787
3717717
1988261
912779
8035049
787683
5522323
7277651
2955079
8365727
5360243
856043
4711839
3209987
9859821
4733061
4971923
2928047
3223707
282159
4822749
8972181
8407421
9221039
3265621
8477883
8865949
5241119
7153707
7994923
5051579
7624877
8802979
4729773
9740189
7933847
1449241
4158907
3384343
9130581
1071333
2061627
7735109
3775419
6958233
4507251
8269373
8669687
59607889
6182021
4442871
5940003
6746121
1319183
6669129
4981667
111763
5154873
4183611
7868881
9530213
4930177
199927529
6951433
1079649
9976163
9721381
857143
7501087
8522173
2964241
3101637
6032147
338863
8482797
247627
3213461
111213
5454849
79551
8288239
2617567
58610521
2408477
9107439
9802641
5004919
319697
1473697
6125213
7307719
6099307
3050919
2900111
8147461
6022127
3547769
7720599
9069733
9868123
6416627
7129641
8886507
60907461
3124799
4877867
9915251
6520771
1245487
9363657
2601861
2345963
7517111
3450107
8631591
6255429
2442449
4007961
8591839
4005519
3620607
5979477
8693057
9051039
8143923
1235493
4885799
806473
6319381
2603403
77773
2182593
4787663
8043689
3082629
4534047
5546497
8131441
9808897
8653621
6280857
119541723
6269683
2485311
7697189
6485579
7569499
2837241
8012439
2578447
2280629
584409
9876633
4740719
1463259
3881627
9917449
9592989
601313
5832899
1894543
2025567
432457
9622497
7374877
3055171
1664043
9742583
17259
4058377
6306741
7912323
8824513
2954609
399259
3630321
9030921
3077117
1896219
3877967
7792901
1885021
2927361
7511643
7872943
3050303
9905283
9021877
9382907
6004469
7088997
7530833
1389599
1924023
2995609
8151211
2022117
69419
