4358079
8410279
65817
1352143
440387
8440049
2968969
9833437
23001
9586839
7724893
6777043
4974209
6118767
6822951
157066059
6172447
3881737
8870469
7789903
8681881
436637
7612851
249391
1529651
99673
4564609
9312213
729169
6761449
371429
8514419
113721
864911
892641
7666391
4527271
9457661
8828691
1377061
2814827
7366099
4487907
2732951
8280579
3241297
868507
569681
1512121
3959031
1860257
1080527
7483797
8283539
1275397
5489239
9105693
377487
4788279
9226411
2038603
81639883
505457
7761631
4382273
202419
8865213
5387487
9224917
1976067
9559633
4559077
5848117
931893
89801
8302457
9079637
7511953
2024177
7543847
8246293
7974111
9167641
7435839
6594483
7911907
3105417
7878887
1655973
5062343
4977881
9706051
7287349
6918663
7705853
4506009
9682023
3783909
7995859
5923643
3832603
3432811
8191699
7291213
1723517
3785037
9763681
92563347
6495471
9720193
9882031
94857
1888859
8249963
30561
2639941
9028923
1106077
11403023
1963141
9912841
4289451
2724499
3106081
1042281
3975661
6004787
1489623
2494149
962809
4910971
2867033
7935739
2315609
4568033
4633963
6347571
8867319
3345181
5334437
4190701
4924577
9298723
5115599
5415483
1800791
7558113
4669177
6137571
7530317
8166049
93594839
5306163
345397
6107179
415247
4645719
1924193
7041521
7531587
3042143
183678097
4822471
1103157
7462551
1424511
2325413
5731463
4780187
4733313
3282133
136104323
24181051
3604367
3273647
5820851
2327849
5646609
4804567
9743853
7665871
766601
1123727
1725129
1187791
4887921
4420919
1855001
2270679
2810851
1849137
1332173
3019281
7540383
8014007
8726683
3788489
9040219
5439129
1822849
4603813
87691
1876477
9676809
9795939
6729023
8874043
9026503
2981529
3401083
5354579
3090391
4349581
195304289
554539
8065911
7515301
9073283
9211333
3573111
1870509
1762393
3787793
6596823
8641471
2288163
3915619
6860461
1180947
9233183
8853823
6730653
6424853
524311
6529897
5700289
6380791
2846753
8056007
3821851
3686949
8478307
4354503
682677
1506933
4936279
2548241
7310179
6122031
2170583
5946037
3289191
9569607
141087
5314817
2552177
6020443
7982573
46361103
205881
8153511
603081
42154637
72689423
6470739
51031663
6546503
7512043
1994261
9967989
9536157
2146791
6413453
4569203
6548663
7367887
2214467
6568569
9978901
2157751
2393951
7887831
1806169
3877269
9836191
5444163
7103173
1795819
906491
4892187
8921071
7207853
6411319
397209
9833497
2566501
3852131
2821381
4821573
6749579
8250239
8687359
9651033
6936307
9736719
875929
3209371
4387929
9070213
5217887
2223241
6205931
3891323
8526347
6304047
3672343
4105827
5330463
4836339
3023397
5224901
2679951
7725109
5370519
5577497
2106003
5586693
2220987
8953989
6596601
1962019
9462859
1358207
9377579
1673327
8600753
79479737
5725801
2152999
4708971
9026799
8797011
4409607
6516343
4632289
4464857
7225029
46508513
891369
6136209
2967799
1574121
1526621
1633269
200759
1969801
6984563
2997497
9192469
5362707
159010699
8055113
2586649
7488697
7472609
1892317
31561459
9010979
9647523
8202133
1736243
1852877
5552067
5376383
2660589
138573537
7908159
7668627
3435749
2460179
8889601
1931987
1855151
8908423
8582813
5728743
5281163
7389627
4551177
43011997
4265973
7854603
7839351
5235819
890689
9230101
905639
3448813
5631633
4504559
157448471
5066621
8322521
6698771
7749341
7413417
8062677
9232683
55751
9957711
2041039
1205371
6673887
1566109
1858769
1984733
2966771
7766103
5899211
5137747
8580481
5290491
135888937
4866107
3688261
23351
7922387
8548547
9966461
8793373
7211253
3528173
2994051
5788169
180525841
6618593
6835973
3426553
6392063
2669673
1403597
7026269
3943753
8688321
2135763
477317
5940439
6154877
4941051
7479557
6428471
999357
7328681
3584049
9394551
3133841
1730371
6155607
3947357
362061
7184597
6757809
4022799
6036223
6836107
43946109
9891657
149628293
9536101
9238253
5578279
3229491
930333
7203123
9767769
3387183
1242317
3228931
34929
7285851
3109869
3787483
3095177
3208679
2292737
7126661
2748663
17000371
8929597
1999139
4037969
4730047
7872207
146957
5007371
2161717
6734383
5449121
8997997
4523811
6392317
7385177
6501769
3518997
111327
2277111
5060739
389901
3209241
8774661
3480297
4287943
3870057
2074821
5271327
79325869
7302713
8435857
9296407
5010951
3244237
8068673
4021303
8527893
9255263
188126363
2262673
3826831
1480201
4077517
651307
1317299
7723489
5407843
9581803
1965427
9532181
2332617
504539
3776649
6270529
9652011
7348557
2678687
110071013
167269
5093957
252213
8386809
2077093
5161147
3977041
2753387
4663181
99723871
8929403
8259103
174754919
2215117
522309
401101
8515279
15776687
109985449
4231633
6149041
167872023
5428431
6220857
1843183
973787
4713601
2642597
3409627
5685753
6137181
3345047
2820481
8223127
4649877
8826769
9305287
4520537
2904291
9404951
5380293
4310891
2333489
6163109
9976391
7957339
313391
2766263
7792329
4654897
924961
118419821
101103
6025059
4802479
1791641
1687119
8025071
9464227
626471
5587099
8895433
6574001
4742137
5555787
2558029
109836519
7848199
5814313
7292823
2695081
2725847
6023141
292271
68523
9448691
7939131
8410491
2609099
2054799
121591603
2831529
6459259
7952219
6168199
4532113
9539429
1900269
5440617
14885941
5669847
9901597
3684457
4895869
2583
9224137
96466841
835167
8052199
987727
6073649
1930589
6906569
4519639
6449563
2779823
1755463
1765543
5480263
146341
8130537
4951289
9823029
391813
5220987
109803
1735943
9323569
4885647
4412083
475307
3755543
6752543
653457
4339953
9650827
2549231
8301783
273243
1583469
9333279
5054313
4735769
5617371
8768849
9080651
935231
6509247
1329887
9098883
8307609
8455661
27634111
5247827
4897139
9750839
5061417
5149909
5766301
1823969
678429
9614977
6500301
1712949
3105903
6065201
3693757
23858709
7270243
4321999
1442831
1393077
9053841
350929
4559493
4253037
1904011
5891413
56369
3970313
1544649
908071
4410021
9463971
8016353
8180633
1603861
1250003
6300509
1913683
2906847
2949223
7700273
7568823
3535861
168453697
188959721
7289497
443803
8783081
9950847
8344473
3825389
7538411
4611473
9094129
1859619
6664793
6409953
4955433
8282503
3013419
4815181
24771
5677033
5800239
9497441
5198201
8050033
3388303
4840491
9611193
3384779
6082313
249827
3017941
9852869
5499121
1679773
6726203
4868699
158371367
2623771
5505647
5456699
9501091
8091879
4274609
4118023
8526271
7048533
4891693
6241933
2104143
6492833
288101
7569447
2830799
2244753
8704201
4136131
5942997
6020377
8932397
1031423
5565463
1132199
5179777
1515191
4272657
4542191
1883709
871227
2594059
5487411
2441031
1214093
4476709
111571
3606237
572903
843947
1215259
4816329
4179861
8406937
38033
2325573
2996699
3233193
776969
8696259
