7265563
8730637
5002479
8204337
1981637
8731587
7425827
3855703
6439273
167589
6829067
64776669
2194033
2910069
7856291
6235719
2013099
7863029
173410787
6879243
2263869
9822683
9155517
5709027
8745139
2447249
1517623
9282127
3880489
89478541
1516141
4474139
4582159
9391911
6017047
6005567
5091543
2504991
8870739
2612971
7003181
6293343
8409959
1476099
5616263
5789717
5864099
2272853
7739457
5419091
5167521
4916531
1055977
4404871
6389899
8724631
6366073
6959113
2343677
7302153
84926173
3680247
3006733
9333999
589423
4923737
7672041
8779197
3984987
8722079
6373297
1254189
5497391
1506959
8030951
425777
4279257
3308753
4075711
832887
5221453
3270123
4905193
7739963
4687193
509521
1183507
7246503
9689897
5899521
1578303
825261
3067039
2125063
2100617
4578491
5241581
2419559
2695139
5393163
7544557
5849811
787729
3405633
7640447
8224347
6626447
2785077
9136149
6395139
1562203
8202129
1343393
4662729
5157899
2209867
74379
1637001
9142793
9681399
1805503
2208441
74460741
6423281
9325377
5780907
6165671
9860677
8286303
5727571
7452987
7168953
714011
3825307
10087007
4307799
4241833
8248391
1766959
8523983
3171551
5140323
2109541
219197
3281223
7962507
6270947
9049929
3472929
1003559
9853027
4354771
8808949
83923827
181373323
84042251
5498319
1961163
9559347
9701189
1205183
2121071
5855627
8521507
5967641
2584543
4122417
2521327
7531157
3640757
173270143
4579911
1950921
9598341
4544541
2389261
3585379
312809
6318517
2927661
9653931
6185009
2869041
6805103
9575157
4782167
6464057
3344167
75670793
2493149
294789
7210089
9157951
3864043
4582607
6431991
156425067
4651097
4911201
8606459
603151
6985769
8171707
2073881
9830327
8548341
9192483
7289227
7296133
8085137
3701979
1881041
1421233
3771343
1988549
110442881
738883
7138903
8364541
748493
5519437
9190329
712259
7183893
5766727
3568163
2511173
1479967
2727191
3360041
8769307
6656851
2168623
1077351
4922027
9024157
774629
5262581
2340587
2760457
723523
9906757
1769141
7763899
2909111
5433661
7472457
4862361
785409
5453169
9036959
7858529
3910013
9423211
3848949
2711581
9090401
3027459
9050313
8449291
6125641
5289583
637089
3473569
5269789
7156443
5740091
7638373
3305027
8222513
3859841
5269691
9745663
2505347
3133243
9864719
1712861
9066811
6363057
1145551
3563363
3251799
487759
4336503
144065899
133608541
6115647
1583793
191281
5009673
494701
2446693
8773793
4097377
147120659
4542881
6280943
2183823
983873
9447779
7176709
5241243
327689
7028813
4870631
4257419
5262907
1380439
9175429
8145329
3176099
5297731
6400839
8587801
2094653
1966941
6123561
7563623
8936717
5099651
7242703
4889891
6072941
4243833
730267
3066267
9906367
6380561
1834357
2155613
988073
1550231
3225841
7655539
2621869
802693
2342689
4616501
7037133
4036103
6222803
1815091
8221467
8937027
4074701
1274161
3488029
8224011
7718443
7156471
5467217
3918997
7925847
4861939
3438309
3121043
2444133
2428181
7779163
4879389
1753061
8882197
2069821
70234513
7908813
9839681
2622869
6648319
3801707
817979
3610987
233853
2228603
7720121
556561
5104351
1390367
1257031
166951157
5903323
105051
6478979
1882493
9109429
1646919
742483
9189667
1864441
5131333
2829803
7092571
6937117
6453909
182467
7427253
9656733
9968257
1543419
9252899
720101
9136351
3440289
244711
7146179
5830569
176979833
5918443
170689491
2334041
5394623
7198259
5496903
1346777
120648447
8146613
5886651
80729177
7585669
4876123
4808823
4131741
2581491
7273253
2995579
9896311
580419
4279479
7702049
7975597
61702887
1104123
9072361
8652559
7225047
8479647
5519989
1662437
3573393
7746549
7448123
7744887
9507691
6667109
5466277
6995347
2508747
9407321
9339251
1728649
8573069
3021773
6554929
3105111
3100863
5114929
8903801
6748511
3015373
3076693
5479401
3253789
9535761
255277
2866481
8961737
7326983
8610629
3944869
9783329
3241431
9772149
284417
272183
8382973
4956429
1223591
7900909
5153979
4587449
6766367
6324077
3772471
2582943
3558839
7369229
8240549
1717189
6900519
6446113
1829601
4952679
8998017
5578369
5107761
371967
9701279
1174147
7507891
6051029
6372151
8155407
6877651
7607303
2227047
910731
6426557
7009301
1024723
4308091
8284867
2141367
2539123
9598937
8159791
27729
5429799
8374657
1265649
6720971
2480147
18923871
5367403
2925059
6840263
55367
1943259
805089
3183103
4241843
8755869
755693
7647353
6132997
114037
6535577
2828501
3993349
7644339
8387997
6827977
9985921
7019661
6473269
995007
3461963
3862621
75564519
2121829
4437277
4428683
4230469
8091623
166366059
3611409
7905207
8092847
5476837
847737
7438553
1690887
684057
8294891
7902747
780071
5229629
4837627
5148393
3039791
4622421
2260459
146303
40137
7835747
3536951
5812271
117183
7140367
9508099
6360637
9042089
6117461
7192423
1060003
5102927
7478119
2658481
3659359
1882853
5305711
2390727
3306221
9766853
5175039
9208801
9218681
5938857
4239141
3008483
2878029
2888063
9483189
7855817
8864549
3088759
7870799
9476037
8203137
576121
5436977
1954767
8887407
3836559
6186121
7704331
7360799
8972667
5630031
2524879
7530857
6751879
5872117
4255033
570243
7640267
2984317
2533763
8710201
4628969
6574623
3787221
1302601
7251959
9461827
6907567
5011669
7338783
9501299
930061
6068047
1793733
3589847
218499
2514331
1357797
9272001
9536653
8371691
740609
8671707
1312601
8211069
7308453
6303731
9182837
6463013
5921213
113538901
1737461
2463873
623381
2352883
5796791
1006861
162379523
2562657
4159833
4321291
7286897
3893737
2487861
9291647
5270589
40464503
6649401
3460999
9447019
8726163
2853397
245523
9840841
5444533
34227
2630177
6552661
9016859
1126973
7127681
3317903
5426183
8590747
2104363
5739441
2490639
5947273
534013
1037717
8880037
8585509
6079921
5975523
2895847
9238059
505219
790977
563987
7993849
406559
1763347
1289317
1217587
4509351
3894651
9214431
1787373
8195453
3132067
5668551
7094679
894593
175317
3353633
2729297
8113793
1851387
958563
5737809
7435927
7107783
6064131
7784753
5599117
4815819
1395741
9329179
8909693
3977831
7033399
164083187
9941249
6622239
7075083
8609693
2031773
7371509
53805209
8900583
466133
5788441
5902437
8254727
7485297
4045361
8371093
2507013
1575667
436827
6888071
4495131
1543663
209139
755467
1395449
8788873
7445171
6537771
175201
6480271
9416479
9908229
6177721
32848763
2079739
5694041
9106011
7782929
22285767
122668043
9823827
6724963
1977763
431231
106321
8380907
9412827
2992203
171841967
1899961
897109
4097813
4631019
6546063
6352519
1080373
8269311
2100219
8747843
286017
8967981
3766633
9970491
913599
1684941
8438183
5759807
5998251
173471171
2035711
4404523
6459809
7433171
6028353
2799883
2811457
1386871
8092927
663811
3159941
1507363
6455873
