2296523
157833723
3804621
9453199
960331
4535257
3477813
7192201
9188691
5255503
5598819
3296813
9196281
9819337
3741081
3429789
5669723
7035071
9813773
1236151
13381337
4715697
2846191
2775977
129261
5003249
6478237
6193979
180112759
1864579
3419753
2618793
7277441
138463
5379951
7560023
4738683
8396923
5557363
5709893
5232617
2354841
3302273
1684459
1071341
5412947
8119079
9218169
7501997
6491799
6242871
9883739
2154969
1098779
33639
4075533
6015333
6059131
9005391
7417449
3733971
4097427
183867827
1011469
3959271
4428469
4436903
8564669
2435327
6047077
6929311
461881
7625409
4105993
1075763
4328387
7905647
8049637
397049
3586483
9545637
9391157
5053859
7610391
1895031
5819839
8933621
2682839
6051991
5560113
8412113
31059
498881
4900777
3763327
5405973
1190879
4956751
7410851
312499
9909793
9403471
3108193
3042043
2088657
8840857
8395621
7704683
2269763
5907633
37876591
7512917
8739493
514399
772727
8670689
2910933
1316811
2168369
9308809
3995141
5870787
1219909
398047
5810311
7543969
8481411
55827839
2219767
163797
8288881
5616363
9686719
4910571
149278237
408823
9629749
8909749
5832851
6572187
179097873
2143801
8735989
9064379
8884027
9653
1278161
9401351
9478653
8721223
1978749
1326629
1179601
9742071
1934787
9012031
9310957
9782501
9050821
138616781
41091
3939111
110257839
42513
55281
7034393
999881
8952739
3118373
3764577
2386149
3237647
7340831
4133029
7367463
7080361
6273539
8625777
2873729
8302687
7904429
9833457
9953999
8321789
8582433
5242761
9692137
755811
4133457
1866633
3667201
5311281
5394881
5570803
8459503
2148411
6612739
1576879
6898577
8883071
9996637
8948329
4152073
1895289
9884777
3400401
8026997
7164111
518283
157265471
884321
6667611
1253433
512651
795829
4598029
3849551
2503341
4535447
1374637
5142097
6390109
1039891
9547219
2137581
3101211
3200083
3463127
7276991
62046957
9086607
5992533
79886161
1852207
8572997
1778653
3773669
8639463
3950321
5730307
1155267
7015781
3942361
3361423
9238441
647667
9940183
3932537
7243319
6834093
643917
9812649
6761993
7598279
9068451
6317897
5500987
4571789
8267451
7248941
1603519
1355717
6964423
145170427
2638511
4060377
3835101
44019
1376363
2599389
787413
9553747
1709537
937617
3984227
8082793
6633647
1068621
6863611
8734253
8952889
9309393
8760839
190893
5265757
6007369
1353091
3568929
1037787
4780901
7347407
6975717
8388377
7248359
9121371
7879397
6719151
6919451
4333511
5852653
7172083
3893267
3105413
7937553
3466217
571141
5329697
5042441
122495673
4684021
1733921
3133599
7703073
6172603
8958701
7845729
5825657
1381953
762581
2509401
2814591
8368639
8350799
5150119
1715189
8822371
8987309
4782053
9769481
7947399
6983433
280681
2822619
126561617
2783293
5695607
3018199
509543
373477
940623
2194199
593019
9612127
3129523
25019671
1474063
5188613
3705509
3088921
7398289
2308731
5193683
1633939
36614849
6813277
3071083
5018059
3190163
9104173
5432987
6836047
6750387
6874977
8813701
1175667
7643379
8935079
4178861
8165599
3637519
7497203
3008091
7294367
8732791
557723
9268119
489477
8730277
5556629
3736301
3350103
373449
5022829
9503127
102138707
635751
3347753
4702111
2864581
7819187
128889093
8538737
1492477
6010319
5230537
7981081
108349071
4336763
7679603
240821
778257
109978267
2622421
4087363
5729207
8439081
1407363
3550533
843783
596181
6070243
5494867
9451163
5708787
5800459
3187647
280801
9538083
7487403
780571
1862161
2527467
19883
7846349
2829103
6467699
67416867
9987689
6143803
6399789
6943469
73941401
61791493
3307041
2931941
4021109
49283657
76797
1374983
276263
9901659
2421681
5323679
6266539
3375769
817281
6297613
7624361
5225749
160080741
9706951
3814487
5832189
3569337
7033667
593459
6459
776571
3185189
5396729
610023
9116089
1355973
8528823
744897
8567289
8587061
4005519
6620253
7870227
3050951
9526037
7637807
8639921
6592811
6666727
5237421
151611013
8007489
8991549
7170421
5441887
8078891
6412539
7789861
6798997
1025407
1891461
6125469
4125371
4770531
2824819
5476451
6830049
4219361
1943383
4328621
3126853
7801641
5644889
2906197
76608651
724747
5987009
7587923
610663
7385513
7196199
2813963
7225599
955833
7424107
293169
4860053
9495921
1576761
3197043
6348499
8425577
1664841
7577897
9854591
2544301
7547379
8672887
3875863
9162211
1002839
25503
3175649
2800413
73605897
7241459
2140887
6671251
8080809
5537767
3884559
1109471
6367297
8554507
4847303
1157831
3435519
1464101
1635803
9476193
5255333
7978737
4615299
7422993
995247
4795523
108263141
9101981
7326903
110521
562633
7166801
4406833
9243279
6018633
8687973
2631291
9514531
9830747
8505389
3873381
165424253
3850231
1145769
1791353
16435761
5166371
5118971
2578013
2444671
5859183
4420409
8195419
1663323
895961
9465487
4280401
8780847
3483081
9877763
3159489
8934649
1580497
6261487
156958219
9249399
2558531
8645511
8809219
5604943
7538869
3038711
5791491
1212461
2206241
7134519
5152843
8507319
141573433
2395483
6428861
7262867
3150323
4078151
1484947
7089021
3831663
7766507
7281337
5904111
8928723
134945477
3265673
8513963
243449
4019851
6809473
5526681
9077487
4717277
4993011
5483059
3718363
3304313
6213627
3917113
2564481
8354343
5576497
4319917
3909453
6742153
7408819
7153937
9032191
5646687
9165667
192637081
387293
5608931
9704431
9887849
3090037
6087051
4387171
9802711
5275433
5607621
4128851
6958159
6228659
3445643
7125739
9882959
7354857
9907713
9010553
1385649
5527007
7811881
187454357
538461
5865547
4548791
9552921
5695457
762711
643539
8056559
2013167
3245413
4578551
9086723
7466707
8853427
3736051
8622409
9990107
8727847
1519227
2327897
9417167
549137
173918209
5986369
6103779
8769607
363031
7765911
4318779
2740591
6318953
9894453
7873933
4094783
4090899
3703569
7245731
7776391
3551631
9635507
4655823
62580781
1153489
1525191
2232951
5358617
511239
2726479
6045631
5216791
2576101
9754009
483709
5563741
1389459
5051483
3682323
2940881
2275999
4148763
1135247
4003877
3938491
39883977
8787779
9529133
709931
6909259
4431229
4154253
9871097
3994123
3530483
4075671
481821
9936057
736179
8738737
8994717
9223643
7118823
1248163
1245503
4680553
9911431
9679099
9821241
7162163
4779081
5387353
160356107
5825679
56875171
4616609
3366331
6632837
9094671
8962867
8012497
9822227
6519429
3149141
6303943
8959447
9977821
8222849
6145171
7775357
5895467
55333
3170333
1855131
8957029
2480909
4612769
4860641
5864531
738211
6580157
7171427
16591317
3236567
1517467
8384111
4044643
7284459
350921
5214247
124525891
1250147
5505537
1096367
7509597
9118221
7835281
8765253
2394571
658923
8008091
1615557
3860037
5087077
7386359
5456903
1062901
9958061
610477
8347131
5925603
8724163
3052091
8899351
5157677
