4251629
7676209
4132333
2261757
6103027
1564087
5099903
6284471
1964049
5606917
5341857
8910633
5501059
2099691
9059849
7526533
3884979
8412039
1797669
5629569
8746783
7511169
3167513
9868321
550479
1609963
7750879
7559331
8501067
1883919
9091117
2473423
590731
5296401
5299747
1325641
6042741
236981
1313827
3785337
3718583
7835137
7809733
6327431
2474607
2251701
1638423
4392007
2699557
8981101
4617937
5600497
5921487
4186417
8654537
5911999
1405867
69085261
9106633
7829861
4390287
8589253
2905653
8497983
1005863
3629201
7829999
3473547
7694137
8848421
5486497
4753599
2696897
5130691
9232519
7882459
11656427
343469
63229
8356137
3321383
5099697
6067011
4260777
4544073
646573
2388411
553621
180347
1523897
5091367
9692617
818677
1032031
5077529
7139303
3943661
885573
8535003
8796827
4191469
7633799
1789081
8081699
4116687
5022891
2230649
261519
3292077
9343747
2613079
8116621
6580409
5091611
7902641
4945909
2758913
9713069
2713983
6678737
576059
5251461
7236281
8429839
3161457
4680757
7467931
892429
6838723
6096513
3227109
5185217
6491829
3065663
954153
9359343
1175549
9829083
8873009
171422653
3368873
1353517
4585237
148391
9149407
5896649
5098257
6378951
9412169
2780143
8658327
6249131
8684719
9783491
929441
2373753
5701537
2079883
119431757
7863461
6599803
4139281
8313391
7022791
7855081
5863029
1983613
4146499
4835119
7738069
9647063
3588157
2952527
3404383
1323933
8083567
1529313
8668379
8590269
4929303
7339821
2471701
2423243
72760583
1823891
9535361
9292593
6742993
9944171
2446257
2266717
2820171
750817
123047
1712151
4356969
5282389
228821
8307677
1850131
3777921
2956843
3600699
3897341
2032657
1413221
4602729
9794531
3552033
101237
386693
9382307
3640487
6128783
4231481
1262487
8198817
1285339
6302641
197190117
7497429
2478011
6682133
3901879
2152637
855647
1684157
5450739
7088803
3740481
2274219
8270559
3784621
6468531
6663363
5140431
3581497
6946007
6327539
7818119
5014803
276037
9075179
5523187
7552123
286433
8141643
7806853
8704781
5654121
4069853
1838361
9515633
241781
4957289
4649923
1565769
6838783
802363
3433437
1672321
1658837
1099921
162561
3373479
7936963
8205843
2942483
1598563
4629949
4142167
2911181
2057021
2786529
2850149
173374779
6754379
3546781
7065973
2737003
4843927
5961531
5658623
3979793
6396667
5133137
5156813
7486941
9648657
4699751
1283407
6503683
3123759
26294053
3612453
7659139
2591273
3267353
3891131
2114661
2719409
677783
4609467
3757511
9041617
5644341
1473703
1504973
377979
9947613
9999253
180947
998631
5498957
4258447
8985683
7720149
969293
732881
149693123
4331791
7175109
5765361
5057037
6293027
2258179
8708221
9849157
7295373
1661281
2233379
4741477
81093681
8725339
5578461
9239987
5238219
9185311
946457
5920063
5376469
3061129
3961397
5382773
7427197
2960741
2575693
7374783
4731201
6332677
757753
7407629
6434151
12222411
8850699
3272879
5843663
4951203
123787661
50768171
8459081
9338477
8884597
9285669
2927469
8792563
2751771
5764833
3141941
1399179
7233877
4732157
9209807
3798347
570737
6611243
8205647
6850587
2741851
7889683
8444963
9521523
8348701
7391603
1998563
6684409
6756493
7505187
706131
9912969
6654929
4436043
9484169
184280897
170667
6089673
5441767
3398447
5901051
7294979
7197707
5208723
224499
925529
6002633
6596751
5070457
193179
2882619
181951
3089209
7509051
5722691
2897799
9068331
3207183
7467067
5980631
4095089
6459217
5870961
8692133
7785613
9625601
4219771
7114573
9969039
1077621
6638087
8540903
1151483
6644457
7017727
9233069
7292459
7399099
6918677
1089131
25641
1827113
8263
9367683
9704181
4060937
9480069
6588121
5932331
1682597
9138311
7349747
90862183
478183
1791347
2057209
9713813
9431649
6399709
9609141
70661109
3392709
4873697
4867477
8560787
4062547
5133483
2453621
5696101
6240867
8512701
4112819
7248807
8129553
915011
9478249
728213
9920073
9073469
5582003
9409691
8353103
719289
5654107
7022447
6930153
5897383
9267353
6046181
3530231
4947617
8670179
8067461
2137197
5158917
7596887
3411347
5833431
3521231
2372099
3739847
6653789
126957759
1572367
662167
593251
9052067
3328163
2072013
1074209
5625783
4109973
8773599
2633353
3625333
3206397
4221573
8402477
5663221
6019731
8125171
4397033
4021247
6559617
9370721
4921653
9798963
4452339
7205143
5137649
2176153
4374543
452599
8975279
2318159
1845723
77921
2525773
168026059
9606957
186231
9152419
9294919
1291407
4794831
9996589
8043713
3490593
9483841
8082181
13252999
9079097
8914797
9334827
8327053
3968151
6380277
5443899
6275463
58250183
5445399
3167777
2542539
5444331
6651727
4317377
6953027
5819589
1040981
4931031
4252569
7700937
228269
9494459
5903781
412613
1738979
6943901
7962833
2039947
1065387
8129471
2573259
2824001
4033689
3190907
8680441
5464171
6402029
4303081
6480251
7686451
2068901
4997313
9352231
4379123
4644939
1335307
2120903
594577
3738249
5224861
772001
6883231
6542909
5417683
2449377
3797437
111977
3120933
2726503
444961
3684413
825899
9401423
9378451
7267301
5827917
7848561
357469
8568869
9963033
499077
4125167
5746331
7085111
1081601
8395429
8514837
1001371
4604643
2946603
3334479
8957953
5592207
1264703
811399
8288241
2707697
8762691
7592147
4325363
3373821
4901169
4736227
1218257
1998687
9917569
896671
9726473
5801463
2991217
3408039
6818387
63789
8054323
2161003
6406591
1668149
6232367
745289
5950213
9650039
7556141
5379991
279987
79464139
14115581
9881131
6729951
6628733
55069051
1743149
5078587
889469
873839
1871157
27359
3910411
59460153
5911459
5047389
9124669
9765043
8849871
1508471
6199669
5108497
6419663
1595887
2378663
8113861
6251539
1666759
4407103
4360239
4504917
7416229
7011831
1442851
5737259
3953303
9498097
4610533
4526357
757257
8543191
1941601
1359963
1373903
903313
3462807
3802623
433773
1122881
7858153
320241
20413677
5918829
4717363
8341051
4720453
3554501
4271773
7164681
974929
7424197
1829223
9550613
3330881
6999403
713259
3769391
5139473
832503
187040641
7205711
8650083
8022217
6637209
4867651
7553819
94189
9920183
2312853
5706967
6115517
3067279
7779677
3867929
3097883
8178021
8941929
160198291
6414457
2965959
8142803
928251
5057
7703569
5722287
910687
158491
8271597
8177231
155585297
3783513
3621493
9746879
6520323
1389563
4165409
6002603
122231
2280417
9415399
8093801
7444451
139378719
7287647
4287643
3862753
9972823
157662911
8953423
329933
6151779
3339279
6240321
169672219
61017781
6355633
2681153
3936457
1489541
3960909
6094643
6034503
6537091
507479
6846339
88962623
645587
6170543
128103073
485167
3929101
