1122439
6364483
5946931
496341
9499529
3092811
7139801
9942737
116922563
3241367
2587313
4054687
6058157
4976913
1884193
4982073
3964073
937419
5443783
4516491
64751069
1058837
5131877
9004387
2521253
93249
3497903
9767183
1337587
1365523
2832377
5469059
8340149
8009831
9779933
8541873
1278309
8828503
4808833
2994353
5267701
1731401
3582981
9996373
5576171
9798107
1083937
3406539
8346141
7260917
9627193
7318943
1185949
787103
4270949
7297911
7044439
8212117
5051681
9709329
2224433
9683149
8254107
104305353
3137627
6890903
2112737
9702353
8179057
647093
169160097
9450239
4262663
5046573
6674249
9741899
718649
2505861
6563381
7332677
71081
6036483
5285021
5447297
318793
3391477
6318787
5768803
8783817
7887667
4201129
4163893
3593827
2550441
8703831
4200751
6750857
666219
1934349
5567589
7420023
152334787
775553
4026143
4376221
4695383
6508701
8453117
4435139
1444753
976399
3842161
3113073
9114357
1190679
84898627
8955309
6820249
5611721
1365173
6690553
2551717
1096571
9928219
1380007
895451
154487
13947
4821303
3251577
5446397
6646173
1939251
1907811
8913581
7712129
1591379
5612543
1180833
4670053
3400013
811227
3202389
9249133
5244873
6034311
124096307
9011523
8533137
3191437
1615763
6074493
3029101
4726841
425623
4905023
7766833
139202243
3772621
9877789
9306907
3364769
8836137
5631201
4624493
4207229
7731251
6893621
8889103
1961819
5427971
7781117
7165449
2242499
6296201
9375479
8871949
3270923
3460397
3948483
4938561
5011209
8352977
6097907
1982889
2473073
6464017
7418937
822267
5093587
3257131
4320157
9547107
9210819
293769
2890073
172860609
7972153
84834207
2920929
7274321
114186711
5779389
2089787
151533347
5849053
5989213
5922251
8602301
319537
7117679
7628581
487621
5084253
2081747
6100233
7950867
116348119
8459529
6490201
4391497
8608307
2208197
3597489
7407423
6536939
9874413
9472003
5205127
481967
857487
636729
3671521
2987253
4411991
4456169
483499
9225313
5200047
7550241
169239083
2547321
5454937
7083773
1491717
9950531
1824273
361031
1231767
6817651
2335187
9063449
7421033
1424633
8687491
2268961
9252649
1016817
6987171
3781073
726431
9776833
1465663
3055069
371649
4279419
6143673
8383193
6995129
4645411
2138077
775711
1240879
3121199
416821
8564401
4609943
108461713
7446949
4051843
1636859
2179441
1476341
8629127
4783623
7415103
179030503
4709183
1868821
7333159
4189363
7842747
7542313
274847
6957331
7212729
137284981
37161181
812107
8754789
2007781
9261119
6547061
158216637
98859329
7065903
7762771
8637877
7589359
4352151
9944619
6638711
8548599
7045843
5619221
4988089
3709143
9386081
4701531
401713
4143799
3182569
8581451
7806021
9383301
165303881
6060139
2586073
6995189
35338429
9703193
326063
9369799
7161557
1841969
5177787
3198179
4430601
9645257
5761931
1334643
4924207
8493401
9179499
6100643
8736721
9111471
5159049
7852149
6199319
4760129
2367877
2744549
863139
3636811
2899233
7737531
6450121
3128273
5134471
8592963
5738729
5458503
7804739
6556597
7677543
4108341
5264449
122674369
3134353
7315709
7782489
9074729
3587003
76429
3032313
6898121
2934207
7397193
6059849
9834041
2372319
5680311
1400197
1544091
660207
3919021
151019
3869633
3065877
1380341
4299369
8005157
4341991
7622761
2661603
4964123
9389107
5310497
1308953
9140683
8896311
8189189
5234049
3581427
5910683
3021623
4551329
2423583
9087669
3919691
8428441
7455671
1103133
9138579
6172107
2686131
4959719
369999
5088439
1624749
793753
4303179
5358659
9364873
9381849
9024107
3050167
9185031
6064337
2481077
153333
1777423
3269221
8835563
9085403
6513591
3078577
5604667
1614579
825129
202271
7922199
2334209
9589853
1351951
175833
7358721
7152897
6422933
6932281
9409471
1097273
5158379
3057029
619983
26841
2411261
1928331
993683
8881987
547231
3935049
54119
1147663
5519963
4140889
1806933
5237377
9476179
37388683
8971871
494389
972017
1525429
2364979
6012289
8561289
6540453
2800677
2266919
1619829
8820199
6643579
4211791
5112671
2404231
2670719
843833
5284361
65816269
4813599
2985943
897477
1207819
1141991
5610781
2990183
3467987
7237417
1937557
3232917
1269243
8984571
9910301
877763
9221639
8269163
4325327
5976037
2950693
2159801
2123029
3518577
2766191
6753223
7024719
6643609
3771939
2370353
200539
2789803
9709911
463941
7853083
6763953
1675183
7329727
101663503
7835147
2858881
8367977
6580219
4088219
6278739
3087329
9670247
1866557
5280299
5571927
6006333
438579
6953459
1130407
186087
1665059
1683571
2240233
7058839
4170019
4914557
7951593
3227049
7744969
5793037
6683353
3722307
459983
3475943
5329717
9531323
8710289
7998383
8200907
3405763
38735553
188128573
3215443
8711729
2332563
6456383
702963
8403567
4941501
3122023
150754507
3283117
3830397
7433597
8431853
7105299
4479193
2549721
5659553
4264317
6143881
7080681
9584219
2833079
7793239
4278539
3663003
2021309
5243779
2290459
6061839
9310059
5650173
1068549
1233181
9031379
204319
936857
5084951
2242527
3902823
8305369
1196359
8083311
536013
5601471
6619749
1297503
7660969
5372167
4659649
143069
5883
9511119
4777413
158380783
3006869
9272647
1466299
9332803
5291301
8185297
5287853
6891377
9292471
2177483
3201691
5105613
6974777
5850093
4780053
113733
3066881
6709691
24772043
4304553
6435761
8806557
402871
203747
8836223
4240211
8196109
102945077
4440907
4963967
8628819
121957207
1701337
4372779
9521291
8562239
5427293
4743839
6281683
8870241
7704517
6266589
2906483
5523367
8233001
518111
883067
186716753
6660533
7530397
6925313
7782261
5683387
3475637
8305653
7951759
1324329
4340569
9789847
6561189
8467379
4704471
2929387
9716213
5025043
7508869
8084239
1523817
6528097
953929
6888127
7261557
5854453
3869829
140755513
5171073
2390331
831961
51627
8722281
3066693
1982599
3696009
1721833
1232697
999499
3404103
9237921
1269061
77901
2456037
8072809
2211321
12127341
235213
7941987
102035421
4885741
6899359
6827591
6402921
3252023
4408727
398019
8295009
185503153
7293367
7134559
4344913
2100837
9654493
5271429
4738959
9532089
5514101
4923179
6736133
7172409
3268939
9101801
5913239
9825157
2574889
3790773
4625687
8638723
7706681
7088497
6200491
8340331
4804531
1476811
7084063
7574509
149339
3767457
6746777
2971767
3129389
9254483
8735519
5926119
482509
7943927
9877923
5735837
4093033
607803
2407441
9265477
4447071
8791413
175638353
5906467
9682023
6048341
8824477
5608541
5375991
148076859
9669619
2027747
505207
2969183
5259411
1128231
2435703
9348749
2005713
3237303
4404667
2169539
