2226963
1268049
4434301
3362757
8280747
6193557
5727813
148284031
731967
9256167
2808397
272567
9623053
6830603
2624209
6858593
26251
5451877
7293549
7093251
5850647
7915809
5385609
6948431
2455841
101686359
8256843
9750587
9685959
5531913
7973483
5354447
8224817
7214207
6114669
9905851
2799511
1020071
6058997
3943069
5727937
5889643
8171997
2025251
7407461
3826581
7319017
4066857
9660597
1765311
4852571
6548891
2341481
3796167
4762257
965449
1116547
916543
3861459
1099083
5269941
3301343
9511799
2451223
7191093
9570383
438107
3695241
7712677
1385807
5665983
2644171
8164493
3418427
2677743
9995567
9077197
6721651
72595823
3770211
732863
2737729
5256297
167617177
9482959
3183673
6905633
6525281
9072251
712813
1855051
1755897
3576917
8378277
5511429
7378207
6247387
7578689
8218019
4910413
1665287
6125419
6048389
8340721
658037
9708137
118051077
8455759
7888421
450849
3581837
7644137
2575333
6379231
4013847
6278799
125998909
7919639
2303407
8868269
2447339
1429793
3721393
2694903
274957
7662099
7688071
5138667
4755169
187231649
3594921
5838401
6892147
5149247
7802731
7706597
73818891
944107
4938481
2745259
7149029
1351101
4656413
8769061
9951721
5225929
8744543
3621131
3929543
2732597
4092939
4433067
5517763
8079839
9946147
9102967
663561
973977
381143
3991801
6348789
7431887
1491677
7849763
8596839
8937619
3023137
7673513
3197539
5096327
6908787
2914071
1948029
7170733
8101223
9417389
2838641
1888561
829199
4806623
6192911
205757
8444387
1572541
854299
3390137
91697
3563733
1850333
8627759
3123861
457179
4168879
6289309
27237
4804213
673897
2237771
5753881
9695383
1286069
8624259
9757049
9921609
7646717
1707777
1439439
152807331
6217013
3743901
1986747
6869249
5671057
2200183
8774577
62148507
2173381
2194887
2839729
6455993
5021101
7767759
150444531
848663
9376931
3645373
5954621
9570799
4755429
9619353
4422321
9533837
4900923
1686233
5413813
7795711
8305713
8357821
41680361
9454583
1444793
8848437
3031381
837463
5949329
8267687
2782201
5683133
7828507
3889327
6258801
6636519
3791121
4409013
761059
6973351
2624179
158807403
3896557
8293917
1733071
8773187
2193697
530981
1229639
1308043
190809641
9241829
8838181
131260603
5408417
558307
2523951
9883521
5129517
9542599
4849017
7129
2770771
2865869
303119
9826519
2352257
4599493
742653
956367
7917433
6828913
29007569
9117157
6442679
7461959
3962093
6689369
4478739
8114447
1450643
9767111
4712671
4960821
4306553
8321157
2027643
192975191
51581
3220893
7620961
9130657
5471427
4423007
5370113
1525537
4815259
248827
1063973
9846597
6443431
2332867
1703323
7515171
2042147
1651169
9812771
1106343
969799
1914281
8206837
4837341
3843317
4692141
2482043
3590263
94197
5654377
1688743
7682911
2203557
5456017
8746797
5192631
5217521
1540091
2078569
6415973
9219953
367901
5901257
6030169
1296523
3998119
3687727
2170813
4382721
2406847
1218519
789861
8455981
105191613
1409537
7333247
5728653
1671831
1565763
1293973
6859489
4841071
5780583
198331
7778181
778969
7801419
3187863
69097
1726059
9599529
569369
3338009
741099
6010217
5315637
3270009
1183743
2402063
2710661
2301071
9298119
7549271
7662357
2176851
3042169
1566517
5713467
5013301
1035677
6601887
6866129
7188427
4938177
6637209
7893069
6051569
60589
798123
623731
2049509
3188757
2462951
2034219
4590693
203731
7369651
4658637
4533567
9009971
1081433
121798521
9418327
3525823
8957137
2265807
6391831
37666647
1627323
1327239
1189931
1409953
3794021
1692373
4336883
3383553
5156129
3901959
5748131
5142563
142003529
442481
7089477
2484447
126939
5412021
8311459
2813493
2077111
238671
7255699
6171837
3168989
4504209
8959743
5948449
7045331
4052307
7043041
619557
8079589
4617469
4071341
435761
3424763
4464177
4671531
4156461
2900029
7528511
1744623
7938699
660771
4713133
32557601
65181141
2582393
6398513
6145949
4487
9768181
6719989
4527619
3252569
3127961
76286303
7459769
5885709
2735309
8359469
4587881
3715323
2964409
7538717
9300549
583711
1512423
1799501
9524573
108938451
7746303
9016941
1354589
1662037
45744123
341849
462199
6117313
7828217
9020817
9485411
6072011
7461147
9360529
562471
8371449
8543721
6296903
4634867
2658329
1081151
9933321
1732813
5051071
5969457
9665591
6926949
2632189
3086383
8321297
242169
6001519
2753601
8513521
122532669
9167369
782927
4072827
2297057
4509949
5705147
2690321
4148881
1046867
686339
9826033
3641891
6375579
1468507
4137441
6980763
7202579
8801267
6382353
3912147
5591027
7333051
8759843
3288239
40929827
2798941
6047671
5449621
1863847
9285561
8836983
7843797
1549151
46739127
9210141
2052073
3029587
1211757
641397
3350679
1578459
3188123
5903857
9114029
6892161
174290189
1672329
8565219
7819967
7859973
3437491
2062811
8769939
187856181
3479809
2131083
2870391
7824559
4152659
5623239
593623
3963557
3926449
3838739
811837
2791157
6490817
3373053
6972651
1680361
5406391
9836439
8088313
5968929
268929
9566421
8155409
3204377
8515521
2241483
5134853
7502763
102631
5816921
1238719
6713529
8807093
8489679
115501869
3617743
3675409
708297
5815273
2813093
260523
7570001
3986427
7001103
8242989
7248401
179833627
7441227
5417229
361827
2682649
9378819
9116317
8298939
6003269
1468767
5793281
8966819
7883543
1945547
1579447
5920511
4302067
683379
515531
9379043
6041191
1624929
4727571
809273
6907353
3692071
6627551
8619553
1041959
7888899
1865847
9965853
1517987
1624511
2461593
8684919
5587499
6579907
5446033
84583617
4913849
939661
8094147
2702311
4998791
2507341
3626753
9590577
8792187
7067137
816149
9887549
8094131
3629877
8662347
5175573
3835081
9037137
5004509
241089
1820629
5136019
38037279
1686643
102203
6684701
3256423
1837687
8769533
5335561
6411433
6500883
3708949
9082757
3852011
2683503
4503329
5527713
3554981
3524583
7318333
8214611
6896457
4216039
187810883
6019461
7642979
117497
3683387
611511
455063
9736451
2688951
7024501
5501519
5555997
1852609
4168769
170301553
2136879
7804469
490257
8003389
6666839
659311
2372387
2199663
171761881
9246709
5659607
2264793
8666879
6386783
2454773
7421941
138466653
4933851
6581241
4259967
8053779
476983
561899
3855869
9605211
6391627
1208543
6898927
2079241
3491729
8526047
4982627
568521
3261591
7744431
5252991
7950009
669749
6327391
4439643
1212097
2732529
1876983
6674229
8968399
9929541
3644197
3990467
7039939
865491
7344927
1851853
6536533
6645147
4491333
1763119
5427503
9572751
6841249
5629499
299451
8936911
6383949
53667
6800671
8890687
8037209
8759641
1235017
2304657
400421
2189913
9489369
369109
608837
8149789
5543813
2550367
5442807
1405477
4163609
8944577
66441
9972117
5417507
118339
48449
2748349
8370271
2417841
