5018277
1935059
4225887
1222503
4112897
5254819
6684179
632797
538597
656853
1386271
1889299
9884107
9180699
3742727
594129
2090631
1900087
3754239
4631269
6820673
9432557
6334841
5458917
3369839
9319217
1415793
1075729
3540147
8234927
9283559
2271123
5098623
9704887
4782213
7117421
7022767
6004527
376907
8248121
9428093
9998061
8749151
782971
4970631
2163887
180028137
2458923
7328539
4240917
6798183
4866387
8285919
2279029
7927033
8009551
3962789
8501229
8413129
232411
3067451
4973861
48355383
7037757
4635037
8795593
2274163
3447007
238381
166103
8473297
2405391
8687381
2363861
9997677
3787833
4158969
6928129
1537721
4992967
4107491
6487149
2044831
2690467
9040523
4973051
2700299
3068097
8868949
1399257
6960229
6848997
3697251
8071659
6982159
5484153
1563497
9904209
1007727
4491473
9902997
2084547
5438903
4521147
102311
2423731
6232207
8876883
2857707
7197439
450431
4271621
2598089
7788261
2748109
3602389
1996207
7948051
9370997
9885349
4652483
9291473
2343991
3593591
7418777
5124969
7599339
1319407
5129813
207791
8223847
6860049
2811817
7667569
4621877
7654839
3590099
9297461
1580777
8788411
9780587
8513617
363231
1970311
2475319
4166299
5100833
138990177
8249863
5531697
2009299
7454627
5257979
1639537
4822033
8114543
1291613
5499303
7810901
124821
8667159
786303
9937627
2636161
6476057
4250879
8432403
1326979
5558291
187161
3808843
5829773
1466241
4227339
8693663
6791863
4117837
9660529
7050867
9651709
9994079
6960923
6030411
5531937
7998403
4132489
6016113
9733477
7169143
6329169
9077773
6824071
509539
9058703
7270937
6446161
7289769
7811197
1104331
9055701
8921093
3335939
7698779
4918483
6520817
5315339
1187271
5557849
30625723
9440433
1569709
9790339
8401033
2176377
9436011
9807037
8132923
4187589
1294933
4928651
1974493
3031357
431349
8254981
4084791
7512559
3936513
1347019
1868119
1389183
4649511
5685993
4510513
9708101
9661729
4505141
1802243
4735229
7714449
5190477
1668263
4345629
139936489
307609
4540891
1718501
1460139
4182257
8027553
9127331
303217
196368969
5164787
5054271
8637203
1568527
1547117
5347117
7724491
490971
6440949
7143593
156590081
1127937
3261033
9636863
2798997
7213983
1194341
6645239
2070321
9858241
2549757
928629
55813339
3423331
1859027
9640869
2989817
186517149
527649
2379373
3392613
7198713
2486879
6356119
7438879
9930597
633957
9108539
8333977
2513887
1249879
7896673
8338879
1120427
3475289
9247257
8687303
7867481
6190341
727527
3228743
9660267
1759543
5944803
578171
3569649
4226049
924487
5431729
1103473
6252623
186737
7221029
8981201
715737
5704077
4804703
8778629
831181
5026033
31593951
3353617
189137017
8788273
9844679
7885167
8421313
9577609
4841017
9619469
2338103
9536991
8444001
3031987
8021603
7912469
8587681
1991773
7480353
3287213
2756129
9113039
5307453
7813089
3777519
8473017
9039853
6644099
4362073
9895971
9918767
5702649
2446927
8949591
7250769
5449901
3352141
9086023
668117
4175657
8889643
3894867
7238513
2002323
5754929
3504883
147787
6852823
6584317
8173359
2139133
4490099
8643813
3927217
7144147
1762403
28865351
6276653
3320323
9216773
2507071
3000089
5738209
7268421
6508123
6863669
2826231
9205007
3561067
5199097
2172123
9944659
2729131
7898381
1740323
7762963
807527
4225269
8640171
1064801
7658163
9314989
8789387
8508939
9225407
3524661
3568041
6230447
5646427
2773923
6362563
2637153
897249
8783231
2821091
7550787
6017829
3954631
7519517
7017461
7497193
7099
4856073
6962907
525401
9373523
3346423
9119091
2594197
2342207
3838949
8584327
87399951
7965907
1896229
9760483
7234773
4367941
1575939
6163029
222951
4780203
6461541
6054283
3857827
9174407
4989027
8324973
3315129
985399
5205819
9938133
107379979
2545927
5162297
8669797
8852737
116381
1835897
88922917
495979
6858901
1618787
3693371
758777
5446211
395879
764801
8657207
1658803
534413
6050663
1386311
9416391
9417137
9837657
3038471
4559053
9666359
8122511
128881049
183624031
1100389
4842383
2192899
7165403
8197941
9174933
9908013
6231907
3598631
7414553
2662373
2482381
916699
4616387
4805013
14593007
9761659
5549201
9874389
1082389
1756379
8199913
9656961
8009001
1684059
2424731
6338907
6269481
3425877
3294231
6959379
1903937
3720779
4607293
2711751
9518291
5814741
8244323
6767839
1200353
220499
6054729
9214839
5639967
3355893
7129529
4997191
8267829
3010239
2640973
4319481
7752119
1430593
157807
6170157
5714783
5792411
4371943
4234603
5410573
8639041
7260991
8501843
1826511
6154807
5701211
489047
5806337
3655299
165791
5222053
4819029
298519
4778471
9750999
9652257
6996451
8505791
2214081
2191657
6452197
8611811
6341487
6528321
6778613
9394807
5811059
1557559
2953159
7467467
8825951
7129299
7001401
4552773
2087627
3163479
4198153
8030567
6346511
7047043
432707
3341369
187593959
9732281
849711
9446823
2383969
6980663
4737229
42646093
3427697
3893367
8516117
7434143
7955573
6412109
1038707
7269813
1165287
9984891
9302267
3681009
5366653
1552679
7861677
6874721
7056149
6940299
7172381
5550363
2685009
4603113
3103829
9646331
843297
645227
2627063
111729347
51627
8178067
8865479
5260571
2780323
2523907
258527
102661941
2157501
720571
7847887
6936763
5853823
2002403
2725199
2901039
2818949
72273
4882269
5665143
6929667
4271961
697587
634521
6306299
5037541
7218643
2715401
9879877
7226981
160492003
45567
6862671
857233
9678043
5620929
9933517
6296939
2550399
5669673
7815413
123754949
8350817
2236679
5233841
2705443
3136977
1537319
6139061
6013007
9842133
3044903
4633283
8149389
3150127
8959749
5868697
8229407
4363837
320993
2487791
147249109
5730849
4977901
1027541
4384271
9523617
7943671
7101173
3666167
8402219
1581273
3393659
3004201
3962043
565379
554407
1389691
2263743
7349121
7469829
5344809
7149241
7951247
1657733
5103669
5136521
2837133
104434573
65813
5209731
8035461
7854699
6412207
2666693
8569597
8377971
9889249
8658359
39059033
9448329
9192481
897991
8266481
9254111
8858991
7801603
672249
5585873
5422043
4224357
3707899
957409
7846631
3479971
3618809
1107257
9199583
7061603
9162943
2001911
167485697
4584101
9207299
3377553
180743377
732661
5395921
5466229
6858109
2958209
5981233
1206011
2790649
640477
8008203
4343231
3800503
8491947
3534021
1760211
7552711
9724043
1022971
4051019
339383
6729529
2356719
6671757
9298201
5298093
5759423
8439069
5102877
83033313
928733
