3583609
1694051
1056749
894567
1280519
2158801
147934959
201087
75781171
2345549
8782969
1608493
8578327
2752189
4761487
8482589
1937411
7336761
2597669
9478049
9084653
7596363
6605279
1626171
8343513
717159
9787541
7476649
1548479
9623849
1157711
2910959
6344981
3552669
5902307
2580679
6701731
3225353
2472491
4582233
8441021
2333763
4387647
4771041
5104083
1246717
6948249
3508539
8459853
8986361
192501
6323113
2225557
8335463
2093781
564759
7982621
7431149
2295539
55368689
186811819
8263513
8292081
4305751
3586057
6982379
4448507
8247769
2349617
77879
1666407
9102493
6302917
8835803
9500141
8136681
151829821
5365647
3473777
3809011
1303201
7667583
5902397
1279087
6375173
6967287
9465021
9351571
1268033
134893
8270487
3390767
9951063
9162983
8475319
6829307
3230727
89788801
8949243
6483749
4061823
7801031
5840199
2907823
1361513
7590129
1545863
5973261
9354579
7776837
103157689
1748501
1653803
6126407
8906283
4433267
8419121
52243
658181
4809349
3670923
7148351
3708763
5464261
8465089
5016479
9750217
8653711
7070551
8937171
1505787
866989
1774107
5149323
3811257
7358829
6764603
2194801
1290043
4933343
5731221
3907621
9731951
9350691
7636089
1109031
3032559
62038751
3343317
6928821
105549109
35787
1269081
1059263
6638817
5275723
4980879
4204279
9530083
510589
858857
138939
7721
7459033
1958973
1411139
9809299
3251951
7530979
6964211
3502099
2188051
1518093
7089771
2934077
9447969
17117
4640243
7874399
5919059
3471657
4810107
3917611
6617523
4410913
1850001
4712311
8958461
6209113
8573471
9040123
7801649
5083493
3598197
1881337
5788577
3024997
6116997
3233933
2628389
6038987
53683
1324237
544509
4637763
5939571
5436049
968227
3007069
1032423
6508841
2456053
912229
1314631
185780653
3875357
3490757
5220837
7154419
1046783
3163089
4555817
6121071
3334621
2842467
6986491
9661501
7202721
6676203
7895713
4888387
3558019
9166543
5082201
4905957
1226311
6816629
5055223
6200361
6381557
3780417
6118807
4277131
8711071
6372991
1416619
6975081
7471491
7284951
5364179
820853
5006317
6775971
4041231
1415863
1094349
258881
7815843
159358527
1279547
4091473
534559
2558539
6787199
8098623
8742579
5553747
6588051
9658403
4789221
3421313
4564363
3298819
236863
1712903
957553
4380977
7880901
1041907
4625529
8578633
2723091
7627231
8635469
6612599
3947231
196818579
6767469
8503587
7126519
9025883
269279
9155271
8888773
2126601
8482959
5420237
7820187
6606307
1539351
305413
3865791
872213
8658759
8435261
5970929
2610183
5764567
5056453
1805863
2083119
5367189
4043379
8247789
2145487
51190147
119087
2220811
3290803
3190579
1433449
9279977
8968733
9476011
757999
2801727
2623609
8007571
64152211
2644173
3131137
3861153
6263511
4601303
40124183
9078383
9842197
2178647
8870399
197560341
7287051
2519443
155165767
430147
5008983
5954973
3383229
2354333
2114891
5179553
9410423
5151723
1474371
4257513
133713193
7005141
1181953
3149437
32263133
522483
6642083
8461003
8209367
4741191
4987227
6874109
9171663
7327931
6121319
2682943
1357697
460201
5292967
1739937
4714263
5616269
2121917
5391493
6076469
2125631
9638019
6703461
739501
4536683
614857
2028899
4574879
9457733
7877027
3735891
1308631
1756089
955429
721381
5529779
2349253
6940281
3013733
4717227
9790111
7499809
7863613
601411
6084119
1505911
7468713
3249773
7801563
3780709
8915461
2417853
4852091
9826017
6424231
828099
186430483
2895713
1898931
806739
5058807
1751291
5421019
729011
4298191
9687763
8385233
1106083
4887267
4889761
6876557
6113301
3378697
1009233
5235929
4011651
161423
9548353
2915283
7612543
9296407
2620917
7073953
5218657
7657303
4198653
6929653
44750553
1545549
9872509
1321171
8880077
7641987
8552407
5922089
5124979
5099681
722867
5594529
8704421
1140311
8901303
9483129
7303221
6420849
3236513
9443013
8125931
3425553
3662343
381943
9778327
1040707
5083491
9126763
138507877
4586889
4581921
295277
4630607
1740697
2841739
1120143
2236383
8647313
178313
9613883
5599163
1021467
1685479
3671213
9934293
101150317
1259977
7676473
1416239
4503081
8187503
142719837
148261
4329081
5763063
625569
61851373
9528677
10063
5669703
123785259
3489267
6388727
1771963
7007441
4670181
5253401
3803081
4974903
6668397
5246491
2976309
5124899
3014567
1719007
3557269
9642367
3415519
4714653
3360729
9322603
1987827
6442367
4645581
5509553
266517
3646231
76571
5705681
8746343
5432167
7079653
2002943
4677183
8085141
2104101
280703
1603343
587133
9799651
4355957
4771247
2100981
2536693
8587187
3582881
1305327
8672241
3046867
426257
5998439
166496391
6002789
1445083
119130093
171524999
7042539
8339989
8896649
4724431
5191139
9306161
6694041
5646021
6702557
1343337
132649
4414573
8244419
6748051
8264367
6640909
5263507
1005933
3811231
6828739
8132053
1931911
4264709
4511503
6028801
45482971
4633647
1555031
1118741
7112959
62039
149665401
2502441
4095317
4216581
3378189
5826389
8886227
96365883
1464003
2352277
176339
1016057
134051
2050373
4471387
5388283
315001
4037273
6670009
1891009
4701023
9173441
2662493
9338383
7042063
5082231
1308839
9372281
161401
7266453
6736017
7691041
1426927
4008027
1676371
646349
7733623
6231417
5646131
489651
7192627
1285031
6464953
3904269
5703829
8233327
5086817
3090091
8520259
4587803
6903659
400669
1015163
9308369
5014293
3224073
5553657
1921981
8832799
2386881
3667287
1122309
1376181
4698231
4149849
170837819
4054669
2813837
7328169
326509
6302907
5754227
6246737
4897897
3855959
6547031
1372919
8728833
8724299
2716641
6867937
77641061
5131653
7485623
1027223
5231699
9989503
6118401
1330859
6688613
118987137
5905157
3896671
2413883
102381137
5945849
7886483
4414749
840289
3858093
454269
4974947
7907709
5414377
2744059
6845847
3122539
578083
1163511
4826319
9840341
5169997
4065473
4810513
7550663
8370219
56421351
59743131
9519333
5566267
5971677
2282181
26796053
4077399
2993579
2685303
294451
4376973
1468133
9660399
2937937
1571293
3703363
7151797
1890787
5605893
637279
7778799
7290581
4256593
1379993
8785397
6423233
7449947
5955709
9244413
4501843
9319181
7935393
3998019
5821679
7479891
2411277
2551117
5715819
5389641
5935931
3612457
60565777
7574209
2129323
5231083
6414597
5190567
3357031
2651519
5917347
9615403
8494607
1577163
9969319
2073939
928147
9590537
484949
9386541
1568881
6974331
5106753
9626999
5085091
8111549
1050879
7525229
762423
6249297
7881739
4709549
3277283
3703633
142859
1880971
9600123
848363
8752291
114328157
2582221
1048481
3121987
3926277
4748567
3221741
2210021
