4324603
4820277
2985451
4823357
6790939
9550469
9850559
1969007
5937237
540631
9321989
4424881
3043053
5014757
4023721
172762539
8628097
4068649
3727393
7096001
2942067
699751
8313233
602261
8360091
3370533
2133869
550497
7024667
1657507
2023081
8571101
9786509
4766619
1608607
4172571
3951109
5707819
1019117
9114851
6813793
4752197
6335897
2419947
6806277
3937677
1568611
7344023
9392197
3633649
9431981
6588321
1451193
7736429
8664099
6747761
9599983
9503141
7351559
7777799
1554953
1509189
6100701
9885173
9751031
48994377
4452989
175711
2606037
31133137
9215113
1567961
8386317
8890789
4357923
9341671
329867
523471
4123161
8946319
8862319
4269887
4514221
4402907
6752761
6115867
9092763
3446693
6278211
3256583
6033143
4743517
4816317
8554921
2824581
9900883
8043199
1134679
6451631
6658697
6518779
1783799
4553993
7392389
1180719
5569373
9173419
4810731
9530047
1438681
9424711
5436767
969359
131254037
3431469
1446557
1531131
5714801
7844621
6326573
9731549
1589467
4641101
9878533
4419153
6330129
3512739
3315767
759013
3589011
2418263
6791683
2819451
6018541
8505873
8924301
9419393
6325047
2681821
6253253
7260791
7968031
5789747
264959
4579379
4159009
8708217
3054249
3863169
2150147
2781621
7146877
7805817
6033373
1195013
7664603
992803
4826993
4849767
1636697
8940177
9083543
7206577
3253331
1268767
4464747
4105159
8839501
76217009
6031999
8576007
8930531
9288617
1638311
2133971
95220057
1467989
5154023
1781843
406371
5842769
2681217
1783747
6423033
2454337
9087561
443591
794789
9875473
9737557
1153267
3882593
9332779
7739437
8527573
6879897
2486563
4732057
5506373
5219381
22421051
8470111
9826969
1589407
762489
6366417
7563891
9276567
707397
4145367
3351459
8609533
6609331
8392209
9038361
4741537
9955413
6115257
9435147
2228263
4902513
416259
8193853
4334027
9575121
1487409
124430821
1410849
9393963
4862417
754223
2078667
6227117
3616921
9186353
67823
8628749
7201461
4705471
4582891
5033951
1091757
6019347
7459433
4569123
30516851
6202597
4594963
9782333
1316407
7857903
6607997
3893231
50705241
2680383
9296537
6522611
1737257
236371
4177927
3935023
5162699
6530629
1182519
5778647
655659
5491263
178502383
8899091
1885439
7858473
1504551
4746721
1433959
3478657
9811519
7045063
7379917
7262827
83083999
7627069
9186727
7390073
4913771
6562683
8454561
2547877
5613963
5529999
8389447
4385931
1482569
456623
8640283
1401929
329367
8747431
7261463
2454451
5492831
3527793
412663
3440833
5267427
6872609
2017193
8016233
3847401
2087849
1919519
4047149
2504779
7066011
189065693
5373719
4939293
2303091
7492779
8101113
7149011
5119077
2667033
1743667
6224421
6444617
177602321
6366491
3052357
1431663
1699817
3357421
709523
8425249
8199057
4465127
7701323
8690619
3793743
3680997
8531057
4475037
621981
930683
6135719
3483423
2567797
3516367
1598597
7591469
3422613
9728347
4645251
5606217
4264059
9715393
5649973
5092417
38424611
3841187
2638851
6865633
7459773
9288107
1524991
1035581
4950573
1358823
4257517
9792037
3189519
980571
8407053
4175449
2026053
174278251
5530019
1774737
1860431
8606573
4291567
7419847
5585399
4911479
1080001
3366487
1260973
3691573
9223841
6344509
4328067
2002739
2169639
5468129
8843071
1840287
3353147
9214833
2644191
8175469
6368229
152329
8216049
3546263
5031537
2786261
605749
4643521
8887397
6568863
1109999
7219913
8296701
1779511
3061341
7962629
4106781
3535827
7107441
180235801
191229
115084273
3658621
8635943
3810497
3211093
5156383
4941151
8952657
5847859
2811397
2139163
5856259
3349097
6626709
2373387
3165003
6018219
8836829
3750309
6632663
1408787
3291431
6056223
2956157
2880909
9455491
8604393
5195609
9727469
2563999
4893187
8661281
7174123
4789519
6746279
1528923
7586173
3792261
4222723
437093
1819481
2561491
9285289
3972357
3331999
8780177
786147
6684193
3804333
9530039
75973
5728731
2911347
3234557
9905313
5044933
6242101
8324413
2101991
8675937
2280003
64456289
1148643
2069653
2487279
3862939
28189311
9501229
9661311
7390723
1118427
2395391
6685081
9150199
7640063
5522321
3970537
7726209
660851
2947069
3576229
7908821
9059247
6160827
1299561
4828313
5327701
9802189
85115651
155639
4568531
5456473
2491099
7317889
2057799
2926737
7111039
3247709
1905463
8698741
8570097
4111583
3505043
9256379
270857
6619719
5136739
5145853
2142179
2017179
7114147
7565547
1524923
6650711
3434701
6668543
3240331
7261617
736809
2128647
99541757
8545011
3822011
3994783
6509193
2904709
4729837
4423877
8502697
4403559
4495359
887037
94541
4145157
997459
7474093
5052231
8076313
4839107
2503677
7570481
661749
564093
9950477
7590833
6420919
7659777
5788423
2068749
2218027
2133193
7085177
4938951
2657929
3701743
7293721
9445337
9931837
8403061
1779509
8751037
73784131
7401251
5482667
3968209
7473683
6931941
1668607
5169963
6967853
470627
9450891
4071203
2563903
8723911
3808391
4311429
6253079
7453073
1057783
4844979
3158097
5077229
1206889
175957473
1785929
3162159
6548553
2214441
7633573
9481341
9429177
2434053
907517
1101753
4652259
1536213
399567
8740303
1235929
688879
353329
8852373
8976239
1345001
8362309
3665521
371749
8686827
1454407
5006271
1492309
7285517
7865829
74155989
43755853
8331199
3915467
9154883
6024073
2087143
573021
9082689
6934193
5549313
1016083
7478759
7554733
381319
3434859
2512649
4590303
7816881
2856833
9005801
266841
2770597
6937233
3518141
3238159
9913929
4914667
5708073
5616347
9159529
1967429
9995563
380437
4618299
8369887
5721067
8019969
6126817
3510401
8893349
5832117
5357581
5611247
592537
2384607
1408013
8337697
146051589
7377753
778181
1277951
205597
1583517
4542499
3287307
9400261
7351991
2200259
6673989
2651671
2030197
2827339
9856463
4925167
9065167
3180167
9026347
8254787
8496999
9116751
3931257
8574769
6302331
4624369
4198551
7676983
4355063
1777403
182685501
5087603
6027781
1753751
6276769
2482603
6349227
8884447
9095681
6895407
7761793
1727811
9391077
1538049
6266681
90921977
9785543
7893921
269489
60139
3522623
456327
552377
8502171
9131741
4273543
1748529
4061067
7341597
121971
8320591
1096563
3763781
3632611
1494907
1072723
7624677
2555927
4490881
4865237
3071047
5025763
9178693
8923609
102133093
484921
3730567
407013
2800907
4994499
5426209
1467737
3158957
5938507
904377
2304849
3613033
7467027
2706129
9633977
6915769
965793
4397039
4957811
8951967
523007
8109901
4055087
462721
5721117
3887599
9975011
7268963
712439
3946971
1065629
9834619
4718087
582169
6145929
1386907
9991877
1556297
6415443
7701007
7992119
8445111
5644883
7030161
3894677
56773949
2946789
9369881
7029867
6392951
7317683
9895697
298777
9553329
4029581
2480771
6557993
2814837
8207157
4390647
6164033
8309719
9942853
5408763
3505917
137614669
5556063
7621413
3365523
985861
7501049
8515377
4877137
2549627
9405839
9926659
1645049
7577393
8212621
7412031
2863561
1911829
3044479
269511
7252801
