8821451
3276047
9614129
6474373
371217
8203761
4724167
9327751
1739209
1192139
9048629
4214049
3910391
127730687
4848043
5581117
6877669
6180521
1264959
6821367
4109093
2572713
6402407
3826329
3160913
7495509
7042993
4860511
1533521
6916197
1302281
8771857
9605543
357267
8444257
4484089
3070587
8783183
700507
2815037
9932719
9079619
3149239
9074983
9183601
736679
1231547
7411971
5613339
2374463
851753
3149651
3553707
9997833
6028543
7854819
49159
6257219
2181777
8533187
5454507
9311909
2780877
9919641
5940927
5968093
5032333
4281041
6480329
523071
4818769
2815217
9118867
3342931
7418887
4632469
8363273
8171203
266177
7527539
8323213
2659907
8068789
2958963
2392197
640487
1930549
5949647
8459489
6494383
717099
5568161
222621
4389173
2555153
6026441
20667
92288983
9623517
6711003
6163671
7610817
4833347
5573127
8317929
9174159
9585731
9270801
322207
4318533
8341877
6501253
7347091
5091649
8794609
3964569
4215651
9707313
3401007
9410177
7694653
125454809
408267
9041647
3701759
458891
8987479
848167
3652213
9741199
513639
8366773
2940741
9353221
8730707
858023
7573873
4961589
8155647
5218769
6381623
6032487
6853633
6001043
3717799
8367807
8039321
994079
35239881
799009
9377061
3101877
8794411
7984841
9309733
90428913
809631
1856579
2196781
379913
1566921
4549613
3827897
6873893
6054419
5025771
7246197
3982969
547559
6254669
6586751
6830747
150384657
8484053
5955731
2789539
132407889
9855999
6973561
2985747
5942053
1497693
1770883
8965463
896201
9233157
7344493
5375899
797853
7637107
2786067
4969983
6324719
4984359
4990651
4473201
7347477
9175791
4962569
3829553
3866331
3670047
7646527
6871679
9619683
5991239
2270437
4371903
7596711
93742671
6209081
6069013
6642011
8955681
6101141
4629501
7493213
1639309
999663
1138131
9957169
4682253
9296561
7241629
9521479
3903799
5152259
3797443
5376401
306161
312781
865331
8952901
2995143
807783
5318501
1758303
5755021
8172449
1903133
6199671
7550091
5596751
4231151
6632951
8084201
6456049
2117941
7330113
1533881
1723723
5756903
5515941
4557251
2236001
6127121
2443137
7428883
3783419
7780901
4156739
2714569
4561849
4990473
4938631
4893753
7542511
3807267
2703393
15517
2565359
6760961
1504781
7800497
8346211
3666797
480489
4267947
8420189
101758861
378729
3890947
7397327
7090061
3142031
6964521
595199
7077103
2687011
5422433
119727159
3865347
6923559
3613297
5430857
4989401
277341
7124481
65599
5599703
577819
7963083
173806697
9111397
8866369
4047841
5271107
1549829
9880741
2641509
196439863
1376103
5827197
6252499
1310797
5796633
9982147
7211127
4236883
1135783
186475429
4956769
8730411
9633007
6847847
9425661
6397963
8516637
2059679
7582811
254039
5153759
4971139
3692033
2286051
2777669
642721
2324137
180251917
2733263
9774337
7151671
3251153
2128941
6170499
3741463
2003559
6781459
7725079
1256999
5742743
3636509
7884231
4305851
6474919
3895579
4998439
6414343
7526539
594161
8886779
2880343
9524439
1429919
3273523
5448033
6728543
3600429
1794737
3826867
4581651
155985441
1090033
1436769
9608889
8612013
9611829
7827829
7819989
3930907
627937
9470811
2028369
1902101
1628531
91542213
5932853
7648439
3535793
1661647
1673251
9185097
113406617
9276059
5145669
6806187
8571437
6529233
5873209
4659299
5674631
6267851
983027
2222789
5802649
4228923
2385241
5648777
7624863
1065767
9968891
5935899
8049001
6091139
6847039
9678733
6585089
8728181
2517709
7261111
3294431
3712389
7251783
2549817
8479023
9726863
3193911
4046837
9333699
144664007
149423293
9690939
7744599
1510921
3801583
8395493
209207
1441
123627
2926223
4867727
3703789
5184239
6635067
6255653
4723371
5683243
8661357
7427597
5001387
4805069
2985091
5442203
9816071
455429
8639363
6139111
2432981
8751999
9232477
5351981
1120411
8373689
5395661
8668827
1149443
1940071
4852041
2408587
120863
676657
3669681
5324331
9610953
1845299
413511
338437
3877567
7370211
6828699
461333
3868137
8078469
7575521
2055729
9340947
7338793
199881
5432657
5732467
79415189
9514723
4481381
6097463
9095539
9816223
1191331
1928077
3482629
3795157
6204913
526151
6577977
8415789
1197759
7599547
9863937
7717447
3980027
180528393
3110811
9937979
3795547
2579791
1345659
299631
8033877
3994689
25110683
7968981
7019803
6327419
6821737
7409291
2940437
1588237
3617763
109121
4066729
3465209
6077073
9102719
4111951
9538309
5632083
6413267
5634049
8465599
9767777
5590299
6740261
4966519
5029157
9598929
107989159
4751961
5190149
9047399
1187021
321839
6744933
3334591
699087
4739123
127474803
9292577
2684563
9364987
7910057
29519
5789543
8315787
7964581
1260997
8912269
6460071
2110519
143751817
5359199
7820071
2886921
3444353
978793
58104479
5322839
3400663
431367
1280543
182339051
4642141
3745489
7452983
8310687
815841
7257173
5206933
6803031
8309523
9878697
8883153
96003
9104941
3818787
3715987
8275603
1183741
3707243
4521297
3147561
4011031
4881673
8026849
5147603
9707787
415209
8661213
6282449
1661477
8700459
8533201
717033
584923
9109727
3189519
1473019
5393803
3945957
67219
199186093
7788951
6492111
4852927
8164719
3656257
1087991
3318127
6484557
5824611
8248811
8042531
8966343
3265551
1118763
1686059
8654647
1376459
849039
1864899
3768869
3414517
139179
8389609
3570981
9387101
4537387
2065863
6501407
76427
3634999
7851671
4747187
5298719
9456759
4855123
9451441
1185407
3619871
1102893
5430721
2336817
2373021
4779203
2696747
4534523
1914737
817539
3329521
4409123
2920767
472461
8402373
5243263
9403009
27317347
5727919
6012057
4456291
3380739
760981
219449
2137567
6875391
3571727
124413029
5914039
4633843
5745011
9681029
4401939
5005149
4014177
4971617
7595103
4827243
7752101
5385523
2252607
8427391
1262177
7483157
1569987
4383143
6410493
3695001
8045741
55276723
493923
4154873
8611381
8099071
1042943
6572859
2132297
1402861
1201949
1067453
1556579
1848617
9349827
144699461
5134013
14239
8368559
2891523
7936811
5021537
2475537
6945887
3603791
3218387
3565747
1379759
2675177
6888919
66956163
6750493
197763469
957319
9527919
3651209
6240919
5842439
156263029
173729121
5018599
4906201
9327509
226981
4079549
3787641
122282001
657107
1256289
2250983
1398873
505363
3044251
746219
5752587
1274797
504379
4066853
348267
3567119
9916637
8866361
3127793
4088327
3877687
30867477
357623
7969597
3943237
327561
2038387
5195347
9811907
5466673
6380617
7819359
322131
3247953
8941829
5517839
1698089
2082473
6928029
1762619
965303
766357
4019239
9988021
5975617
6194113
90218137
790633
705741
1570073
7152517
8371357
3796819
9278183
9527589
2562279
1825221
9467867
4486821
3030037
7926643
3021297
7369539
9916979
3011317
2987867
2321751
448161
