8363079
8864953
4367209
4866209
6244229
8887753
9075261
3335797
6876507
261517
6669493
6052141
7067633
1622917
2870111
197239
161753839
5871333
3311229
9335063
113226563
365537
1652801
564591
9757259
100664963
1008649
3895077
254737
243053
9978207
1388329
101119153
3342399
1422953
13010621
9334047
6998869
5225529
8801471
4816777
7664723
4071281
4772537
6697231
7962319
8869909
44331783
5904187
790251
3066793
1817043
127234197
802777
594489
3031423
1504933
2609309
5873181
7086623
75189
8873847
4250567
7890651
418087
7451321
3382843
6377201
145853
6310037
7182233
585781
353
7327937
1992667
2550199
5110773
8025467
9371601
1473721
2632687
835001
49189969
118378039
1294491
3370837
3807027
7468729
5379651
8101971
7745493
7452163
1623117
5246143
378731
3859851
7273047
8564389
4099821
46300141
8551837
1381349
7134333
5981897
4339169
8619061
3799773
6500259
1281497
7682303
54118657
9381957
3342579
1363477
6407287
2409077
7888207
203809
7549487
392597
6061289
2564953
6925139
6217793
8016393
4757739
8733377
6166523
9734869
7280277
2298379
6271191
8568039
8646361
3559179
6428921
8548757
1131341
9034119
4619413
7639317
3238377
4460023
7892531
1328019
7142599
4118177
583663
3581279
1982627
8781377
4808443
2801119
7054003
7951059
7242367
5817701
200873
4291933
3027247
6029481
1008847
2829761
881903
4678389
6001681
5441121
4114353
1842923
37573943
5469281
5283367
4827827
2403379
5370491
8679053
100968421
2576313
5547041
4363099
5233811
3764449
3573373
8834311
430209
8778901
8716069
7858713
1337261
7516343
281637
113759
8331499
3045499
3493419
3826419
9891279
2400033
6531159
6546889
1418237
8528439
6858733
2474881
6268431
5784881
1295493
2352957
665251
3925849
3645751
5050291
9712331
2577897
4992681
1546971
7106933
7372297
20196599
146291571
1917637
5992477
5082637
2660399
2696753
7768461
9773891
2431727
2620221
2746087
717809
9786747
7632057
6719321
8811501
3437823
8654997
3420067
8519893
9477099
61127191
4526927
3485481
105844913
5644567
5344501
4074497
1694047
6893527
9823079
2003407
1410653
3158191
4591911
459629
5457469
2474113
5888653
3417371
5467533
5501051
6767769
3103299
6595217
4885987
4723019
6759657
7310481
6761927
7713069
6307401
112057
2264527
8946631
6248893
4006289
2449729
6981313
4956591
3236099
5409953
8198791
7034107
9728367
6797943
532427
5461961
99844317
8798833
5253821
7235221
2535341
5568579
5472641
1593353
3605411
3328071
6068803
6214359
3126793
4548111
3600869
1148247
3963019
8035559
5398229
2166309
4112007
3090237
7743807
210253
5601029
7464867
2542443
20464251
1178419
2023737
9393433
674493
1930781
4529443
287453
6680401
1002611
7427451
9333243
1680093
9712793
7250467
2009173
9416759
4157371
8588967
2218861
3058193
8085819
3302429
863073
8190031
253981
3152363
3595211
2043491
6527963
204171
1334551
7664687
5028773
8063291
1205367
1674339
5821553
3403151
6202771
234077
9620041
3526751
1429119
5815389
168846039
3264601
4043723
1018709
1683931
3878189
1615333
2581929
128467163
1531531
3679669
1859033
1814907
4194281
6684189
8732861
9845991
4680087
2539397
2854403
8738371
6116321
13950831
8704779
5123461
1264973
8518791
8577879
5671727
5680273
7349161
9709839
2753461
3491477
2955973
6376499
421301
4062373
3628601
7456769
3353999
4862577
165713
9076053
4992191
119833403
55017
4167299
6328659
5282133
1069041
7131933
30202341
5868121
1039871
9183939
1718229
5636749
454537
1426067
7515539
1365217
7688517
115610569
834397
3580701
3185859
9396053
6122359
1995913
2073017
754217
490239
8217677
3141177
1376881
7603493
1490731
1732619
2573737
9775029
1617819
611943
8083347
6286597
5602219
7497899
2525893
9096223
9134933
6409731
2845817
7203623
6116099
2473729
9142007
1822939
714893
6151719
9937779
2372699
3625469
1884907
9193597
7778373
2164871
4496753
6977951
2085071
8772839
7199281
9513861
9299479
5699383
7357973
48070721
474319
689231
1601293
2310441
2216723
1002161
7197893
5427441
1303913
9715327
6237767
4776269
6020751
3020819
8625523
52595659
5786983
8532817
3383917
9285357
5282341
1882943
7592861
6194843
7795947
5083067
7249061
3782231
6451373
1846917
6781699
9176579
1830453
7097209
1986331
7079229
1502027
60919
3948939
3971407
2340933
8135531
4844587
6693683
3955117
8427721
4514311
4907433
379209
20411543
4345043
48386599
7940263
4341897
589799
3442759
6188717
4201137
854251
7921839
3282733
3889769
1447621
2026031
9653003
9312261
7175497
2941433
6267731
9089819
4360867
3051759
6574957
1321187
8623117
5129709
2890327
8918279
2666343
1344409
8892429
8228907
8385167
5503269
9942467
8268271
4549897
687143
2426629
9875859
3543717
9705367
5710449
3784893
9876887
4879533
3073349
6622823
9115209
7789699
8184911
751017
6665869
73339403
5089299
880517
1543727
7025181
1114541
7307679
6561903
3555747
4767479
187475153
92495527
5595657
5392903
705907
2988661
499341
3112313
6019209
23110551
2243247
605131
5510271
6523041
723227
7415293
770423
3376973
56029
3608663
5797111
1545757
3915959
88511
1645123
2154469
3261443
9591383
1533507
851327
5103519
5112939
4647981
141577
6160229
86553
2780437
9965251
3609867
7009307
4704953
1211781
5255233
409829
1001079
5044897
2623157
9766793
1359669
2769923
1439049
8846413
4116227
4965761
9015071
1588999
4817027
4441763
5043509
2206713
2450679
2656007
2187867
3391583
8645809
3792981
1473273
9426831
1757927
1908387
117229
6784017
604431
4207227
478439
5152609
8426271
2706777
8977809
7114797
2899209
181269
104474313
3274449
8981877
2899911
3432019
3966769
579701
6957139
9882343
2419823
6441453
1680533
3582747
2275761
8175167
6660429
465107
5379127
6656397
1600083
3677817
8843091
1035271
5488053
2618319
4398403
8497867
2809871
8740479
3021109
1805921
4641569
8126657
1032683
99309377
3015119
349109
5789709
5966211
4774127
8592861
7219059
5410751
5187091
7020339
4561193
8407937
4161793
3003529
2810841
8938039
6706037
2810769
8369059
5452841
2877651
4212947
3078721
8102223
4545327
111659
2030009
914051
7243971
1205301
4478921
7543697
9119839
2055243
1462069
2753591
5690403
3046611
25247791
923863
2906507
7318343
1077
5964119
7535447
9340129
2450047
3432033
2114431
5114283
8772999
9551097
3112513
9707521
8222811
7271097
870321
3493211
6320211
6849619
3332809
7709577
2321449
1907271
6522999
3001401
2355481
9134571
5531471
47616593
8933193
9442827
9455417
6061477
4034613
5935213
4391037
4194637
1551823
113561693
64924861
5921403
3871881
7414017
6035071
6669787
2483027
6163753
2357203
9370407
5855417
2601167
169203
2143327
1680787
7244461
1935547
1048353
3102617
9736583
7685879
1444589
6190087
5384501
