1035131
144186407
1397781
8717031
2557343
2143503
6376009
9276051
6981343
379289
9813909
6762579
3355141
7202991
2691487
5493781
3218339
2969693
154719
2496343
7169707
3742001
86209803
9727787
9855781
5925283
1586023
4414419
588437
8111577
3737901
1024147
1895601
2670979
1525839
324721
8454099
6535837
2537163
9575629
5730869
44786619
8002329
6206791
2715677
8769581
2192107
5931921
130360599
4133111
8309467
919729
3175059
6198351
96110271
5427499
3493627
1467317
7200857
6468481
4784981
9774307
2651139
2739061
9854457
949939
2878307
5586173
8992979
5085859
705211
5328499
2492821
5139731
3531277
184535539
1140739
2237753
5706523
8347631
7357773
1429437
6512911
196483483
8116941
4498207
4207033
6546057
899547
1591821
4384601
2022541
5220141
2306793
8712031
80290763
7384791
7632357
627653
1859839
2390687
8920577
2137911
5555569
6023829
2029113
9600827
8750733
3962017
8645207
579797
2501587
6943979
91676933
8633507
9065153
9307537
4141411
4248577
1010581
2147423
2505527
3238461
7306107
7448257
1659499
2087831
445111
4891077
9726881
6122061
6620121
2736547
1085471
457749
1641139
3422149
2339199
8229139
2735271
863839
4862601
64545521
1686909
3962043
1826631
6978551
2727129
3902597
925671
2127581
2403263
9114243
7125527
7889783
795901
8498233
5075509
1889743
9242003
4290837
5032057
8146229
4288097
3613017
1234693
6856567
9419661
1023771
7433541
9505147
2276989
3420203
3360341
5036177
4176287
5418409
2219959
3373403
6146547
97659
5787011
930999
8020239
5377581
2939649
7804889
6678113
6635679
70505361
3723247
9893767
4343349
7317703
4287933
341383
1733589
127844429
731531
424439
297563
6337279
7181781
6482827
3477017
3251043
8980299
3408447
4905329
4000339
6206833
6883363
9384089
6063771
1816929
6364217
5259047
452357
3282411
1663131
2675629
5350161
5071769
5058687
22183689
6578457
2225827
5069223
1334741
8279167
5885293
3271281
4670647
6527193
8570423
9273101
5583287
153513
7365809
8213889
3065501
1709401
808339
7714079
1625393
5939861
4982909
3653851
1054517
3098317
8362071
2412653
6455969
4042091
1049959
1944691
2645729
150017551
4499239
2064481
4271547
4026281
3995739
3389361
6503567
8726067
9930397
8762739
1059503
7426259
9946479
5639079
3975599
891087
8205853
9450211
471679
1698771
2389649
4628379
116665981
5745179
866811
3221997
671551
9840459
1842177
1517471
7686761
9292547
3639167
59334589
4666761
6749337
8418233
5766571
8939813
1319027
3203491
8627577
194769197
7151317
2386807
2324077
2034591
9184961
1408711
4094853
2307167
149034993
3510587
9563331
253543
6921701
2746867
1519373
1902147
3776057
5495957
4327661
7757933
679143
1972693
2629933
3106549
7694619
1038727
2079523
8890361
996261
9867161
9566807
1071351
6253003
559739
5209657
8222313
6820097
8746057
6290429
5373187
9935079
7863363
8799967
5883699
9982043
3997881
1992419
782057
468583
5945961
9559653
7516553
71851
138544181
5148971
8499819
4322101
2595697
9273633
8109651
303111
9273609
7544371
5924409
9585097
4084173
6303119
7646941
8836357
7117009
6031321
3693807
6330941
6502453
1286247
9220667
6178873
5566649
583959
6454091
1263089
2670943
3707621
7322047
7470699
3065319
320641
6098411
3329121
2072567
8278471
364861
559591
3226747
6493257
6487539
517517
9541601
4001389
3726751
5208337
8086523
3533141
8081969
7215723
5016321
6621483
6753783
2070409
1412043
2602713
3677187
7561849
56579403
4689957
2138087
3461883
7400783
3756899
2970263
4332147
1458153
3761913
5226563
2624073
561941
4994561
6199967
8907397
8518373
4488649
8908647
157235127
504837
122366599
9265087
6021111
502339
4105889
8622977
736931
2241149
9272713
132333267
3789867
6230271
2238183
6934001
8355577
8861367
3920901
8579163
1289389
4889831
963123
1311367
8842463
8613957
1211947
2843337
5534093
9578481
6654231
5039901
1124479
8533817
8876371
44840267
8677827
3310051
2361139
2397819
4820877
5645149
9895531
3746023
3396077
6737919
7420123
7604883
7020279
9687197
6352957
4418107
8595443
8036911
3651303
3935031
5139571
2389681
1516219
4855533
6357573
5589051
3423547
2426603
3319563
8143803
4808201
6226161
436137
3218437
4647887
1300943
196115871
5657767
7628809
2287927
8651387
7622071
6157141
5019909
7124647
7840171
5627193
6218213
5318953
3416781
5687823
277461
8299181
5777113
558193
5444551
5344581
6397467
3301483
2550757
874491
9269443
4166033
6657691
963537
8539137
5951419
6194069
4319851
5622301
5664979
8933179
1167701
6916559
4612919
2054489
5695327
8498597
6122427
107272093
551159
9750857
4905463
8248879
185474389
5610379
294769
2181763
733599
2066571
5641821
3955053
4041789
980041
4583513
8265457
1000103
154921507
7470341
4023669
4284371
4427717
7679993
4120219
9941037
9430531
6625411
9957353
6237681
9483869
9880607
7007571
4613179
7363747
86865989
8636737
4983743
683817
5170507
3435539
8704081
972133
2916071
6068617
4549061
4622699
1268849
9351087
5641279
4658197
2800347
2654023
7001939
6235523
7579399
3328631
1630571
2603527
5332401
7774681
1971301
7755571
7792669
1806999
7676017
1919729
1467813
4101441
8298579
6538281
5330469
6781693
1875497
9629109
4073899
3965179
914067
2181851
3742123
9683127
9991027
3580297
6377973
7503239
9103237
6753247
5909863
8035039
9535271
1029191
1084769
5266131
1997593
173721
2863113
7681517
6652027
17521483
6347351
48241127
8341027
4923369
3792289
4800557
6781909
1295713
1207633
6035973
1858489
3955171
181403047
3200237
8182851
2535437
3341297
5154267
7011799
6529503
5585697
2860123
4919243
5125923
7130883
1712309
3214379
843901
9634277
5934813
2374861
8493483
6270667
2569107
2010573
1864367
3303759
67947247
8624007
9815977
1071291
3592009
670027
1597071
103631
4829237
3854731
7811949
3925297
113406141
5279819
5802501
8649559
4027693
9288153
8833013
8875349
6334481
8830949
223019
6107619
9198717
8653419
4271437
9117701
3118101
227737
5000031
2593681
4734623
9801329
191158521
7214321
3150427
1193147
7873597
3891311
3734203
1515907
2581159
112667997
537233
3115613
6601443
6687943
1458991
4724327
7193303
1972621
1104717
7208973
9973167
3539421
1129669
167189613
6203889
1286509
4293909
41552017
7240109
9234977
4873729
7559337
3230503
644623
7365463
7772149
3404653
2472117
3162129
5664673
4801367
5699749
1558793
9438853
5744863
4757683
3228853
3906789
4624439
9629577
2770927
7138693
9848231
3473997
3898071
4202157
6516791
797363
3968579
7798391
4644917
6859721
4748223
7331937
2803697
7636721
2688157
8763869
2021139
7619107
6915569
7739267
2984389
149083073
7371171
9942413
8555659
4199549
8518211
8446239
698087
