6444231
7634397
5971321
6999939
530503
2554001
9096099
6602701
9336937
4466583
4320947
8664069
5683153
2282371
7676739
2144441
899903
7860377
9784567
7346873
25595947
2659539
79619
3126733
4699307
4578983
4640543
7171419
1585373
4694989
5100153
4209353
1432771
7496919
5394233
1537273
9578099
9307453
2322431
6114459
1507843
7476969
1405677
7072877
3046711
6203329
7033659
3883043
9455843
9716369
9510311
8207847
1400401
6764933
1969927
4630151
1971839
93355569
8278337
2345729
7334819
54702361
7806141
1826317
1636857
6385281
5390649
2292073
9431577
5320687
4077221
408131
8950639
2731057
5803273
6523603
8170391
7736613
9251173
4534697
6156873
224539
1397249
5092749
763629
3392091
5313667
6607823
1694539
2014709
7029679
5093849
7168273
5829083
5344739
2969601
5891311
7425703
6773079
5420837
1808359
6821119
1197417
6269581
5704079
5796571
3786111
9726359
23216141
4020849
5831761
7539849
6384749
4863439
2470473
9857299
2354363
277201
8533969
3569517
16333653
163242193
4284217
9148601
5392463
1402179
4486443
6036449
8574459
108062443
9874751
6778423
77877
193623
2206587
5835777
6499081
2978629
7519031
3983809
6319609
1812913
6692703
14675903
6997731
1886977
4105867
7739377
7430401
2660287
235113
5663147
9160117
6279863
9131199
6096341
2721181
1889989
6605269
6258701
6404663
5720659
2085807
9366317
9407553
6703567
3613161
4916503
4953681
7412871
704093
3430479
4690813
5129553
750399
1670521
1238847
9047269
6736279
3237569
958269
5341587
7268223
1832741
8088703
2982631
129026567
4277359
2449689
7535401
2333499
6554909
1414121
9728391
7292849
3265829
6223561
7904413
3977803
4197503
3483687
3366381
1961459
139071477
1149921
182021253
3846137
4854533
6825431
7883047
4206439
2482867
5992209
117562227
4981389
6158371
97322437
3015587
105991687
2030909
6935683
1751437
697631
3091603
3642777
5919231
5599431
344113
4155877
7310911
8669373
1271407
124809587
4208289
8793313
933569
7000863
773937
400753
2164059
4831379
8887373
7657101
2278007
9392851
6281277
2146247
2035143
1805951
8108907
1027923
2417503
662301
4328157
4805459
2100241
6523413
6169283
5262261
6228857
6797797
3712681
8784547
139228511
7063037
574173
5347921
3136893
7689161
2808871
6450211
9881433
5135381
4138831
303747
4007187
9152981
8678617
1704579
2225443
8600387
2032219
8071233
6874473
1239291
7207001
7041781
3453769
39621
1939733
3864627
752897
2486777
27981011
3069749
5556401
8177607
960129
5468347
5434713
9861121
1928999
1959691
793667
5214987
5764047
9882359
1804611
8969133
2262849
2225741
2775443
9401919
4126693
2638739
553747
7821891
5876519
2607997
715121
5367681
41087
5448861
9658773
1797791
4418781
5293399
231103
3297361
9325233
4601443
8288223
6840331
9068847
9576553
2428457
6874243
7270049
4802453
1597909
143311
2594637
1057893
3923017
9842649
7551617
795081
3673609
7902481
5356743
1469599
2025499
4068013
7671891
6619059
8140193
921283
6951879
2103633
8376137
2765021
1088699
3116887
1436157
148509
3224267
7966507
6677787
6728989
1687109
2282631
835663
4595217
7937019
9950573
9497403
7568089
2120093
4569213
6821129
8519733
9122381
4187003
8106279
1698993
4161137
186057
7389771
2242961
323571
8165427
6446257
6288553
7911517
1883211
5670327
2719739
8266527
5259209
481303
1445973
5604589
8590107
2089819
7963643
7936949
9533129
3850119
9825751
1676753
2341263
5074433
8681641
8002831
2224881
8102003
963813
14775099
3993443
2235689
4802469
137998381
8549421
2646693
770117
9108039
9723697
6985587
9420089
2650839
9177453
3050137
9357423
4515603
473943
9992987
9063423
3737907
6953539
9811497
7144277
3788367
3440243
2064593
3685663
366867
5001733
7319371
335109
7690489
7031211
203061
572471
7871839
3093013
6051653
1852043
2152823
5567361
6902227
711813
4922367
2334731
7721003
5857617
6196151
633689
3316389
946369
1791029
5294743
7752991
7270827
7605199
9599153
7274661
2418019
6135241
3125957
9482547
5803021
3295769
9146909
3496517
2539367
7504343
7890071
4002921
8451007
6420213
8062483
1455799
1507751
6061247
5188033
2638611
9172501
4472311
2054093
7994107
8480823
8584853
7425583
6036813
4149863
3941169
1203383
66672259
9702337
8456091
2188827
143059841
7904439
6910847
6937851
8759913
2858121
6806139
3064069
1926149
6560607
8536323
4090937
2046719
8048963
69168433
6248949
1996973
8655123
1681859
4758551
968819
833491
83787
5657391
617137
156050521
7314417
9039193
8580147
6024859
4891567
4436441
3874261
2322099
5772281
4151139
9704601
4381279
7507091
7194397
9575819
8300369
195165429
9733437
1571551
7706851
1497567
2128649
7634351
9838287
3240273
7743123
2273043
4968411
1464591
7874027
3147777
6952021
7116473
5181429
6593297
321227
9961147
3754847
3634251
2114503
7640629
4719853
9872673
7335611
243387
3962357
2555629
5168249
863861
6060519
9783729
3116439
8910077
9885267
5690523
8659703
8482367
1484411
4122293
64071737
5149111
3026117
8793789
4709541
6769953
2707849
9469247
864653
7377137
6514329
5279217
5090977
3196279
8990893
8505393
8753711
4949587
8251367
3280801
513927
31293829
4040423
8500743
9655983
768089
4563719
6051443
2224667
4631807
5114461
3007713
5843581
824439
9704051
94723937
176505299
3867007
31347261
2510067
8660867
2891933
7810601
111169
1311131
2422641
1800687
9655537
8453411
7707763
5105797
5607177
609479
7007429
1150977
3561093
4426953
6004673
3476557
5279033
2720053
7406721
8665367
5754961
4450809
1680771
7786683
5272013
8933853
6720811
9778751
8923939
9273981
7031627
142193197
95563
6067787
7445263
8400297
2026883
1615583
79414849
123925533
7331339
3628911
5319347
4576589
9332631
4721251
318361
9562443
2708201
8872191
5862359
311127
5519931
5669309
2700489
859401
3640303
7330531
6741221
1092557
3506011
18789
19416013
8455459
7745921
3964669
99457457
4035663
7991409
634241
6298423
179900867
89885737
3065297
6055991
8630193
9825391
1419493
8892121
5481857
791453
3373351
6348321
2964999
5546539
3490563
7654421
4563197
9994197
6626903
4414969
31137
8955243
6262283
2904047
2033481
94409
1215511
4701329
904173
1401637
2720973
4239141
2570103
7234301
6626307
2883679
2791147
497179
3025369
8901909
5355187
5240863
605221
5143671
4534087
135752221
812937
6525997
2350877
716111
2883427
1908893
7221699
7078383
5707303
2048779
3362767
3567193
136042219
7980373
3410657
2176277
6846801
2826013
7302051
2449783
358909
8941263
9979511
5632981
9937733
53181033
456107
7335143
6511321
9070843
48450611
9109477
1841741
5036519
52362557
4070141
7183193
8643989
1986779
