9326203
8493841
2472307
9901969
4840949
7436477
9790199
1817983
3404263
7504549
5932287
10806431
5701097
6577721
2978579
6850303
3829267
6793573
1045953
9293429
5677919
7850271
7773439
4691239
3322021
4961287
1471281
2878679
6670407
1380473
6554951
722457
6143773
1342547
4122877
6332721
8865609
5902041
9646613
1549807
163439
4944229
7938121
7217279
7736531
406717
7488763
5117719
7248391
1541657
2257437
1507813
1382171
3755761
9593599
3061781
1421321
9927147
3588027
1077433
3340683
4707751
8029193
5140723
7563237
7418441
941203
8974883
6757877
5652197
2516033
192608699
2713337
2320139
8651371
1963557
3152193
9188319
9928701
4240477
7550521
4904527
2501951
86185113
5024417
188570179
2783673
3052861
9609301
8649763
1162977
6304287
1705137
5421223
3725783
6526867
4260199
9946847
4076657
8534779
89830247
6563923
2971493
7665977
6010203
4695431
3629453
1487737
1354937
170977
9761549
7498139
3449293
2409761
4478219
2935441
8322143
9769563
5050029
9875617
6824243
7903599
7550959
6985551
2963713
5253341
2730121
9495401
7426161
4978153
2078449
5294451
539393
3428649
1896951
4606607
4970937
3408327
7302283
129869
7316427
6821843
1701771
7518829
5842419
3982527
3154101
4780493
4342299
55865447
6113867
452439
6588327
2870851
256281
7335631
69003157
6600091
9271291
9305593
771481
4221513
2513259
6187599
2222869
68983571
979147
3846847
7079091
7435549
1496699
4825033
6849377
1913071
9739573
9600253
5254973
1182181
1401411
6430611
7949583
892163
8253663
7730023
1505789
2572931
6548201
9504733
4516881
9583411
1031873
909273
6661887
2604769
162792823
3940009
4158801
6565359
7054813
6865659
4985697
160666051
54353
7865529
3870367
3337739
6747953
2405781
5473881
881067
507407
8466847
7567077
179771673
6365051
2800973
5602409
2256577
3513521
3108789
6618191
6045839
5864087
8097087
7376371
1874719
1876541
2548501
4475299
1627183
7972101
5293123
8575751
345171
4998073
9952433
9617683
9383963
8453767
2876271
9412849
54906123
6717883
9461299
7668371
256767
4676697
1573481
4857537
5285049
2134749
6802829
7083941
76741423
5841003
6906103
40191
6312921
9528107
2641541
5996421
8734737
5556951
2307381
7114831
3089971
1097293
1813211
2906011
4741201
73124479
8999673
3853537
1572197
1358481
5435829
4798261
8635467
5731657
6292647
1555533
146321
700673
5240491
9984629
9131733
172933
5721441
119863201
5924351
5710869
7187263
7984721
19745197
6107451
6675127
166985489
196671279
1846201
7062617
9920211
1747447
3438327
99440123
5061843
2537251
7783987
1698121
3936993
199276863
5923861
2138139
1929047
5590747
4252777
4520557
5701383
6220857
1297041
738941
7803581
5111079
7904967
8334661
5977213
4820407
5938387
5074053
1582249
8173937
3180213
6858691
4212341
1642229
8868081
1024391
4885473
1915697
9152099
9488867
193170877
5630741
354317
3347693
219269
9795183
3175191
52777
9769787
5734717
2558017
676149
5032463
3663959
7880463
772881
8676721
3196487
1464409
1746103
1008381
2195321
141603429
6742481
3319289
8070533
4557547
5869529
6595843
2217007
292799
75450971
118577863
3241641
7664311
9456449
2017583
156557149
3900951
8368737
4759211
7716291
6512521
6513447
6499559
7726811
3573229
5904271
6384247
702483
8548491
1749053
9750877
8405909
9498517
6833269
8121203
8595627
43532089
3878579
7464571
2767987
2785963
9239749
7137159
3465097
8456859
7186679
4279003
2935037
1904337
8617689
5385809
6637067
8487421
1337961
116125487
474939
3174591
4499781
4514913
6289099
3941033
5927013
3565217
4066869
8568141
4439651
7329377
4562561
137089
3158383
3990493
6762571
9870889
4758339
13303317
3387131
8390373
131503
8911551
9552327
2685553
3778523
2697419
4022947
3562609
135029
4146831
8408611
3006069
647141
7859149
4405917
3475763
3716383
6677871
6846363
5368789
7591191
802007
7177171
4621617
1806129
7194741
4458221
8014597
8616479
5978993
85991
9945927
4265573
9073059
8383349
2802563
9586929
148383927
5611503
8438917
9512729
2331667
2774223
2647717
649293
4868801
7612233
5021637
6206873
5934953
966343
8980947
9809389
284117
5135947
5276739
4896693
859671
3808921
4887791
5426879
8024063
3441729
8566603
1119601
7228469
5990329
1685583
4396451
6856227
130198663
4886411
6526673
9688411
3233997
7263337
4610309
4774821
7718989
7533203
1466247
6226727
2868521
3340331
907577
6459899
4663143
3018057
681703
1801857
7062399
6756657
2182253
4632969
7025219
9564353
2690531
5645947
729101
423187
6915537
6085691
9178343
7323499
2583991
9153891
4480309
1116951
1860673
2136907
8570303
8870367
4259091
2240789
4965871
1820117
4059997
2380473
9770351
4526633
7633663
6390059
3084741
8504569
8622303
2611681
6308399
6942889
5142533
83277883
7275563
7378357
7642399
59127523
161370709
8952373
3356729
2203407
5496331
7285469
9528791
9490667
8272813
9287849
7671859
7149549
1136809
6721937
56123467
7896387
7163567
5678491
372881
2395127
2546517
4323503
6248241
422711
4717259
7569603
6067413
3672157
975367
7491803
8175961
7860141
9809477
673199
8565913
789977
9190569
2650163
6203851
623247
5760277
2675581
2441169
5910981
440277
7211023
4810269
5222251
857939
209681
2061597
8300107
8397937
3531771
2595363
345123
5600909
3429137
455853
1014269
9699523
12659
5070931
6472451
7741789
7804947
6123713
4912619
989357
7508999
958871
9952399
8949301
4654453
5802731
1755309
6380047
672471
2387943
9916147
7371749
7365247
1125169
2086277
2251553
6184717
6311807
4585629
7918459
3538591
3448727
8602853
1933001
6991599
18948569
5216529
31212197
1813733
4881857
246087
5436267
5423891
7975507
4216363
3919013
1502089
7476961
7708067
6987893
3749783
9179367
130831
1078911
9215799
9137999
5965489
790729
7077233
9476839
6775643
4864037
101787609
7765431
132030937
8020499
4006043
4038829
2608391
4373637
2850253
8499209
1798737
3436249
3019543
1576319
7398471
5840267
1514523
9302079
9535093
6902521
9176983
7674251
7469073
739693
8765193
998533
1110239
3942393
2529649
8688383
27949567
3319541
2748487
6533833
5321469
62449201
9040589
2040107
8389733
1242633
1765681
1512003
8945951
6766949
555541
166484009
887119
6261667
4218797
95735131
4062537
9344937
8587889
6084249
1137649
4725527
7424121
4572583
1034469
5604649
491443
3906809
6953973
7443467
7335317
5017543
1622767
2561423
462317
5053721
1336153
1426931
8510821
4824407
2925887
3702303
6626159
7323687
2136101
6723249
3334499
5745741
2829193
5534309
843603
1609769
1198369
2865803
9415419
3877121
3783591
2003813
9799859
6869829
4102209
3001247
2661141
2097683
671751
6015413
8145103
6948857
49276883
4299879
