3814979
359979
7112641
3304711
7963689
5133709
3552233
7351269
1751909
6994109
367811
5647253
175135297
3959481
1316663
3964059
8432009
696313
4699151
6080617
1901843
8101741
9194081
3315009
2279871
2327917
8361403
8241933
2031197
1538649
1560571
624899
1332339
106334169
3725561
3154571
6331119
387083
5020761
2703873
1046221
7011291
65090177
8559217
3935879
7694403
6930049
8373589
8694411
2820397
1705697
1460131
3606013
2541923
4864773
6171787
1434581
4417207
4918717
1719237
834361
2617547
7361013
3892773
1111341
4191561
2136597
4317191
5269967
7516849
204843
8516877
2402937
7474101
4266119
738177
9342851
2645999
175226759
3295267
7331029
8255013
8011787
9038403
8999209
4384999
2425549
7777019
2933211
5905801
1899087
3944097
7037457
1768429
166963
7547491
6491317
5939239
7767791
9375509
7176909
8601927
8026931
9611171
9566573
4150243
98376951
6328503
3023041
7190841
138479791
9268993
2134607
3288539
4481203
3874099
4193691
1232039
8836703
935421
2123297
9064637
1011129
8153121
2456689
6669429
9457997
4437473
8459383
9871871
663337
2872783
8820261
391169
8184391
4436077
125666193
3364109
5105963
3141737
6136001
6307549
7592621
8855017
159413
1617461
9970083
2933271
6976137
997863
5900669
3227149
570383
5578209
8869927
1618743
1511803
5211771
3598829
7240623
6294881
6538957
6791673
1112439
3756513
6502701
7383753
759747
7337977
7440549
3869103
9372439
7577543
4663997
3093629
8750309
3833871
7479557
9547293
7083523
7107691
7628713
7023213
2661603
8496561
3880323
3707303
7339571
5579029
8126407
4840563
1823953
3002161
6388621
5157227
48432019
2526711
6681371
1810643
2809273
82913501
629619
453641
1214771
3216937
2147063
9467301
2869179
9437483
8779987
9821723
9443551
3740509
459877
6249839
2209143
3619021
9678409
1513013
2523501
4376213
8873419
1142373
6782773
4568361
236717
3907981
4908689
4512403
3647773
5985193
2981489
4838173
9018299
2630269
69150397
5007391
2881287
3691781
9544297
6976653
1841319
5663761
132983
2001773
2044383
779633
2067887
869043
1885381
3010349
1211221
1705461
3506767
4982961
5010031
2461523
1671739
174915227
3333031
3971781
1355441
6465121
9890751
5165383
9437277
112518099
3348283
7478719
805039
3804299
2818503
1522869
9425007
2814137
9290637
3284577
4735883
2974509
1120943
6136569
6409999
113242493
5784079
8666481
479539
1970191
9999949
2117553
4485869
6088887
5993533
3002393
6059349
75845627
2857847
6457041
6755071
4628789
1513669
7586469
532983
43784309
7180499
394637
3000601
9347317
2684747
7785031
1377459
456101
1653151
1109867
9041531
5234467
979311
3466039
177907
3705497
7799807
4753971
8952129
9545971
4119523
6750359
9253323
3828579
4890107
8228611
2350669
7915471
8293899
2870771
2543231
2686721
3438937
8848163
8092437
4513429
2726429
3948949
1402533
3599069
6920839
365421
5837643
7059327
6763913
372011
3668521
3376613
945119
1773667
3071239
1116991
8793173
911609
801441
6523509
825311
6861291
2678223
1352537
2582467
8995077
9047189
4791951
369007
2672379
2192831
9000843
768877
415403
30187
4310293
5414289
8311261
7789761
553531
3687211
9898953
7275617
5653117
8142609
7542531
8681949
8880161
9088603
8905619
3500443
8876353
6163187
568319
5864727
4876273
6032897
7531853
7968187
7793251
2821393
7271043
9222627
4717351
818491
1431223
6093743
6478983
1630247
2109629
8685363
8994429
5703093
7112693
1091801
6726817
6394083
7951203
3695703
1858689
5161013
278081
6315543
3893513
7478601
7458349
9928429
5181163
7972079
9702643
7613259
9080969
5764673
6817549
7483137
2827377
1186397
7453697
5333227
493311
2405319
5269083
64661799
4298697
2746967
2164601
4010573
1698411
5561051
2281441
2066321
2675179
4954409
1969429
4313863
2454373
9850679
7686273
3077537
2730523
3275331
8384627
6224677
7870329
6690987
6584597
9413963
9051427
162541
3648383
5009333
4520709
779153
9733711
3331311
5449207
9210487
9216963
6085743
4558983
4394019
4982951
1948061
8348383
7281001
964861
2774701
4485429
4517627
9473719
1026257
5440251
8362541
109722393
4860159
7806287
8981767
5398097
72664111
4172607
7411827
8604443
4502403
7709409
180271
49351593
4197127
3363229
6868347
9449463
6470707
4400691
5510121
1350541
8354579
1432657
3670027
700049
5192323
1494431
5107607
5476719
6267709
8421667
9699243
413233
1161379
3899899
3629
5894031
6264013
7979893
1399911
7690803
4486583
7973677
6694371
14073621
6833187
7673701
5450869
8768211
7595599
486911
6190909
4720333
3700759
4808967
4528169
5102627
1053541
9501679
4729589
5773263
8210041
6801559
7646203
2614931
3280019
633571
4698811
7508989
4296699
5340403
329419
8604793
4762647
2941663
2528077
26047001
9955767
2208917
9651371
4866901
7113267
9585011
941699
5601881
2192541
5355039
448587
7701069
9488073
8168251
8867179
4495813
147891003
8711787
32311
8401017
4547637
6707277
8299667
4693139
2133593
2373933
240067
982237
7104217
7255241
6479913
2254147
2905113
7418239
3962087
8222243
8633403
502207
5294517
71067741
175495027
4695393
6313431
2590399
3905341
5451601
8767027
2289379
1743471
500601
47487
1081949
5854959
9777693
1305267
8950733
49733
965477
6282651
95201
2284109
1039923
5335127
1130907
7053489
1819513
7408123
8550187
3566093
2337341
2074173
5112213
120235737
1578403
4292653
3137289
9343703
6646247
4995507
202109
838143
6484817
798043
3718467
2417311
9725961
1673543
5088903
1513817
6319631
5280493
6697533
526511
5073677
7442407
9307443
3300357
18273179
8908493
4427697
4587923
4256347
151165373
3551959
308179
5805457
8684047
2111201
4996251
2918197
6546489
7750887
140983
4999531
5161087
6771959
3061467
9371867
1735799
5796173
6939713
7708761
4199729
3484499
9747807
549849
6517223
8632373
2700749
9072141
6862383
402831
5666801
3749637
6598859
5706431
5700347
2130647
7385071
8102151
1113723
5962893
3620831
8126989
2184501
9663923
7482663
5363333
8831449
4605279
5942083
8297949
9937561
6237587
2151961
4269211
1094717
9646413
4849271
2486499
6388199
3912961
339679
8488897
3778867
9019407
6660139
95653869
7196521
2515119
4803239
6451751
1964991
6858451
1756927
5561631
1180411
8943303
3638301
8274863
7393387
9965707
5312387
8890077
459671
1808471
8344593
765383
9909743
5699641
9926097
766277
83190027
2006697
9524979
3940963
499849
6365949
2138023
174728381
8709551
4846249
9427867
4836353
123640389
2997871
1327413
60301299
1569631
6095597
290523
1150861
5996647
9824611
4264513
121949
9718389
686747
5895237
7548967
5863417
1383271
1534119
7506131
128847211
2298727
2483763
384891
7505211
3586289
56303
2141853
2455977
2683689
3220323
5902543
6667973
8460087
8760577
1583997
4532979
5799437
3736033
1323689
3606027
7419611
6608547
3955427
8051757
8649307
6975023
1514923
5232041
7039971
2532683
4278523
975019
4614569
1670467
576431
8757933
8474559
4995823
288549
7515919
604897
9951867
4234739
4789609
4523069
647021
3314771
5522993
2095683
301961
4069053
8771777
9963477
7136557
9720193
9122387
1522607
