34158751
6170643
3871579
5968671
3449317
1693807
1785351
6648901
4876051
7904209
6342287
1311799
9225529
8142283
7688881
4822311
3681287
7112597
7182601
4031163
9342031
4873297
4226369
4372481
8589777
534347
3891957
6687977
2237971
827381
131227
4117083
4741317
9423673
80670041
6394521
6719577
5135453
8029229
9433181
6810167
2298847
9515479
164271
5804153
8679953
1600517
7037853
138713253
1210669
2856791
8036751
9685541
4446703
2676223
4362069
179182601
5108103
2695549
5490791
5367823
8236697
187317
4355391
6329971
7511587
4394943
2035039
3564553
3456673
4960753
171916099
6992103
6100531
2571403
1347769
2317953
4710793
9100133
647433
8145033
6064491
3287027
6158043
590277
8353187
4056787
4192213
135284743
95969
8177517
7509919
608679
3226929
9946859
5019521
4524411
8500123
3009581
8780809
5923891
6223137
3278603
5953057
6299127
1492937
113121
5630121
1726741
9593907
3610217
2062389
964121
3922031
152681581
922939
5858843
2962287
3898597
5587113
3972047
9949673
6603713
9698951
8333197
5787879
161964687
8129613
1519327
4134537
3720397
715437
3820803
8870173
8221543
3949119
6650069
6849381
3733233
2713763
3947241
159754321
2490523
33277977
4961831
7134459
666973
2525017
5512889
369239
6802493
4964573
9700371
149318109
3059187
5582567
255551
9702639
4751671
4264319
5481477
1668233
78173819
1678689
8182317
8979869
9973257
3050447
5066529
4746521
918681
4306941
5714517
3268069
6784807
7800833
1776567
2543571
8569657
9289529
6756229
4198831
874323
8227223
8783549
1914237
199939
4928013
1336543
2293313
643571
3798877
4261173
7580409
1464183
9207831
4629993
3632509
4562081
9000443
42274571
6788959
680329
5227587
4997497
406709
3355487
1603229
7895871
389201
7026389
8235417
4160001
4143111
258511
6668927
473923
9237537
1380963
5328653
81613933
3351293
5574013
9272037
4288069
5790273
8282561
3423119
8714271
6400959
2063261
7683991
9156027
3753139
7263311
4306519
9557897
8328113
5472539
6235863
3884417
5105737
8203703
2831261
9584177
5058647
2810127
2907297
8243303
495351
4091437
811319
5251899
4246383
3551461
1024953
2128129
4961519
5618247
5487393
3281737
1745747
2641699
174371
4471849
1667039
1376321
897209
7086531
7907057
779027
8732029
5783941
6999727
3236509
5637459
4285027
3233231
2482377
3330721
7745021
8051081
4713597
78687
912527
8428371
75299
3799483
6583099
8117833
150509
3715839
6053539
1826973
6936681
3053369
8417873
1469013
127627
8357983
181332377
1658377
7982947
5707159
6438861
3009143
4873977
6950083
9685529
1546929
4072417
157686859
4238279
4926733
4882469
10331
6699847
5427341
840747
18178201
9846073
6425851
9189933
8383969
6154807
278903
7984059
2332921
8517261
9204771
1592301
3182049
4497819
764401
4782331
6330941
2469257
8935653
3743067
6489033
4447293
412817
3934889
1834783
1379031
451777
3232521
8731707
8993607
6959541
6959691
6182901
8832957
3388439
8482739
449077
8687789
1488617
8783879
7879673
1514659
3216437
2492811
268161
1127359
4216683
7921721
5004513
199929
4746721
3586749
5587493
7338467
2164587
2342979
9964351
197240519
5782831
1116581
5323049
1921249
9293993
7175577
711401
1586413
7854521
4529199
2023079
3817523
8552267
160214829
7521929
2654647
4784027
6979617
705551
4205229
4079979
5070391
1888233
5497941
9517119
1421753
213719
1637933
29577909
140896731
4561293
7870539
1719923
8186689
7151167
2643219
2457399
7037303
2949109
193340531
4230897
547073
1108123
6517149
7646463
7483379
6571009
1965767
1763687
5072803
2312279
7840821
390051
7050413
5820501
8727781
2767709
5966431
2762103
2980447
8830029
4756409
1460481
3327041
9506629
7561889
8045097
5700777
161301709
61224877
5454451
9647239
2141593
6188689
1963689
1224301
4965079
8439269
9774327
408861
3299147
7071079
4139343
7663261
7750243
4463741
2754841
1100441
7078993
9888163
75853441
6455157
5093361
3120899
2572453
5811799
2371291
9113381
2066167
4907901
2787267
2242951
9341883
2007331
1795187
3609439
6002287
7600333
8318729
9421683
245383
9264527
882283
6114537
9024899
44827
5279577
174597
75920427
2983631
4494549
2424151
5237183
6155067
2633189
7617093
3495283
1045467
810743
130834313
6636593
4497557
5518989
8365651
7649861
9047947
7402543
5627603
4052453
6955121
1132487
2677669
6292239
9783867
257509
1729731
3534493
325763
3969221
933861
6985197
2213579
948639
2308393
3872331
8731927
3784293
6501527
414371
1324001
7748477
4387437
1429409
6864151
896063
8744517
761641
3646623
540099
969879
2604941
2770039
5546093
7067561
9034227
9797549
2549713
8740527
603839
3564929
4429293
124299067
8905561
3166127
996471
6264481
3443099
468261
6943091
5516203
6487111
5014547
476093
3661093
3627099
3567117
408061
122342821
5627403
3801597
178359859
8619683
4197137
6798463
6886167
7254769
3599039
8197529
8469567
868769
8279189
2860461
1432049
3740619
9895983
3466949
8883123
8599767
3220797
233527
1946779
777037
7793579
1194551
5683139
6023833
6594111
9511059
2368273
68357
7132023
6326241
7756099
754953
7078319
163446517
4077161
9343909
8682533
8740189
8912869
8060477
1754077
9938779
2670079
9317001
7715227
4491377
9761129
8942783
7554909
5932221
9886019
156224377
5910859
5784461
5885939
8026979
8521153
5739181
3483767
179005849
8512587
7645133
4039457
3178533
1800369
9587943
6591623
9585581
4861503
2383503
646463
553831
4032011
3833121
6486669
1208699
4539357
8629933
2419003
3173003
4379267
9432899
7405243
4122407
9413659
8971113
3835029
560163
7867989
761247
1431879
3395497
3980853
3470631
9990149
8582443
8077339
5433337
359009
1598919
1435929
8501103
7914303
3001927
6917143
6990953
9123909
4174011
1893219
8542327
2434037
7992541
5007563
8724883
7519297
6902713
7152029
2494081
9397591
2337809
7137129
7595203
9499169
5776711
7585439
5575669
473649
1665191
6226911
8220091
4102817
7173097
9046419
7791583
3654727
8454777
1531493
6538683
9789027
9272439
7757551
5680729
5551923
2679129
6536073
6350781
9780317
1299947
9244853
8531381
6811317
4059143
192847803
99029667
4861193
538401
6664997
1389343
133719
3292521
5047903
9862771
1216591
9311657
1714651
7388803
9961003
61547
5793219
1186577
1407359
7987183
4832731
6435061
8944781
6507543
8967881
7402959
8490927
6653669
9881447
6201851
3415151
854429
986871
8418929
7660117
8660433
9443889
5156673
8446591
2045839
3225199
7692441
2674743
5766097
6719503
4766067
5165083
5886589
1719473
2761779
1109861
8883217
2225551
4536793
9941841
8560417
7675151
7713127
4319207
4668803
4356723
2129343
2245201
6839603
1864487
422107
4879603
7343413
8191593
8273
5748419
2761977
9806991
1256411
5724051
265279
1896469
3961743
5639711
9268373
1469483
4451849
6190013
5970589
