7555277
252627
3358259
112801831
7869871
1163943
4460847
5816293
6375731
4267631
7160541
1143099
187872631
5763389
2434511
9976049
6315939
271199
3545067
7522999
380017
3514741
145606809
9308447
4565243
2381153
1740049
6625699
9115149
7651447
1172557
9390211
2417061
9166277
8723973
3339121
9898989
7320047
8532173
6037931
7012069
2811549
20429
3379007
7146761
1501849
1044049
3079609
7720667
8331731
1920833
8079663
9052047
5538137
8423543
6373521
7758319
321071
4742201
8162463
144197567
9778109
439773
8793299
7727821
8634031
6567553
2767967
178006851
5420753
9094987
7315867
3993851
1624001
4385177
296607
6758993
3637021
5248613
129725671
2150919
5859859
4947613
6400287
9798951
5058149
1864687
9583807
4460247
8451107
4291313
3725781
7962077
9064853
3259187
4493097
5298061
7753671
7597429
6277477
9473787
6966043
6275561
153999
9899851
6904789
8477727
7094051
4873549
9769147
9082933
2012363
5836867
7056857
9301791
4895997
4997637
8532073
5465019
9491227
3095761
6705317
5446097
747061
139039
8686723
180357
7573763
140683
9022259
3220979
9844311
8536661
2244653
80477259
4504001
2177557
8871321
7940139
3591257
2411593
5769327
3841287
6752217
5098689
4430327
49781033
1924873
9605149
7884111
6275763
5248447
6118201
8845429
1415109
433627
5105443
7514971
2594563
8857623
7989011
4725327
6974561
8953447
8018859
3549223
7669803
2018843
9266439
9743947
30451519
1421113
3663149
5075633
2006291
1160701
9114917
5899823
3435871
587817
7707413
137972381
13021577
3907387
7167109
8692177
4515163
9088367
3586699
6671863
9409041
2625047
4780929
482209
1328497
5618849
9588161
8748649
7846841
2359421
763797
7259981
5064293
77269239
2822157
3477723
1698661
97346449
9744987
6319223
5393341
5559769
6878149
1873019
7327897
3457423
3424707
7907421
5863941
8876517
2702749
5825957
9355691
7258203
3869159
4878347
8986951
8054483
3481193
1352793
7583397
9127217
2035697
4073223
5996437
2764847
6269827
2476321
6527841
2148523
4493717
9876347
7958931
5589583
5760173
3190779
9112349
8476027
5704569
2372031
4875929
4770931
748907
7835709
5307163
7834581
5138727
6608571
5027641
6549267
4473337
186451077
6938549
5298469
945217
6859947
9349737
4191803
227477
2653377
17534773
8185469
8462653
7996287
8030693
580339
190079
8337889
4336671
9715201
8303303
7688861
2703803
199899
9928487
2130053
6746449
5397619
6516821
7967489
6534561
7320689
3473541
5133479
125823927
7394889
1515513
8612579
3780869
5156521
8024363
5551247
1862051
1894037
6090881
2282651
1311851
4471147
259363
5623263
7373479
7337621
7589361
1090059
3074773
161714149
1763381
8191907
5878439
4292887
7678439
478171
8468629
6787117
3637649
2839037
8535571
3647227
4102731
4911959
8671729
23187
7468363
3135899
4827433
2822023
5498659
3188719
5829401
5508477
2786757
4567053
650773
2316703
8422607
2767437
6117531
2384747
4106641
6930221
2130403
6664557
3372687
4372033
6033347
489037
3933797
4633889
8418889
6336547
8033383
4836267
9964761
1474989
9463273
8516279
5891479
7283409
3754971
3176261
1362079
6747057
2905041
8173637
1123179
2282411
1824933
3726657
3487029
7612399
8857099
329959
9377941
3142697
2251461
136431
5189923
7628471
4142399
1702433
6894971
9753881
5549837
9719589
1646607
639881
5687949
7232359
6381779
3635523
7790857
7090339
7263207
7608009
164532491
9271353
6549669
8320563
8211563
2706003
3582671
4346931
9288117
3838073
9903859
491751
9354287
3961077
6136011
175525921
2150417
6417843
6203537
9321949
2956609
4636789
174687889
4215567
7874427
103653349
925453
8350719
1054643
6287411
5839213
9308151
1916783
7939621
6235707
3942481
8475061
7343077
9041687
9068103
8050661
9142961
6043787
2180739
3967649
4540199
8210237
8597929
7096851
68740913
1566197
3492499
110967477
877199
4795751
7013579
106782101
1531317
477831
2372921
9387627
7983193
5400243
9936093
9656589
7651651
2385361
7664439
415331
5746609
6181049
1287299
3879887
9531559
4403383
4878633
4375841
8532399
4085849
2456917
4939681
4867107
3489597
1351797
308311
1807803
3254619
6953047
9778383
905919
5384429
1262593
8455179
2593461
454283
8112191
3968791
7779409
6239461
7415341
7374153
8385443
5973729
9465859
611667
3556659
1531017
2241353
3720513
59757567
9002847
8686679
2507471
1544697
510833
8782777
5224071
23888577
4697637
1597501
3615789
4505181
8272349
146555617
5111007
6105593
6230537
9913087
8148449
6655001
777123
9509707
1136139
1635713
8799067
8703177
3998959
5263161
2811973
7299081
2057539
444281
7520513
7509869
4670529
7658789
3028851
3035869
3372281
2623063
108309
3111067
3522249
7669297
6727723
2804413
5182453
6497017
4180939
8810271
481327
2948349
3143443
8631531
9771489
8439637
839543
8921079
9508309
856471
6844269
8939353
1797291
4646429
9296317
358939
1185307
187473563
7794077
9766187
78249
2034039
6775967
6036351
8662723
1187591
384747
4374391
8654423
332421
7998921
1658001
3498887
8941491
8922783
72239247
5861103
5485711
4494141
4581803
6147731
149550243
4443247
8903463
8258371
1347409
7420103
3779241
1715977
995251
3935553
2703417
855687
9921821
9177939
1589727
473133
4597769
199549811
6103179
5517741
743581
1561959
176822423
175967
8180203
7746671
2861937
6763117
2442857
2172183
1780267
8319351
59743
139534089
3371189
5026953
37339543
9528451
2451077
3116699
5882471
2779517
2906117
8931077
4492663
9950041
2616533
9635679
146111
6595197
4462831
5161717
241569
6407807
5872551
8588817
5392929
189778083
6429853
9112643
12146057
4320107
8990413
9555849
6285667
2292577
1054791
183021
8916103
9842697
8460639
78696161
6583303
140633291
4286947
9038941
4373787
3655699
3498229
2117873
3527549
3649377
7620391
9520073
3287951
8246297
4241557
589537
3149179
1927523
975349
8411173
5973067
6848137
3239119
9719251
8074701
4880509
8483251
9978159
6631623
8567889
4051717
3475957
9379177
3668333
3574699
6037199
4017381
9404257
8012877
6984989
6281611
9601527
5535629
5142869
6482657
9380099
4684559
8769899
8417207
9133551
2337407
8075547
9159881
3414327
1329231
5265551
5160431
7539507
6377971
8155989
6090803
8152523
6269559
7465293
4686869
7919847
660641
2589007
9095117
3519319
6323277
1835069
7463033
1210313
5178827
5758467
2371073
1597437
2614941
328889
1513593
3083623
3753023
7951213
173818887
9704941
