9522911
6793977
805587
8500329
6338509
6378161
4443423
3555691
1793633
4201591
4911573
3114769
5602639
6428777
8162501
6917333
1307621
6634113
6063583
8668171
823007
3695401
6006883
5583321
3523579
488773
3432689
2661643
5529381
25321869
9235461
9953983
124128097
5602901
7498247
3035487
3928957
5873911
5217477
6336399
8947053
3272747
5430597
4346997
6691193
9344153
8516367
8930067
4565467
6819409
5392977
7684593
4651883
1054517
83197
9169071
173770617
749839
678577
4397721
5230909
2173899
4830643
9726209
8719697
481001
1722389
6074719
5208871
3481307
6543263
3374663
1154249
8546331
6093343
6016657
61000353
6059071
8359703
1598037
3095317
9074703
1731251
5570551
4104493
6464681
8690277
2282767
4311683
1852267
3046309
8345429
9891391
3974539
4220999
5932731
7038837
7097031
4816913
7214831
1958369
7105227
8657047
5510221
6081303
5065971
4312331
1250539
6053081
5805223
3593587
5049169
2626321
4160819
143981
1536561
7148737
5572233
9454719
3947023
3144543
9615039
5346487
8281963
6317323
5361173
2081041
4366029
3288539
4681057
3595923
112363
2273431
5488693
3678111
7654867
5491201
7874543
7570671
1335767
9493063
4132763
8910161
1362457
2575449
3040317
4243611
8144857
717469
172996579
8910431
471267
5197781
4513013
8462053
2720027
6406117
2179781
1167783
6955963
19163
7708809
9263323
3032017
596403
3254897
2482617
1078357
5046893
4174173
47091097
1213233
3353509
3636513
9714811
5025411
8887819
6749973
6115993
9272461
3171341
2284629
165184453
47788407
3253287
489719
19677689
5485511
7619
1371409
2492927
9860329
2804527
8043957
2805397
469013
5705351
9906523
4677207
3356837
5779729
9932543
4374131
3499771
9092463
6687519
9647361
2095461
6839139
7998783
4159297
582323
4133373
4454433
6807723
5676591
5183179
5457099
2799047
5011057
1139397
952939
5983501
9242353
4965627
5187749
3047853
4803539
7285149
114466879
604713
3917653
1548241
7514733
8211633
167350181
3554791
7944867
2769521
8700719
111937681
4528503
2953327
1798231
4200293
9291821
4882567
8231423
270287
1897589
1376353
5528441
7404373
9190241
9726671
5440343
3296977
1507869
396663
5790873
7472597
3159873
1629711
2838209
9782427
5769111
1278559
4228669
9055429
6676497
3410223
3922631
2805207
7468049
150440499
6686621
8523109
4526903
1734371
7306007
6351857
6631059
2640973
9207933
9707399
9631941
8015129
3619861
5777991
8689353
839289
1887811
5858649
7867051
9627479
6181601
7653159
1020429
1208411
6976289
4922921
8076609
6852947
3899081
5222409
5758609
7233477
9209057
9661933
9097509
7419023
102195667
5213167
1697707
9420917
65143
4910697
9731433
15591873
182015379
7272443
6449099
197281121
7352477
7672163
3884047
58121
3853667
1913847
5757183
350153
2316009
3716583
604041
4791589
1911993
4798531
4304993
5991881
3306117
2155463
6750723
9410573
144219021
5293237
69698881
1544517
1754481
8387877
9684923
1080589
8601749
1360319
465827
38768667
9811161
1613171
146271
8406039
2242759
6853197
360697
2134199
1284361
6348051
143051
2181167
5807733
32469031
6754531
2582609
1012249
2346443
8996747
152015569
2829729
7765763
3916221
6451461
1165537
4368269
8977801
3640927
5519713
5318091
8280719
595473
689709
7920801
86323783
2963853
8269519
4749551
510847
3211117
1726407
8015501
2444787
7047173
196054591
3794641
414097
7375719
6277511
91237623
5184529
1591707
5935057
1377313
7319263
6662769
4770967
5289951
6804623
1743
6339491
5242353
1455091
5526651
8694427
3524383
2475833
5941337
8564763
7255863
5199047
8878389
8282941
1879417
59997383
4417373
3143921
2227159
1581311
5331817
7909529
3645291
7155657
6715941
5093063
1925191
3841053
379111
9227173
7631851
6260283
1106999
6435223
4326533
6105033
7856041
9662541
7833237
371311
8903621
7524917
6862057
9716793
7599587
2389723
9266983
5488399
2648227
724293
3061627
6012873
756817
7357127
3817743
8342523
9334497
3593627
5549417
6742099
2158523
1698753
4546069
1177873
9641003
6306783
5330219
2786837
3861551
2105281
6716827
6045449
8556133
662861
4327513
526249
8714069
5496641
7466021
7102917
72197
1654131
8936343
4052979
5974141
8100637
1624929
4259159
3944621
7043707
3338493
411179
5144339
1036933
6565581
6328801
4943647
8753507
5041601
1792581
143023513
106794951
449393
6288321
9421121
7977897
8170279
4582401
1405299
3961001
4027881
8825821
7479891
9330961
1223417
923359
4736419
249327
7785209
3414463
4499763
6281379
6306157
2455923
4063313
6880093
3087591
553531
7782207
2381791
4625657
6684147
4221523
8464831
5743633
9918561
7029141
7094923
5845237
4020791
2259299
8951991
7489203
2033713
2872277
9083183
9177587
749221
9957651
742367
3605607
3992851
2444431
9639721
36120637
4242511
6600847
6296339
9887609
9876357
4950183
4871607
3418327
2712507
381553
5558331
5424037
6735791
429689
6881459
8870583
640561
5160859
524059
6775909
7779909
132988409
7037591
8288147
2971321
3225501
573619
7860537
8139803
5678759
9573267
5193561
1038209
5429717
4591129
5993447
2211993
3733213
3875833
4839387
8702861
8966037
5916279
3807213
3637979
8636197
6289663
2341391
8427961
8866769
7901297
4574677
8953111
3621831
1513881
7511337
1952237
9779471
9384153
6382571
7495389
192287031
1348517
7198369
6528919
8796309
656483
8647357
3355829
3935907
2552623
3795189
796347
7178299
4805503
6722989
952603
9467289
4152169
9560113
7890861
6373481
7730081
18903869
9616573
2800671
4828363
3463501
9692167
8805929
9558917
5625423
1985297
8155569
9421119
3356283
7782729
1640179
6152119
4805993
9765653
1430497
7303579
7346317
5992477
518941
4062327
5546507
4882561
5800317
3385161
54317
5801581
8361851
7825319
9057189
1591529
2304953
38755321
1234881
3082419
7229889
3341767
4816853
290511
1110667
2537203
1787317
14750473
4469643
3239231
3259653
9891139
2970169
3359411
581307
8891851
8691583
5032541
4487709
8321327
447081
3217819
5440853
6080909
3964193
6676029
6240953
2667169
4347901
8822639
7123013
9775099
397669
7150829
4269459
6726563
2425981
8353157
136057431
3383769
6642147
3752127
2506761
7674027
7837341
150349
2482119
512141
632289
198417091
6626879
8503311
1683751
3216433
7566021
1860117
7968503
7065949
42363709
1584047
8144343
5210881
4510361
3800657
9638281
9564369
5091343
2263831
7681317
7831863
6720633
6195407
5081391
703993
8046331
4820929
187081071
2645459
6908801
1022083
8821843
3963033
8956949
6982631
4222113
269749
4112409
6395093
4162359
6246533
6300109
6549777
759179
5194667
4174311
287083
8827969
8924841
6814201
5796671
3944797
