1805277
6119393
737769
8207441
5730903
234263
1325519
8620089
1067707
9131761
3765399
2908839
7477119
9440253
616757
1560571
9718099
3212621
3864613
7694353
8502637
2039363
3217729
2504037
8227981
144715123
8940839
3791113
62511
62611193
569791
2357341
9069899
7506757
9362387
597307
2302013
3571183
6673829
8861719
6395091
7075957
8708959
5960603
6759251
8944069
73638587
4537923
2995977
5877937
3832209
7434217
6439883
6278821
8937547
9764397
9354751
6378291
8871371
9733663
682619
5970237
4925973
5156369
6726149
3721511
7131203
8281917
5847891
7151999
3954469
543727
8988721
207491
8523623
5788779
5364899
598231
8993021
7408127
1529469
426393
7750841
4325669
3030449
9828769
5890701
8623691
6919181
9455213
60147
7238697
660339
5730917
6947591
6254899
9350043
7901841
4624421
719747
9739741
6424877
1374279
9935817
9218939
5935369
6536901
8950377
1364129
94595197
1336497
5296851
427053
9836507
4676429
5954217
176126691
2460337
41899091
1743037
3648139
9756947
8843061
3381617
658087
1986879
1340847
8209883
191391023
5578043
7718969
3816497
3301779
2243707
5265767
4431121
2449221
2432141
9771783
9923339
3972809
310091
6587723
7583883
186718783
22678111
9449921
5806609
6714267
2721989
3710441
5414179
2791619
4222349
6133459
8671339
2458809
3546799
8243051
1174557
9309917
6173447
8793793
3752879
2845311
32531
9515073
4828011
4565379
1704651
5301829
7814647
9463813
3894481
2718601
7959403
9292029
2966773
8936703
8160121
2597711
6698411
9069397
4161293
1128657
5952857
7913497
6351109
9319687
4322509
9965583
1548753
4436927
3430927
5304309
9936157
4400469
2730023
3489623
2444499
433097
8931087
872061
5677167
8498829
8961841
9451461
971327
3919347
8178003
6237617
5190117
4846207
323517
1383991
6023271
9906241
2631969
7432721
1164863
567517
7853009
6131151
1441259
4943479
7254457
3183567
6009493
394019
114977301
4190507
5157759
164391277
7089523
567259
1306111
6935223
2600973
3164979
6068011
9915733
7999431
2540957
9992557
4476759
7971961
1752843
9976777
7513367
9810731
7988233
6956481
8809979
204419
8363217
4342893
17567519
1268233
2321553
5499617
1681801
4371463
7679371
7337391
1704501
2969609
1783337
8484489
1312483
6065343
1455201
8996419
4167523
139339
9734633
2581559
8514091
8178319
660493
291397
1415397
2134779
4796953
6654619
4454153
3454583
9997261
1306691
1676019
111800389
7306397
7573269
7465471
1594099
6160083
9089241
1506277
1908011
2205069
8465341
1088599
8715453
9204931
9282107
2948721
1863753
3181117
4678693
9209703
551013
7576223
2076363
7555583
9620521
2713419
1236257
2936439
4306923
4644001
2340209
6159377
6529443
4449907
2134119
7128337
9910243
1759283
3070019
501157
1696833
2758079
8463733
26501493
2887771
1873889
8160297
3097723
2668527
3419419
4109339
2821487
3000407
9703481
3372917
1139711
8654717
1403979
8856541
2692721
8700843
1957703
6664983
5290609
6209221
3319743
2886507
1185837
7274167
1836087
122929
1373069
184259623
7347341
9786601
4139537
1341931
1343203
6370199
1874191
7527293
6267883
6432991
3030779
7199081
9745373
5194401
8727857
9023289
8802099
6216651
5414157
9613933
4943133
5718953
6642687
9318569
2046823
6173309
8233647
5102547
2612467
1390833
1758771
2976703
2330611
833697
83688653
1285081
7451017
1076231
8347479
922193
9653209
9877169
5310049
9928047
4118651
6409143
107033
6993753
5971681
358807
9922191
9262081
3703069
6914307
2294413
2160659
7124401
1888793
5129559
1161311
592611
2979459
6436219
2814897
5901577
6854689
4877927
9681279
6242933
507061
8558709
4521991
7108833
6014377
8582741
7906153
3104907
7765141
6950061
1913951
1605547
100576929
7818473
3508003
571201
4938081
2819397
6373117
1445837
6466747
6216359
7485669
7600123
3858787
1352643
2907463
291267
4350961
7721367
7552381
705691
462059
933707
19683
156119
1689669
7843647
3369837
2721863
9243327
4186091
4762353
143447377
7755511
6159213
8873791
2829929
474571
155147
5403317
184089
4452319
6072977
5801043
184046983
4808631
5769187
1801343
812329
2256433
3010579
7191161
2812339
6193953
3990449
6298247
3279767
4657787
2872351
6309489
4541709
1515209
1130149
227213
1272641
2177057
8763861
8704223
3344651
639113
7356777
9563739
6463861
7261231
2978809
7152533
1206363
996949
84917993
8260919
6713943
8136817
4233317
8699341
5144527
111602699
1593669
8881111
1678631
1087189
5657931
3480763
8038579
6607531
9391527
9392567
3665101
9643303
2933237
8669667
2273983
2331521
1040283
2589177
4763379
8252599
5359923
6081401
9747667
2864423
7862339
2312141
3942433
2218577
8498953
3961271
1163481
199067
4526247
4045433
6571141
1603873
2869213
4789733
7189173
8979737
7499411
6169977
6698407
6572331
8459641
528379
2631781
5777631
963809
8248881
5253567
9423819
8169389
6950753
4940973
6770943
5979649
4746423
1644041
2302501
1389919
2246177
2463303
9644981
4601887
3969761
7810767
2365701
986273
4921449
4724547
8448763
6793083
8230641
4508003
3101621
4714307
695071
7338297
7119927
5041069
9923337
5346623
8021539
8811109
142933
145679007
7469551
8371363
1274961
7822601
3992699
4753983
6618027
4584619
7511331
9782457
3098817
6772811
8523619
16471653
7064283
8434343
1745857
5916211
6047093
6840947
5197337
8713463
8541463
89861
8211689
9538839
4725937
3058437
2371127
2916801
7653051
7107497
5732009
2467147
8474783
3176257
9621319
1242319
6414511
3060907
2618183
7309997
8457263
7347351
4022863
2898319
3111667
935559
8592431
2534427
5565259
8921691
2523981
9491873
8547537
5138751
6691327
4835453
657299
7086987
446077
8275269
2912209
5851563
3505187
6396451
9397911
498041
2429579
1350973
904559
3110419
6258461
2399899
5439969
433387
5765287
8805447
2330579
2495953
3670077
5557027
3253471
5135251
3734759
9709807
2028739
4942779
4849883
9650427
8503249
8040957
2946053
3778443
2746233
8552519
3763841
5116803
4171357
3892863
4138669
9837239
1545071
2219699
5371209
48403
4547723
9458917
16061
8162991
6483687
1059519
7312859
5629033
1921639
7366081
3229451
1527699
417193
8163983
852931
9682073
4543473
4969379
8313347
7028767
8647491
882087
491627
2133527
4586393
9439827
5315873
5792039
5764021
9158943
5607407
6447867
2827527
5755057
8514999
2501563
