2582381
7637653
8983489
9288493
7388409
9420551
3595607
4157029
5207743
1648279
4869619
2560679
6903907
5440707
5442773
8751233
76435061
3738941
5284837
6547953
3306569
9928483
9104019
3827807
7105263
5389961
3308401
1701193
1276273
7347357
4679531
1772921
2442911
2860733
9548153
9647961
1147639
70232891
3897661
90048511
8042981
3421061
2427319
6789761
2423899
5746933
5254073
4718543
9926701
2457561
26371551
8700819
5028347
7676141
7547531
8982483
132492783
4328481
4470581
5823737
1810709
8291617
4121669
2085801
9535253
8668529
2618709
497331
5797207
8296373
57955921
5721109
6627663
7531729
4082823
9092539
9341493
4367437
3016431
7624133
2209781
8027717
198659959
450539
3981907
2220543
5072423
5651867
6203391
1270351
2449853
675373
6918451
4107611
115021447
4246649
7398627
6032953
5203937
5312527
7088937
9051797
2973037
5174457
3041177
7072499
2389887
9464767
344231
4903019
8093097
861031
7795147
3438287
2955387
468343
4557241
3097761
5236843
593687
404373
960527
6443397
6194469
6613853
628193
9737731
109311
4927401
5264703
138065571
7520421
1992499
127583023
3123687
9868969
5360761
4189499
4343779
35099
3534463
7932391
4892483
2293013
530703
4649679
4366909
980641
5130327
400877
2918403
110542173
97451
780347
3922173
7902477
6455601
2197847
14211
4433971
4354337
274739
2680679
9266523
3475209
9170811
8103613
3833877
3117751
4110171
4828307
6885989
7984463
2913721
4380481
8776459
9679831
1023459
2650087
4327893
6530829
2793359
7473543
9689867
7167747
7829299
9281841
3210089
3670901
1580159
2893463
152409
6360593
384589
9635319
9359979
1359113
6173741
5348747
5396381
7680071
617639
2479101
6168047
199657
206093
5631771
5456771
23317639
7213721
438433
2052871
786507
127946279
8911813
4879891
9296173
1133193
4918371
1563211
7986139
4835943
3719697
79309
1744359
2874059
5222123
5800793
5099597
7356469
7740517
8115619
3733301
9834761
6508109
3538233
6228591
6509111
9883981
7034759
2640447
3540111
7718677
4869939
2993999
160557
6636821
4605549
2946157
8967873
1590371
5995261
8109551
4426411
8662217
1131579
6973039
893859
1221913
226799
3743989
3676771
193788091
4385649
5693159
4478309
5615937
3393307
3988381
6831697
9865829
4284259
6250603
5916889
4386983
145611367
2656861
8510979
8972899
5818499
25428713
5664397
6985861
6379753
2127277
3193583
8671021
529957
4478829
2396379
2583547
2731681
5346243
9249843
8628421
6408697
166622031
8002267
4121807
6838653
4765069
1815881
1156557
4748837
6088703
9707067
5763603
6065289
6259663
1261063
6212759
5032657
9041769
2319881
5354531
3398631
8350679
5901579
7342673
1647491
9823393
831369
1954043
1200183
1499441
9243057
9824941
53129
8792621
7609739
1686183
310109
7964951
5170671
1039737
9727209
9842609
741491
9334647
168097819
1542383
3274541
2683783
2159991
3385291
4331343
5398989
8791647
5570299
2225467
8265387
3584803
3045037
269583
6318339
5825661
7365937
6877259
9659977
8561427
3052243
8536771
7703001
9817677
8848281
6495353
7757913
960453
9857981
5136651
6264953
8450737
9062493
178352261
5237691
2784223
2204667
1922757
7541771
6475417
1200149
4663107
1140193
4273171
8797759
766117
9412731
5906173
8365541
481173
7127281
2864163
3903877
8988837
2714323
182408311
3876663
1193197
1739879
9989253
1248583
4813361
9229841
8746129
4459209
1494427
5086559
5979451
8655723
423031
8717541
9503617
7912237
6818229
6802951
44988959
9585229
4752353
2831633
5488609
8409761
60910343
1617799
1847539
1206423
5505929
6148387
2229521
3665007
6234493
4612879
8753137
1081251
4097111
3087701
8249159
182746031
687109
8925533
64752949
8478261
3062867
2270079
5522937
6343511
6052921
8571587
3223859
1849701
3432907
2999039
4986739
651213
961397
5743983
2766897
1209643
4913599
3870551
6809539
4147189
2269857
8079523
7141753
4939707
4555293
5799837
9482797
4819239
1603091
6708799
1573643
6159897
2579089
5016469
7966217
8993309
3580123
6435941
8669353
6585357
5203353
4928439
928133
287737
8828549
447993
9886993
7910699
5523601
3710391
5616857
2069429
2816679
7867297
7815709
6652859
63385589
4898351
3325099
213747
3296993
4568037
2048441
2642991
3211431
9215893
5822561
5818927
6420267
2888051
9220041
3443837
2924971
26346829
625443
4374879
8870757
3128453
3769179
8779953
9696399
5473887
1757231
7488829
3834611
5680081
1110483
7429457
9366041
7368597
3743913
6063689
8986549
4808357
1090477
3807793
221983
5848359
7151023
5590243
9063677
296487
3665639
7479597
132297
8829873
5723319
2269653
8105359
4919871
4818017
4209739
9190463
2330203
3658277
5874573
9721339
8867057
4677267
4520077
7927211
4660177
5718501
4451059
7625263
2340697
9265301
8867103
5057853
2744659
9230493
3473941
9396447
9592339
3775197
4773021
742347
3632863
4648917
6274619
5383757
8232509
734873
7213477
410359
375897
7548737
4515377
7135049
7472449
7506231
6871939
7305471
3991923
1627577
2487459
2052073
138195137
5683383
2711797
5295693
4627097
5328359
22223157
1558091
5476383
6527993
8356421
34539443
9544803
7966273
2330947
3816679
9781153
1614509
8117017
575549
3119327
8206793
2973523
6630907
7264789
9814653
8956229
8491053
1514531
7947
3293493
193243731
8511199
4798173
8170119
9015379
6520991
3959911
4235699
78533
1975737
3290767
3230609
3907467
4931897
1173487
1528019
8433939
5334701
7596091
707857
4158199
4876517
4285339
124627147
1888707
4232751
6716727
24579
4077023
2228609
5752809
8419517
190588359
8385823
8685759
4296081
5407903
88359
140274551
4975033
5179073
85567
1362177
9177931
189699
3591313
5974039
8923991
5473841
6093301
8820509
1406041
1586931
1188161
9616937
1737859
2618299
4651771
8959223
3049377
7246531
3593837
9326911
7093829
3437943
8878739
7585119
4701841
2620081
5448619
5259023
8927857
286801
2393901
29393
3326131
1719329
280003
4082001
1272169
179983191
4869959
2443719
6179473
5828037
2254133
6206481
421247
3024417
8218273
7398971
4918971
8252479
2432273
5797503
2390487
6274409
1749383
611437
2938951
3316853
8550157
310789
3422013
5011769
3943927
9782993
3571141
9580809
5762559
2994077
2904487
7104273
7514709
9153549
371081
8008049
7635593
1114997
9978317
9054983
8556997
8103427
8446303
6000443
7793197
1317611
501431
6621691
1057551
2097093
7682071
2851997
1184291
8965881
7648727
9107201
840067
138903
1025357
119862113
9990827
469557
3742291
8028671
8574099
2503309
7115359
3281597
8793343
9920859
7643867
9980229
5559533
5316649
1746677
6522893
7268423
