1828829
7088751
5893117
780971
4272653
7572909
8008853
6051997
1347833
3810681
6608621
5732193
1885179
9106993
439607
7891969
2277477
60437461
7041067
9483083
8139271
5347573
3321201
3911551
8898749
1552997
5144417
8236851
5452309
8381721
8714399
9823579
5367887
1501613
100157
3015083
8154753
5629407
4672311
1457883
1171331
5057319
1287833
186553
3256359
6627121
5708021
1219363
9744209
7875407
9061777
7842441
3651443
9402893
4514371
5554611
2580763
6065093
6438891
6097849
5217091
7977333
5366391
1880953
6207653
3810951
5873801
183584263
4784501
3636163
5103019
7883497
4423023
4893777
6206909
7344819
9700913
8437909
3287343
3905947
5681041
392323
4605377
6769819
127769911
3216821
356751
9592927
6568713
7461511
6099923
7434053
6117101
6602217
5197539
7264371
465863
5774987
9975753
2566317
966913
287911
3937757
2969767
135217571
928423
109158809
735127
8017777
1558557
8752801
786169
944671
9047437
7258041
2746529
121983
8496939
8874211
4387261
1953803
179099317
6920211
4774721
2869509
1547097
9592861
3913887
6196109
1659909
3736493
6249057
9721361
5311427
2172917
3037793
3012401
8218443
2266789
5639693
877407
3384663
3263791
1099237
3283023
2599721
6053619
547909
6998731
1673683
7475733
1919467
7440609
2319809
5374113
1021807
193809
495227
9200409
5423309
5711957
3487037
6367049
4254459
9745169
4797633
219119
2652403
9936669
9324649
6356703
8176289
8014233
3252299
1683411
2423273
9377849
158637041
978071
7958577
8965081
7866877
8688033
2099703
4293531
5813117
8517269
6637303
15742637
5566589
11193063
1698849
286739
404601
2761883
1193327
865007
7081709
3751249
5655177
5854327
6539951
2912191
2022361
1772641
8358031
7044701
6568923
5121811
3618883
8707427
979777
7650203
8354487
8700909
4283717
8205229
3349461
601353
1502177
4337229
7962101
4224193
6633087
937979
3378053
7791951
8620619
2362373
9503591
6939737
3812419
8974353
9933593
6378557
4646009
5804547
1168951
4123069
6969337
50097867
4573793
195379
77097529
137857
720023
8266627
190817127
4557839
4721167
4900271
7598473
1912759
8192417
7513543
678071
8093929
1320939
3593751
1242957
9234747
1792067
9240667
2302817
8473203
3906773
1353797
3689097
7569981
8370693
1836217
7258933
75760869
9901319
1611133
8617827
8372543
9238641
2804321
5111811
4275537
9380941
2758421
6143419
7164609
71288883
2487223
1633563
4196481
9327009
9443799
1975077
9120799
852597
6196211
5004741
123499
8812047
9079129
4081933
7567449
7969267
5325473
6873483
2677489
1628209
3627801
4362627
1663331
3107227
5829147
8101657
190587339
139069
3022089
3321959
535019
142026893
2211891
809381
9946343
3251973
4860883
7045677
4016053
4845549
739987
6390889
2995937
1969643
5367863
2060297
12871
4269149
2847251
5922593
8991419
9521661
2269649
7279541
432509
5702971
8142711
729437
2685439
1606601
3525859
6784431
6963417
3826487
8633291
497311
7546923
5623133
1465301
4009753
4663751
7532101
461679
1299341
4654579
3045117
3971897
8597769
160273711
8960353
2958799
5671501
4570307
9938761
657387
4099503
3725887
6740813
1372797
1635699
181704197
44641027
4692897
5642981
8095793
1635799
7353357
6722733
5166169
6810747
1909649
9360999
5349949
4859353
994923
6748441
8283571
5639637
8189643
2931413
3106357
3979981
1216763
5582657
1791293
20151271
7239063
355437
6974761
3852591
3388257
9877599
9367033
9854553
1188213
1678641
6891211
201053
9716031
1108081
273351
5554777
734221
7902703
1321679
2151251
7184499
9465053
7024547
7451597
7169077
6216713
3834299
4658511
288827
604759
6799161
4244881
4918931
3820663
1480433
137034191
4998689
736379
6959509
4860837
992621
750487
8507639
6722367
2938631
3757859
2958771
5799521
4896207
6147539
8192677
8966469
1293147
1797329
2046689
2808179
71613871
5664583
4382429
1543047
9350311
6402447
2667237
73347387
8899721
786407
5043401
646507
859111
7196067
7790543
2408791
4873417
8711703
1294923
9790307
7451087
2075163
7187227
5512601
8043657
4036677
6459783
6185289
5873883
2615431
8573949
6741781
2850369
7506929
5353637
8042339
2837791
1205809
4320143
6933407
2820111
5406053
8133269
1574261
9621789
3241231
3819117
3717877
4399699
137864721
3404097
5498291
7548323
6709811
175991939
9556127
9675837
9906623
8905817
7478857
4189189
5804421
830437
124490009
8757361
6064993
9005131
4795099
6660811
7296519
5462223
7248927
245899
43176079
599519
6298251
4331503
7408983
2248543
5040997
6100417
2784887
914003
4934527
1203897
4892813
7221343
6567759
7208277
5271993
2495989
4414289
8452429
5915797
1558737
8001597
7965387
3576339
2711843
8148283
1583547
5680009
6908637
218141
5398031
2780667
2087619
8931159
2209373
7771423
7714267
1971283
4552317
8005527
9664441
4073977
853109
3754457
87293
4595641
8652351
3377811
7565337
4285497
9748799
9636071
5950147
2417271
2373827
9483307
4561703
2974179
4861113
1784173
3294539
6417311
5209473
8699967
5320131
3058417
432673
3722359
99807059
4594327
4201671
9772063
9917121
851507
119792047
9653607
1087989
4983723
1247957
76615367
5592209
5492403
1888969
1596387
9668141
5912151
1567671
5996931
4895049
8951131
1816251
459471
9268741
8160397
3815571
2551803
109539777
7173787
5025513
244331
3379217
4539739
1589071
4649397
785019
8497377
2673551
3739273
3650503
831121
9350143
6888523
9561111
5890557
270661
6150421
6406751
44543379
2822527
8911333
2757239
7827153
6819721
8616721
6380443
5364593
30612249
3978457
8672079
8547083
7350813
499163
7879963
6094271
5708287
6012103
6920177
1375723
1345861
5241313
4155849
6493877
7940751
6206841
9113069
4712529
5176319
2749719
1559083
48207
7079861
8815099
105835599
5550843
2545347
374181
8635481
982659
4353021
4506967
9398643
9209571
6463303
5569433
7443609
555853
7231699
8946489
6661917
3760747
6319231
8275477
7097407
8327663
1829999
8459053
3902217
9383089
5171597
4419663
1940401
4515367
5646401
5805861
150971581
601893
7971633
6599627
8914403
4314509
1108073
9158327
3849147
7161057
7940657
5626917
4854587
1360521
6718279
9050177
3205321
1576737
556687
7785077
9634481
8343707
2685869
129923
1801201
9813131
598987
1533719
997363
4415009
8887507
477753
463189
4089513
626983
5436379
4463643
5397109
6416133
1093649
3389343
997379
8810931
2856019
8571517
765729
7690599
3574061
2954999
272621
16194439
9062549
187267
3007539
8271041
27045199
717203
1605799
3893751
998219
7170987
31997477
2701939
1108253
2482479
3541139
1482941
1514453
802019
2821621
5416053
623169
2514043
8284763
4259307
8372179
6443109
1645003
3661883
6855807
7498813
8721413
9045261
3591131
4408077
9073349
