2916989
12980499
7155823
1687257
2573691
2677037
54497
374461
683993
5949127
6645721
7143109
5502843
325001
5428197
723289
364487
7381053
5009041
8048403
765091
3061959
3577183
7945189
1434549
8044597
2846601
1431851
4033343
5355293
592087
1098667
9004651
6924749
2558241
9680269
2300801
5126843
9422839
4996833
3298509
1552093
6331119
200723
3242761
9053011
1697827
8573093
8350093
8650521
2830091
825681
3642783
6996871
7830929
3955783
137348757
2390169
7288363
4645607
759939
9319881
4789389
7072631
7869919
6978563
7668957
9757341
409319
6860121
4386459
2276217
7551267
6963553
3826943
397097
6930323
5147907
3377769
6128781
9833433
2175003
3548121
5550679
1994419
5416967
3218713
8829831
5829019
782071
4328711
5596233
1210089
2535329
8563437
8165261
6833649
8772629
7435137
221761
5557377
3062291
2875121
2549731
90011829
9664409
2409133
8767991
2366253
7856917
3032823
8088313
160777177
5753329
7695549
165163
3626423
3985257
6629901
98413
92661
6117129
2999237
4030447
3309853
4232927
7295013
9503509
2883821
3078159
6317359
8536351
2550277
5241873
8288419
8920891
7735771
5009049
9581131
4978441
8021489
1426297
4977931
2856803
9356771
5481493
196158481
8068827
8799877
8468427
4124923
4239973
9713181
8899909
1429701
1823239
4527109
810807
7793341
7454599
9082461
3565819
5856573
3645693
8057043
8854497
8320717
4354781
7050517
2527361
3362983
1389773
4681631
2687551
7568057
5428097
6376771
465373
9738071
7900379
5991
5436657
7561931
6296737
1130569
9180341
4675377
5080997
2600929
2384361
135567
9832879
4263809
98833929
54757
7025319
7073821
7166913
4526489
8250231
687169
6630507
6097521
8424949
9690699
5629283
5653171
9707761
1893759
4532343
113119483
1489359
3847501
2283671
4558603
490519
9144649
324517
7207641
6596443
4042217
1433041
9730707
8558667
9801631
8035809
9317849
152973299
411067
6265209
5307121
1625853
7454787
4303971
7739781
2758719
4678851
1886773
9948007
5802507
2855373
9069977
6450603
3602587
9637203
1554879
3493313
6455511
9891467
6398213
7727311
6374979
8056237
4168801
6756957
3168459
3136183
74093161
4694957
954311
5886357
2047713
7984739
16760741
8043991
6270081
3565933
8152281
1485647
5798689
9319109
533983
5601853
9669453
7827213
8941701
2965377
79929
410897
9774287
8819587
165709941
4788661
8929293
7339633
897433
39207991
3660261
5247111
8909699
4677351
4610787
2035289
5221437
700137
3211443
7640069
9010479
9254207
913351
7909221
8691889
4371337
6049679
3709619
5706797
4624117
4743037
35889
3066371
9176409
3763639
791483
73909
8793263
6074573
6682569
1519959
3508693
6422693
6641917
9078343
945781
380619
2456101
8236013
8082977
1548041
4240841
3982477
3272627
74777569
6031663
3303521
9530261
9871877
9091077
7273823
3142579
4390513
1396857
3767559
7446229
5819901
1686597
2467513
125604543
2108781
8862289
5209571
9132399
599401
1441449
7038347
5094463
3677629
5881899
3559743
3134211
4662529
4766439
6493447
1185229
4702233
3154763
8620149
3749557
7877629
4478157
7909639
5917639
9950971
6935817
1772237
6728483
3871857
1727239
9641969
5240783
9422777
2260703
3944451
1776799
6717369
2762333
6195707
703383
844311
4288963
966397
4303039
859123
2328747
4727003
8065907
9619463
82263
1413551
1899939
7754779
2199699
9411839
4943663
4097991
6688567
2635167
8693217
7371359
139731
6867821
2773721
4623041
6513437
1606643
9933949
9787667
6982261
4177767
8414337
1316627
9967687
95901289
9415457
7779127
7906021
5662259
2012337
129621
138189679
7872073
3367629
31689
6586991
6863149
7058361
3315489
9955223
6772447
2110927
4943801
1857593
7134707
3622707
4953669
1177057
4416739
2339277
9477093
4279817
3799607
156819
4853041
8811139
2396863
4090863
7851277
4551663
5680863
842869
9393763
8167651
2146887
9790697
581967
3724147
6483447
5862097
5415987
3679229
8905741
2107259
3086707
151461981
5581893
239547
4056829
1804869
7265283
4770029
3045013
7774359
9472589
1744383
3221877
6466727
6222823
9862533
2382803
8442841
7700493
6730377
7735067
5402139
2602939
8635691
2924563
6166481
6124159
7561927
8160943
4316463
9396647
8691303
4635031
4469013
536761
1785931
1363711
1115943
9014383
9442673
7271313
6305843
1027719
8235969
5212729
67816081
9920537
6639829
3173739
1709757
6634641
3103871
1451163
3477331
4272891
1592219
65877
8017769
2203473
4491271
8795607
2200503
3058257
2693393
6553911
7548143
2005429
2587937
7323747
79801
9090849
4450341
6758927
4117663
1004971
1192961
844769
5338099
7440237
4642463
2495383
44647147
4781627
7113999
1815699
4378923
8169261
1404989
4560039
4798627
2218029
5733477
7662933
5357611
8235879
8752359
7650853
3874147
9920581
3762541
728457
534853
129527
9118989
9223207
9398161
8240683
8859429
8141607
4257017
8577277
1859493
530249
2045933
1155321
125859109
9572439
1524247
8953011
2634689
1921609
6913357
2438783
7033069
4122501
6712937
355819
1632887
1331303
78437
9343441
2663319
1279903
8646983
3453929
7771859
4329797
9373549
1960903
2459413
6128241
6942231
8009813
6019101
326173
5308797
5801479
6276729
4048441
1628323
855873
4942319
3071021
8719943
7588847
70879419
1150441
2335341
5237457
7555353
6079517
7719509
5946379
1558311
3686037
1791223
1890219
152481367
5651379
9938201
1860753
991401
5888117
2349139
1631293
4292197
4095351
6728737
8180241
918793
4068611
4736259
6069013
1731343
1702047
1174281
9700433
1688779
744503
4569359
6534439
8104893
6427741
3894683
7530783
5338653
8313761
4313667
1221423
1439591
1703053
3009751
8446581
1197197
7637913
8875409
2264183
7538387
1395781
7131977
2159447
2876559
1065459
8104921
1961809
3263147
5985821
1402079
1716979
4697629
8052577
6783257
24009
5894599
6603849
3858833
6170107
3869747
696303
98163749
9360201
3596637
3529303
4936637
4307257
57827173
9473813
2343013
2470819
9675603
6866157
2283251
6972067
8552961
3687893
1122571
1205059
6308947
11301069
4858299
57147441
6308539
3826729
4529783
1489867
7377981
6237171
2591067
747141
4500597
5320269
7865069
2756761
8545329
8098979
1650331
8388001
2565549
139814109
4051143
5935241
8594861
6796299
4585377
2215307
64325341
181293849
1252841
7430883
6097289
121959603
4588393
532341
6851127
6092817
5054257
9599881
4477909
89279
8394753
4155213
133656413
2769523
4564389
5684531
6951133
6399827
8455907
3527927
4057697
