9400263
123225263
4441577
4524169
7469639
126911
7607689
8189627
8606211
6353901
2226489
3608681
7299003
173760409
3865229
6710401
4972239
2876497
4994049
4416831
9490659
6678259
6722547
4233193
3122873
140392951
8082199
1521507
1268301
6958197
3124899
6488657
7303967
9821229
2338431
5678971
9107857
1970401
2534673
3797707
1180293
1821339
1968157
1504057
2842089
2769241
66165797
5697699
4402991
7762351
5784293
1413787
4960067
8466929
8131821
2990463
5212839
7828703
4952069
7256973
8482171
4991369
2447221
3676473
930823
4929329
9544509
5572557
2651623
1753853
9707267
2898393
1732221
809667
8512557
7954991
3563717
1607461
9270717
8540697
544879
3463803
6575137
7937201
4091443
3796989
4787269
1994207
4225131
3163481
2270629
1288391
452113
9637727
2106007
2353033
4548777
6229153
8750979
3147717
4002721
4750149
9432687
1149193
5806633
3686291
1026977
138594461
6798109
1908423
3288877
5907279
8954367
1616719
2500003
5447379
6532737
123071
2852539
6550963
9804313
8465667
2934717
6520883
1998329
5687059
2030851
9832333
4496343
7373161
9626141
5079329
6740987
1380663
5206757
5140131
4705799
9494419
9883047
3086491
5643851
7044933
905213
9846121
2160359
6224393
25528881
5643207
7714129
4937021
6273889
2495773
8730299
3021413
8050903
7164089
8827157
2723423
64205613
7374129
6994977
3282429
6620539
3716087
7715407
2725689
117088883
1863937
1510039
8764269
6079697
8432981
9894061
9144627
9381703
8012989
9953411
7657351
7410397
9427963
7521563
7473503
7113447
6185557
1586221
2237089
8469889
5637523
6588841
9451479
8843069
1958293
2311641
6939523
4031093
5282101
2489539
6343511
8965129
3911299
4523651
8072989
2184059
187397527
3184941
7502087
4652903
9821737
910977
5287613
9925159
437283
6178293
5307119
8360823
418889
1640863
3211591
8830749
8742341
2145851
3721201
9974047
8356017
165932947
9577393
6889781
6603181
8095367
7286307
1922167
4586527
433661
7302393
9517747
576823
5836533
1373353
8202389
4905239
2942927
8596011
9030869
5558381
3550257
3112651
4154247
3189927
1752639
3684731
3880651
369667
2562627
1407937
8802539
2274363
483829
911119
388493
3698307
2244761
1926473
5963217
6105243
7254227
6445321
5940373
6354923
9116857
9893749
3271511
2009757
12227
8526387
1443087
9822559
9723997
4400243
3474751
8903851
2496791
2943899
263879
4943463
3235847
8399093
1498481
3872299
4028293
111938911
4964803
6178033
6695439
8085083
4924403
7775159
5141327
2341627
2666701
9469169
9612811
1602877
6230329
4689673
2433673
6518873
8718289
5052327
539029
98598191
726977
7958397
9553491
1624223
197937597
2839307
9511549
5369939
9717057
6505151
8024021
2228823
3131493
6829543
5737031
197861391
194562571
877967
5588217
9552447
6141689
669179
7322283
3888483
3186323
3765219
4455233
558399
7325041
9137249
7121997
204279
1948683
8483077
8291977
9224111
6571729
6166407
9311131
6094503
1911403
2956801
582497
3444577
6294697
1273809
174382071
7598249
4728397
6001821
211579
7662427
6483499
3118063
4470347
3491231
9139219
9906623
1593159
9736261
4680779
7390899
4739483
3823149
4000513
2407953
4546337
9655247
1084007
3469377
2459531
420339
7282993
842591
5474783
8899019
6174837
5830767
3654269
1897751
7028123
7307267
4799757
1300273
4747419
4735371
7238073
5406629
1629879
2957311
9033093
1018733
3116171
5148159
2296533
6314983
5174391
7884497
5518863
2005549
7750679
3771643
144895397
1595453
2950167
2964749
3739429
6597449
3510701
6684931
7639113
6690313
3100323
2955789
4578601
7665191
1133249
9963853
68067
9798273
412981
5902121
1948973
41279789
8842903
4716447
2745997
3683071
1526759
6679127
757721
2242113
203661
7557289
5926603
146144783
6702257
9778293
1488233
992161
5915473
9894359
1533971
1176689
9564929
1771409
2899529
4043241
9855827
1584101
9653973
3395113
5767583
1206507
2264473
6162817
9590887
1308937
6729169
7049033
4603687
8895653
3306761
3504727
1233523
7068983
3254439
8728379
4950411
8889771
4788663
7612823
4941653
5021289
7217303
8798241
9297969
1767563
2431383
3488087
808459
5267511
2847933
5128919
6820729
6110017
5210421
2824039
129648687
5875919
5355663
314449
4426889
7877579
38709447
7085717
5053497
807567
1681841
733889
2380231
2211109
5814139
9827567
5282921
5603787
2506787
9078129
7999303
4734041
3525647
6516651
7638437
9442639
3813417
6062977
9464267
8782407
9149211
972843
647157
4700327
8421639
961547
9900563
670267
2459099
6449987
3884559
293337
5849793
6901507
6292991
4754553
1587693
521837
5817827
999323
7685451
6997151
9005719
4536257
6627751
7788269
5527187
7916863
7747703
9216793
564273
4871239
216619
149803107
8333127
9669463
3891767
583523
4797747
6061949
6354643
6576351
3146441
6130447
6416829
3391423
4999981
3321297
1994483
9652617
67519837
5423357
9897697
7084633
87278879
3895199
8110429
2984481
65484297
267153
3718663
8849781
4028439
6382527
199692789
9310101
8370091
9014761
7335663
5969337
4222233
181386687
9215867
8709271
139067869
2934921
8279413
70197927
7180631
8061421
7787481
5158251
1574047
3810271
6416737
5531037
143140149
8172079
2182751
379419
8756313
2221561
50777
3328501
8102073
6327561
9207677
146592309
4789459
7647917
3095399
5108381
9895881
5691689
8905361
8434761
8282987
272039
6846513
1743131
703481
5773529
7399479
5165833
3340091
6240161
1147013
106575391
2297371
195388083
7951253
9357039
1669181
1686167
4014773
6031789
9793769
447989
8586969
1645837
9602753
196312533
7359581
6360019
8212641
1647113
8233871
5382559
6882639
1930791
49068561
3357457
4911187
3956103
4773997
7998863
1483847
9335509
1434847
6369699
97711759
7551697
8087443
8645841
3290427
7074581
8467967
3226803
8964619
5769251
7563499
4869903
646669
5518969
9811371
8618003
1980851
1105669
5392419
6199441
5871017
2266541
7602569
8910173
3426521
6196239
9703711
7830619
6358221
6154367
9569417
5572513
7786543
5924423
7324323
7134731
4930767
7276871
7510393
845023
152542221
5662759
4526893
6636193
257149
5161083
3718899
4384363
5671339
8351637
6423579
328451
3832619
7595947
6333573
985961
1626321
4640597
9474509
4118553
4974767
6492263
7578511
3863319
5863251
5092307
1397257
9011501
5371553
3811407
9050429
72931849
4045177
8652623
2299979
2479177
6840257
5564599
6300191
2296669
3215777
3851087
7869003
8284129
1089461
6804431
4451881
5262047
3093511
2269281
37263
951799
3961843
8502219
5445089
5140847
5569287
1624197
2783443
4177563
4126691
3628227
7442759
1873431
2679781
2758331
7418443
4933031
3875927
3388047
8467807
1320503
707779
9237443
4758027
7970487
3105343
8906251
2657499
3145807
1763557
2684719
3731777
6538947
1435079
2307407
