4053851
2457993
3417851
7213569
9263317
8405667
2740163
193276873
5134133
2729677
3250253
2469671
8387691
4388743
5188599
8027387
4197403
122425271
2891761
3351119
9042393
628181
7774591
2051239
8976939
9541647
3554789
2232931
3978357
4785771
393759
373431
9850637
3415533
1618873
6854503
61035157
3918367
2188189
747931
6285399
4098453
7132553
960073
883157
9521401
5609539
5834549
2962583
4033873
8943707
1007399
939231
2289031
5645771
2737039
8411951
432269
7850609
4881647
5766967
4923069
4880333
2416449
7742477
2346791
8315849
3709633
3829443
7220977
5587893
8600791
9201737
7936181
36903
454393
121305897
1237467
8804789
8075839
5013121
3200173
3444151
5360621
1416217
2653243
6810911
153090417
3677883
3375137
6666509
589673
3634537
1436379
526723
595061
5295293
193990727
9026417
9719003
9529313
6460259
7167519
5614309
4962517
6246897
742381
2541527
9823357
3924003
6810631
8751263
7035019
2664451
8367529
8009357
3991081
183455811
5594091
2523183
8438791
7919163
7809899
4189961
6777267
165203487
6272839
1518463
799441
9255149
88451
5421233
1307539
43366633
251319
2073289
4189981
302449
9034253
996783
8006117
7016783
1513793
9727973
3262673
6075901
965443
9894261
5002413
3416893
8015839
9946851
6907157
357179
7321347
1379317
5989197
4776219
7333411
2241669
8100429
397023
9977677
7222539
3038347
6839047
6936029
5928007
180098461
4399547
4967583
7130369
4817739
9873373
4377959
2967457
3682133
30215817
6734121
2590489
6657777
9076599
6083277
1663097
3457951
1707493
7541191
1251459
5756047
5730861
4338233
9448527
5962587
4557927
4672301
7366833
52753089
9191211
8065789
3426303
7020421
5492513
5059613
527139
7105019
9755049
8859673
4625911
5228947
6246817
3962757
4349203
9481481
3562137
8188021
1670763
6813983
9213251
2167311
872541
8837113
7504299
6146147
3228713
1532823
676529
6964861
8575203
8057911
6873957
6872837
4882089
8261287
8821183
6265691
3874307
5506809
2235929
2052943
176969111
4886123
990577
9678677
6720273
8174731
1563597
3872553
5107881
7028287
182051629
8611217
7534609
283543
6838921
8966343
6772119
3940331
7877501
5956349
969611
2208913
6596183
4928667
6238751
1557047
6332749
5722813
4638529
5308531
6976781
6044843
1933371
2099703
6050637
4259771
9620831
7468781
5253517
7854311
2767731
101767321
8641417
4464133
2228193
7966781
6342783
9947567
8055891
472479
7362161
7585291
7654749
3571739
872783
6614077
8766867
4546131
9364287
6822717
2251651
2396201
4617917
2742611
30322337
2997287
8060401
8824283
5357679
4622427
9366207
5411903
3318591
1284561
1927799
3587307
5498961
8524267
6241013
9180371
5070223
5460687
149814227
9407329
580669
7592111
8557783
9591187
4295893
1676077
7506501
719503
91293
5344171
138771561
5965403
8070623
8656627
7591189
685537
2890639
9678261
98774459
777247
6363647
7562981
8607499
797873
6203879
8877343
2709233
7915007
7398443
9908561
912917
4368507
7795663
27313021
8893911
4606389
3209973
91625091
7347693
734671
8951919
2174307
3876881
912147
3305293
2853799
1777113
1260069
7937323
8959577
4421931
8495323
4714507
2133393
4964499
9589673
3810863
7965747
833463
5061963
8507163
3741907
4868867
4834853
2818549
5173997
1875373
1251993
2069883
8231513
1294397
7724621
3410127
4906903
6556481
2166229
164998951
2370319
4761527
2973287
6385491
7367933
4512233
7849623
168777
8899571
193483967
865091
6790609
9211891
890487
3254859
3977747
5205529
5638841
146543
4735191
2166871
3283249
5972427
8984803
125857
1842011
2628141
5519297
2610997
1799869
4448013
8367833
1434039
5823001
6167101
4562427
2980981
619853
9961209
8972131
525689
5855443
7395563
8049863
9309921
630537
4556899
8628299
5321873
199349
891513
8430823
8515801
7899203
6676983
1869191
5781247
935871
2536907
3543103
3363401
1178759
8327151
9375899
3322319
8818519
5171753
1298437
4793137
1824999
3232739
9608973
404529
9156663
837999
60937959
3658843
7862987
2090493
2655573
1990343
6209969
1356871
2730919
8129869
9321967
7379073
6262953
118784417
2308307
403667
7229597
6973099
9574133
6322587
4147037
2890499
2626761
6826101
7360087
3315167
1598353
3676623
3760599
7000527
3811953
877899
1283981
177235529
4868937
9638809
9785079
1745019
213363
9311457
7661331
3379131
9753657
2195573
186336561
513159
5702857
7468529
2460527
5545773
1686723
3679609
6908721
6361721
2175853
8897749
41011
189891
84759879
8472521
1789641
1561669
6878697
8555643
3335907
4960021
9716579
199009417
4781513
8345593
8356243
6205721
1637781
1124137
7637839
4497929
562213
1043927
2898541
1268487
7309737
5208577
2074093
2634391
5131759
7422523
963743
6449243
4675421
5404659
6876201
7898911
8269297
7320091
3899857
6578673
98803353
2606759
9681909
147673623
4679119
6913729
1691697
7350933
9048509
638079
1557123
7390523
1791223
8445839
5699081
656221
2802281
128685053
1639241
3363107
8627301
6145747
8487441
6691153
6846061
1077769
9963143
4288009
2971393
7995761
8559373
5104303
7602469
3901743
6876803
2293673
22737243
485457
6613019
2677279
7181813
6141079
3979391
4783847
4071621
5742667
9822903
621269
9380157
9263983
3925371
9958009
8903143
4549447
5017847
5182807
4384777
6441877
8014323
5661673
3305121
2000249
186073117
6922411
3149267
6257777
3017031
7060573
4409321
7825897
3828609
3068917
6262331
5873923
1128603
5327209
2457759
4585599
6494869
3440583
4510541
5084131
8511939
816497
5686597
6231761
9460503
9157671
1905611
3793079
28519571
6702977
6070913
9802771
7668111
3685877
8050107
114878397
7680599
884561
429119
267493
1929189
3400411
1205527
2422881
9970189
4903873
7333297
3188497
4490141
9084151
2217921
9802687
4842203
6118853
7448379
3958903
21891739
9315353
127961
4779441
6149901
2138879
5260269
7766403
6050233
1097441
2068049
9837137
2973871
4736787
7784557
2154399
3526581
6376329
3568353
3806799
478421
2599027
2874881
1896919
2781781
9660859
7044381
383579
6507809
4927153
83775051
6963959
7266201
9798859
5072711
902043
6285151
7673787
7796683
6590341
5659033
98004543
1042237
137183
6193373
8630293
5702467
8804053
9156301
660753
3149357
4704769
7583713
7704897
213029
6426301
9400059
53309179
9864759
1420361
164154999
3985587
9304771
483559
6515779
336721
7263683
7688217
7208869
1398199
7082653
6563497
9741513
1426923
255101
1794237
9090991
1714291
9237957
4953693
4524201
1559093
2168611
8659777
3596539
2688079
8602829
4646463
41543
4894311
4532117
2775563
8070699
2390333
5361647
1625057
3471551
6547401
3475321
5364277
8805143
3518109
9445013
5974009
1403389
5374627
75012299
786681
4492633
3626313
74157
113825873
82085171
2814629
2845571
