1881547
188129
3248991
4672241
1888913
3730231
1204339
8606821
66206381
5635419
2379841
3231829
7869043
3424057
3734273
3409907
725417
4972693
9300533
3363659
9976231
7084097
870623
1544703
8094119
2482049
7561217
7092859
3476131
7099233
4891783
8890819
7388393
6107999
5123551
36957777
4191397
6068679
39651353
1695903
1283033
1328967
9310961
8802769
8431773
9027453
8804091
2199977
9740991
1181439
6295383
146846329
9568703
9465687
6184289
39199923
3879727
1086017
6275171
105889
122380401
2757757
9161181
1808029
8376919
1076573
4523149
3145609
9982679
4072837
6350871
1523713
6332803
25141
2951687
7743663
8334637
5480389
1351433
9458879
5499523
932361
3482221
1966207
6095281
8234297
3721841
829469
3703383
122595213
9264359
6072023
4575581
6571251
9656541
6456261
8433123
9240221
6787173
5980447
3579603
1317097
7188013
4804489
3391251
4523593
3825819
8653073
9511221
2212619
7631709
1321761
576101
429591
1573033
8508843
57987
4497159
32370597
4688773
8717757
2464317
8283863
4976449
2579087
433307
1039889
9459647
9924241
5900171
2688999
2973179
9813207
819069
1313173
3100647
35971053
8902597
3659371
3827221
6809689
9870611
6657571
6960619
1960517
6662083
7101179
3274743
7099319
6363361
5650793
341131
175509
4282237
9933683
8619333
9154779
192337187
9743883
6605371
1142093
7206471
6693057
664007
3317167
154731
2152767
5676379
6924181
7291761
6222377
3329077
790111
5435053
7610831
394941
4725477
3197773
2015001
5362571
6048213
8766181
51217977
1689551
2005243
3035871
9094297
6067429
3970789
9652067
4528791
6148859
7864513
2762403
6914773
2751843
4891213
1339189
516873
73284841
98098239
6783633
339019
9780829
105582373
5124923
3140849
7206289
276637
9600271
1493079
1511089
8622577
148404631
9048127
5792947
7335933
4732157
2521413
1728751
4896427
2364987
3608681
6623821
4988649
3962307
3979661
736839
4015553
6448089
8774707
7594239
3557787
5492511
3747937
3868541
1724449
3902659
156700659
1403853
2001581
4608631
9385101
6920759
61769831
1912487
7595003
3415043
4081501
7926879
886983
8393569
4835497
8167577
1775143
4010897
27296591
720101
5203627
2130913
3096121
9375367
9998419
9669351
721099
2901163
796193
9672301
7667461
7914027
5219199
5372587
1459601
2247621
4821087
3997603
8329453
9388311
1639573
7261113
4107099
3790319
882091
3796211
7917847
6222699
62624117
9309521
1726331
3393381
7220609
4352639
469141
2782237
888409
2804839
151334287
7541313
7823923
9351437
1165537
2680391
6704023
412453
2176559
3732219
9704889
703697
8439189
2243069
4549149
9568001
2190703
1826227
1497707
2286603
9592551
2237207
8450229
1206487
6582619
7661213
183686731
2657699
7081269
7097191
8774263
8748459
4473717
6927809
1275789
2969027
3839233
8345049
8990289
7126543
4522567
9199293
47056177
2908747
7546391
1277787
3764473
6412907
1043071
6792579
878531
1481329
2041043
2088213
9438251
9794283
6182927
5468837
5549241
5375507
4329661
1123783
8137341
8058737
1651607
9408489
43293257
1628471
9243917
8594739
5468941
3980417
71727
9315693
9095289
9485811
8379101
5081179
3432669
13034127
8696251
3348667
6019753
8864277
1142677
1160823
2590043
2312439
5873179
1455243
5128689
1350499
8789561
3427269
2212533
1680119
6437989
5354337
7943543
3215413
2339933
5283123
7183771
6858143
4200889
5733279
6434297
3198437
9117987
3540071
6895827
4099639
1397963
848477
5672391
7280723
9020363
4683247
158423187
2458969
9886137
4565623
4714183
451397
8516903
3671667
8790119
1249689
9040431
8933859
8762293
7399979
6042169
8403393
7659147
7760847
7976651
3602973
8021047
8752591
6949307
8122093
4510391
5131787
1010143
9644987
7471189
7381613
6400161
513341
8821069
1756331
5207219
3978411
4139439
9121461
5619149
2503259
2487729
2691273
2383973
7815737
5952811
1196409
8270663
2279307
7473227
8427713
245797
4397427
700433
8452409
3879557
6724729
1235267
1937139
5000899
1689359
3287319
1383889
4286353
2849141
51887
6283853
4086191
6038603
5839371
184020867
3153011
5987673
9652027
6491211
6587323
3379939
7024321
8638937
1750709
1386521
1519423
1333087
103442951
5795773
4394333
5513083
3939309
6103027
8115349
2575461
6382139
8170251
40824677
9477917
2196959
9716983
6917473
8402637
5539777
9350599
8927729
580357
25780619
6235761
9597887
3952361
5194843
5081151
5777053
35088277
5589837
5132119
9687597
5957077
3961581
3421939
69011561
2759851
7619579
43809
2561941
1565261
5345279
4508949
8349843
1553953
1618067
3408539
6393283
1179027
8807143
4051233
5854321
6998409
7394261
1135523
9581073
3555189
2989373
8138013
221897
4536059
7573243
2709539
107223931
2274673
8217063
8993469
4375529
6239777
6070313
9271067
3832117
2841637
2405789
4045899
3658529
2330259
8213117
4886003
3617513
9602161
8825853
4432251
469241
138511
4891307
1544511
5795621
86024019
34087197
8410469
9701581
1236787
6896109
2968169
7725797
4574269
4028501
4757751
8634477
185369
8921789
3927087
7672793
4390697
3185737
159749
4289049
4762119
1153259
7239727
9260949
193787963
172325093
3863177
1651237
5529231
5605047
141055819
3637111
4152647
2141753
2624033
9711019
9603919
8090517
4741387
1376063
5790409
108253
5804559
5820033
8629899
3001899
9817717
8326089
4346019
6592977
1215007
6894771
5199057
6379881
2842381
8512203
2354933
8336857
592833
5745073
8906723
6672423
9811407
3198063
7460527
3634919
6010711
6006661
6384493
9532421
1861009
1690339
1297787
9988371
138521601
2437573
9714211
3947761
7342541
5291857
7476529
3998897
6582981
7292177
8752933
106896881
2513971
2894157
27200693
3656031
6304533
3724351
5623303
2705289
165111
217071
1483197
4104403
281353
1002341
4016783
8845093
6142319
9858017
976883
4009769
2155311
4079353
2743867
9648981
9315127
1155649
9452117
432563
6180083
781977
2772431
4885751
244397
8094029
6844123
7706009
343979
2299599
5442443
6654361
6589091
4369633
8560679
305797
2877587
8751121
571123
2454227
9140341
2417601
5890369
3373917
4574291
8877781
2366129
3473193
6913179
6011553
5695003
5202981
1691799
3513059
1647033
1518139
4123269
9926021
407409
7284257
7742879
3364147
6781077
4604591
6853561
3441123
6104771
3221111
8210983
9897623
9234693
6943419
140958403
3210053
3813051
5468181
7756293
7807909
882069
5488311
2817521
3908683
8325259
6781943
2281819
8636901
1129153
5038891
5011407
