4506673
5211259
8788679
166257
2485729
8404767
9375873
8714437
4582357
2645007
6827523
3252431
164297033
2226011
7927157
629979
2882839
7634109
3037267
4254779
9638183
2318547
9207531
3247851
2305519
2714793
2004897
7606419
2180491
5135831
5870319
2980443
9207031
6260607
2360577
7163919
2727873
5937407
1388187
2016659
7434709
4380799
9733867
1852927
2788759
3997161
9099589
6281081
5904167
172729
49134233
8381833
82210363
206501
9195783
683327
4923151
6302321
1924879
5618919
5949541
4431721
7474779
8724021
8014233
857929
3892413
7702611
6006707
4313479
4916541
1213609
2156561
883639
318571
3801297
9730921
4286281
390037
1492839
155419
723283
496871
76250167
926143
4319497
5348533
73655603
1541541
9037337
611463
9139403
8079513
9574831
943111
5457689
3002241
5993143
606609
7796023
2461499
5745783
2981369
390097
34021859
445731
113713
6476687
8465399
4806223
5888973
7412113
2425649
3501359
8286027
4017061
1109217
9824021
6820083
9834147
1015807
3162309
4107939
3003699
6709951
2896631
3066447
7921751
4780789
540493
1693011
3868987
7313639
785873
2880727
5555957
948761
675131
8362609
14440001
7759137
2285989
416071
1980149
3683863
9955309
9934049
4413649
7393467
7824653
4061947
3208301
227967
9901947
4246917
6142101
1913741
1367799
1686941
6998217
3239327
1283289
2054619
3170019
9752989
103438933
4661783
6712519
5329617
4729479
3835797
6188743
8393161
8145621
2872233
5803121
8158133
7417589
1799043
40526753
7347531
2201209
3533747
1598351
2082831
8121911
175532387
9700513
9099931
9669203
1194017
2965291
7150797
7553367
8577423
1564577
4894333
7449809
9492601
3014711
176777
2539027
2526469
8381341
6234743
8096389
3699613
6215601
3770211
8526713
3318009
2164229
8888293
8967801
9584871
7748027
3698031
9103347
88147057
1522259
2185267
4249841
8785297
632397
6160683
4322319
3256999
1213763
36267537
4317797
9558439
3056787
5153597
6892529
4044761
7378171
1426223
4267119
2631479
8401243
2388309
8954693
3868943
8125697
3544331
7102713
9351103
1400091
9305253
8231489
9692761
6653319
2160217
5605577
9225181
1113587
6160853
1067847
32072291
1184157
6710909
6642801
7581311
34647829
3187623
8440733
7942793
2894457
7213611
9139267
76931669
5582223
8228449
2062891
698179
538829
5457741
7880103
4790919
7230031
6478757
664227
2184083
1810493
5019081
3191979
3324793
7731049
1465569
6299647
7182207
9132601
1251429
451473
4938177
4733503
8634833
5835009
4073839
5568037
3938087
1979829
1519683
4422621
5881479
7062879
9408897
6293601
7713157
4402937
3489021
9260677
6738243
6977681
3179801
9758051
2899831
3799839
9936369
893063
5728277
6088861
4486879
4731261
3777601
3169633
5441203
8065719
1192127
3094137
7369687
7624031
1258411
5348611
6967713
5150567
9244879
2793713
58200921
2727289
152049239
2573267
9443771
2055369
79436061
2474513
8631953
8442617
6996557
1966309
52591
4924203
9602767
4344597
8685813
8681527
2042583
1265377
5281953
9918023
2733283
1692311
2669481
307109
8599549
384619
3678393
9936521
162771
9299599
9658433
4434987
96054031
2384319
6207899
4073081
9176419
4433941
2070123
2147897
138002337
4371539
8875619
3450387
121246607
892133
2483611
3574803
2742609
7866549
8417963
6651057
4153707
5181171
8159867
4050061
1308581
7262923
4879033
9660667
4560869
8239841
5044071
5892301
126000197
688497
1505277
8030707
2851861
88899
1931143
886793
7104373
9660657
5456431
9049537
4938881
1472967
4544559
1741413
1249999
853477
3619361
8709251
7940301
3173309
3621807
5983421
4308893
5521289
8446269
5535091
8576477
8929669
6839147
2256333
5419601
3373903
5005607
5270487
2649723
4058313
7050747
9674839
7983067
9311467
3563231
3955991
9450877
388431
6782759
1903387
5698051
8098049
8636333
1905881
5529407
7829781
9146649
802477
2372537
6276441
8982361
5493657
753787
2409467
7422873
1397307
9200041
5260377
9630113
2153319
7370297
2494893
113806917
1023413
9300451
8879199
5994199
8163637
2830503
5366837
5522871
1007727
3560861
6664123
9157587
152095469
8944581
123354081
6937251
6688877
7151383
4861251
4244381
3913181
4048519
6169119
1560801
525563
8102557
1326167
4608501
8473979
4038119
5803179
8428889
8339519
144287
1444343
807537
1452839
3286733
2919667
6575629
122290893
4614183
6485447
4763033
1679499
5122437
7053029
1387311
1705513
5909691
5006263
179564897
2263499
741623
3547071
176728177
2097587
128835899
3835683
4394727
309559
3540391
4898391
2915513
1564629
7688603
7666851
6265811
9813713
3384821
147000533
7644849
1491721
103766017
2663839
6326507
4395703
1236777
8465759
9965867
9243863
8423167
7798467
196062073
4548009
7156481
7611241
4153149
1331769
641807
1142423
7067279
4597373
3579807
192602339
6650899
6993921
977269
4290161
2324387
6057771
2436037
8542581
7209013
1387141
4798099
2094451
118651
9934603
3741511
5493721
5707367
778441
350857
3307891
9456643
5715999
9096337
3284737
3571751
8971843
3817887
9471617
2450287
7769191
4100449
9894207
9972687
3234367
2682713
2788281
8726241
8372163
4615373
270159
8725749
6593377
5194719
1971017
7782827
3463137
6981143
8357909
59209019
178318211
5541469
3547057
8310217
9149413
23956637
1593319
299941
7408813
1963287
7732493
5766971
128533051
7134789
6682897
6351153
5793673
7003409
147510981
8237161
9790139
1589127
4650429
7064783
6391853
5948499
4797733
8860757
5215639
5546241
1354753
6136527
3921287
1391909
6028833
5224489
7261411
4147467
2769971
3630793
166887
517257
4428293
2794661
6508073
9920117
7566063
64109
94653361
666413
7534209
7125651
8141307
4605907
4176249
9190033
5661593
5006403
6135269
7029709
4523091
2828917
199143597
6938921
3083129
1444081
7543767
57667
3045571
4220129
4441869
5004817
2511299
5168451
7556223
9176031
2268539
9733727
7323443
78232083
7417157
9188021
4299091
1231931
5825553
7987693
1792273
9078781
627797
369871
2121677
5290079
5756099
2829531
6381427
3027273
4165523
9375079
1331337
9036969
1378349
3457337
8711023
7542579
8496039
9964163
2847549
6300543
50471869
2838173
5802197
8443933
5011019
8675177
8814311
1365293
4691819
5164317
7202931
7861977
3220419
7059623
7384267
1660621
9308761
9162273
981281
9690771
3728961
1224839
4751701
660987
118406149
1281767
3248167
1590001
20096053
9042157
4784923
4214483
4839971
9651633
2811299
3167801
2139999
3752397
1166613
2672139
1049783
7206129
7037981
5461249
1564347
7279053
8296967
9192233
8970371
9833911
7084379
4265287
933767
7359911
3839849
3911867
6458467
8026313
4333163
814749
467373
268911
5198387
8393843
3677507
6487431
73528667
4786643
6404981
4446309
116641
3143353
1410217
5333303
4101299
7067669
4971287
8200937
2989841
2500159
4269307
2486461
3821103
8981353
9415289
9472303
1224067
8411273
2404091
3574049
4887011
