3525499
7710271
6467127
8033209
5160449
4398699
8756887
9240753
3704357
1470903
4678649
6890991
7035119
2787207
7797887
8700683
5721379
881791
2079581
3710389
9355461
1272507
6024579
189017
60255233
5954839
1333583
8255893
8784947
7718273
6788963
8330873
8294379
4306331
6729991
9569299
5709333
4301449
9717973
9378453
2043413
4257433
4078249
1895357
3334771
154357
4882637
6425259
2475479
5689657
2713229
1235207
8468671
4637239
9887309
7433619
8080021
452773
3096351
5797713
9643491
1264413
4572553
4512383
7010383
3347973
311061
1513531
141787031
8552379
7223133
8859027
1992329
9350923
5574619
2944767
172612803
5423401
4390657
85941
8770427
42047677
6576187
6657199
7922059
9107589
8027967
8753757
9678891
6293159
9975947
1892551
1284121
22282587
8923397
6915053
131066323
1469187
1208181
8550101
4393951
6083981
6070937
1166157
3773779
2846791
9155411
9896061
2202169
2500993
36629
5242977
8203523
4316633
745407
7633447
3381009
8871099
684271
6176031
4837
5173589
6768471
3018879
6704769
167198511
2832861
6046827
9971233
1531241
5338051
5200993
1928769
1477399
6475007
7429313
1266043
8945873
2519631
4711389
1439293
9503157
6033037
22749
6897451
3761023
8054587
273287
1384163
2578417
3078151
9149851
7684381
1080707
1799453
7147429
3206979
773921
6886027
7943187
7911301
2625219
8676829
4873051
8818583
3781477
995303
4097119
569459
7581661
5499671
4173053
1709147
4880627
6330387
5091733
2939713
6372763
1067593
4763351
7414779
3340269
5865101
4446059
1134301
157881
95446401
2615887
2835893
70849569
7856729
9675853
9422741
1504299
7255269
4207077
6958239
143663821
4686479
403613
6380981
3818251
5916519
6155859
3739583
6881737
2540157
4531027
1250697
8257599
6800703
698091
4162389
2748533
7017341
1512897
76100919
2956547
3371553
5487069
8944191
4456191
8523451
5944929
8058119
1172399
2381989
1816191
2847903
6741639
5375019
9198953
3471659
8144229
3290361
3313067
2953497
1845699
7385337
9053591
1257363
4693079
3359387
1966357
2442593
275753
7423369
4958943
982041
6719511
113949
5050157
1244569
4080751
8476367
5800333
3084543
3657423
6977981
8075281
2570207
6751557
8579639
6574311
96868911
1530959
3846163
7794397
6602977
61231683
7492289
1671419
1007087
771671
4720107
4943347
1376059
6314033
7474823
4834449
6496781
4106043
8655811
6079469
5565229
6335017
1156383
8875453
954151
192971913
3554289
399687
7139649
2831809
1593093
2777571
6565467
971299
6109399
3236327
6628931
1727713
1482127
6682931
1570333
3341931
3683217
5885457
4782319
4983167
2994951
6301163
8454213
1775371
2868871
5395633
1426421
7629211
5632069
6869417
1195611
550543
3920393
2582699
738213
6718437
2269893
1384389
7473243
9724601
8431503
5637767
9425719
67723747
8213291
6252917
7254779
6350469
9017259
7500699
1165921
2308511
3049379
1034363
6840373
282003
8394591
4926671
9951649
18002041
2740079
96790901
2692997
4698223
600729
9090327
1051631
4293823
8657801
8919723
6100403
7802311
6780499
2786389
4200903
1034947
4067671
5481421
1646173
3279391
62960799
7083393
4521359
9946591
141153
6516839
715269
6933147
2454893
4028069
6211867
3432793
3512739
6894981
2134249
9430203
535717
37883
508481
9663531
9731561
4265601
7098729
2161399
5567393
46994107
3810841
1915229
2009549
7040667
3248491
7545353
1075673
3899623
6287181
2279127
2333713
983727
5459693
6057417
6283957
85444447
188071609
9426101
9205667
6506587
5573861
2639639
450089
9560067
5714179
4784081
3002971
885951
8264409
5146813
4312797
4741263
35835657
2516997
6234223
4178239
752663
9403151
9776613
4744217
1093247
4879461
7908587
3830859
4029243
6995007
2344641
7676611
9199871
6495487
9005351
2960387
5446593
9760251
811853
2803553
9188221
2411529
6229879
7581933
9817197
6276591
8250153
829019
6581661
7948423
3214029
2329957
2942783
1343801
4851959
6937313
1701721
1992163
8770351
4166467
3354549
171761881
8231631
5231293
8725141
986469
1067051
83853817
6913723
6539277
42025369
9530319
6980423
9710427
9870251
3780943
940979
4871743
3992311
104053079
3094037
3207689
7058529
8479769
2297261
4485297
5487769
9914017
8526833
6743541
8642939
8257589
8607113
1846183
841903
634571
953117
3949641
8960623
3428767
4062153
8753629
3905403
7143209
3943557
9841697
1869971
4670517
2848407
8711541
8326969
4365719
2999413
9580111
1286927
39690287
1627553
103342821
1770683
3267603
6449179
9993513
715433
6834009
4013017
153400901
2898449
739387
4655671
1707329
5774267
6881399
3733987
8649439
2393387
6131889
4678341
4004929
6045491
8261121
4366001
7438643
6954897
4353707
5742221
7160081
6845313
8360041
9025743
7977611
6010139
4215429
4234957
114109
6301731
4959771
21241
8154343
8609599
8983543
6677147
2849319
2335137
8825497
5590051
3206319
106336351
2904089
4422673
2948521
1626843
7353753
4041917
6767821
4739847
967669
2828673
8988391
8963539
1348009
199527
8762527
8880083
8479413
3522517
6479223
3645059
2830429
176988721
2691619
9245103
8956587
365313
8172363
2668171
9000167
1080337
8071909
9402143
7210133
9931457
3780111
5726523
2592723
2668597
6136497
6005029
2480687
9038447
5147053
3871571
9466753
9089171
2207677
9455759
5177799
7143017
4435513
4114371
23479079
651793
1473889
3956837
171777
2120481
1946511
54913841
6197047
5064741
9949973
1231363
5995659
9212443
700549
878087
4573249
3576879
240679
9607271
4318141
6616141
2945739
9750311
8998077
5237321
2668109
6670729
988437
8261021
1933957
2644043
6661167
292767
26129
1953047
2197559
5249583
45721529
7495233
2612703
88714293
2342849
3925271
8541721
9183479
6449011
885007
1474287
5765199
7701357
7534109
6610087
4710963
298311
3485893
3617013
9861133
7364277
9992617
2620087
2257801
4360601
9707643
95584163
2395467
5571869
9056203
5263599
1595807
5563781
7758973
9460533
2874617
5137163
6706793
8769801
2565311
1255531
117329
1374769
3114257
2118389
9716657
2463209
7247027
3967823
805531
5252717
5675787
1821971
4713087
6704969
7476377
4043227
1457663
1803753
7805917
5128349
7299887
7756261
4776529
5099849
366899
9627891
9010239
406097
6930257
2839639
9820637
5336473
9647887
4825391
2660647
781143
3023991
2443647
6028523
9894859
6610899
6256157
6057643
8222343
7632807
2093647
7523257
7056419
6038831
777051
91751
6655099
2354123
4678357
119508289
608031
2409221
646719
818009
631967
7354617
1400337
5149249
9376249
2524027
101373589
7181153
4183969
4962477
2910623
4439573
19713
6163557
8306109
721711
7084739
7387297
6965023
8361147
8370007
4010929
4030027
9436351
5986893
5788063
