8597229
7096477
9620637
8578929
937243
8009339
6673869
9226523
1430811
4702837
9310003
4197469
6924073
765727
5460311
9428543
1952233
4482323
5575299
9691793
1320207
2640743
5575927
881719
6126393
8572613
4536369
374441
8905299
2186143
9542979
5009691
5756947
3200513
190093029
1075147
9132799
5420313
9546623
3771379
185176181
4131803
5811383
7340569
400641
1177257
1260021
8808583
3721671
3856487
6109909
3803933
9263469
6735203
865581
6331093
4486603
8552611
2436937
6595629
4322849
9188057
745077
7710243
6856343
1974443
4233413
3607099
3051123
6102099
5187961
5000473
834163
8015807
6770753
5818397
4753747
274491
8001913
6614569
7269791
7679733
4139767
3955323
7379733
5629441
9290891
531169
4508863
1962273
2356177
1388457
8572313
7809801
8089373
3022893
2101257
7997689
1228039
65602863
6055251
8285737
4924423
2386041
8422893
1741487
3270467
51614997
1572089
3924711
9622031
811013
7237901
2039783
3097897
9983979
1092951
6606013
8694417
5068147
2665487
5420079
6441533
9758707
2811851
1304561
9884357
4204569
3076019
8444603
7714227
6126709
7353391
3054651
3328199
2155173
7184077
9888179
6126153
2762329
9587199
6937651
4309879
156752087
3218151
4587067
5533743
66475229
4917499
2763827
4213521
1879287
3350569
9055699
1998587
6474383
7585769
1618473
6739597
3899399
2012789
5340379
2484133
3614571
6958081
6262239
188709
514643
8943041
5903511
5918593
6602667
9333587
2475643
6284537
8760531
51337003
5622541
4467649
965909
6345067
2058147
9872147
1264539
4219621
3802747
3816779
969613
4669361
9581437
8557609
4666929
815023
7404941
4730271
2253501
8215013
559033
4741893
5484393
8380561
2320107
5454353
6715163
418943
3589389
8759007
4513839
7015557
6366049
2586971
9983131
9180313
9022843
8740219
3677523
1367691
4855977
9683409
7038181
1643343
6895257
7078439
6867489
35598017
2187091
3035123
4987413
5701407
9015251
1860193
9143139
7242313
3157809
185317553
3433037
3682793
6216257
9393279
5751221
1910259
2192867
2862659
194043
1806659
9608739
3048091
4656291
4988129
6711851
2129329
5135059
7610611
1408223
9214741
9123903
1334553
4539353
6352007
8923709
858897
7989221
1893689
9600919
158095647
2613417
8116707
2965909
6406577
4326387
5162927
1435481
5938053
926617
1619949
7515727
5776327
7883247
9386041
5964441
1773291
9539241
191261967
5725279
9013013
6156179
1539907
7804051
187789511
5328633
9434567
7098107
5531711
1835211
7166301
9148411
9993389
5099131
4660727
2333961
997331
1863857
7832983
9579847
4506811
7363573
849989
5984633
5610297
6060161
2097993
8063489
1258329
107896571
172483
9438243
5070063
4110759
9215221
5178917
4956737
488883
5680593
3187623
906047
29380967
4867981
3135033
6407597
140801843
2262081
40290407
5155541
7851963
5450093
95680111
3446707
9336517
4667761
8774067
8095549
7375011
7663631
8044443
763717
7041991
7214899
8776149
6811453
868681
7020273
280497
2692829
4855173
4992573
8194203
9861993
8578527
4684651
893099
524559
7841037
5394137
5709511
62898167
9608983
3599243
9170337
4532241
43920923
8915061
2588231
905717
6511411
9461661
7758337
7411643
5690751
6905921
8095751
7532399
2570001
6772939
1798733
5316359
72929717
6573003
9523991
7593731
3883777
3922587
903133
9278889
9977987
5137483
3140113
1322111
6631353
2353383
9915423
8912209
5964691
4237733
2723873
7502241
804337
3343421
3254457
8451509
5956269
6793101
6394429
4503851
1795787
7517637
5044669
2160007
2944023
137478627
5713223
9732093
5710369
151764599
1602919
2523289
6645911
1275763
825447
6807247
502771
1178521
7629637
2328621
6468203
7461059
59606889
9456021
2148237
9493317
8025081
7743949
6142599
8147257
7168783
3648557
8912119
5360761
968841
2910553
218967
6449401
3430039
6312061
4442331
7949031
2948109
1244129
7319013
7426327
3487953
4533959
825779
110617991
9774433
2903961
2749153
9081653
9243279
1584657
7855647
4510261
2634677
5395249
5237973
169168143
5278063
3218593
1032211
4543799
8721113
6574823
7261759
3528059
4640809
9080129
9410279
5929513
3669161
2435161
3420711
2441689
5283109
137387441
1777251
2598591
3024199
3855227
8866453
643089
8199789
1027449
1998247
165260963
7297483
4788597
530483
6656153
9306753
1324829
4489767
2515191
3064721
9028553
8347349
8251527
5693649
2765297
4682237
5892599
3301357
5770567
9287059
5434509
5014489
1902257
5370649
7228919
1327103
6700639
1115203
3916921
8354287
8034519
941509
4598259
1645049
822833
4080301
9963447
5749413
3819423
1465583
1432499
3635709
5094477
5339301
1517813
9717307
4330199
9445091
9241577
9694713
2746333
4312579
5682867
2952503
7747829
603113
534273
683251
7348171
5360277
3521743
7575879
806967
8317759
202083
5894093
3216347
3204399
2259121
1402169
35585317
1884499
7077459
6824973
6198011
66509319
3217551
5249053
6017273
7951741
7869561
6143191
2115397
9200383
2057753
7949797
168933339
4418189
5832277
120857
5635899
6119187
4883703
4791817
3207603
3223949
7965039
1664509
4710897
346543
5309183
6589817
1032767
3671211
7780307
8059981
34572219
5360427
9512291
8382111
6410213
8697307
6235019
5735351
8986743
6071083
9381179
6666551
3539277
6684249
8783103
5845253
3389851
6163661
3725023
8536719
6581629
1294769
9376863
6445833
745497
5775917
1039173
2707537
823297
6624363
168491729
8381253
106447
7755353
5912981
4534473
4809547
5202567
6154833
6844837
3211153
9448997
3660523
8990293
221787
7252989
5127589
7365983
50328447
7932603
9005001
9095299
2259671
1807529
6374767
9871009
9173821
291259
338253
9653397
3506983
2691443
1756237
2840521
4802371
1684269
1119413
8440353
6797177
1950317
9548531
6431537
8142723
9823519
1036317
6735953
5110927
6062141
5458277
4066013
5074987
8992019
4868877
86567783
3186711
1591771
4988991
171647307
5661573
2057309
100160231
4870389
4740493
1710313
7896811
6819263
4194109
8111131
6913811
4417327
9526127
6176891
3460513
6738761
4343441
4273949
8293043
4701063
179503
7903039
5764169
3229977
6556137
136421363
2754357
7550659
295333
3559323
3018789
7300493
7332393
1686121
5875151
9400777
7410899
5005007
7113929
5753753
2018831
8262149
1280459
4454091
8706773
9490927
3773283
3068193
9963149
8424417
728807
7324183
188362493
3407267
8786327
3485397
5631897
922177
2951073
9495647
4808071
111208339
7176231
3893029
4965251
1283611
5542817
1405227
3751583
8780873
6768827
4761061
3479687
87873
3062933
8065679
3967069
8277911
6378309
