5566623
8463309
2669291
9734203
6914363
3918861
6543697
8112917
4978061
7828157
8028801
2094393
6255281
9659707
7323781
6879553
74413
1729543
4875209
4826363
59233
7720129
9868557
39400167
6545883
3629067
3574771
10090643
7091291
1266763
1492213
8183813
8834291
637419
6000509
3655567
1262371
8256583
6997823
5736313
9328653
1813199
8151639
185869293
1299291
4848561
7889441
8412287
983211
8771
3380747
6469741
7366037
2716009
9716829
4800507
751581
9021077
151675813
4627977
9329521
9053391
6739759
5170227
6030583
2998007
2904479
4828509
4311241
7910043
8461121
11915219
7421023
4184037
2885073
9939107
3934481
4483149
681777
9552757
2781769
6023563
5326151
4696569
5102897
3807021
5749523
7143117
706453
4873651
7741529
4045017
671149
7142341
5013099
8799681
4947777
8198931
6830749
7002131
3129301
8585739
8973439
6482623
8886557
117617
7269647
7889041
4638947
688711
2422471
76265399
6811701
401963
4844023
1750649
4649663
35132621
3796507
6952407
9522199
839149
680243
31068389
4238921
1498753
16347513
3669947
703039
8479299
2873047
9134369
40499311
7209859
6118203
8302433
75603013
2843133
4044511
456033
4942461
5861771
1545107
1291959
2149357
3990601
1760689
4538621
484867
4358459
6673271
7315989
1804723
1256513
7955519
5209373
8561357
8297793
6373369
5930361
3187471
5800497
9806023
1033371
6712039
656641
9893321
3517009
2492707
1012823
2310081
2026713
5159917
8815221
80483217
2454491
3500799
7354263
8440043
4015993
5029241
5821273
6358987
316917
6824741
5951799
5627789
2312929
5516181
6185749
7719963
2584149
8794919
7477363
5909679
9586649
5583143
8837241
4517289
4343973
5935169
6236569
3564413
5512881
1054983
7430989
936783
7548083
8209787
975367
7421421
196715521
9672493
6586057
2362323
4652429
1107607
7447853
3577129
7451773
9329679
2867389
9596141
1229009
6785869
1078149
5667373
3801229
2815081
4687641
7907681
8564281
6433401
6815983
6703301
3026053
225489
2983229
7448577
2689713
5325159
7016437
4950831
9747323
8377619
3338753
3657851
946853
7112669
9784467
6124117
7333181
7394757
5176651
285513
9823803
9850611
5628189
150011
2627169
8315957
3716149
2843079
1922909
537529
9878729
5147129
3039843
2912673
2738077
7232523
9125999
7801209
4782911
9392321
4844177
8733859
7018577
4850331
7269697
383643
1663283
2318273
9563839
8863803
9041179
9535747
328737
7116031
5555883
6396537
354883
1660743
3986253
6550579
5828239
2016831
675443
4502067
8662607
9632959
4123963
1964167
4813319
3107867
5449391
3693369
9289669
2976503
6977029
2368571
2354023
8413491
7229677
9942869
6316249
7181071
9316037
4065091
7915671
9629027
7442629
1188097
5595757
7799547
7031013
6735673
3950961
5595323
8392011
1799479
1946427
8922861
5430851
8749429
5361773
2137231
3938503
8503757
727443
4000867
225687
674259
2725983
3748569
1881417
1981469
1127257
9276623
6636497
6358559
6562011
2207347
9503043
4013001
9943993
4264607
8700709
5746273
8918661
1756739
1056299
8345753
2800739
7469027
8027327
5392351
13739
1980823
12532941
8990201
7663459
4545707
4650529
4407283
1221503
9410679
2895323
6180991
7739343
621641
128619
4461983
7049323
3006203
2127341
4568731
7989703
5524907
7744011
2872349
9331783
1414871
3205657
7307489
537677
9787707
5154219
1059101
7971949
6532603
3513839
9866123
97882177
101861
35651
8368249
7446831
3524423
658801
340787
112641
399969
3399429
7174461
6901807
1233593
8236989
8516157
8621537
1680869
5749963
8449779
152592839
8012649
4708757
1121773
2764699
5708329
2846861
9298609
3217967
416571
148588579
39701297
4589643
9549563
1956787
371197
5978011
8026009
9430991
3494321
3104171
7715501
960063
8098957
6159819
6670661
2783733
9430597
6189363
1942193
7201881
4744541
4102003
3913021
6111473
4369877
6358953
8039099
1605977
10009261
5023541
4501629
7297847
192896031
6759583
2331573
2333911
729501
5703441
65283
1574583
5527969
5497397
12871203
170880313
6749597
6669947
9507511
7475819
7641481
1519679
842061
793581
2459801
9943413
2103851
9185379
8108731
853377
7654619
8250613
9127249
6588909
6439807
4070767
1608787
9111933
8939989
4781507
96143271
7489793
186751629
2395859
1647249
6802569
8615819
5766641
3200557
3033629
1134419
1039029
8016283
3708679
4163413
4683659
8201189
7294523
347491
181133341
5394683
4823663
6973471
87605407
1229443
8415049
85667377
7906277
5036379
3306359
2708597
1926493
654283
714227
1859647
1759639
1890779
9013191
3108023
7894851
4028677
7039227
1929511
9853777
8541483
8733013
3072731
7760823
634039
7831251
8309581
9888937
9231133
287593
117949
5441863
1018079
7150867
5718229
3795847
4813521
9228853
4638971
9265033
7871349
9063051
6647667
1225379
6805793
7919471
5122567
9174379
1122139
9551531
3067327
3788313
9523229
9054293
5897239
9131527
605777
72762999
2374699
2534009
6148301
1823219
387841
6663853
2215281
1949751
5335427
7156171
7948437
5954983
7394617
1038987
7645229
6788587
7460189
247259
7294989
5510419
9120071
2311339
9279917
6942257
3535589
413613
175861447
9136873
7846429
6022977
4493181
7035849
46745659
9944241
1224509
1754803
1579421
5851429
5267641
9607257
7418127
1983427
4249933
1429499
383171
62645889
3768389
3539123
7645391
70358821
227363
1015447
195323
6834111
2360453
3004473
98960481
5450519
5917543
930781
1156473
8525907
561549
7817501
8120963
511549
7897611
3303309
7096631
2818689
5803999
6315777
8229043
4850429
5733001
3564143
7799211
82907003
4434667
982991
2093341
3281591
15893023
394561
1384107
5820489
1440461
6341641
6106211
2155221
8225907
3850031
9247311
2676387
7333499
7870083
161677427
2061437
7904407
8244663
5273489
9250979
3525771
1560689
61842343
33343
7712813
142399
8452497
9197993
151449
400539
5251249
6680483
5464781
7465029
7701537
2172743
3791167
8417497
3113079
4305703
2758383
7765201
8962807
1945051
460859
4727137
153784967
5868397
7360503
102904367
7030819
1836253
1880943
5348857
7761093
80981
477563
6880009
6786047
3417983
4221799
6026159
5295473
4708953
8478889
3509003
3265573
8169333
1303357
1336827
4841079
2879849
6966837
4290059
6412421
4718967
4735273
5320229
2882559
5394857
3122641
8856411
9885231
3644817
1391289
6806313
8062661
279841
6482669
5816993
7435947
5395451
6437569
9352821
2728879
9940031
6225713
1030841
6349441
34895487
7763887
866727
3158449
3399667
4327409
1202073
9899363
8595483
6609093
5011989
5766087
747833
7444237
8314817
8806617
5720409
4054871
2277639
4990507
6682347
2271811
2881269
9501621
6212027
1711079
3922147
1184821
5500659
6130787
9626433
5664153
9326081
9471657
9010329
3798691
2123887
9792617
6080627
6515871
2440963
8989709
444371
3681863
2638623
