3839191
8321051
9588097
140610857
3918973
6553599
4866163
4617207
2082839
9448867
3415953
806291
1250251
5644291
9280369
9930879
6763657
2537097
8345717
2416667
4665743
2060023
2216077
6302317
8854663
1970539
6793901
8189081
4612917
8392019
1876583
8595723
5781443
8384921
3301299
2912579
1811977
6785309
4150849
4917103
6996659
315401
2367953
8109659
1094493
4291527
4981339
4770121
3370603
7598837
3168403
8555689
4147549
2049301
4628409
2756707
7749289
6981587
7319659
9012079
4330831
9814029
8032473
817097
5559389
6539029
5488579
1676559
5394387
5750457
5442167
1592321
1645213
2955407
516821
1562161
6284343
7632671
8856253
5861481
3869311
1610493
5890433
3760691
8484283
1652857
9097427
8686649
2086299
9099977
10036319
43159
4426717
8462409
2200713
7966893
561201
391459
185102887
4777741
3510823
8166901
1737037
82789
3225069
1751931
6206481
812089
9807971
5164703
4271783
6003801
12856129
2788291
9149393
8736503
6516051
357061
6018409
694779
7444991
667901
3670923
5566639
4373877
1178343
9312771
6865103
16623
7336849
2185257
1621151
1463553
5878697
3694141
439877
8572823
3768833
8801783
7192671
4888267
9151367
5482151
3441109
3551841
5501153
3003341
9421747
5917233
2828537
5608183
3398279
9403041
7537573
2943941
5084607
3636319
2698371
2568947
7787581
9981187
7286453
7849111
7262219
2486701
3872887
1676083
6556179
2316099
2844367
7145569
2137199
7073939
39838227
7297131
6904207
462133
9104471
300469
2446889
2834527
9041397
2575571
3102963
5004349
6765731
7395013
5320479
2939129
193433
9280823
5178499
8868911
8798987
120725791
2507683
6288461
3822073
7257539
532879
2255219
8399003
5534223
316527
3142807
1057687
9168483
2519037
7726661
3939931
8846719
261823
8929611
334437
2980557
3611769
1504647
3389883
657377
2766731
4943387
1045829
3669667
8453361
1839093
2488549
8195703
7210707
7169511
3539587
973603
3701549
1982081
109504431
6129729
8940667
5317113
6753039
5016377
283997
5960013
5784423
3090153
2761527
7966399
3117623
156177
8742297
6120367
4558543
9267111
849359
1018237
1525973
1050047
4616781
98393421
91887423
2504401
8736959
7270899
6089331
7859139
9363687
722701
5491149
8120941
8443949
8007221
1167743
6157867
4078079
6158399
2002741
3939499
564207
9149987
1083487
2145399
8885123
3056783
7795541
6878023
9970953
9362007
7939783
3545783
2121727
8472653
139759593
8506367
73937
95796829
1649309
9681101
1252233
7165839
4762619
9194223
2869989
749811
3700907
677711
1721137
6999731
7981249
276117
2887923
3927379
6396581
9923967
100039901
432551
124291959
4438633
3442791
3265629
1100287
9790001
9346127
4030009
8871269
3308251
286461
8875591
3247817
5134343
5689673
9621491
7087441
537117
5560779
7369473
5547787
1820227
3367991
123840173
485399
3406019
172673
3868057
1696927
1216967
504569
1450493
7834869
270757
1587699
5466521
22267457
1576709
4454947
4055593
4597599
6212697
3188699
126811003
5567523
190309393
8101533
7029719
4593553
5179751
5078031
2813101
993377
7109993
9040413
2459707
7259907
3601129
2841727
6525647
4981569
5976457
3322557
450149
111190611
2176423
2888217
7651569
8748033
6483843
6287983
5531047
3164401
6170351
5924807
3507411
8965419
2651647
2581069
179965061
6405443
9736929
1234611
8922079
6880429
3680291
891323
386311
7785663
7711827
5564161
2929817
9863059
3311577
5251339
9284651
7469967
9084063
7604939
1299789
8766261
2448193
2482939
1750727
7083681
6000967
1683009
70154983
6295403
3216739
4117361
1892463
3336237
5889091
5687481
853087
5913411
1168659
2804683
6981053
9059273
7087699
1339091
1363089
9579923
4666623
1514683
3017887
7367539
3617789
7701697
3811497
7749209
3997877
3438181
6430463
3049101
4749193
9723299
9412623
4509337
2536541
3478513
2624527
5104199
6456383
7756239
9913637
1971839
2467959
8409421
9238447
5654511
3384421
7703269
2401317
6613907
7422247
9147497
4024603
118802419
4380531
682097
1894177
6455157
5855271
8669763
8481693
65604731
3633947
3093829
117568909
2507149
7733351
9981297
6584759
4086423
3559963
8814387
6378649
4656133
2998079
9475779
9145219
7363389
1134583
5263693
9472891
777613
4499931
2226411
6157433
5463569
8201023
13463
4237079
4843867
7869373
4991223
8155217
6453437
2691201
6129837
7830287
4993653
90072809
4383649
7564797
4633937
3163071
6475449
21569
5324153
1149311
153
1761341
4557673
7085761
6366273
3658339
192653631
128220103
3852123
1468013
4139379
6717431
160291
3679911
1878551
6641109
5937501
2485257
3267619
3950063
2927891
6288363
247797
2138207
86514311
4108653
580097
4438953
2242543
8808127
3604661
237947
3279067
3238183
3734207
6848433
8829223
9994839
1458597
2559397
49431
9870511
7666281
6467451
6354383
9005371
6106491
2160097
2805421
897843
7578251
107192301
8044477
6161257
2324429
1976927
3160301
1268241
163150837
45831817
6810997
9953013
7988267
4204837
4940121
2961239
7173961
9964607
5194959
3548753
49780631
6728787
4188667
645399
8957459
3953323
5368679
2887011
8599707
191209
5758079
9286689
4540943
9636137
210849
6893619
28163
4313181
954037
141976017
4997557
8302141
1759727
5864157
1382929
1323659
4770051
7013121
151252819
9257923
4172751
4313263
8590901
1289947
4920191
7636267
8665947
7644617
8622671
3610787
9867161
1987469
9418499
3467271
9052069
4999103
6214231
7724467
141451
5457579
8007163
9378957
9879413
7993617
7425129
6805539
7731313
8712243
4573373
8853491
8025917
1863691
70777751
4110727
1996943
4435187
28559
6585937
1071187
36339
2362869
1730903
7467353
2702951
8832619
8614371
2396571
4538189
3855451
3556011
3985051
8572139
1509337
3324151
7911019
5799161
718933
7852449
1964297
149849599
298809
111602801
5778059
1902483
4806871
6372009
6228223
2051261
600827
2041981
169481489
379709
8778523
4218837
1057331
7622291
2380351
6798863
5117991
404427
8967333
5902657
9358541
87215023
2506461
152793817
8956067
4611829
5284837
8690479
2195237
4289913
9448831
8961269
4111867
511081
5927711
7091603
5638193
380593
1441201
8273479
3375299
9288509
3124809
6088143
6624651
9433107
8924793
6690477
8849881
5337621
1045353
6223981
8927619
9814523
4338221
3203909
7237443
8626887
365151
4800097
7524801
8937859
5840121
9576657
6390563
4614621
2565137
7564739
169
5220461
6546579
3869601
9776207
1097403
606571
1373807
3603449
3683823
7212887
486817
3427821
423323
4116949
6861903
8201033
5115751
4837607
6006057
6601247
5610491
6443313
8998277
478601
9442783
7130739
5932013
2947783
9200393
8103803
2375311
9709119
7300509
9841483
2805301
9204299
8681973
2000949
9041143
4871541
9463559
2628719
4547597
5509933
3104611
9759611
5623007
60932019
8370583
541939
1728133
7602251
2565479
7856261
9069771
9549581
7500527
7091141
2425001
