4459843
4530051
5836541
571841
3042961
4714897
2912003
9515481
9497817
4372603
8509673
7859113
7712613
469229
8313973
9035729
9995473
6936179
3138643
3993529
4489971
6585201
8536289
4085881
9335527
9816819
3752579
2324901
5533571
4509627
8247133
3810341
3677229
3045443
150521697
4896371
4990797
5668029
8972133
6489373
6843393
9191221
4391319
7224521
7364083
9763933
5802241
1865421
9500609
504583
5219501
6068957
5586197
5992541
3707101
4930743
3433047
4278179
269253
4229199
2519131
4211689
377577
3867979
52373773
4898407
4765481
6594031
2376901
7760081
16537627
8925259
2248283
1617179
2748199
4833799
8910763
7523947
247113
197980247
8684667
29469477
4217627
9036103
9264873
3992123
1301771
4682547
4514813
5603907
7861803
662697
5364667
8296273
9726593
9913113
4828513
2198293
850387
3380143
9687899
4524329
413773
9699431
9366007
7060611
1398037
2836383
3399617
3774063
5915801
9200611
4870863
1453187
5809339
307831
3098373
8566621
6616983
7729019
7781933
5451191
9956731
1143921
3975073
194773
1032119
4620877
9814699
2305449
9177381
3637503
5551859
2450603
7635259
6355251
1998479
3901211
8481001
8298439
3733367
5143001
2068559
2135761
3134619
583483
8333331
67403543
105783223
1425891
6208757
1840459
3730797
7774199
8140887
9591089
6729087
3354789
5403871
4334419
9436077
3517337
3378293
9947873
3581783
1892171
7430163
26811
7404989
284333
2343907
8058061
69845111
4827709
4648961
1093929
5584421
3141227
2117499
799899
7898187
7098843
1483559
8990041
9275647
5421929
1626071
3776459
3668731
6429443
4832771
104832219
7439547
4003867
6983573
7898429
184983073
8916933
9091193
6832637
8292053
2131023
3616497
9886237
9478149
2847039
9527413
5652621
3745813
3801503
7233113
5330459
5062011
9209907
7740039
884639
7864159
4255907
813271
4011181
2609131
1249011
731211
4952711
444713
2904181
2504877
6716271
8512351
4183299
6524337
6108777
7917579
6748773
6097823
8204169
6874763
6451047
641991
9454463
2700001
941497
5380303
3023971
5913159
1200869
2890689
9336819
105334573
7444989
687319
3150791
6080753
1899411
2817341
1007653
8212599
1365487
4370311
8749111
9471859
1781189
1294569
636821
8245619
6779559
3199669
740167
3337167
4943943
413829
3356351
7737581
6009269
7832313
3794471
4828639
2775907
4581117
1278439
1860093
2175617
2435501
1240457
3580499
7481979
2416587
7861529
7156959
2913587
4955581
5030083
9639369
4012397
5858307
9326057
321531
1982383
1504721
2304303
739603
5539699
353151
3794581
2836299
7234089
6295559
2704511
1006733
6065497
8617
9763009
2845681
2995989
7094267
2700279
8954803
4743579
4604611
17267
2042303
2554033
4649827
8655347
342467
1546231
9997477
6140107
1556349
9254437
8643093
4604179
5305523
3005613
68778121
8623409
9018801
7233917
8079499
5883013
3019303
7966727
7825987
8571817
6731017
3649117
643229
5591073
890013
9700937
4300311
58691
5617841
3492457
745439
5222079
656369
7495429
8810703
3703283
7958477
2855029
445023
9273561
9268693
580359
7952051
4259729
4908379
291839
6511547
6149113
8722651
4825351
1401439
2258489
418629
8143947
45611673
105839881
9619921
5449157
9330397
19141283
288183
2747309
6493299
859123
9741219
2222113
4702077
7107521
5168557
4402057
9345153
1824087
64113
1603103
5161947
6987419
7269937
9605839
3535763
4142029
735907
6569133
1643831
9923267
4639561
2535587
4722363
3934713
3673607
62416867
3439053
3363637
9740699
5007889
2420919
2749297
5029627
9802941
158343
5033873
8695591
9705209
7719673
1608219
6935621
1449339
3326579
9560777
4821741
4361471
1164943
3436271
6001059
9207551
5986373
8676287
4644197
2672283
3574767
193665691
8507469
444141
4375781
216803
3389529
2970319
8583331
6096291
5975907
7736737
8780913
4522407
285193
5053303
5995959
173750911
4618037
8379197
4353327
9732693
538041
1843393
7124099
9108401
3576517
2035403
415487
3956793
2030573
9210483
3189189
6808681
254049
7974093
2121557
76672741
8534183
154077107
8334677
137569877
12698001
8314737
4000471
3660367
1928359
5511689
5383643
4990357
1675699
9594547
894057
9758691
1105581
9057739
4932661
8809853
8522607
3914561
461807
6613353
762621
4766149
9099237
8124699
8206177
867949
827679
3335109
5448297
7439283
2705223
5242439
3719543
1280253
6773401
2896323
8828513
1722383
1291279
2384643
1999017
6519989
2469663
704007
1928571
2157761
4578963
8475433
478601
2103437
7039553
33375181
145609751
2222821
6887087
1160709
5397503
9848517
149071823
5894329
6916901
6260451
7820407
8345627
1803643
3394243
6850281
2210803
5729561
3094757
283131
3022727
1725963
6701803
3807943
633049
8362777
8578553
8121103
1074383
5649371
179554589
3727811
2161129
8062337
744343
7693371
5872947
6319049
3487207
2814849
1410399
4504983
861399
668363
7905959
7242531
3914243
1879349
996641
5427017
5271819
2616389
3177097
7165227
808371
2144459
3043299
8208843
9178867
4581663
5971421
6358947
1448643
5673239
3528067
9741319
2118379
6311841
5274619
7723941
6513049
5757653
2733113
5384223
7535901
6723259
9485811
4483721
5927711
6033663
650991
5194897
8279061
4702091
9920839
9111301
3272761
2184137
1937411
8673913
3551649
4402663
6651477
6861517
7400001
649191
7497263
5807473
392769
851697
253587
889619
5660371
2638819
2417919
2510661
8262709
122803
9089579
4425863
9290717
4974331
3220597
3958949
3477219
32071
7719793
9247609
1269613
6925883
128779
2235863
38421613
8952279
2067563
4442573
5238563
3396839
7326399
8536641
6002509
5190149
6983883
9579761
1893321
9251403
780001
7549173
1688003
9875791
2545667
8466677
3585073
5672041
4755343
2083593
2834279
2872361
94847
5033309
3234491
3939949
9151253
5352699
7692879
4523659
6307763
2561543
8968917
40066341
5530053
3145007
8040617
5682289
5609313
4660259
9871659
5725929
9834077
4453149
9596347
3539313
2843591
1345753
8475843
7771593
7884007
5485387
3614157
7048483
1142399
86847993
9689539
9358081
183717
9097831
4786737
4081299
6038941
8145987
8346631
8641797
8931689
191457
197603559
3811017
1895713
4534721
4149799
111147781
244101
5397353
6694327
1100141
3890649
5984137
219209
7335421
108033
2254289
1537319
5169219
5459523
315387
7690223
119153943
2159453
784687
67133
2471467
7441259
6544357
6417651
3607653
6417213
2980137
5356327
5898639
161399
9798883
3830457
157192999
9460917
888197
756777
1762517
1984477
7270717
4176737
7901793
6046121
7451517
1688569
55722953
3437677
1579067
2989797
6578537
4787317
6934319
6693639
3186359
8640013
1811911
5304727
563863
5754913
4007427
3853233
6293459
9436563
5719523
6185983
11880379
1939921
7018627
5452377
149833
8163369
8737613
8534557
7676239
5333227
4653947
8712569
1260951
4174771
5385633
2665651
5275897
4589587
2630799
5343139
4216781
1626027
9100537
152649407
6237199
4553219
9461887
8276577
453713
7944009
3294877
496653
9060409
7510439
1383087
9796143
4230919
