1594923
4375649
4290469
9974747
2444777
7037663
9713387
8149977
8162143
3927541
8429969
4932197
9274001
4386807
9813161
7298239
7742449
2741381
997977
3759633
3369559
443229
1133599
1988789
3031013
5955309
508551
5110657
1722967
3324067
8845123
2565161
3836469
7451891
2540069
7350309
2342097
2895451
7952173
3887733
8837967
5197677
299179
475211
3031627
6062903
7748271
9539121
5761677
734797
7264079
2057153
6952909
1115303
9313257
8771317
5559547
3149851
7695233
1705981
4592237
1360189
8228169
9516491
291643
7779621
9164249
6030733
1359543
6887847
8667059
8819491
3146761
2889897
2335303
6749021
3826557
3810107
50423
2054139
190489
426007
5795939
402423
9684317
599277
2620569
2857147
8318973
3508371
7232593
3021213
6225133
5505979
3542049
9327767
4040013
8055973
5690217
136906351
5149437
9758757
1251771
6778187
24207263
4909179
38497
6290873
2577397
482327
9104611
5543407
8615767
5765451
7785693
2937417
8834073
3610459
5687523
5900461
55643
9416671
9035847
559457
8044867
6512707
8933411
1430911
4597549
7874259
4869993
147003891
9559119
5968213
7915007
5554073
5699
1523933
3053949
6345489
563039
8549439
8246189
4081929
5313933
5973229
7976569
5894303
9651011
3738079
1683269
1682111
4484699
5572551
5219973
6832551
554113
7066803
5664473
5518547
5524077
2448197
4426209
8101453
955561
1553501
7960517
5029319
3707059
4190239
4341629
6031787
6810961
5713729
5397803
6032193
8030621
1596411
5511351
1165039
8340453
5229101
5673073
3032501
32729
3009507
7692477
2954401
2447553
8446649
5622419
1417077
2671963
6920003
1526581
8391787
9188553
5585943
5035739
5626379
6746511
6519711
3344859
7541653
3804723
175218877
3511969
1814791
2523617
9231729
4223157
4319309
7798659
3292083
3328119
7615871
9123571
8390919
8726339
2486849
2083117
6958279
2296029
3608871
584167
6799861
3775379
1528647
3470587
6447507
1215349
7794669
6790069
1195037
8064417
1910881
1303777
2748879
6045349
7161511
6444363
8806553
6916763
192564077
5300611
937849
5059929
6953753
2137807
9460563
134138137
834709
1507817
8374699
128687
7179981
503821
2699643
2168503
3539819
8213739
9350321
861011
7534693
181771
5816309
3715009
9594769
3150659
4077291
27633659
9473507
5556949
2533647
7357909
5701681
8227277
3567871
7428999
5240841
9149211
660071
8589187
5679761
7161857
9613277
8702029
3833949
2557149
1978691
3328239
2668601
8319933
9435707
6511307
97144631
9766777
8791877
5818821
172965799
3030083
5932713
7836963
5748673
8198789
6927429
3489539
190598809
4765001
1556381
3805211
661691
4814259
3010097
8848953
940879
9183821
5565841
7816697
7727627
5553089
1506743
7576603
2199471
3731029
902751
1224623
7895051
7397919
8628107
7190329
8717197
6669669
1115379
3640329
3998773
5721049
3844239
442809
9472101
6344509
5256231
2622371
2604413
95623419
2932613
4494397
1675293
1398201
5491877
5583669
4650123
5188061
383127
934769
9434409
1629823
2902349
7126261
9933323
3165649
9946621
644991
1011771
1475793
1929701
7166503
5409953
5978367
2444547
4940963
8505817
2220237
6574289
5634297
5371599
2700143
868929
3876349
4706717
32579389
8726697
2999261
8727753
8210287
2524743
2517277
4332337
6651609
66811681
334731
1831683
8344799
3752689
7819341
9317231
3011267
35292393
185403087
5625479
4835233
4841111
112215163
879977
1344337
6191841
6776253
6695313
9203763
1749571
2792297
6361293
1692769
7134197
4892849
682001
6722647
1913037
3535399
1761561
6625433
6314051
7335837
3865519
737917
1469323
771867
8766869
9611001
85592493
1201459
115973001
1041571
9385403
2718917
2191357
8205453
8296489
3972107
8042023
1847747
2511113
125390199
1529749
3554991
5252097
3351343
1414171
3365423
6896209
1284921
8703123
5757523
957557
4340337
51214131
2412563
6344829
9128489
4963101
5221587
5232817
8132041
6773603
8272587
1808481
538179
8027007
5979457
7604773
6364147
1186901
4635307
993103
7446987
4177071
124131
3898711
8330583
8999811
2174441
5835511
4842949
8222323
5372027
8500197
1576821
7217611
8823911
2095271
8179411
9742527
5695101
2828649
759323
8952271
1576567
2467647
3337759
5226353
8448567
31226083
4744169
934137
159666029
7596467
140871031
7178893
6289401
3880213
5551049
4691521
8357787
7102871
9582357
6716963
4961961
8322991
8522777
7370423
3014303
2576661
5055499
4526523
944179
6660581
7034941
3341187
3570781
5166537
726403
409331
4109969
414383
3438181
3624327
560559
3304967
8089017
6597411
8748173
7195109
5727101
9743799
4954889
855567
4121741
6479107
23013
7798471
372539
412031
3685587
9044609
3378621
77465667
344333
1802033
6154409
114970657
3272737
5719463
2471381
5921493
9607953
8483867
341359
5017703
3327633
3329589
2710231
1933407
4004947
8935251
8027501
8055651
1984227
8249729
3833007
843949
780651
6859129
5944221
114256439
1707873
8046891
9474223
5347737
4448103
9625767
101031623
7266641
87435831
2526731
1300609
5067543
4711221
4765909
35973
6493631
1609973
8133191
2783141
9426667
6008081
8109549
66891181
7402531
6597093
7849451
8543319
4094267
4658271
9170489
3132037
5445713
5322857
8951071
6306569
4349963
4318421
1238077
1274657
7203959
4101367
7465733
1091041
7084047
866059
7284293
3399117
9426673
7963969
7217923
4268161
9872913
4681493
1975109
4059739
245563
6717641
471859
3101979
4157109
1289171
9458917
5613741
2488549
6925669
5905361
292151
108502831
1970039
2069111
87767609
4878009
1834221
67398487
4563411
2235973
1826729
626001
27689731
1117681
8122669
6990257
3159983
4722393
9855797
4486647
107484949
7770119
1001431
1066629
8664831
320573
6741679
8491807
2735481
7625473
279131
1948543
4237019
3027129
6589193
5922417
4950109
161923023
4144793
6880707
4967943
2843999
155269603
9467913
2156031
711547
4991567
4159369
8958399
4787111
6911971
6003031
6832367
94507761
7036187
4389489
5529909
9219139
6170421
6386581
804899
3292999
2803387
4472611
7521841
2680453
9378229
1547387
17573751
6335719
6790173
4173349
5128491
5827521
8118803
8427177
8742997
9542923
6278519
6145163
3173701
9921457
3486929
7712179
6438053
5739311
2177891
4637109
6763827
8445049
7313701
3878487
9966043
817349
6662357
4324233
2385751
9625359
6162329
197214629
3953993
3160427
1117343
759281
5559233
9887817
3440971
3978507
9794959
8186333
4879363
5236083
156561
291341
878859
4392759
109694003
7578907
376127
13279379
9344969
7537927
3904877
2441211
763163
194645121
228489
5919869
2278759
2886447
79422579
2615551
5108601
8253321
5469999
