8043843
9380017
8582877
1886781
9702071
17867739
9974669
2807883
2843947
2720661
2793309
6993937
1120883
4411007
3695793
1258947
5833881
7315049
8116983
3067967
6088659
6806689
2296037
8870847
4959161
4528137
9927177
5041069
1151987
6233339
2029523
58857
3635369
7694419
8464057
7027673
4106373
4301153
4321543
9493109
1224031
1981027
6084847
9491149
1760827
3620351
8330759
780863
7187589
459913
3336329
101378019
4327199
4827589
8720301
2812389
3662479
4122443
4595881
8846069
7636931
4361459
8752893
7888287
3058403
152022223
666449
6994629
5688721
9137327
7916283
6791087
3503271
776447
601757
8293539
155430759
8375781
833311
4998017
8118219
6815147
1436413
7720747
471613
1574813
2805919
6091843
338959
4369191
18228733
7685603
5951289
1508329
5787941
4489369
7811923
1437389
5468187
1292161
5239937
7077073
47400777
194980757
7833791
5929861
9446557
3230769
9158637
9915303
5625497
8822607
1809521
1087971
1601861
2337489
61337
2263391
8080489
3596157
7829549
1001267
7477241
2638909
1626369
8888853
4766341
3789961
8071799
3213483
9175967
3128861
5701603
92138069
607593
5439717
2215227
7582173
1415141
4937557
6953891
7919943
4183753
9541969
5695587
9019327
74764259
2526281
4109619
3304649
9635211
3260929
4280629
1365683
4153497
9723167
8786031
4890973
8659471
3014981
4486813
110863013
6222459
8528409
8031547
8897929
6063553
6933047
5382179
1115069
3023799
4251573
7871543
6292109
9858887
6130341
5737569
9805307
433041
6080717
2615257
9154851
9955307
81861137
9555241
14663
940959
5435623
1341499
7440979
9934633
7844129
4242209
1572027
8333373
8236057
5909513
3993211
9527463
187534291
1193633
4876667
419739
4288849
147718263
9864977
881631
3439921
6439553
4602267
1173283
1827339
1171517
4936411
8703251
6661811
9415943
950753
502809
6215621
1891511
1365797
6215731
372907
8235233
8888437
7121053
8096153
601401
9993597
124869997
4263477
6290237
5838819
7853287
6202843
3839233
7210803
9853729
113566919
2539307
4237903
14679077
5555471
4542917
7732443
6143947
1820991
71519781
3985227
9746347
9822933
9024439
7838931
1116917
501207
8497319
2808421
6078677
159081
2614053
3716227
7782803
2542167
3427899
5620231
145292373
3036157
8225691
4777341
4440227
6194041
6730239
9991299
1500461
9087309
5385699
6167813
119655401
31483
4767399
515389
9339407
1691509
3291377
8970271
4939311
199354159
2863623
9125137
7727717
5639427
7295379
7248519
8291811
2048563
108731
5306001
4902313
2852239
9318591
7850271
5654003
5162927
2065067
6767599
905683
893179
8208997
181309
1473663
1917787
3781929
7813799
4680447
5577971
7470553
4752011
9685297
695373
5306753
1840233
4274853
7795063
5619237
5440123
7358513
122181
158494087
1729027
9075239
9003243
564081
3728849
5820453
6696797
5222219
5465279
9423297
1037199
8264049
7491719
8625977
1080461
9127667
4230067
44538967
7203579
6553679
5370013
9365569
6131849
4302681
1539431
7066051
4150767
5400503
2096013
4106969
6553269
5019009
6235737
2058973
2078273
4935849
2370041
2916487
778993
1225303
1698743
44043
4826721
9721551
3403609
1118893
9220853
2549501
9306601
2262701
6704569
1977637
8612233
8680749
1094969
662879
9259761
955517
6238817
1236147
8824229
2287677
8798327
4279933
584861
5529117
3596281
7221961
5324043
25183261
5885641
69479
7238837
6062807
6480873
2294011
3956493
8890869
6066171
5803231
2162829
583677
1618589
1259723
297087
6648391
2689621
6671779
1012659
4005687
3587553
9948593
8184867
8406517
9148253
9856783
6051817
2283141
353903
4505931
2984439
1192737
4947339
7847917
9748787
6891277
8791263
4142741
3642611
2371973
5722981
7515551
7653489
2799053
1399103
335353
950487
6817461
21051
7727243
7465301
2999673
5682579
4524629
1711779
2146761
9500361
8709351
6699313
6988979
7643291
412941
1199617
3044327
3956793
296007
6827037
549113
7829253
79950823
2311121
5429261
1778339
9207199
906767
156699723
1757421
5057729
5308577
5251153
1731253
3688439
4864561
2035509
9975491
7643301
6892199
1724319
708517
7289277
7662903
4461129
7420827
1456313
4072307
8270851
2745409
7098231
4211593
2404281
5240199
792017
8162317
1809333
137491093
3542383
4944633
2092869
7078843
353073
7566549
6095779
951637
9804563
9751919
6222091
5740163
3762649
1029929
735211
1689709
2018403
3516001
6578823
2921883
1799363
1353011
1507573
3893391
19256163
2234859
2534571
4466301
4776423
7603337
4445747
9678587
3666923
2326331
4493133
5630407
4458391
1178827
2043641
5068093
1105907
6033071
4790597
5234831
8204129
9240379
7166011
903511
3440121
8314511
7071261
8051283
9344411
6811081
7687167
7291653
7537319
6356341
833691
2262369
2237683
3276789
2635423
1473721
7486723
9626181
7838547
100961801
5263929
9230759
418109
1818581
6958723
8199437
8208383
1275787
8429487
1413957
5455391
2063449
504143
9348331
7947513
9197539
4879877
6508263
7909921
1783329
5778191
3730043
7867643
6935267
1024169
9302719
137074883
7465033
7434399
5059553
2708933
2531039
67747573
3001759
9613259
4687343
6686331
2018139
3409027
7039869
8580803
285987
6343523
3671759
1631977
9456487
4139121
6495907
1055521
5037527
2217393
2397813
7457321
807591
4375593
63687471
2477127
307393
5881319
5899349
7915397
9318583
3076011
4138719
2899341
7727409
7292853
7055511
2146733
8153833
7556639
3224167
1737859
7742873
1945783
908837
5065473
651849
4933961
820169
6729841
6374177
3787073
4198191
5594417
2397601
5024863
6058649
5944471
2379457
3675789
8236887
2843259
5257343
7571161
5779583
4098533
7818931
1095923
9308483
9427559
3135093
624101
5479089
8440869
1316129
2780243
9244143
7665289
3188703
6022777
1397879
3271661
1898491
7346173
9085209
1185651
2021539
3080661
7927333
5143457
9702563
4433429
7638871
2320927
2062027
5087529
5458799
198447
4992993
2278761
297571
7227431
6794801
7659067
9005507
6513241
5888221
8613699
9455983
4243027
4885301
4219153
3362983
7884227
7525891
13578623
6557537
9734269
3587641
9724279
102127253
4722087
7918783
614883
1698041
6124211
6401879
5074173
8402353
8720899
154931
717143
9347181
6228937
1391939
5586167
7434851
6305597
4987709
8084387
9667133
7374183
8530623
8528631
4156587
2522761
6659259
7250933
5064493
4822689
5213293
6854301
555439
1831711
6590511
1222721
4809487
3543981
1552491
8585601
314403
