8842807
9660483
3711571
9437239
1865069
201961
8233549
5989363
5159697
5874893
4244789
76948487
9064687
4418327
3937661
465629
2512303
9351361
641899
7277031
728601
7917839
5259639
7243007
7743927
6413893
1596927
4772687
4077607
4685737
6544827
907907
284637
221149
857703
4569241
8280893
8499283
4457249
6736849
5537589
3681197
1720643
9705729
3559409
6206679
4566783
9665569
2928397
6014987
120591
9851227
771391
188098009
6004783
529493
25301
7888763
4995587
1161127
7655359
7208873
6754939
5879259
2320037
9132037
8040779
230167
6208381
8800099
932501
918857
7977069
3498591
6768433
3892053
541963
2250319
2541429
9457359
2159881
1103769
7297243
6634433
6909897
7545563
5090347
1104421
9665099
6986847
3452017
1022823
7145831
9903859
4142743
2126529
8226769
7848791
4012551
3822317
7603107
8494373
3632011
760969
9272659
8306683
7027317
741803
9596211
1356769
2908933
4111491
1527727
3670491
47844893
2786363
6245509
7830949
2379871
2606681
445869
8951261
607001
1520571
1750051
9152181
8035523
9000577
2904259
4585509
7603413
5792247
4403
120541
165383
967149
6087841
4977329
4084653
2880143
8052637
5650987
287261
6061449
9598919
9158969
1292711
9049011
9055757
6795599
7666083
3881811
4307393
7512437
4108007
4216947
89187
4476399
7103001
3374649
7490799
3371699
102829021
8071387
285991
8667273
4344481
2170793
1148653
9640199
8014251
4790841
7841713
5542373
8365739
1288527
3458113
2861053
9135191
5061723
8227609
4796699
4478299
8685427
5607933
5557663
5929487
4667259
5123247
5578451
9279569
2480239
4206761
8970369
30755397
169763
4918109
5100551
1710147
5410137
7169417
9140379
4473731
9655941
4277757
78042757
4929437
7844117
1955777
5636081
8610327
2255679
979809
8655827
2181639
2298699
3828321
3263661
1833781
4548481
5624397
9770759
3049697
3527867
668663
4050427
7827019
4878837
5945151
7943281
5787661
5173869
6616571
5517859
98601479
5071513
178390967
1142279
7906539
2936957
3218289
8098391
7171873
3389687
9745343
2682303
8860599
9576479
9863679
4936921
5433983
7104191
7932571
5390891
7195371
4570997
2481553
7837597
1660471
9797467
2849369
6873889
7933727
7133137
6312669
5926789
9163261
9508331
8936633
3984753
6574139
189651
1247937
3821657
7932983
5773107
51501579
486099
26052021
2412189
3852079
4945853
3833791
8716457
2791509
7021701
168150359
71981
7827217
8440933
5616723
1713687
7361283
4144571
9242179
1396043
4973911
3961967
5921263
3389393
6665469
6610831
4963109
4838177
1868479
1433151
4419077
756979
4193041
100991
9457583
4443111
1764101
6360607
1374153
3243797
6840463
8451201
3026961
9006823
4134583
7985933
2333857
7001753
4840213
1009477
4938767
9449477
3276889
4451243
5947471
1994757
1132187
6665717
6184761
5951691
7521051
7432639
831
3049779
4004893
6170751
2248261
9793543
1066889
485737
8332663
8253421
2745263
1327157
644503
7967153
9296627
7197417
632299
1237651
8722443
7234159
8553999
8140763
2708033
2741783
7314699
4304753
1120713
7144641
1803863
5282987
6359457
30732167
1024039
152693121
3277137
1478919
4941123
4391299
5961991
1963029
5542187
9256359
1162797
7584319
3612083
9465479
7937141
9228199
9696413
9095091
7684461
4193743
1433273
2514639
1999949
6769031
3040853
1437221
2761563
7409199
7826677
6038371
4105709
4536509
5964893
3433127
9040001
8279127
3747111
1947413
3297279
7002963
1833333
2653073
4796623
9059937
8442469
6115559
2504053
7401753
7914911
704061
1032113
2968667
8626863
303047
5989147
337469
6740239
6397661
1904921
5131281
3204763
2262427
9546349
1804901
195677
4155469
2283893
93783
110823383
7052677
529767
6473211
5194609
1849371
5788101
9149867
1088699
9734787
402983
9177437
7841243
6975587
784279
3563429
3538169
4825707
1631357
4592799
1530009
400123
287333
999719
5263419
1939847
7328671
2055089
3997681
9472539
6702671
9311257
1575399
9436361
8517211
4621241
3889321
5111699
1079001
1596409
7269553
7827081
8216661
5088637
6839887
769079
9738843
1673099
7495153
65587
8522109
3610957
6324539
81727
8957563
8262507
9450859
1003327
7105641
1602073
4545433
164777479
2643919
7896847
9975143
7669471
1989537
196408091
5904731
2354179
7616099
8248801
8495141
6680557
9792211
2056637
4907577
8066671
2050229
3959853
6291381
6325043
1951643
9248809
8963139
1015943
533517
3115713
7669869
2305609
9587053
4443863
467193
6935407
7099153
8885591
1934171
8450981
1668607
9196557
6944059
530239
7390329
40849151
3300923
1372781
1883311
6297431
2410151
852051
8492903
7365067
133519359
144777759
7409289
7892559
5333491
7082853
7767541
686573
3852023
5569981
396311
2549311
5240171
3222003
83243729
1013771
7593127
1365543
69134173
370359
5224459
2507791
3732113
2590057
4597129
997473
2863899
9594103
3669337
8989789
6868973
4722351
9164637
6369733
3779347
57854079
3436831
891869
329861
3482137
18707
7850821
4615183
4290473
492389
8184823
4482513
4092909
1251469
2378063
3514301
805857
1180997
372989
5593949
8499861
3069907
5942751
6084851
3387219
9745369
9410137
8164173
9278663
4204271
2804239
5735281
5095443
2768479
693423
80683151
8320291
5488811
3735157
5824121
8426197
2637863
5304619
27287
2912187
4363971
9689341
7306249
8091679
784413
682511
5642399
3292043
3102359
4153541
14191287
8213721
2645639
8467109
2297483
9289329
8973119
188457179
9234883
5090257
8279769
2479853
4201873
1741019
6432931
3580721
328103
5933411
3935587
9119949
9188627
8114753
7788063
227373
78271
5389211
848219
224657
8308437
4594957
4146061
8478937
143719
4160031
4020839
2396693
2304133
6821311
7776469
6623007
9783739
8977877
6085513
70073553
4552853
4195033
3347373
8127937
9906411
7642101
1433559
1367249
1248133
26297
2435897
6666461
3994327
1384271
9479107
6484823
4348109
9994811
1217621
2773059
9197913
588217
9282799
8275773
9001021
3876509
4169323
8370577
2887687
3886463
4715217
5169051
2057879
4510643
1896431
1961533
5241109
7161073
7401801
1524581
8835577
8734479
2403971
8701003
6035223
8990949
7079033
9342351
7579453
8755891
3501637
5597573
1887721
58773
4390319
9889123
1938311
6738503
3336261
6614747
8567953
7891717
7461427
1344593
783271
9934471
3544267
6700659
4168047
3191659
4793439
5773099
6704159
142012471
191304511
8357969
1566613
4204727
7793503
8174549
7354347
292619
1237577
8584359
5952867
9770739
5986741
