8529069
8805889
2587257
9263537
8641323
2058049
2584493
3758923
6452351
9316321
7842923
6442613
958107
2726347
6669711
8510359
2397817
1704059
7488073
3953481
8392273
809879
1354059
6694881
86809
9086651
9210523
1945611
4927561
492487
2827793
5228133
2949539
6379659
99686511
6603303
9619787
1638467
433189
6813009
3156761
6214059
681307
3308193
270479
2022467
138154163
8783483
42552477
8851969
8806493
6097769
4551731
298373
2190903
9776539
1633777
7199627
9966469
1727501
4316853
1504081
6115747
141549097
9716329
2931023
3533257
3316113
6296039
3477251
1349143
7591627
5980783
4406749
1694273
1967111
6977103
9852433
3911809
5120069
8896373
9960797
4562231
3526469
9689387
8159791
4894347
7571067
5280993
3024799
3603033
3634037
7208133
1500753
7868141
3157891
4877887
6070079
7779287
2626477
3030399
8903793
2777781
5951539
6243617
4707323
9531883
3705799
597781
7344643
7806921
1511759
733927
2530757
7645767
913301
3925269
4786133
5674517
8772253
120218417
2547933
4961919
9606923
6198287
7664487
8873369
6511829
9189313
7340771
53044911
6063557
3187633
6808121
4206459
8000331
4843719
6174057
7791827
308173
3550783
5180881
1958589
7475239
9724883
9507123
5901343
2146807
4280471
9547457
833939
6511159
1929621
176653
2215011
6357403
7913909
4815061
7492007
5392883
5677389
3093691
4507699
7261249
1285487
5608201
4564097
1441821
9581161
4799891
5597033
8618551
4098387
6341269
7180979
8295987
5941627
4417597
1364253
8467487
9140989
2596003
3110401
9307621
7861181
7237991
3797049
9059043
8313943
113464117
2489601
3063971
8405287
8024429
5858609
9774501
22297509
971303
1013653
2465693
6377133
8281401
5316489
684893
9056191
6506467
3273243
3869721
3511987
2716877
5633693
9968089
8368853
57858327
3528393
5305713
6386471
8886063
336699
2686433
469017
3357663
8814497
896747
7278353
8656349
6962527
648311
7819907
71049237
8506339
6404041
8891177
1416231
242287
1295991
1559703
1957719
6173831
2728111
2966207
194590083
9564441
3743759
7816287
4990019
8509517
9295817
4124807
2182751
1864301
3758209
56577237
8073959
5813877
6706319
2978969
5424851
8648231
7924187
9087409
7827799
8377209
679541
9832999
8059269
7947329
1095513
2314073
7965567
2843269
1824767
2132917
5506179
3872233
4528449
9720763
8973181
8920867
4286533
9155417
8645933
1911443
2932837
1787191
6460781
2635669
8645671
7111339
3634847
8714557
7918909
7727297
451297
14905103
6044853
7082147
7135921
6169797
5448133
7583147
5630051
5610959
6471051
9987
263179
9534177
5700229
4626419
1849559
7788693
3944981
8461221
5816751
9064543
5805923
6568787
9064611
3000153
7862673
9890801
5840229
6485101
8166589
2081103
7889519
8008117
5751027
5357863
5878119
487929
8316983
3191041
3001717
7652723
8066129
4449023
1767381
6819423
4173291
8609823
2200061
4634987
3946551
8680349
2048859
1056287
7178427
800973
6457613
172471433
5589737
895461
1720533
6057603
9441363
1122017
3067787
2122319
1302169
1373453
8082337
8631029
2783631
7045597
4942161
4364881
1192309
4157071
698983
9589539
475387
1046591
8798679
4051431
8677277
5084217
2945269
7892621
9864869
516397
3677649
5412967
9291713
7385637
238577
3877751
6261503
7859279
669909
9813461
1226763
5168101
1614413
9959763
1522507
4843529
1652499
9717523
1343227
600399
8646457
2970631
5713849
6352171
9897633
1423947
4606343
7252289
227729
2770629
5730449
3637939
3609459
132817
889279
1433869
2444171
1266669
2896579
3237721
7006291
1186663
90323581
2315627
8597933
6339499
296123
1177247
7528927
1084447
7775081
7490633
1906519
4158531
6112407
5978061
9574211
6536831
7003607
7027903
9326769
4751013
6258539
5393971
1167533
9097957
6013619
5685903
614773
5725757
124861257
74714479
9489077
2289217
3732283
7208873
126895283
4538633
4526627
6345997
1694427
4394449
3723857
1096303
9775501
8549599
8323321
4182759
3833643
2307219
2244073
57094021
5741453
538923
9792307
3628639
155518713
6628817
5356429
9291341
7216327
5918773
851451
2130901
8162899
8069097
5322067
884369
6995541
925249
8567403
3578587
9186043
3955469
7614923
9454277
4682783
5710817
5134261
8264063
2676039
4184061
148289
5473453
662443
2222709
3428809
7683509
5680157
8858473
5471019
9546153
7297373
2806209
24683
2017167
1739461
9984997
68362023
7228503
9669741
7354683
9407093
6721297
6362927
1741887
3554229
434809
3798383
1513653
5183279
7402051
9606593
4184161
4454719
5874001
8504099
9387187
181239
2760693
3352531
216983
8159127
4134403
7203677
6594149
8074569
3644539
1805479
1461553
4036387
2187499
8457887
5064129
3785423
3908991
7835111
9419359
8597029
2350289
4397931
8897529
1641379
6107549
851237
875487
1337873
4422691
6532471
192126399
1059917
593103
7427183
1894999
5769487
4669263
6412729
359741
3099621
7654221
362831
2446383
120006413
5531929
8034009
6351027
4019331
2217193
2755777
5609281
9803971
4240297
9565371
6106999
3218917
8633137
5307123
45901
1106059
5049217
2726051
1351727
7156697
400703
526791
1840951
2736197
4620713
5167977
9581007
8500377
8436881
7077763
8950287
4454111
6347333
3237179
6297479
7375251
1888823
542319
8813257
833651
5501613
4444531
9874243
8757313
9858737
2656179
2021667
7694731
9034691
4284467
4812681
2339909
2086159
82556147
2927137
4795307
7686331
9412937
7027617
1059013
6869823
3434647
124617
4327567
8074241
7597333
2027249
1075513
986333
6772149
9525131
8603391
8909101
1417837
7113037
1773429
1350867
349293
1828201
3414303
6886363
9597403
1941759
2829643
173313097
4926929
8377453
6007197
7544393
2345203
3342889
4929479
1319629
6135897
4412151
4835481
8209327
6472779
3736257
8663209
9102533
8259213
7674713
2535509
7697563
1930361
3946397
3749253
1621109
1137903
3098663
1137699
3339169
9149757
9852067
9686137
9502521
5621527
9647001
2803691
8378103
8829873
4663903
2545757
9162651
9654621
7114529
8331201
6860043
7256699
3381681
7924229
7305381
1519013
5561151
6453989
7133121
3607191
9516847
3751503
8894057
4422613
4790569
8554877
2720387
1443699
492957
6948291
9704529
1196193
401189
1822763
2230267
4928871
4668601
2445073
3705611
5301563
6326277
2609047
6464111
5891787
8014639
2730183
3074447
6443259
9601779
7127943
8142777
647113
9332597
9027723
2600133
1979137
7688401
9036159
1293803
4234453
28778471
2159991
7025113
1063637
3711499
3059671
4094469
300671
4908967
4532771
9396063
5970419
2733013
8876781
8603183
9684033
5484191
514771
2870373
2893287
101628901
8666657
7062157
1667213
5350233
5882057
5653141
3685647
5209319
1583391
6868573
9296433
6134097
8370783
39014469
