2947937
2254339
1821019
3240011
78849857
2654061
2936109
5712599
6641979
9115209
3558607
8148753
3987771
5496409
2703911
9284023
3357069
5762323
4355881
1171377
3135369
100688523
8814637
5830329
7067577
8492837
9240809
3479113
8628183
2661573
2318237
9997109
3848913
4829437
5549311
3833067
2812347
532313
4893697
8440593
58177
4305557
2483611
1472123
7541901
9298801
2197397
9267267
4438939
9043321
9292943
96745597
7547193
9114531
6496913
5940083
5315113
173809
8818533
8403919
7950551
477809
8991657
7389873
541399
61852327
3480643
7571763
7547861
1439867
7047351
2585261
46287
401753
9426853
7914719
4937061
7995721
3478293
363997
9364923
240767
2147319
7989159
6797147
9828713
4798399
3245713
3907251
2706897
1956229
4163097
7866321
1786799
8531543
9933709
1858111
5509503
3629093
3354867
5196801
6393811
2326103
2623831
707077
6332083
9148789
3352859
4393873
7583799
4086209
6201681
3054431
5019579
7935751
2586829
5284577
7543149
8568853
1541299
4640377
2730319
3291707
7579139
7620699
5842123
2049321
8254529
5665161
7382891
4116331
276227
3399619
5347887
2608933
8632311
5502999
9452267
9267101
9021901
5007099
9512217
111134023
121494833
8889187
7280503
7881377
6024491
8761679
4169253
380869
3277561
3512951
3548499
4997989
2425187
6229397
8044729
9247429
8596033
9355859
6634797
1301249
2550351
8415049
8184361
5231123
1257651
7393463
8875751
5826849
9936807
8543187
9525157
6394291
4078403
5109527
9072599
5605753
2599609
82370081
490929
993383
4932821
4045727
8258211
1474791
1264517
4128543
4087381
477339
6722151
1648463
9223001
111824209
1600239
9103781
2563629
2858601
6666947
8511117
1838971
952939
8378563
5675451
1496941
1933317
991587
6025457
46495323
3969887
5283237
6464233
495797
1920709
7649363
9434543
2765891
5956837
3609291
1138899
8434251
2349679
8684907
6659927
4227961
5639647
2303991
7708993
8874963
6891931
5998623
5926557
6627069
1068137
7868777
1741427
5884043
49938079
7296479
8571471
3691087
9570461
3219323
171214537
466101
7593671
24893
1466589
81408049
5260599
4466589
3931783
7651239
703767
6680111
5530763
8392833
5693473
5806807
6846213
4536369
6554217
5581843
1851921
4287503
778761
2211361
763609
6256147
203913
4050261
6453041
3269237
9388943
9858961
1140677
1680079
3426573
8234313
2785431
655793
3556543
5780077
9962377
6078449
3217019
3797047
7517689
7992763
6683417
1427271
5924211
3277861
415403
6930079
7855109
2422153
3812107
1982583
5681577
5747463
4535813
5822747
7370813
7286227
4649679
6781763
5864849
6845289
527399
7758509
3651731
9475907
9757191
6922279
7160679
6190681
2949651
1791963
7365213
1221831
6611023
8555149
9773707
4050523
1606127
4764523
6390479
8986073
1105439
3513237
6877451
2997933
3056593
8807349
3389511
7451121
8675299
5916847
2366261
764483
5496581
7040149
2864527
9193371
2757089
3100141
5700403
8102503
3590801
63211
479297
506871
7677979
904457
8052939
1187049
4273093
7014613
1833009
9675843
920489
1586653
2229499
3120023
7573493
9304731
6163519
9553053
4496661
878361
4000503
4526661
8216729
8085973
2597837
6391233
1392039
8035803
5070347
9640643
1537993
1457277
7113823
2283571
4658359
6368099
1423321
7908017
8558521
9901753
3029221
3784323
7991019
6388427
6140331
2740019
9559647
435527
4605133
805901
732309
8424507
6725567
8344079
9659351
2175701
4284109
8071467
3997711
6535777
4899847
3349347
8675631
6938177
6860581
4580829
3453719
48361
3266579
168796463
4925681
9930953
143337
7663427
6928717
7160553
153003
148593987
1264759
3492921
1378411
3424431
5429987
2204269
2717111
7524277
63981463
9857351
6757007
9430677
3952633
5672813
3023977
8888503
8965047
6719013
4157451
4749797
5642783
3117389
9918477
1346891
9662587
4174037
5283403
17637
4035189
2794493
7291429
9983867
7390071
6093119
5774089
6778829
6533547
5889209
5217473
2674503
378897
501163
4607357
9043163
40528539
9326577
2617877
4005287
1369447
7960791
7733513
9126283
1759957
7704579
6067237
9912271
80629807
9545519
2611341
1525191
27909813
550053
2661543
4075219
4840891
8466143
3749907
3768691
2260393
8772103
4744171
9533687
5467439
8564401
7216019
5769959
4023381
2585937
8236293
1550537
3932371
6577089
9160741
6119629
385039
6033679
1279661
175801
5299859
9837671
11910399
4977149
8828677
1923017
9515357
1646487
6524739
2923687
4071701
6604361
3767687
9118241
2624133
6212987
8317337
4158997
4891759
4270617
2243917
4546501
9432909
4256863
168267
1681013
9325613
2373367
70264153
9256957
9906549
9480543
1219723
5730879
9402191
208583
3349707
232377
29565911
131357
188659913
8079393
1325257
3022091
1051599
5221267
8795551
5879819
2813719
8596181
5357379
4750497
7738871
622269
8996837
8249397
777733
7578441
917591
7074667
11461
1958067
2677743
1521621
4314167
429521
1852681
5393461
2387297
6850397
607911
5969627
4463727
52048793
67983
1844059
7107349
2930697
141287869
4766829
7719917
5418231
3201733
4632357
189040879
873257
8829199
8929399
938457
8602997
9052359
1664603
5462227
326013
6876617
6447737
9325579
699411
9114839
9205233
2703531
5086189
5948343
1558603
5129907
6074193
2631967
4910061
1245973
160976751
5135507
9021907
555113
7561849
60519139
1268011
9232211
2926379
2933351
2875001
7192681
7397089
3042161
181353829
5091857
3990141
897551
8790511
7442619
7967001
6997423
5254859
1676197
2066157
877993
69280257
4134931
5444933
6791087
645869
6698269
5694039
9328103
6009277
2118889
9846669
5362333
8585757
9786479
156739
1425279
2320473
5248883
5754803
4870257
6097701
5588547
2849141
51123269
8297617
2661201
7909019
674207
1491719
3075579
3243469
7095609
5399457
1390643
159322373
761261
8212909
6238291
8752939
1421881
7734249
6453489
7539159
5683519
4355323
5221897
4595469
9379277
3244379
7178021
8570667
2397337
4655499
6576497
33392027
1118137
8949231
1017481
4161389
4742869
3650321
5632517
7938239
478551
8484181
2893839
110789017
7099531
2506639
7619027
1622713
8427561
6422401
94936681
1752387
2453397
3632141
4382507
4605769
3254759
8293901
2612377
2579309
5226241
2932841
9168093
843711
2749053
110794241
570587
3240897
5564441
3908481
5633779
1818557
7868433
1029829
1841129
9735973
2784083
628493
9672639
9734639
8295663
4435989
2489089
1945641
463233
7723719
9739927
7976231
1286483
25307051
609137
6534419
1398221
4226007
6831859
2495493
3343167
3189747
3607791
4485427
9489089
149984263
4587963
7693839
3239109
2791321
36955743
1581239
1721487
8321977
860759
5824689
3619143
6130801
2651363
94053089
110635877
2199091
1776283
189761
2586929
5119109
6214391
3230227
9946451
6918457
5703957
8808103
9672787
790809
3927249
3894521
151749607
3801681
5155101
9204417
9907727
7666129
3495751
3222063
5115359
