7561307
7471869
5584511
5812603
4719671
1562087
5037427
4103831
6385877
7904701
1122409
1006197
944973
9328549
9154629
8880979
38489243
4162347
6190967
277053
5080563
9465049
8201341
886149
1962381
7498489
9928747
1067981
9745643
3965543
71312351
3641613
6012209
5597629
732751
2259641
8368957
6646907
5788377
1202477
4701803
1267357
5771433
5462421
6505329
6366021
670207
4017681
9415711
6225139
9812543
7858521
5325747
740251
3646973
4819727
4660629
2325297
4039421
5972563
6132783
4467449
5810281
9009121
1058461
2103009
6651293
8209031
4258193
289621
5783491
9686363
4689129
3188927
6679593
9387623
2108147
78367023
3387637
6991811
7067619
4102687
8022537
9002013
2848393
6945161
2200523
8385037
3282993
989479
2560553
5396753
9609247
2746619
7779321
6910837
2885247
5764193
9643557
71065171
7970543
8765671
5961541
7450293
2361877
5640973
4892901
3904271
9840923
1052763
9571153
4170447
341717
6761831
3058719
2141777
8613161
9645427
8662873
2301139
4054233
9801093
6430971
9480299
8388771
5148883
9869841
9804827
9185737
6581763
3885009
2807441
3225869
4145903
6025207
1030351
62279
3591427
1357407
686681
9514859
6289403
5521071
4389723
5966433
1350329
4645003
4588659
6874201
730397
2573941
3378779
5357259
6647571
6323153
6376847
2376591
6728403
4543501
8772439
852137
8954351
8094591
4734531
5776753
4694487
155212983
9336117
2194583
181438671
8303483
8346129
7080083
4750843
849669
1722683
7768423
9840271
339833
8269001
5769779
2378453
17937
7382517
8694369
9282067
7712599
6534523
6682507
7102043
6145309
6313141
84713
476601
7658193
112132529
6402791
7994057
8612681
1214107
4551269
4694273
8076151
2169929
8655541
5684447
3485861
3261513
5619201
134931
6402507
4051131
5875893
6565731
6484353
3332083
7646689
8470203
5841301
2360603
1196777
9867123
1756793
7710167
70970461
1109799
4560813
6501823
4105919
5388239
7765711
9569723
2705579
8117193
9150281
7787387
3681727
6178627
9520539
3439121
7407647
2673457
1360279
4827947
6834417
8427141
8467219
20619117
5066527
5377361
6475801
5622693
6955257
6556599
7007871
1738023
7504671
1564169
36583371
6603597
9828303
5539273
7556079
5656529
5487193
4818537
1524039
8201229
2237197
3162757
7655027
2813643
8650927
2308807
84039299
5100791
8984817
389037
8471823
5537097
1412797
3755403
9633089
115334907
9157913
1522593
508789
8995431
8232259
1881363
3696063
1093593
4241859
3822039
6334339
5161581
7183163
3514627
2090879
5498239
5713763
7386653
5221247
7220177
6017159
6386863
6073277
5632747
3697041
7176643
119143
1017291
4145491
8925833
8337177
9615277
781761
2905047
3267583
3761939
5163821
368503
5737067
4558659
274119
7864487
6773371
8029153
9470353
9669421
2999991
157487
5325351
8226677
6696483
2693381
5489921
9027983
8801197
7773029
7757887
4950833
6219677
571323
7843357
1559891
5425647
4086289
107314761
8281523
9165543
9769107
2296337
6701673
3545071
4590563
7072901
5670859
4192093
3990599
6058939
7836389
8853553
8625017
832887
6192897
3591491
9484247
2847887
4454637
7468091
3631823
3695111
8591227
2267243
4670047
3951651
6240161
1867007
6835709
7689971
5156643
2441289
33599
9262277
1163631
3441901
6357229
593
6180899
1417731
9349003
2734973
123933
8440451
9774579
6806953
1005859
1455927
2962539
9508251
1694067
6921117
8824621
8898473
2681173
4972117
3922457
327373
8251137
1356453
5301987
7449489
7946003
818863
926771
3572551
2343601
9926687
2847743
1868029
6328011
4295339
3133857
5960697
2630259
6650233
1179033
6575771
4825649
583273
1584151
5793721
5272523
3199373
1505959
9177933
7246419
7211287
7806001
2570921
6685467
6083533
3119893
7327821
116924421
2437779
5775203
1848313
3579823
3843259
2065573
1275743
8891739
597627
7831293
6403833
3886681
3597557
7446671
6968137
6031123
1768349
8269533
85825599
2552933
9673987
21806669
9212159
8198663
3124663
8651333
2833021
6712879
8328017
954477
8643707
26923247
3170319
46728527
7935017
6381041
7766767
1530583
1023021
4897211
669143
8021643
462901
766111
2157119
9675019
6386619
1628141
1765781
1458253
2816379
6954409
9566909
9413
3732639
2519559
8855271
60923403
8263053
6261223
4733687
1992781
8198439
2999137
9838897
9811263
3113109
53291
6756809
4836757
1007487
2629013
1708109
201013
7021181
3074159
7950731
4525843
184708503
9989917
3912133
27862233
2692369
7776961
8241573
5467363
7216461
1915861
8825367
1240489
6528977
3708267
8237761
2717129
830279
1125739
3336571
4866253
8731831
7917607
4289757
4144921
3066397
3164763
7379743
7833673
2669021
7077097
6189553
4316873
5380667
8861389
8911173
8662761
6520917
9705999
8499629
1872603
165499
7589657
6838271
3079881
7441899
3689219
7385333
188624237
9081089
5409887
6460989
9726621
7901429
8830781
1567553
206077
7748627
8818183
6378813
1978367
5982019
9794211
7240403
7490123
8560669
725157
2175369
7161409
9185511
2712991
6723023
5554697
6299479
4659111
8979831
6260003
73757
3505623
1864087
7744611
1925137
1486801
5407049
5991743
468061
5297507
1394127
9155173
695623
951843
8014291
8009147
8788091
362683
9453329
4206581
7617647
1541171
7274003
6296027
9544037
7564049
1318413
3658671
1413187
9311881
18361829
5922727
2522029
7974541
36600877
2447417
6312459
9853753
2386863
6144281
4474471
3355443
8169551
8266151
6680629
1141623
9145921
6119439
1878979
3706123
91711467
2866019
4721089
4143673
9186367
4396421
7607361
88359127
8570321
5085363
9412243
3884369
8856213
5298013
5171903
2352003
641559
2955139
4112809
31271563
3845331
1483067
6905051
2404073
8696113
4995019
9577679
4752823
4863047
681267
8002673
714029
8351791
7634333
1741637
8722087
6061643
8331147
8365751
8448181
9763337
6164203
1745481
2688179
976457
5650963
4709999
8037113
3870809
1294323
1568513
3752401
1901619
2100709
7285047
6054623
8801241
9561611
4994121
4452741
5019157
3624497
5907527
2090681
6787009
1908833
2135237
2532233
1456059
9914653
7527003
146785393
7483253
587687
5121401
6363911
8915189
9534361
1919249
6547193
7581517
632881
186931789
6544811
7229973
4594847
8974493
5082753
1497517
1903113
8606113
5774469
4840121
1905141
2289067
9811217
117156213
7855249
2814199
248153
5362447
467259
4773743
1331343
1453233
57099759
5826883
4470509
3217487
8420331
155907
2209527
2788739
