3416413
2962597
1696603
793127
8299181
9385339
3121449
4525967
8688659
8476797
9667437
3133683
3140701
3384691
3709431
7053061
1306851
64736123
3219283
5883761
3121197
2633883
4637121
3439053
4150753
6040941
7904929
7918519
49819
2219141
74367777
3530347
2977809
4275717
5815519
1596477
9514899
7940679
6498327
741571
5438639
4963183
7214397
1907079
6513933
2222919
4990021
223861
7183643
1321831
5650613
8261477
8985569
39667
3346921
3739223
7628079
5916367
4438159
5494569
8583587
7212417
82710923
8401181
7108139
9313459
5036127
1135967
1893529
1081877
3610911
6436279
1550523
9217351
7118357
2813039
2565273
8449211
6434967
2162721
4192023
51233521
1677591
165591309
4092103
9446879
23188423
9403409
7930519
782219
7203227
4551367
8900723
1028961
542977
4062497
8031511
6264637
2526149
2320473
20737
2218873
5730067
75213
933847
7478463
9092313
6547133
8073469
7080223
4373051
3906837
7191793
2637651
9575829
8686491
2010157
8782183
579311
1440943
6140481
1169047
4512639
5307617
9475543
467139
4453477
77613507
8058023
9607577
7123229
9149159
6609571
753903
6019051
8479523
944959
5032517
106815061
4690899
3409817
424081
13379569
4933883
5962773
1593297
8883313
52621
4440867
8090481
6365767
8356479
2225927
4058953
4622259
1895339
8188691
8227279
2218463
5033387
4307831
7035603
9774699
3602517
7719681
50808507
590791
2522733
9038409
4760051
5479437
9851163
6895043
5314649
5427087
8090253
8594763
7289107
180217
4657269
7410101
7548321
9753303
9947987
5767533
4325583
9898073
1870347
2567613
8114519
1031381
8971717
8636237
8422939
9629111
770403
4757157
1082081
5325757
5550053
9665339
8084887
3260571
8449017
3149153
9229863
7042587
9869243
7525227
4042407
4273933
9046207
8315143
2704647
7303009
7510473
1707529
6467131
584057
4943581
9136953
529313
4208571
3531423
3234769
9207389
7419089
94403113
6842901
2952339
1497141
6696999
4956909
1177731
1223391
4351493
5718387
5891023
5811439
1246367
1121481
7105033
1347413
5523121
8631301
1436007
3350463
7097229
2024183
7499701
8263051
48635821
2911787
5861179
4509429
5181297
4355997
98764831
6485549
1397817
1714593
8655833
443327
8647213
7239683
3216477
2849071
6917149
8407143
6229517
5647987
4831457
5990709
7916907
70007907
3559487
9193639
130765977
7512513
4070079
9207471
9466111
7897599
6270577
1826577
6796873
122633
5578433
7875151
463943
124107
743659
7390949
6232951
7717757
1770481
7899701
1615469
1742419
7544601
7578117
8095231
8272973
2005901
28449
4395519
7239839
202941
5225789
968333
5334969
116860509
4655461
9338477
671313
52345719
8252583
8100979
2210929
6627799
5198293
2881731
1362671
97438991
2372233
8086941
9265893
114871427
5610213
4464543
5531587
3099469
8948259
9167
2007449
1933553
5059517
8810049
6489913
6144581
3197369
6585319
8946809
2721579
6398071
7080759
34536209
6153747
1462979
7434721
918701
1302983
4655131
2943969
2979913
4730777
1706653
8048523
9419603
1248463
6311029
7870819
4483537
8390993
8286919
6783833
9212173
7603777
9781719
2337403
48246967
6583047
2360143
1893523
5503583
3950067
9832901
635501
5417097
6744151
8105761
7231653
821181
1896487
6414097
8711859
1334331
6461731
124122959
9423147
5638971
4403721
5046983
7316861
627471
2321077
8805447
100497549
6218433
7524241
606393
1583211
6535341
2822843
2112663
3636037
266173
86955643
4193637
4467031
3340249
5740081
5637741
5147951
385609
5107593
3928509
4869139
7237393
8549259
3252597
2950893
5199607
8776293
5183031
153128057
6147423
2452813
1467241
5159777
2595423
9895631
8861687
762751
3750329
4157877
3609461
8233489
3902771
5705967
5635329
523169
7442811
2057113
7293307
29155779
5267289
187763067
8840651
4895847
4757839
3952597
146056797
7324399
2388417
9899609
519683
3654893
9021119
9914569
6516377
3289939
9267347
3038219
148809
9566353
8489297
3768171
5885339
8348217
175312457
189702729
18860799
8757591
3747313
3516141
1360389
1828173
2678171
7095751
3942873
9618701
8384597
9601391
54052187
1059413
9949469
8208939
7315637
7004217
23921
68571137
5272831
6681623
3424997
3734019
6931341
3209481
6098707
3517039
1505363
9289519
9549683
7051111
4888367
2385113
2595753
6221439
167397411
8894027
7202853
5265837
1301233
2811811
3960063
3627827
1000743
8543963
89666693
9587943
8345651
8997659
5919357
998369
1075847
189488627
23437699
4178639
869521
6377201
5390557
198059
5566043
977367
8782461
74477743
7384141
7891853
9512577
9357407
2766909
5334683
4464059
2479543
5329699
9088573
1146523
4045957
1723789
7688839
9555617
1683423
3988413
188009867
1017029
3983837
6748021
97937459
6845927
8357649
9989487
8303547
112801
115577
996817
187507
3881917
9801921
9668539
6180243
112030993
7905543
374739
9982907
9740847
4184941
2270371
504093
790183
5311681
1300333
7437619
8374023
2553131
9605757
5983009
457577
7932881
8732471
7833613
94613
5679889
1468023
2652887
789529
4755459
865009
6818571
9741411
5402023
469217
8350821
8257007
9788197
1233439
3878989
8212033
5474949
1828373
2038107
7572459
3910427
9059553
9667103
4535221
6937031
5078959
5601017
2587707
1847411
4420659
9722351
1190513
1790679
8974959
103829259
3241161
8837603
1771591
825437
7178967
3241349
145192487
2414149
1713819
6141639
7273679
74406257
5770709
8124781
6127779
6938499
3317209
8728329
3875043
5886047
7106549
1879223
8598621
8113551
4964433
6415791
2239223
112943
1976651
2083707
99931413
7065993
3089833
1119781
9721227
9516301
1599549
4370399
8059059
9525721
3982323
3341551
8343801
3600441
1154347
760399
7617091
9756817
4020699
6818659
9213403
63270997
6572051
3196103
7240153
5099899
1786553
8769879
1163381
5194619
3100889
9089199
2685987
2998899
8171431
2555191
9052951
6349311
4472537
207609
3039009
6652363
5963973
5124013
7431777
460973
2565731
9780979
9415041
823151
9722593
2021879
8204641
4094921
5807783
444893
9379251
6621961
6573383
5040479
9519197
3081279
4486459
9976341
2880569
7514741
260919
3540883
7385683
4028759
1080513
5093391
9428949
6224289
6926321
8168231
8466203
6114457
128387347
6212477
6041611
5000927
9540507
1003967
2564937
9682213
3393283
2664679
1027711
2339959
2432007
289111
8760789
6679567
8940513
1863057
3475137
56074843
3864083
8952961
8510301
5089539
165502639
2610841
1195059
1740681
158208891
7231957
7087627
3912031
5086673
5857277
109766701
5739551
9341919
6543037
3233609
7159679
6616701
3052141
2428699
2529549
2937443
4412601
8735231
5858141
6718667
1899373
2942559
3422473
1961213
4953629
4490561
8644247
3308759
6786357
3266649
269221
1424499
4677573
8046903
966027
1840349
1447157
8642531
5185151
5338497
8631771
5442439
7113013
3679751
326519
5743053
7730313
3934811
3394511
5668131
6588803
4258103
1332349
459289
