5899683
1495123
1602561
85162787
4206021
6545149
6843857
25083
2183541
5477561
2571267
3379643
2435379
5315071
86478707
187113
5617619
429513
9853163
1852519
2622491
274847
5196623
4927873
7782037
3648139
7346029
4078753
5696389
4161683
440813
84223
9096413
7402381
7805641
1322551
6869187
4721211
4285261
3215589
652359
1065649
798153
8101373
8152111
550813
1966097
1099029
2830677
6546209
8068107
2423727
6920609
1244331
7863579
184409581
1118601
9415767
9781477
377873
4108501
6382021
5332511
8649959
1415087
4536389
1304843
8426871
7172151
325917
8595629
2479789
1879487
205011
3634747
61310973
119501811
9626913
3627619
7787787
1555953
1878957
2158771
3181079
6756397
1828647
3702957
9892129
5875831
7212641
149056687
9685719
8385713
9002209
4368411
5122521
8056393
208301
2841287
7593543
5363437
9971119
5199313
8242847
9146419
5814743
8290123
6294921
386987
4040629
2934707
895367
3793349
5455037
1854461
5843087
6587453
6745561
6645973
1861367
7038697
126860187
6914997
6749249
5151313
5744479
2181517
7553971
4017533
2005481
5955933
388913
4666511
4409059
133551559
3820033
142311543
8555409
2267391
2842193
8483369
1805119
3772837
2135583
365779
175426471
2069143
3394139
3446193
3353463
195376813
4350831
7298449
2935029
2957853
1358789
8505143
1607079
9952799
204577
9437279
6939837
9279111
9804103
2474649
8059943
8133313
3084993
4161309
9954353
257921
7063837
3256781
4247633
8751843
3383627
4106087
9945533
7697093
6636349
470611
1789021
1410271
7604989
9422041
7544443
1106401
8464441
164549163
7107007
117765067
6375371
8158671
4737727
9316883
7582643
3365819
6658543
4595879
9107917
3893211
4248551
7462281
133057553
8184261
2171837
2388927
6206449
5469551
4749501
3157139
1755567
4291243
917749
3622733
3021899
4636961
5178179
7961047
7738943
2999601
2636591
7290369
9274179
2881177
9725351
7643493
2520491
8455289
5150387
1529623
4784511
9708501
9280307
1659841
1106979
5666953
7224587
4596653
8116863
9017767
7501781
8099521
4275211
6225519
9080087
529787
5970079
4495461
5981067
6557949
4374133
4200237
4199567
2537647
579933
4090211
9934069
6929797
9631267
373107
90441
3684203
7270303
2747299
4267641
4974861
7581809
2064701
3652961
2227379
1204329
8391047
8090193
736051
8394903
164246513
7397629
4516891
3565637
7806643
7005489
6106269
6384043
6303187
991557
827861
2776221
2558423
7093919
6243659
6796911
7417981
3745167
6084913
672367
7300847
7264237
315193
4451269
9610811
9180447
5171771
7035227
1782007
9462887
5443821
7748101
2291383
183907439
3125761
5050863
5137207
9459999
3951271
9813061
942667
6832863
2301419
5404457
3136533
1783811
6646911
9876427
4333637
5770493
4361021
8839733
9927101
3664123
1805343
7965299
6980051
6494387
6124249
4111821
155433973
194492193
5709413
4898387
2311189
9121321
9700771
7350029
1928351
213579
6403733
2284457
4902101
5943383
1426307
6352581
88260463
228387
2145911
1213151
5632099
577889
2007853
7734863
5842493
2416303
9970541
5249077
4410367
5464761
8502527
5658293
6111159
8960523
8102227
1085833
9904003
2868223
7193751
53969463
3822333
4966423
5229489
7169779
9194119
6466811
4327313
3761539
2568139
9395237
1119413
4714861
2214189
5495033
7449311
5627507
836737
1045619
2934639
6147137
6457277
2240343
831329
3998793
9949427
484661
3867891
497121
166400439
579379
8990287
4335303
30467593
7809609
1955479
6126171
1474867
8170353
5385133
1676541
2054109
2548999
4321599
446249
3193689
7122409
8509597
5622121
669327
6365943
4326433
8047727
9321839
4431947
1523877
2927223
8380619
3489917
8611619
1307283
104985777
8920919
3617159
6715017
4047993
3456757
1031763
460727
9000611
9403673
9890401
4125169
6196831
8268199
4263321
240489
4213511
2439141
7619983
9378713
8021709
1580521
8785307
413987
7924363
9644281
5700901
2168081
6779419
5259073
9545917
8133749
8692847
7687137
8877763
4415041
8293687
156724651
8627003
8587487
8984547
1368079
7911427
5217341
5959373
47829337
4280099
868473
7014727
5362243
1258869
3875783
2636679
2888071
8548023
5531961
1285517
1350551
1518253
3993023
2141837
7431631
3409779
3358447
7771093
7221141
625177
5053681
2118893
99949889
6385709
7110777
8012507
6765857
7525843
8115479
3516927
8078317
2406289
4620447
1426251
4548063
4723107
2299693
9152481
2584293
6195411
9291529
2484427
2233303
5192237
1287221
61437057
8888493
3897517
4878671
135280911
1027681
7187637
9884723
802323
5554029
2734761
254953
3010003
180797
252569
6292007
2360859
8822073
7255261
567087
4947179
9997039
7679047
122592777
5964987
4598611
7977159
123847991
8292743
4296359
989047
8796397
3035763
7641623
32211951
4741049
9980983
2627261
3114711
3239633
8770473
9571349
6896563
3622271
9062141
3627263
5393649
6770943
6058951
8449283
1854669
1552249
6436511
8762559
8916491
6005119
90479333
4773157
2618893
8247137
8763597
7291411
2200957
2558221
8660023
5638891
1606221
5169003
1992477
7436249
151962537
7296381
4616641
1140873
7302633
3729037
655181
404891
9328389
7853663
7455871
3235683
8173761
9284211
685531
5895749
3114997
8193463
132435993
9343293
7738587
9915823
8273031
4730633
1346359
1302011
2061543
8050927
8632057
8919637
5264511
7485133
7490023
9158127
525487
9052811
2756097
9131567
125806477
1383611
9733683
6416643
2247363
7753269
1842019
5891601
3987803
4632343
1896989
4102433
6948871
4699459
5700049
179597
49809
4741029
8966563
5302999
58821867
7844207
6365549
665659
7692917
7913271
302383
4779551
8224319
2047757
9584837
3506601
6651283
4958261
3335479
1784309
5025771
7496349
9026127
7072963
7350103
1251607
8139821
4509191
5743359
985569
7177141
3597323
9459459
8306503
4174019
4609377
4474831
8379767
5636573
1403741
56243
3424591
8170711
9040183
957917
5631117
9855513
3227899
6132887
9433101
2546361
2667577
162910567
8886697
9414117
3551851
8803839
2730913
7071591
2765687
344433
2491317
7497689
166291
1607169
3416413
3479659
7402531
7228049
5125111
2800129
9332011
6651799
4178101
4305187
1575801
9938199
184884039
8979447
1695993
4487389
6273433
3903049
69396221
5754201
7376033
4959581
1718209
4477683
7423879
9644381
1171251
4795731
7754363
222337
3914411
5286459
8294043
2341329
2659377
2906297
4486427
7549379
3412363
387313
9524883
500777
5350203
7289711
3683477
9876647
4191599
5073461
5833933
5341429
8647217
4194991
1878919
35211161
3028633
1165081
3767243
8025119
9904849
660091
727333
169772119
441323
934369
7085207
5401553
3163229
6284577
9639509
5548601
5312477
3760241
5319879
8452097
3584111
437863
7428991
1418667
738597
2256877
9122993
401669
