5701809
4150077
1728313
7637651
5408449
1722119
9067943
4942537
3179833
7440083
3088863
4388543
4716751
2731041
7381127
429367
8081323
6644629
4642977
2319517
8352759
9393703
6429497
8433541
601671
2587559
103771353
8454373
7005979
3516829
7917803
39659029
3468031
5361843
2480811
105308823
6940397
3145679
6569491
7087147
8436021
7730851
121313343
5169903
3056339
2601491
7407611
1586637
6248383
1116721
3667121
3326657
157757339
9692639
1084803
4672461
7289853
1510243
6152949
5483187
190861089
5527523
2881727
5329901
8743737
635029
2538093
8136517
4755783
9305501
3137203
5495491
3796583
6048073
5048409
6850589
8316617
5331587
2609803
9397393
9232381
6274731
849607
8603813
4442323
9688437
7156529
8406543
6651499
7728217
3059927
8445827
3084729
8831783
4136321
4108957
2738241
7226701
747143
453867
6197489
4273609
814527
7542983
3789997
6049131
3043367
4606273
2441
1982513
7053651
5502383
753397
7579009
9960049
7772163
7206613
6606299
5177743
6479073
6941241
38230597
9334473
3978159
8824363
6338729
8350271
8098267
8682549
3895999
870557
7866029
317451
2653607
1080113
4800679
1576177
9030609
1365613
9941223
1152907
3636873
163981
8926029
7617073
1441899
8904429
7675217
1274361
3118419
4205211
2131651
135583147
8466561
509699
3315639
5062373
106551
3496093
1943811
5360789
3931097
8831027
2172887
1624589
9299849
3687019
3310573
1883403
7300121
5391067
7016949
2664293
5329363
7416271
9523427
3212701
5416757
4029327
5757359
4714281
5755759
9030647
6654763
6134319
7760359
9077679
9826511
3267373
1906189
6681163
8464381
3425467
3583607
4487609
327861
8415123
7487999
7440929
8224023
9397047
8810977
1565159
2910971
8242151
423221
9861567
2048841
614889
2948653
6344341
831669
8958453
9272789
3391947
9805047
1983231
1278447
8035379
7909037
7665563
3566353
4113849
588517
600837
2797807
1082157
988393
4010449
9818727
1059617
51723597
6035059
7947203
4186887
804577
7014607
1286143
7423861
7901981
6890081
2460031
5984171
5688793
5931337
6438289
6975979
9689627
7244709
9186823
3302763
8483361
137158501
1423797
7014331
4472543
4861827
2276481
7126307
3950417
1238147
437803
9590033
9267481
7253107
3289373
1525059
6686139
6961087
1932739
6915601
6444953
6328639
4788827
8167579
87533
4059449
124476693
9293983
3108433
7293213
4613833
5523967
1250583
2843631
4050709
1842419
4305743
6692559
8885679
2913061
682567
5307137
64801941
3322331
3731061
3689321
7599549
1689793
6402187
2396547
3458837
5192667
7267387
4611921
8031131
8868597
20898621
7581999
2920469
4945031
2909987
4577257
4870081
7301859
2861337
133955593
7401433
7251711
8550121
108749383
3886389
8763909
2408987
3723771
3142931
3378359
5645713
8160077
7431849
6898121
4529123
3975661
1111563
53813211
4716301
7265161
6190623
8976319
7838479
195069841
7974491
1491527
6080367
5667887
5638201
7060229
2027989
8892837
6774367
8134339
4850097
8374767
5918969
8596959
7765941
5576061
706741
9132023
21236537
6703233
6889121
4385369
171924161
3442263
2918209
5869493
2151307
3476481
6066529
2213051
928231
1165627
2956501
2195299
5206797
9930007
6385077
8134497
1052039
890189
877291
7377061
530427
9998257
8172303
4137909
3176313
6971127
6843941
1921987
9409857
6812443
4161487
9617591
846617
23163131
7398401
2526803
1954563
8484289
1978907
1827879
6785863
5874961
8482539
3610383
6309063
78587
3174149
8330653
8707119
5870599
5610941
5359221
6603233
8426311
116833
605799
89809117
1651487
4608031
3713201
116589299
4967173
4338683
4653399
46121659
5985477
797677
8351301
2825133
1537939
7474571
3936737
4510591
4396591
6287871
1784019
5015047
5390651
3414349
7402243
9055083
5652961
1354839
9109923
160127
809237
8231421
2914509
5375067
7173761
1219921
2457769
4684239
9175731
3479683
3376081
522097
2219747
8328959
7705919
5351789
1258867
6736521
1284871
8350301
3395773
8327067
5506051
1194999
4408747
5357153
9976393
2965133
190335009
9168837
8906709
3574481
5585257
5210799
3062043
8920631
7082949
3781149
136342161
87853523
762461
8288369
2181381
5588511
1944157
9395681
8162681
1363769
2849789
9594617
7738151
3660161
1421369
1707707
7998239
6830777
8803853
2444921
4485479
3347499
1519381
6537077
191496611
8505317
3117593
1089821
5939373
1859751
1165663
476059
285871
924651
5084487
2243411
7245607
7309841
5656047
7628623
4242539
6080873
1935143
4825471
5075153
1779257
1599227
884387
9705473
5710027
1721203
7478993
6929851
4208487
8959493
5289821
241693
303307
9951213
8319
665733
5646249
814657
682179
4971183
2610121
4517003
8377493
5047019
7269543
3692461
1895113
9173961
163074131
2643243
6241377
7118803
4995851
5993133
5228717
7550629
5504427
8273453
6211853
9065933
5884733
2049503
4455143
8126659
1856941
9936527
5173237
9358423
9188599
1009911
8953613
9948219
6484437
8998113
7883763
9173169
4214973
2434833
2582131
744999
9851011
2100831
8486841
6868879
1894737
9246471
5987369
81787
1297389
6192263
160255539
9843977
9538381
6626129
6792501
8340201
1771519
9931399
7513847
4586273
9271697
6176661
823349
3134041
9958863
9836533
1598721
6858361
8925479
8150241
6816343
4043921
1956539
3278319
4597513
9915849
2099583
5161663
8568641
339689
2886841
235863
9275339
7471871
5602551
8258427
1329153
3501029
4813507
7134361
153954303
62431367
4172771
9712119
3563691
7318397
1028149
2326667
5739569
995177
1959783
6047457
4987071
715633
175814387
3218937
1622279
4020153
7919679
6911001
9071459
1042797
4447829
2681947
1950889
8379461
4437369
3735389
1629633
4329409
4351067
86995323
7437739
5984447
5172983
9738801
7273483
5057067
6049869
1360133
7626639
5914123
3675829
189692397
9240213
1165317
9218741
8873337
2009701
1377249
4010721
2723031
174577619
4946421
4179097
5686197
841737
3691209
7978213
4182527
2389733
3877663
954443
652231
3218597
2648613
8408653
638207
3757741
508579
3849781
6999821
7736693
768637
3760747
9967827
8730189
8725781
9597601
9334349
121105259
5226303
9732701
9625259
9744391
2045889
9929231
9614199
7635443
155303
7253563
80327947
8102643
122259031
8143363
9109659
1588033
6274879
4277323
2406527
6014261
7076843
165854323
4232691
4954409
3179249
5070239
6466651
1490043
6796681
7699679
197829549
4148921
5185539
1289613
8855037
8260437
9427829
9095507
6918979
37483
