7858001
9441487
250371
2233027
1841839
3237593
3049319
1128391
3617203
385433
3447013
771833
2452359
9363777
3566789
6113443
8236669
7361369
164337
6042777
87892511
3195081
4714589
3458521
2152207
8086513
818577
5643997
9194731
2578387
3011001
9670143
3754203
3779753
1840681
4475577
182291
1287473
9984963
6384173
5546483
1315027
384407
7636601
1252391
6972079
9034371
5330783
8107043
6078747
3666609
9022159
3276111
6842503
8315329
1962169
4930393
3837523
1234303
6643351
6689169
2580933
6514433
2330391
9335663
7553057
6573193
6608473
2278883
4093127
6117677
8060631
1502579
371113
1655559
2081343
9364293
9671357
1749871
3782951
5117743
8332081
4628071
8404761
1180199
2603439
3179057
1583701
5288621
337023
689237
1947797
7981561
4765201
9254637
6645573
6873341
4531949
6227121
3120721
1356279
2289251
424201
5889209
4119971
315167
8810991
5873093
2325143
1121099
8481913
7590943
953681
9452451
9290931
4343311
3681807
2872487
4896177
8237723
6284801
7833739
725727
7482871
4045593
4236731
2510803
1087123
8106477
7151217
5617651
6124297
231627
9361821
5899941
1762683
2126189
9356371
7558287
9213439
160040919
115528779
37083793
7512159
7854311
5776013
196353099
2608469
9897383
6142009
169023
1929449
6034669
3461921
4775421
1604603
4879423
2096671
9987639
1118749
3606471
5669583
7726173
476947
5615919
7847393
3871903
4349003
6004001
8662651
5548923
787177
3521369
5224943
5984949
5179567
3726963
7875949
220587
3944547
5480419
6413783
8948847
8494151
2528603
2420497
6065273
571719
454949
9556901
9179699
5426563
4531263
6596771
3659269
6189367
3484847
47119011
4282689
8964701
7809571
1819629
7606343
9364151
5318417
4681487
542961
5371293
2790299
3951967
8701031
919203
9055973
5792993
1399941
7740229
6392959
1619529
2788803
7704101
3817757
8809037
30906137
9692173
262361
5123097
913841
3486143
8891069
4613387
4217861
9182887
250323
6830789
5285769
6216087
3397873
4248249
2004683
8822759
8436063
1030937
2539509
6273547
7441231
8669509
9675029
3862329
8656713
1947303
1407173
3725709
747809
172173
189415473
833003
128378409
6580123
4743507
2662957
7846189
9816929
9498017
4460677
7253047
8607541
2566547
9264093
1590191
7730917
8177987
8430507
2247297
5623867
9332967
106218523
7536363
7108943
5621033
2351293
4667683
6455813
3757807
2603827
42409117
1232039
7390831
9027939
2908099
4680459
4444677
8554543
4981337
2934113
69360539
543597
5528361
2071031
8078129
7955081
4883087
2126681
2350041
5715919
7495049
1146289
3465963
3246071
4506607
847577
2956017
7844629
6142047
8229443
4543261
4604677
790903
5027847
9998943
6669131
6336269
5063001
7823149
7297621
7970201
5406851
7131333
3950229
4539049
5367579
3406971
689741
5906749
9575711
7289319
4155599
7362713
6946849
7590241
5473047
5782887
3401071
9639663
194379879
861501
2155973
2327299
453057
563869
7255067
3609783
2022951
5259467
1239317
3311853
3996573
2559631
6667989
8612819
7265257
488919
9263709
6594641
1959873
8211009
4416561
2669201
7058583
7716931
5468909
6286233
2931487
6405923
8293957
7955029
2555011
9893619
96815209
3574437
2007967
9973901
8167713
158788041
8876863
1173321
7696549
2610847
7890393
6365677
2873083
4882467
8908507
7557567
9372253
101981129
8129859
9333943
4404683
6811801
8771749
5795481
9078029
6302329
5574917
7185341
882523
999753
6847423
2802911
5974919
21443917
437961
2430599
69343
6496919
1549833
8629253
3781049
1387401
7814957
8616077
1162237
2137077
6076223
6554433
5592049
2606263
3454967
79219163
805211
8597711
3944911
663433
8595903
165675337
5787513
5505133
3560121
8590877
2866649
9295223
8575159
4095967
4410207
6064571
9848671
1950633
5538929
73938059
1623771
5222141
1034601
1297061
4116261
3786803
5087737
4619443
9264997
6023737
8263991
1658653
8146933
8858379
7360741
1312593
7742579
4011349
5492417
3076533
6512483
4622479
124893189
7541371
878951
5417547
4577459
8361889
7394611
83798203
2305131
1780547
6256353
8413509
4037259
1325101
7001139
3838397
2970373
4359583
7484057
1377979
3175573
8179303
6673243
8398829
120404557
3523391
9721847
260743
601129
8287739
7375649
8351999
1726509
7036833
1506721
9407829
2213941
7445089
7198919
7437303
96381439
7702023
1237097
107667
7168643
161729201
9977767
1238901
3794727
6484533
652227
6613073
5325989
3730169
8434821
184553247
1828921
5747657
5779309
3613507
8148519
7364139
2827063
4777379
601089
5676511
5643611
1412507
1965679
7826251
3318471
1837763
5095307
7424051
1488351
6023017
4405859
9602483
4339403
5885603
5045503
7744633
4024807
197245773
8733023
6066477
4237929
3742557
8626173
4683897
3376643
3161397
5552089
747807
2840889
7735159
1982801
72293
5960677
2556411
1511957
7806999
5201413
8574327
7948463
3094307
2516093
3584593
1609187
7997223
4916041
5517941
3723671
277891
3079097
832931
4681847
237467
1345731
6608011
9395057
2271973
65052251
3606709
1864941
1788099
8442613
2298269
3080183
1958263
2573889
9053263
9392853
9901027
5298789
7942929
29673611
7627131
9108511
9930329
4267867
6089551
6263491
4558927
610281
5114947
5118927
6748101
9030211
2410327
749873
473313
7449897
8141709
7523043
9962417
2270037
2881267
8602007
9845643
1068707
7069701
1960813
5341087
9468457
9740497
5373527
193396729
7664169
3564211
9552007
7020763
4664773
1068577
271969
3865009
7036697
852693
7418391
9905097
9578989
3626953
8686639
2549197
7569481
7649163
9271951
8721703
4273721
6603311
2063521
5375437
2113361
1918867
187364049
3340937
8832029
8385787
4506787
5435401
9185649
3211509
2334879
6398159
5189313
2198721
6925643
5961953
2377583
6875273
67372437
628167
5491407
8290993
4460641
1621767
1066509
7889723
4612331
6368681
2399089
2793661
6717139
1920617
8655889
1998269
5354211
329719
8782111
4890877
9066731
8464063
4039433
2666221
5639367
8007007
154995001
9218229
9843901
2570973
6792577
4014439
26351617
130027
3069083
13577313
5394007
3646171
3357727
5538273
1283811
83530837
6421973
9297053
1325677
820373
9468483
9721187
5512189
3173307
3905669
7705019
7694613
5496841
5443181
2230959
9609849
8215487
4747697
207043
9741679
5331373
8593599
6930397
1852249
7192103
5266691
1401259
195769757
2356913
3755309
8932719
6086939
8864241
3496759
8386483
3243507
9377819
7831767
6641633
995431
44529491
2111837
12853829
3213509
3022649
5154261
2910639
6687521
5085761
9115867
9264461
7620761
3893261
4241521
9074603
4187921
768393
6631781
3919297
7221963
99562537
7777119
6255847
6513609
2842091
7154679
1519209
6058701
6716647
3034991
5961497
2047001
7635601
7723939
6873943
4731243
1636909
5118113
932953
1992511
8475059
6360589
3463301
804471
61140203
1358389
833527
8412069
