1100833
7841093
883679
5949033
7718353
2321469
7400861
2185839
3117959
8481827
2055577
2623169
7269793
5198311
2207501
1853161
4785769
9203449
4820243
2418293
4842449
6709791
6947267
9641723
645433
8062263
7109529
8312543
7828289
5503389
3238917
8350407
8388077
9502947
6724891
1956211
41573969
4083421
6360421
6953689
7306887
7362443
624381
2073401
1955571
2521499
8139307
7035767
6755441
7578057
789681
5142907
7991523
8890631
149996323
1993287
2250261
3121743
2842613
8753141
8985101
5701761
3238461
3609121
3698291
156103
1022917
6869993
9326453
946169
9241343
9148641
59399541
6226073
9008899
3977519
2148759
7781689
3505989
9655147
2527647
8567679
3771333
875929
1821879
8676269
5167831
9301837
830623
1157917
9631027
1674617
1584073
9371529
8367329
3100121
2140991
5051031
770721
3675677
4665443
2350089
4317741
20643
7997961
1218323
3659273
7739173
7042917
2519567
5321279
7196277
6486211
7390283
9865709
9432469
8098643
8301171
8408099
3108271
4550963
223081
4833541
5060457
6883417
3318417
8644273
5901889
2466789
107983
880217
4325259
1690281
4236903
9341377
6165399
8619057
7796871
5033157
56567953
9930371
4024211
1121133
9483687
877087
5635087
9964313
2698853
9590297
8449981
9488533
3636997
5829877
9384241
7662221
238291
419113
9325823
57951873
6265029
7349231
7125291
9955137
536997
7407513
2406969
7755049
5697897
5160517
4826291
1111329
236227
4843431
7454619
2027061
4909273
1038487
67161
9436459
165955301
912879
3000499
5411263
9885711
6672393
2047963
280803
5020427
8103101
9109081
3759837
234439
8589227
6518699
759647
5785027
8857681
80067899
4981213
8597801
4283409
7931297
343291
5129641
4260107
2207769
8385789
4626593
9212303
5409669
2679237
605363
57040369
8122887
5834887
5422413
2122771
3289207
9768469
1156157
4582361
8587137
7197767
553143
8838647
5493693
3642477
527319
6477187
1714463
6736459
2671521
2516341
4324807
6272577
9995721
3954451
5623533
105629
4537507
7009793
6402919
511783
194801769
4888373
1748173
8573313
7761481
8216379
9944889
292147
9007579
3613969
1847407
6764151
5476449
3585711
3260541
5806123
4273809
5100309
165853277
6574951
1270147
8053703
1047121
3869749
4586561
2440629
6404899
139871
404411
7505843
1555397
4286419
5853893
3842101
8826621
5929609
6020571
4890583
2504357
6630573
2773651
4293173
693461
6665211
1013489
8210137
9040369
3007091
6411263
7353379
3140491
9680829
5545127
119077291
3836287
428369
273283
1952573
7458247
9959167
2674003
1297661
6830987
843103
2596167
2346277
1148333
9467373
5203969
8459303
205691
184076661
7558387
164819981
6075381
9516129
4384351
2713051
6582289
845281
9542153
3715641
1849069
5736497
9711671
9345223
1904919
9222281
6941599
401453
1617017
9979257
14785053
4872211
3691039
8163943
7621097
8066317
5159207
984039
1427339
3921141
8669607
6046741
30147541
9363117
4700223
1294941
8595909
6127687
1801261
8578157
1462991
7847091
7734479
5370683
5839471
9623763
268331
911147
756587
8364951
7418711
9216349
4046891
5246699
3710469
4280079
1854191
17453
2626789
2415821
4917467
1627289
9706991
1522807
8452199
1497107
3388109
7525699
3307237
146231891
9165257
7093631
110332383
1290827
4724833
540761
8184293
273081
7106149
3635479
6098869
1451913
1282093
1739291
5034121
7588067
8478719
81208309
6123733
2851383
3164681
3852863
4252821
3244463
3826789
8382499
8600491
1510597
4172919
7746901
5276627
7981331
5786001
2869147
4724233
8950537
2542917
869203
8218033
7746381
5129253
461819
6428569
8061907
7853543
3600619
1880769
8123683
4004033
6873677
9793487
9853483
7340129
115379107
8043463
2318111
6285641
5655407
5606893
211791
6051891
2057951
1449029
3762331
4121607
9630279
4524279
5105611
2853767
147467371
9884749
7296329
33497
4703821
2465129
2449417
5852541
7588481
7031321
3888039
9335937
6739607
3079461
5596873
3480809
5737991
7977677
4880963
6133323
7008669
2898601
65176967
5395403
5632439
3175961
9161247
1862101
5652871
4193413
9029557
2151729
9304797
2669333
4453963
9448041
1664109
7686259
4362009
9164703
7423873
455211
9425943
6682583
7109003
9656013
6956691
2435741
778699
3286677
27877693
5952269
134550513
2994389
4265437
6130229
100244347
1874207
1943961
8079123
2592893
2623129
8892903
3170523
7705689
7204803
2203457
3625767
4610681
5110819
4895721
1817313
1480919
1094923
2124881
2376419
8124921
1904559
5210879
9040569
576657
9834901
8380121
3944339
5577681
4730469
405421
5754751
9723369
4613261
8149663
4181481
8834831
3374131
705381
7100799
4704077
5077489
3528283
3954999
5087977
5081031
5451651
248783
8064301
5309683
6563847
123521
8492883
6566941
6271939
9110139
826577
7931033
5204567
202723
6815723
1127457
7600401
8997031
514743
7569551
8587141
6481373
6846721
6434579
5577317
4863563
6635733
8785073
4033707
4819671
615609
8174089
4061373
5263247
6617111
5865193
123896187
1062939
4424153
94715427
5216503
8769857
8699287
7283193
5211993
1275073
9394957
2611601
2005061
4578747
6649103
1302447
5471297
6416161
3224041
862737
6150747
58339
5588879
9280249
4039431
6996031
713227
8270131
9522459
7720479
8689471
6848447
1132337
3575793
3544247
6182653
137405923
8260877
1047663
2847531
1949349
93124983
4794823
317023
157332719
1786003
2153449
6334957
4205157
4198409
7414353
747779
944609
1172571
4753601
83117
2637659
8444703
9555741
275699
724971
4368239
4654711
4751161
8623243
3104161
9803729
8490623
2341743
847217
9348203
673989
7399217
8554669
87551167
7676897
4164581
190546817
1657793
8380233
780641
9862121
8462593
126084311
4313157
6442627
1588357
8094431
9890093
2289827
2937151
187784127
3504103
8664401
3715981
6347373
5314203
7778353
3390019
8525621
1806741
7244103
1648353
9823773
7268153
7861743
5637807
874613
9321263
4262249
6700003
7817197
176367717
5204913
2591959
7203659
6348701
5263329
8954981
6032401
9738031
4384611
51621
3743167
7204727
9046943
4061699
974147
6781431
5340959
2392633
5618857
3672461
197552927
1749873
2347001
1967289
9070401
7749371
7344659
6729379
2696241
7890149
6461233
4539201
7377077
9086427
7530083
2583079
5746297
146479823
5418941
301707
7444587
1830571
6216967
4681759
8358997
2904687
2288631
9342789
905183
7414331
1675489
6687573
8412179
9635627
1529857
9044991
3333193
9599843
4953383
2700901
9278781
7785091
3457221
53239
8614941
8143817
1485919
1796967
136501
6676377
8320359
8380551
6736241
4208833
207251
6174571
8427141
223141
4112141
487279
3474757
4332781
3440409
827549
6761839
40677
7477771
8798033
7268673
8883951
411939
3672169
8118489
5309403
7503041
9072433
9590671
2241687
3305543
8993703
8245133
7393919
106635151
4695351
916727
