727139
4000897
3597969
56044103
1726421
5777647
3489843
9852309
5238397
83493
7269043
3571383
1615713
5047097
2447173
94569761
4793989
7890037
8724997
7230523
6681739
9687419
3089127
7861039
6104297
182926253
241011
9072311
3691377
824917
9984191
5850837
6098553
8385121
3207313
1809227
532123
9384389
1331243
4680881
4121587
3100763
8977011
6087911
2920737
3595787
1867567
8535159
436883
3846279
7311059
639279
5973219
9899343
5631979
1472543
1879909
5667043
675449
2952777
1425151
4122707
3802091
196009903
5575027
5628553
3523399
2266481
3874643
100898591
7537273
976981
877321
6039487
644127
306187
4002807
1401003
2798677
6216467
9070447
162452263
9441013
8242449
1749997
2142051
9170999
8437671
54139431
8917543
5808681
2789107
3890777
3794111
500203
2672171
2485081
8099371
8567257
1057247
4159227
3776971
7842933
1705289
4263661
3741899
4951739
9917481
8779677
3326901
2367261
6502003
7712541
7341067
1581557
8478811
195380097
6689353
9793433
85638529
7993627
5235049
4993939
2937643
9073071
4999853
1100821
2108713
120061409
7962929
1938551
8134453
5396723
648681
7003331
5499339
9381833
8694447
311043
5456221
8044617
5667273
8350421
4469823
62213
1123387
8087551
145226641
6076683
4451257
137101
113343
7347899
6159061
6875583
3523163
8091163
5496721
3418371
8589359
5341227
2030587
6942417
2780101
3176903
799779
6007571
4903319
8939159
6996903
1209687
4901663
9614661
4458447
5630469
1215137
9929709
5501713
3610679
133619003
7185009
779559
7962939
6957513
5802571
9384169
6869637
9654137
6656273
455041
1102407
326221
3393613
5698849
9446687
3398629
7231879
406801
7484423
4603573
1088681
4605881
234633
2039129
9707891
5029717
9824527
175619621
6777253
3206983
527139
5019619
8500871
2302701
654051
2530111
1715167
5295229
3510493
4906943
4441679
4606081
1790907
2803171
3061909
4614073
7873153
2921667
4478161
8375679
7096447
4645919
3933299
9184551
7403909
2321147
503643
5265887
3591097
5246191
3809293
275411
3707013
43914631
5450711
375493
9839093
5965503
3196981
6931839
6539207
6276703
6260187
3018109
160476257
20481291
1645759
4160077
1163527
8310503
9557337
1726399
3694259
6646687
2028719
4411971
694361
776529
7895257
4820789
4544981
387223
3545701
8320251
2533313
2479531
1925927
5032363
2051051
3429879
3935709
8036093
9925057
4499541
9232869
8308161
604187
176808437
6011913
8645459
8562741
5407367
6303307
6474803
5661441
8517429
9329083
2838533
4493601
159122129
5906761
4168777
7368507
1001247
5522513
1306719
100536857
2804863
5816081
6204523
9381001
1135483
4961293
5875569
7700741
3295719
9762553
173009013
4435241
1957611
24979439
2606573
4634329
2182327
3573207
6715191
387257
3389363
1176063
4033221
475749
3431841
8834417
4915201
9089991
9881731
9812011
1548481
2097921
9908103
7636473
4099833
1646871
4606711
9108051
5006851
1641059
8762603
7013943
110070431
2754361
7504601
47338379
1150371
1106629
9758433
788763
50952249
8846071
7179587
5829433
2278477
1808931
980319
5553071
473541
5102381
9196007
3151163
4551147
1607673
9712921
1300311
956977
6156261
5530019
8119059
955203
9082767
9247873
1934267
2727413
9733173
766011
188603487
9533687
903113
317379
8287143
7476449
9566407
4639319
3809557
4570161
7773921
5393711
81117
1945841
7914191
1427301
2712857
3517329
6645767
9247489
208313
1583707
8140639
4739097
1747621
3744981
9019427
7677557
2421859
4326637
4824121
6357153
9037937
176604633
130957771
6405279
7082923
108593611
1734739
6043987
9112249
3696107
4686579
4579231
8335667
9107903
859421
7229927
5574189
6479531
8910389
2140993
7710333
7931663
9056553
6871997
4997787
8685917
3734351
4584613
132257
2600793
8069201
8670521
5361193
5978253
1534567
5192929
5224053
2832637
6365211
3631813
8098121
4577307
8186009
5315129
7873231
1444423
114707
5258653
3606917
5344219
4370123
180029997
5567683
6375091
1036347
8216159
105366067
58401989
6421039
2351313
4103899
3403067
1490671
6294257
6802857
4975767
3960969
1016573
8111183
7992547
9926761
6019883
8824469
2866139
4525011
929983
1626061
9012791
3729691
7355337
393781
4759267
613359
2761823
7492673
3796979
5030359
4918793
5787373
5961681
6541401
2209337
5868469
3227003
1189403
3220407
5216839
5823827
3589287
9037563
3169999
480107
1582369
5998973
3539907
6246821
263557
3268767
5007003
6976581
1251467
8401177
9673029
115469067
9976861
4792517
2236939
1619207
7325671
5988151
1587567
5718563
3097223
4854719
9683541
5204433
671331
8131923
483887
8971767
2082611
1422433
6061711
5967883
1198533
9395607
872697
1766137
5631633
5183787
104234343
7814433
4869639
9351691
453839
7998883
6037839
3423949
8595801
7629931
2580083
9719309
8898511
3756999
6587373
1055439
2011491
9076419
8683757
124417431
7701581
8695723
6043649
8067633
5199033
7532143
7104923
207401
4358273
1790637
4491127
8671723
324657
974877
29684909
3101843
9265641
7508153
6056387
7193253
7134707
603499
4398823
8831969
4367751
9514857
6516039
7602277
9621359
503941
6909389
2037033
9196301
3707953
9462889
134211509
3634859
154504599
3069583
6639171
531479
8432871
5253433
6459219
5819043
1912197
2889631
9709049
7616551
5408871
111877683
1442457
2166357
9593569
2183317
2999417
9332909
624931
7898947
9952593
9419973
2826677
5412101
1181323
4565071
464409
3088743
9824687
7664387
7826197
2694213
8629443
2006859
8157909
2500607
2787409
1881693
2131211
8107591
148703
1833851
4160617
3371603
1721429
24366571
1001231
8183979
212517
1940809
1485189
7982567
3780943
3069623
7406073
2636197
151279
1739691
3100121
2449739
7808757
8644999
8691771
7807427
4841281
7681789
9581561
7844191
611893
5965763
1538703
861509
6781453
8846847
1459127
8129989
225519
777411
2340137
5154083
3928599
2152303
9366349
5540817
952877
1166721
6343359
7312503
3002979
8197829
3256833
5752999
7471289
5861689
3695767
9623281
119464043
9357473
6821117
1071219
7645967
4746329
8209347
8060089
8099363
6012099
1834781
7216961
3527171
179403
155120929
5856161
3868891
6703137
7470279
6842541
1465433
9069233
4410437
3174457
6812079
6248591
2831791
451881
2084467
3688369
4793369
6380171
4496841
90703
6202151
84759417
14569527
3891779
4869943
9839149
190753
1125439
5464119
1650119
2799611
1719731
6632119
101116297
8974453
5939793
7724423
1351661
8973841
4185073
6934629
5291007
4845681
6219893
508079
7683911
669581
2929141
5214639
198763
5672707
1024227
6408339
5573469
4770619
1675573
6549669
4309571
393961
9231817
4783657
6434781
5517957
4070797
187653
