4444001
8864119
5057813
531453
1443297
1747783
6268759
3436693
9421089
8838259
6927933
5252219
1690599
5627873
5863213
1614097
5584351
4047447
1603317
770819
120059
2408013
6836357
1074473
6640927
3655457
5145921
5647731
2769503
4793547
8519269
3144721
14279
8253707
2472059
9620681
9558059
4158633
8439273
9983391
7729473
7040161
7774123
985897
1021279
5627851
4289201
1059661
560381
9624461
3112187
8169669
5022723
8839549
931033
3474721
9001581
8264643
6434459
40060447
483053
5046663
7496429
1457191
8438949
8940761
3975403
7871003
45238057
1705451
4276783
9175853
5849191
5036933
9561683
5424583
607859
7443957
6501111
126064977
6969621
86547
2758103
2297193
9499481
7294133
1381041
25111729
5828063
6657469
2439289
9876041
8281549
8078499
540591
5409523
4441951
561539
6696067
9636851
15341997
1310911
1546619
5304907
6087393
7230773
2031187
7992359
9372559
5799203
9267407
8691139
8450829
4512917
7045057
2960797
7090369
8596109
3284653
335471
6935303
7898637
8818651
3240537
3051703
7110711
89873
701267
6809343
192737
8944267
8585069
3248441
5893421
6401679
5886267
9265909
5218593
9196109
4471531
9933687
491881
5861489
6291479
6715153
7990737
3603647
1775923
1985063
8727687
6986233
8964159
6609409
679517
4527527
8719717
7641967
3781659
5684003
3084657
3256767
9969929
2375511
6750631
3327977
1196827
2399217
8711403
1175467
3159411
8533637
7838579
848209
9117217
5753311
9925491
7842427
96579493
9599157
3611
7345647
805469
6675673
2112567
100391441
3233933
348741
5427263
1813487
6390069
5736021
4934137
6808203
7465819
6668869
9596041
2382467
993349
4539713
25471
6405203
7644363
8064891
2901781
6555331
4618757
9656001
9634239
6693863
1348851
106445639
4703557
9285251
76219329
1389269
7591531
9577857
5234209
8701159
2583929
8298887
6965577
9025641
6870079
5638923
8564437
6635401
46510381
5038389
7859567
2056077
3612391
3789493
6699863
4463913
5238789
2282899
488917
6371647
6715137
3341059
4201837
1751063
8490279
8233189
4728807
3105493
4444581
6447971
7122593
9990351
5654269
5401387
3107163
18059
2854317
7934683
8079223
6121993
1335423
8375229
8838841
5210397
631899
9630879
8360623
6963457
7879159
422281
7983371
7783863
3230859
1819719
690409
7012141
2276763
3943989
8269663
7237007
6579709
1752311
5081963
129763
169051
7625939
927797
9291133
4090261
3046613
974049
9562899
2401731
9956893
9348469
5070987
4794939
9582179
8394643
9056173
9886863
1389117
1009981
1627861
3133799
7215573
1627269
6904737
8270767
1734601
9511043
581391
5641317
9163553
9825019
6495009
7806441
28494591
4616319
4844633
5317023
44671649
5929799
3629703
4157389
7212189
5275391
4074931
2358921
5977591
102784067
3833481
94521
2919663
2530107
1348137
8956279
8232239
2692433
4457427
3896633
9280927
2633323
1961011
8873827
4188013
7042261
2552303
2590363
2109159
420057
7626991
3341061
3783767
4789017
5880529
4697701
5620331
9596091
9574097
5935243
1416941
3662717
5360177
5315647
2915499
2677839
8147343
3942989
7411809
3311203
1614203
7145883
7232709
7223891
3658097
5711741
1849781
8687841
8117231
4370371
5000141
57833763
2689017
8964099
7496423
1945331
9912279
7853151
8683053
9045731
599353
2813279
1838237
8503289
3595537
76827
3785333
1824067
7497289
3584069
5161803
1287431
8861903
4695723
250687
2482899
493151
4888367
509211
1436167
163550891
6485627
3595263
2047633
598251
8790459
4431191
3628253
6686199
7821877
4988439
4211343
8222947
366791
6491233
6299177
2455321
6883771
5257267
7512399
1867357
9278211
891821
8751971
5161617
101217
4478863
9290193
702357
4495437
8820929
5855261
7848263
3674357
574527
5405611
1720379
3479613
4269163
9474549
1311519
7554399
8434361
3939099
3735669
9611259
3053777
7168373
4169507
3483113
6718357
3549347
4530189
524273
916613
7539101
4527739
4402041
142399171
6910819
2169323
478773
29062399
1523071
7112959
138140241
1963487
2565001
3339789
2531301
9903161
8200037
5612811
5703511
4257761
2922681
341189
913169
1147179
469261
2760197
7247181
4020559
301449
1649989
3580993
2786573
8593219
113101381
1874799
3077421
3288929
5146591
7077999
3170077
477657
33127
3392087
7091793
4843309
4798833
3000321
7350841
477629
1889269
2789711
4416091
4551469
6311
1692557
8610039
866023
3103871
7053073
2672939
4336977
2180267
3189623
920417
8577153
8318181
1174523
5417219
8390609
9281017
259161
1526329
9446109
1607639
4530903
28245637
9279229
8799017
4022527
3560797
63295131
9569291
7010669
82633629
6726719
3549981
6049723
8886177
6975761
9059389
4998647
7691709
1444489
5564503
7707859
4576089
8155531
4115237
6321653
526793
3615793
5948299
9528939
5606223
6238413
653447
6587707
879147
196780933
4671209
4360557
112418843
1086023
1612341
2323027
7161273
9573741
9379839
5603707
3145217
1897691
8309629
7909559
4446833
181047
5921337
1725073
5169251
7472459
2743453
4787639
9565487
44164097
4077851
3854243
5832589
6726687
3667761
3490693
9272001
7095621
2033913
8771643
5567859
6299093
391351
7500761
1941081
317179
377829
8922517
5502643
275043
4143147
5401263
9502361
2541303
7723037
3373699
4680423
7636891
776109
5212899
5366097
1446673
5462713
6120389
9327717
9933653
6797439
4847071
5762487
5800239
9631557
5427437
8646743
4140577
7467031
4938883
619861
1853117
6912829
8238129
9207051
5163517
7889429
8425863
5383111
6449777
7641679
5930317
2828311
3107701
3494393
7493557
1093819
8060733
6839549
8505431
132687393
1603159
884857
3879883
3512279
2377671
2979313
2116159
1094829
270543
8161719
3093987
4952337
4803553
648547
932231
1673991
6073309
2305333
8668429
1639787
8293597
2006587
448039
3008503
2483489
2767019
442777
8914499
3086681
4165257
6202497
6539493
3594941
6117817
5460961
77300217
4635411
443731
1260461
7324867
4856201
5310229
1871179
9247843
8206409
9319111
5434531
2539109
3495073
5281313
6688033
1431873
173693
4190233
4910267
2092171
8225019
807877
6769859
1593677
4449881
9943369
7590557
4505219
6598377
6349419
451487
7670467
2273233
7359919
1279471
9914181
426439
6276227
2213567
7535279
4099689
6500737
1482763
8945187
1187737
9476113
5672129
3870291
4665861
6198833
6202197
1800833
4488199
1167371
1943737
463889
2128401
7718613
1471327
5725683
8238709
7321047
9131991
5973039
9452229
9033217
5560509
4630813
4292137
5700831
3230367
9726659
4399721
1158201
9227937
6710689
6873073
5224531
3431083
2756493
3013887
5570983
4910971
3324573
9790941
329241
57017409
2041311
655587
5172071
4295289
2246413
3475827
4912031
1123151
104183297
268601
6452871
9189981
8445429
4128217
2329347
8816123
2341513
3130907
7591557
182677967
6999769
8421431
5052567
2646603
4817701
