8888239
7991781
5722613
1421469
3008089
6614663
3957809
7541647
3890713
1674659
97955201
1603103
3050377
194811
4556371
3504157
986269
5344887
9446437
9763511
8536999
2226771
8667099
7635751
6110873
7192689
8344669
3761119
8423257
5016483
1234717
7015209
9382369
1935309
2136003
9633569
5937569
2622331
320883
5277817
8780653
4256657
8896897
4990003
7125043
4392657
8105159
9211059
4741329
4602871
9579271
3821697
769599
4053117
2577197
6036623
3494543
6214821
3934187
5486807
7275769
6065839
7199533
7329597
5227021
6218541
1155273
6333799
5813207
1151931
6272213
18607347
9161201
3249111
8785801
4689199
7217763
1519903
3471743
2841069
5255743
8052953
9081681
3969639
4483681
3460751
9668193
168993
8789421
2633939
4084757
4670931
5406897
3731353
399409
511933
6603567
4151303
6970967
1828119
8132713
4276497
4880691
178113
9150457
4626021
2001141
7492797
3293889
171693
9782549
4046721
9492347
3614337
6689103
5843797
3113077
1289689
4459883
2108433
980267
1455451
491359
138940151
7789429
9540919
1504491
2335391
4262221
3627261
9695321
847171
8388017
3192729
8917271
7447323
305937
1503781
2513673
9981029
7849907
2133181
5372909
713061
6173881
1099017
6988307
6657847
4371379
4461823
9871427
1840679
2908169
2772991
4057333
2364371
9904753
8697161
6710819
2096983
3805887
9346977
6855821
2662321
3140721
5033091
6276391
1698533
8135151
8809383
5132073
2096223
4390839
7470629
1284201
1714589
4995629
8372611
1796287
1860169
7405563
4851473
9456157
200207
2082829
5889313
7755427
972711
4239467
8237087
5458653
5692673
8504547
9707733
3185003
1926581
8605313
5442857
885677
5403243
9756967
2240757
304373
3640969
6820397
462097
8565641
2308093
5756461
4535679
2205313
2904261
3660857
1259291
7017549
2762987
5338049
5939351
2011157
156206669
8226113
3787483
5004573
5785221
5196649
4324901
133026277
5986817
4886489
2130047
9740741
2335231
9318983
4099061
5392651
5410221
6063393
9827643
6417893
1632251
7265927
40380851
6814511
5355149
879777
5567781
8338867
5686559
3451861
16498583
6295163
9010197
1557643
6218817
8755449
6117517
268661
4140153
2073421
6204329
6384421
7586917
9395591
5349257
1644969
3613081
907607
3261639
704263
7836521
7877777
8074299
687139
3710453
5643251
3125761
4634771
4366011
3000467
6429193
4588091
7619127
817859
6186657
7768919
4503449
1524761
1636341
6016579
4964863
3036793
2111217
5622109
7050647
5250651
1060923
5218971
9605127
8485939
272561
9266437
9700439
4520181
9142439
3384317
2573069
8523489
7256649
1587087
6704187
4133991
2192051
3342431
8941027
5502251
1316077
7915663
5927051
7426461
9540221
2948809
2560847
6456367
6937707
5765229
8304683
7424461
8137257
2214587
26044181
6997499
2406403
9663139
1848479
421063
1754387
4918061
3864083
4142589
5400989
1239807
8413929
4645527
4235707
2019257
3138079
2681851
3596801
193226753
4985641
5449541
7426827
4354223
4852913
21963
9680043
5909519
1600901
2692933
5683077
1397123
9006871
7136631
6219927
9895549
589091
8729143
4218087
9231507
4112503
4735327
2202953
9866407
5196241
8785031
6693401
270539
7189127
8622257
8256151
313109
3574211
4199007
9931167
52431
2273007
7983619
2634881
5255159
6614507
4149711
7276583
8144441
5654713
8228039
7437387
7046807
3529857
4915769
1847569
4799539
1284033
6243653
7441901
2023077
1741793
7414249
3859361
4471699
188082901
1022417
601311
7890459
3601819
6696083
3706941
9760913
4909007
9618407
6183177
5764453
8215959
6661651
4729357
1662637
1474149
6691241
4707949
134523
7939253
7370727
6871763
6688389
9241907
22641347
8724583
9299857
630837
821413
3703709
3533421
1417749
904531
155565577
1091791
7124949
7260111
7331067
1985541
59388769
7887021
8317769
7581717
81214551
123179
6506341
1355969
5182183
2004419
3367709
2043291
6931879
5131807
6919901
7407363
2193301
8326593
5220437
5381751
4533619
3479153
2768209
975459
9612937
1625281
468623
496343
2479939
1360009
361303
7270389
8724949
6780671
7230597
3545711
3606181
7583877
5757549
45959723
2108079
1603311
5991619
3214239
3412021
525739
3904637
7125039
159081
5062607
6930817
202013
6513529
179640111
2019917
194385483
4462171
8680799
22129391
5361021
2047819
4252703
8120327
6910259
2625471
134077931
6115683
1507133
2930751
2712413
36832953
3822763
9275329
1442071
7444873
1300401
6475397
3097501
2891299
5843523
5123181
2891349
8711429
6720537
6594353
1334289
7612689
2436497
8584009
3931913
2807141
1516989
7975823
68409
9738793
5483417
8001459
2175173
4679907
1655571
198315499
3486791
6442127
8620653
6189473
4734511
1359527
7152821
2342377
8605637
159325051
13693
879979
6496713
64619299
3068181
7867473
6901103
4784227
2421487
3144973
3444871
4526339
3597641
8594261
4616513
1541607
504619
9968409
4075599
7928061
6770081
7097081
6559967
6924179
4095357
7363259
4243179
851411
2172799
1791459
5521077
3784609
9291871
6623583
1823489
7016373
1148959
6971571
9116121
4007967
7329801
477679
2903269
2785693
7748067
5016237
5487057
1025761
2154267
7048157
6713167
1321259
339089
1642509
2943711
7934583
2916911
9106861
8329821
3561229
7195887
179263983
4264977
37493
4688411
7029533
2139153
7208133
8465803
4346869
4282779
5331669
137599
9883509
423171
6895561
8921771
9923831
8954567
7308503
5788319
5138441
7136297
1144291
7017833
6300083
5330611
9556663
7961483
326979
7048321
4273433
7648073
629783
6159451
5886233
8129619
7886453
5735111
2384431
496953
6048123
7258491
8073783
7456599
9603533
1534581
5086367
5649897
9712839
4813583
4294401
7026917
3948523
5678509
3726691
5890933
9972027
2865209
6731317
1562687
1873577
1375881
7057977
8488737
3069539
4428351
1186137
512229
6908113
6157699
1628639
5778117
859823
4003099
417243
7514747
3594731
117377
3929377
4285173
157071
1084963
2047583
3702201
7128531
3721093
9322063
2491519
8344099
9265623
3261781
5288739
3356587
38239
829637
5827013
1914001
6237971
4732369
2750243
1199619
8102093
3257333
2951369
8915413
11790779
1040277
5698103
7996909
7135471
5859411
9328687
9435333
1396123
2863459
1530781
4951727
9268961
7463797
202859
543663
1033309
3945841
5330141
82547
3023623
7220739
3481709
4876469
5107903
628689
1964527
7432929
2993841
7263423
5901549
4158839
5964331
1232537
4007031
150051713
6085189
2956901
5432487
3277151
8378527
7423381
7829503
4610651
7326987
7875881
3846507
9157951
2721099
7047193
3368417
2805501
2657581
7737139
6402647
7916003
1273197
4371027
6242749
8147291
8980411
