429321
1902017
2606531
8028523
150275369
2185151
909991
170225409
868327
2456213
9218491
5609167
9962119
7137967
1013859
8920029
5753233
8141183
1434571
6014507
4564507
7983009
8693297
73022867
2660493
567477
2594933
8731551
7225979
2606019
7198337
8646453
6240413
6999093
1529981
1356647
7534203
7847033
6700337
8938979
821829
821283
2557639
888963
3763043
6804571
9771299
3899243
9862327
1788389
8174793
6227297
908593
2305377
6297987
1821109
5164783
8021229
9639897
5930539
8576741
135351
5973203
9122699
7808063
1189627
1406049
7500077
5655627
4542919
3313843
1768049
1493139
649237
3387571
9799169
159253
423377
5226771
3252323
8969859
7908101
4461359
8925837
6422493
9554227
5350307
8290233
206939
7380493
1838691
6345903
6780829
5764579
872707
40689457
16577521
1367581
4725757
5614783
3414459
8865483
4722937
3633771
9650839
5041419
4008721
9010457
8428023
92967397
2094713
9345359
6886593
3212551
3155591
4438711
8526643
4408769
6856117
3938783
9948261
3814021
5036087
8916061
8693
4431947
2820401
894181
93001
6990243
9729379
1755829
8355301
3068993
1000103
8417273
875447
5919493
3953523
6187773
9614197
1542949
5398799
6089943
7995651
9448343
114182879
1292073
554761
7161779
4972651
5218189
6332167
8682641
565727
8979609
3861457
2041603
6290151
6995441
5551323
4183459
2385701
6163169
8813813
8517067
7805687
2085419
3484439
1907769
5112547
1045011
3734641
6990817
7767081
8213141
6101659
4794679
3180059
5445791
5062173
6683231
1747003
1043711
4132997
1912619
2657167
4778433
179903741
4241663
9039189
8107441
8640383
154991923
5073579
8193917
6304527
9314951
9510639
6422757
4490223
4022903
1152629
4188831
2253013
5669483
9963963
1459811
1655989
135863
5487923
6327277
8487201
9699091
7135833
4542621
9733103
8620903
5749247
7993793
1239331
2870323
4487109
6405747
3732997
8688613
8949551
7100197
6746017
1731463
834879
9458691
8880157
2065229
7365903
6889533
4333217
9865041
1884361
9259343
2435569
9154711
5922951
1723707
78267283
6835189
8898353
7160309
7915409
9542847
3959671
2953447
9604253
8407783
2512913
1733577
2556461
3095179
4118771
8802879
9016329
4682679
3862779
455319
9185181
6034279
8688771
650013
4381279
6016499
9559559
131337
2836023
2107689
7977763
7986857
6734991
2109257
7845939
7284129
5049083
1431339
4820567
9216607
6466983
5923569
9229981
7958829
8960939
3779459
6972219
4717789
8721219
8084583
9182751
6036401
2405611
7698103
4014143
2706207
6155263
4030107
4964861
5839619
9377827
9443349
6636641
9546609
100413289
3887913
1639887
9587531
8860559
1502109
7999891
7677803
446267
3973479
4319609
6469617
1111681
1293577
2372681
8389713
7293373
831113
7529571
2167709
127257569
2717291
4479897
5067111
4112939
524033
3177319
4603353
7904753
185636493
1177053
9614833
7468619
2739259
6575993
266257
5654159
9998259
975259
5763037
6017131
772987
7539593
9461493
8343983
7888067
2830611
7056743
6019839
7443773
1963691
535689
7429471
6376611
7407737
2541321
177636413
9517581
8906841
2695371
4177479
7673599
3052371
6724669
4719677
3210471
63597
5071029
2417453
3518363
8894377
4747601
2720097
3069553
5186197
4162501
5611009
8829737
1356977
5772281
1801181
3148057
4409121
8807511
3703313
2444009
4326213
5471317
8323063
8415929
6226671
2621727
4935227
1965723
5403111
5579277
2246271
6777901
7770487
6063557
5176451
4041363
6034567
9526609
7970029
6298743
3842731
1699229
6446233
7020953
1183543
4469143
8144927
7868123
6546021
4884611
689471
4085507
9389857
8588303
6684621
330659
1315283
1804833
4736323
2739599
8821851
7250239
3384889
2881599
2091171
1298511
1677123
5550391
8298629
4958561
3966413
3418271
2420213
9524361
6512189
61431059
133081
5037311
5488349
6750569
9141823
2597469
3437841
36920183
4646059
141023387
5856861
964379
8709517
7322023
478157
738329
9049701
4206269
5775813
9463503
848641
604827
8829421
6608597
8457993
6669717
2990839
6037583
3060967
2408923
5082859
1242291
7974877
100610239
8907837
5094859
3635707
9197783
2216477
8568411
7734257
6769817
5288509
6832959
5434297
1239197
6415939
1948781
3076901
3616583
3016667
8900607
8011189
9043493
3588401
9970983
1929653
620297
5185011
4397901
512237
144838787
1321247
5901601
1864811
1518373
6090921
5628567
1651599
2967319
6296987
145093011
7381637
5458987
7885667
9331647
8538027
3540171
7391823
2313313
2257303
1005203
2435631
8921523
8770853
3019923
3021029
598017
6998483
8727657
5950427
3673599
4536149
867201
5307907
9231087
8710563
334823
8615839
2614231
3384509
1828851
137216407
2098081
118987933
58283
10323
2137587
9068087
3289267
4774459
7742057
1513579
6200761
8044387
6997781
3700333
7486473
3716159
926579
6700067
2462353
6059577
5642501
1777871
6191111
9583047
4490273
3514779
2939669
7733797
152273043
6508411
238167
8100979
3013331
6694317
6660719
4024089
7205597
5850827
138204497
8788277
5387509
5195211
828443
6854517
4790667
8562809
638411
2738607
2956981
3392309
6267327
4807471
5766583
30634001
166517511
7014083
6069671
3972007
1470587
328151
9628441
8134941
6058441
1762833
8320267
164549071
655981
7277303
8756889
6096057
532171
5259513
8555491
7212589
5568277
6179011
6447797
6876941
7170947
6760367
4461447
5678349
5306503
6776917
7403733
354001
1085453
8886059
7519801
786173
4997553
7996481
2651151
2496873
5657899
4203107
5452287
5391241
18121
1672467
7586739
3531703
2892333
8426917
9882527
6201019
6003281
6091151
38887
688167
7589707
873901
6185143
8068643
8063499
1931867
6836949
2760229
3630667
4572463
647357
1520057
5761117
688627
2484953
5401487
4133273
63679877
6557207
6461307
7219363
3962263
3103143
6329197
9305447
7389879
836731
3332261
52809
5625629
1997847
9745417
6700733
5589701
9028223
2565897
4913529
2744113
7135277
8918777
3347857
5988401
6230963
1315869
6160559
6875693
18064163
1227801
5016619
8796861
4623541
655161
6334391
2647209
4201429
7344983
4964873
2955131
4866431
248779
819959
4969437
8446617
7613429
110217
1789169
4249457
2302123
11515337
3705861
1862883
6779709
6542899
5273783
585499
898239
9219559
6025151
1628119
5374419
7963037
4084227
2707597
8177333
4207537
9419243
3776727
1336317
9514941
6662163
8952347
3707371
31604167
3447401
4708063
5366749
146843809
2279817
8081023
4236501
4272593
3581913
7535861
4241927
7788259
7055021
7903887
1258369
5941381
8661067
3911481
8110667
160517
3515743
1872987
