8415299
3453153
1536861
3792507
696293
211653
4349431
7796033
4020631
8389067
6731383
4825807
164781533
861051
6378743
1690977
3735449
5317369
2854747
8227863
5304437
1158123
1114457
4730589
2886097
2783969
6866027
3286857
3187583
485361
9926181
4495647
414387
7198647
9479787
6592967
2759779
5967681
4814759
88883329
7008359
2909951
7057089
3572123
9897921
9105437
541741
9625219
4772369
1171699
4875277
4682221
8520691
2137679
4053437
6117537
9351899
5080117
6383287
2083893
4993397
6531663
4956727
2416697
8874319
1781061
6674833
3026717
5802969
1791649
879831
4882257
1151783
6666069
7818021
4874797
9346147
6830679
169737693
9629853
1939673
3459243
4149
7472901
6770417
9125957
6901227
8592557
6176833
4017599
7757643
3702771
5807671
4519077
3421879
1222437
6931039
7920679
74612437
5470047
6432223
4784449
9007113
5150351
120214473
3990801
5022237
5776001
6483109
6164073
7097037
4111259
6429447
6693797
6064887
1041291
3086099
127590523
6732069
6408051
2083453
9624879
4725211
4440671
110409
8112141
9982739
1358633
9235303
4252559
8723529
9813521
4363173
5784243
823413
3029019
8181179
6704347
5093073
5344407
948469
6217341
5145677
8468699
1410953
8524581
6236129
5413471
1990121
9779649
1978143
3206771
4977989
153603
5751049
1261259
949889
3485043
9285683
1751963
2586341
3736423
4053803
156405471
7203827
7403963
9207047
8152203
9362589
8298771
2690367
19399
3062867
6062719
4326977
1233441
2248777
6476441
9472241
5429877
7440503
349769
8441417
1124791
2276487
744349
1051349
7430029
3498661
6465513
9970873
6078613
3559587
5202331
2129619
7178979
5669031
3591533
3305637
7849169
5641499
6008731
5282617
5035091
4907671
1945591
2610897
6823767
9730983
8729583
7578183
6376129
6244163
5090467
1977347
7558281
8199407
2944523
9635291
147323
4848639
9017361
5075251
9065609
32609203
4376869
427957
194563
553847
8712461
162860949
1415201
2053773
5480883
4410467
1126407
7981387
9544089
8395327
25117
4999713
8167701
5384247
3280289
1801403
8893011
3010449
943579
7308693
8909073
7629881
4165999
1576173
1412741
5236991
1532427
2264263
4784617
7122453
8483307
2812693
5816921
9410131
1994317
4195489
2988949
7492187
9426929
8696809
2374731
17965089
4905977
2335507
2953843
8449889
145701
5862121
9969581
4509751
4655453
79002527
6648957
2805641
1369437
8256997
1434307
2365561
1384027
8614227
5548169
6692287
6218237
8972363
8439843
2910537
5553273
2443079
6914683
2425559
75593393
2459903
9170149
2452271
6993007
5171899
7497487
8299839
9951269
1838703
141944447
2887647
88251
7223567
6750517
30979
8726323
2670179
8077787
3683527
298243
3326407
9085029
1219271
7527863
4495539
8371973
4496187
5339009
5505029
3463527
4677799
171270811
4987367
1288747
4743811
2018977
4894553
5787767
6863461
1771249
8573219
7941317
2925589
1030927
2377941
9990469
7098553
5521199
1032039
4088397
14590013
29047
61105893
9849147
3525497
6154299
531233
747301
929173
1306417
350057
3730383
2093469
7839087
1240941
5445619
1061441
8926927
7030849
1101029
1148221
1147273
9715973
3970087
4661347
4655893
2921379
3888363
1959603
7315111
2040959
4011841
5427953
7447937
8739603
6214737
5520501
5129981
586171
4178029
3642227
5993101
2307733
6355759
3198007
7292709
5673989
1214073
35229
434843
261237
2753399
3886739
6097971
9060529
3788893
5391919
1788081
6900901
3860669
102656181
358813
210033
4012631
4476627
1685617
1628723
7890703
5300543
7513281
7161023
2017129
412869
4107197
444249
927901
174365937
9202867
2296541
2424213
9110919
8538573
4699381
9862079
1610403
2371129
548533
2308821
4023493
4130637
2546289
329021
9981057
4333477
3117119
6918893
7690187
2609031
9901321
4058021
8155033
7778499
2660877
1058753
7153269
4993713
59567
3896713
5028721
8391179
5945991
6984793
8932531
6670133
9880603
1866429
2457957
6320259
5990033
679079
2980891
8679839
2749137
842917
7371461
7274153
141953
5065587
7412101
2050997
4773919
7217117
2363547
2255647
5972547
317969
5868923
89642829
6640723
11563
2271401
6807477
8502729
8381471
8660989
7838991
7881033
2143447
7808631
7962121
4165483
8568197
4370749
3985853
8259627
6717249
6172511
4421791
4338429
2394427
5827919
801367
3481057
1655857
4015373
1144983
888683
6579421
1700931
3970931
3930099
9982999
413593
7314241
896863
8186391
3532927
6834099
6023819
7263797
4137351
122815009
4320269
1201459
4872889
2132337
7099741
133756627
4328287
2046951
5117189
5538619
224083
169292623
5038299
2676781
7869179
7348319
800631
3887201
5523227
1553611
600599
7302413
3684953
7174679
1318511
2511137
49867297
7939909
5614603
4165607
1680901
6530081
323153
312949
9300573
117323
1150337
2569547
9732987
5663687
6576477
6166813
9623549
7015391
3956941
9041457
5315947
1381363
8537569
6889427
8224139
7326047
125404347
4616053
2679403
836543
1055149
6768639
3120909
3116851
120079
3129607
1254387
3101573
33231801
9969173
5810537
156348003
8147933
26149
158439427
6343033
9274951
2899059
4421777
2174029
9567923
9120677
45331397
722811
3947851
9990441
7249587
4847053
4849351
2415899
3064101
4487343
6049881
7423401
7382111
4580233
2491379
3770519
8955261
5693159
3643419
8846683
29059
2614693
101648847
2288447
9333417
3595469
1897257
7366039
6117637
2825047
3351833
2396709
3004189
5225529
7773657
102142783
3041817
598687
5312269
5220567
9102417
8848209
2931837
4005781
4552781
8318031
9988749
6233093
3945303
2382589
9510101
4396171
1496983
209823
9421561
587143
7561937
586241
12387769
6304111
2362603
8252281
7692887
7220369
4589623
1207003
3652383
4388593
2461267
3282111
101151
878271
6856859
2608253
4942767
4570947
2471953
373287
2971143
2413917
5462773
4153351
7157483
9453503
7613623
9104373
830429
9230909
8288077
4284377
844641
3070449
2844057
5143787
5049147
41312617
3615087
2677217
1071971
5874987
1395841
2967867
3803987
1621331
5657199
6343639
5040989
3614247
4894111
5471359
6279601
6311561
519539
9832413
174107
5156613
504867
8554593
5001381
3143951
64767193
4223733
2855107
6991341
65249271
9574177
647707
6563541
2681221
4343239
5214401
5337321
296183
9620271
4322119
4046871
4538013
5691287
8713561
3584527
193338279
2188651
7692691
8584299
9786831
9468937
4264499
3675693
8199709
6355077
3221397
5152439
8994323
4598447
9863909
5507791
673427
7619067
3252171
4378491
8031067
4266843
81390701
7785747
9018011
4755609
7768551
42262141
73840571
5332627
5123451
335469
724509
1344993
2865501
9951783
2553981
3578507
1573009
93548491
8885703
7645589
1699253
8246719
4434171
6687921
8547377
9382891
1085647
