3539631
7339447
4021011
4002781
8466947
2313753
3414797
2372019
3260443
2981081
7533499
9850951
1604153
3738353
540417
7526669
3084273
9110853
5296931
9124313
3015391
9845463
9064093
540133
8152733
6978077
3250039
9827649
5240629
6549779
5163393
12079777
93156131
1968547
1457213
2890223
748391
1028309
9463709
4092559
272361
8956747
3431937
1055223
1570367
2029581
4312213
8742139
1680353
1946567
1562203
3401153
8816769
5577591
1712523
2963011
3768627
5658947
1763679
3054417
11818059
247807
1126017
3302719
5886877
6834409
9158111
20719
3573979
969909
7026153
4533463
3108037
4322499
1283229
6293013
1845851
1261223
4217349
8028573
8458043
138482101
7740199
2582059
2591623
4058137
9710019
6420813
4192633
734169
6232767
863079
3067153
4074239
7771109
8295579
187087203
9174427
141808077
7080167
1040519
1838221
7704479
7891503
6184913
1821783
6241831
8019577
8131779
145568309
8749719
3563833
1596169
5856649
1072337
6493853
3154821
4224033
75839971
5492121
3940351
6992283
8335793
8231611
2588423
2691707
619521
6078861
7601243
2616819
4785929
4271713
8092771
4232083
7203423
8114343
7296667
3227771
1804213
5560277
5124199
3950323
6089287
8000561
90563639
7506523
4890127
2865957
4692763
9182047
7842457
9382363
9289037
1567543
9415509
1099291
1194509
4803881
364239
157378429
5953751
3948541
3297267
8867533
2506093
146193
6495623
6774021
357629
4800683
2816067
7768131
9584167
7090203
8167951
4764009
6377207
696211
6327681
6712261
5335349
6039393
58705839
5000549
4308157
2963457
70328487
4720731
5805603
3872041
6218757
291941
6628357
1365701
5592931
8031759
7568091
7608319
2526577
3885631
3009731
1758983
127034179
8358517
1434957
4551089
177251
2383117
1413139
6277371
2822299
6371557
7383071
8855537
8555357
701541
1759271
2533473
5565933
9434961
5714519
7440303
9827661
3686301
7217393
2686591
6913779
1067443
1943599
7485433
287727
8688769
4289611
3624723
9943309
5227041
1108369
4556401
3321823
2317319
6185339
6546829
8791339
8748041
9622271
3497497
7833569
3444717
3492089
4317329
6262741
7810309
6517921
5331497
760041
2157387
5291807
908463
9806061
8386013
1037873
9530963
5341099
4067541
1953593
9653363
5000509
9116413
6968213
6675469
3391607
863507
1132859
149737
5521739
1679697
825631
5582221
5775657
5243549
7242147
8222079
9679651
6409909
6553299
6838507
2875997
3922997
8057753
7446987
9440793
807567
8696487
2879277
1299929
1427051
8993157
1177151
5280407
905561
39884463
1408409
4702133
2099613
9275199
1961691
4122543
4828881
1224509
5520309
166357683
1820631
7743203
1996549
9083629
4912849
9851949
8123913
802567
116265493
2824217
862097
2547039
3930901
1521701
575043
5358257
2009681
3026909
3893251
3848911
8439011
6842379
2024627
7978337
2226749
5364257
1145517
1276051
4743647
1332281
2550881
6179499
6293929
8195169
7674139
199266903
7510821
7181229
6317639
2280729
8293511
6379979
8440731
9113161
5689961
5857927
9340451
4960891
673829
7718057
1779167
7008829
5829871
752461
3633767
7966437
9688579
5384961
1613859
8507881
7007647
1875101
3860433
2298003
6969339
2110491
9470369
5419951
2122669
1629517
4740239
7298229
1112111
5060493
3980731
2665573
4491503
3395477
1675921
9747009
685691
3850441
6055633
304453
2799263
3400717
8964997
5787129
7988609
387641
4195239
1454329
29396709
7621749
2475407
8890971
5196273
6022149
5189463
438973
8989423
8205411
6954299
1553513
5385761
1300303
8250637
786587
4635223
4683669
1326273
6795701
7129587
148680839
6405629
9852263
2565651
7094967
914033
3283583
4485553
1493057
7923071
2908107
8538037
20657
5853513
6684473
9066551
7856497
9712179
7726881
8712831
9092853
3349543
3558953
1245507
3899087
117578823
8519553
4454923
4351379
9765213
6193983
8886727
8497769
8863809
5789369
7714953
5799581
1096721
4729561
7347629
8080211
231669
4349817
2657471
644023
1189553
26735557
926781
2534863
8984963
4311853
158800681
4226359
4256781
4809101
98162547
98063373
7262261
127123
4884269
1160791
9007451
2280157
4953713
4589611
2318551
2893917
5471589
9709813
5361813
2068107
3040661
5027027
4703917
8641597
210101
7366343
5415783
4413999
652419
8850067
8382243
1782773
8975537
9594179
5421657
3650089
2716617
907557
1898639
1120469
1160559
9762361
2584717
2196483
2889629
6154971
2442119
4268469
5139801
987623
83033
2083971
9170697
9813169
114982959
3238321
3705079
6559091
227369
173001059
4791407
4125909
8162089
4128573
1474559
4338539
5422043
7868007
2077043
1185473
1372249
7416189
2929599
5095337
4656061
217239
5626693
46667323
1294209
1117327
3536543
1038401
6398313
8924751
8428553
2351143
5229383
1304113
8357693
3410011
2314577
116014939
2583241
3636859
5369387
421837
9786419
8866671
28690117
3472949
78223183
7136453
9522169
9876987
615357
3396749
3306349
1197191
5697599
4326339
5816897
150176153
1991417
1074177
7489221
1548441
1600643
9362693
9333993
3822763
5762849
843609
1362411
6617059
9727993
4208593
1575057
6665611
1767367
6604189
247809
6635417
772469
1681411
2701859
3030707
5242227
3478439
9874757
7683737
7093173
7591029
6113873
7513053
1543203
8316279
9017143
3907111
1909863
4408797
1772427
1509589
8136613
4021993
2313859
7246427
8630719
1038091
3432711
396881
7893461
1557003
8639743
5436179
6614463
2249121
9362039
7054689
5994377
5088959
867089
4135883
5125919
1034443
9865689
7151569
4928129
1696131
8876223
2976827
3660057
9893377
93565579
1520731
3734163
8681467
5915501
9363003
951203
2443911
7381243
5588939
3450119
7684613
9391281
2989747
7438559
366561
7562243
5551169
9185051
3249193
2035141
368133
143593353
4351
6461481
547811
2873369
135935051
4048563
7413451
3068859
5951721
5079843
7466949
4533911
2431803
2633823
65693173
1590679
32957
3723387
5867241
3717147
99933
6357679
5558357
9862321
2242989
2597639
5051799
7652953
9382989
7319139
1056277
1426869
9224647
5806687
149704611
670929
7666803
1938999
4837149
5538709
9432947
943823
9038989
5667097
1345439
6162861
1432073
6460091
3568421
2098493
6533203
2192411
4926443
2419859
683099
4964317
8496929
5770509
8906497
6679107
6669759
8879551
8524589
2762981
2312949
8780569
175470243
3163121
1294363
2511153
3155513
6543479
8252161
9006457
5684513
52543089
4152777
9132197
918221
7783643
2865351
1803503
7267433
1363351
6287133
1673091
6114943
2844287
5639343
6203711
418821
3103019
7113261
6680359
2259511
824799
366209
8583421
9582699
2101787
263569
8934163
1687073
5574207
8652687
3583773
