6885027
4887159
2270911
6636289
5807271
9771429
8460581
5918669
6953307
1617061
5677323
2053627
1320003
447447
8373653
916609
1249113
932247
2107963
9412779
8908619
5713149
2576219
4546897
1631951
9087311
5739679
9782677
4883067
7395903
4669919
6924809
7049499
8618397
2479487
3454333
1986773
1471717
1144927
2038623
3204659
3828293
9436471
774053
8176731
1803499
4635203
740117
7923539
264629
6158907
4143961
1842313
5665559
6022377
7934769
4269207
6203381
7804751
3433951
175133
839891
1648729
6090883
1472303
3461063
2677517
6793103
8224669
3897491
4962551
5718967
5131459
4699151
9602357
9654199
5815263
1243141
4057531
7471317
6124193
2558843
2222303
3640277
8369581
8727971
7447007
7748351
7737019
4011959
3010059
9272741
261717
92881
9359219
9967309
504377
1832229
9756969
1802117
3537763
1920941
5977871
4408211
9395247
6291469
2145653
8138687
939143
7575023
5769099
2231123
7031959
8055047
5432551
5498621
4415547
7219761
6048149
3593261
2866971
7453951
6040181
7781977
8164463
4160667
5017687
2588019
4260057
5130413
2424637
8558977
5397517
506923
6886909
5773077
3192971
3980681
2921633
5572007
9645421
3991589
8702613
2791417
1343891
8897289
7195257
3202897
6847431
8633697
566963
6559201
7412171
6330433
208393
1995223
459797
7529697
3798851
330689
2491251
9538709
7327377
3605959
2407847
7269211
4265579
7012881
2696047
746319
9233147
702217
2582731
1680771
2315323
6620787
2449861
6525681
159203509
2965113
7512059
3310257
8109433
8976359
4029019
78710099
8068567
4130877
5868037
8687119
8952593
7220939
1873557
9513593
5714071
3568561
410503
8001809
4964651
635427
9798821
8591043
149479
6237689
174266639
5877873
4515593
2312647
3246643
9232329
3150843
8079593
2090767
9400957
5443103
139406689
2712573
1354837
9799081
5850563
9426001
3616967
6357559
960013
9290077
182640681
8222183
187071259
6697337
3530769
5866437
3566971
2421437
2583659
9878581
9480687
9021641
3697583
8646067
9114817
7373511
6478449
855203
745487
1774571
4515373
99573179
4981271
9957173
8554707
100797
7147567
5842831
1664351
2228469
1152187
4786233
4599211
243287
6377809
9464337
4391751
7858523
5992639
7763011
9003589
9666219
4124933
2632751
4050863
9686073
7085309
6158449
5912741
1716587
4438377
3908557
9716029
4111141
4584289
6536991
1870429
1481633
2643011
4182271
6429111
3313877
5857269
239399
9463421
1489741
1744873
9110027
2132027
8043187
473029
9791809
4627817
82142589
7345619
365599
9860501
7856787
4118201
6834171
8508781
315117
1719347
137829379
49116943
7948677
6402729
6394711
5615759
6874511
8286043
9827037
9173259
7521961
537091
8032461
7424837
7436963
3617963
4017507
5653193
7189439
807931
6027647
4362659
5700913
8283311
8689959
2345031
6585883
9449047
7680663
3986549
8484287
603139
9890813
2151719
7102419
193876113
154288797
898381
1514623
5219101
3496319
161482107
766101
5406019
5593601
7801379
9662481
2074593
8418489
455609
1001083
6821879
4590931
4140393
4529661
8400389
3054623
1747891
5802889
5205361
1479773
309307
3290903
1941843
1802029
2293139
8102077
9408471
8393131
3024371
3550927
4453887
7824451
1968441
8143779
3302847
2821893
1638617
7544227
56773677
160581
4916657
4319309
1877657
5862399
6554349
1640803
7103719
408287
4631479
19581827
2385983
4031041
9316451
4136883
5800599
5793983
7900361
7155027
4757773
187240119
2217411
4578361
161678753
7594571
2275707
1135087
5385543
6225693
5966039
163213259
2374117
8016061
6728581
2482809
2012933
7946691
7922857
2617749
5363063
7416867
4028389
7548169
4875069
5912589
6056401
4846791
9144503
6128921
9835297
4747369
6892571
7580593
2498321
2753059
4917117
1450593
6835377
1577727
543827
9482453
68521
8336689
6303781
4269447
2619699
6053039
7096849
5550777
1887877
7938819
5036729
8218219
1073469
2720899
3984389
4413161
5718797
135685749
1606539
8660749
58383487
284537
2054483
6728369
1975979
7668869
385607
560009
7512211
2779669
7930789
4615709
2288383
6621973
5409569
167729
2807107
8871699
9536513
5646153
3978367
5906749
4755171
7717967
1083817
7471631
8799597
5003937
7982491
4730551
4441187
6506723
4909119
1961669
8457037
2610651
67659529
1629607
919639
7610337
7341203
3506603
8505741
2655187
8458287
7309943
4322579
4021341
7448229
7432811
6698753
5134289
2970197
7439793
8755137
7800769
4472969
470961
5769717
7423497
4867727
7544193
6001247
1644013
7841691
8237839
6149801
9353467
1458591
351621
7247019
724427
7238799
85554669
5686687
7074401
2851461
21470709
6762747
1667933
2602941
1815567
13363129
192176459
3926951
143634841
172605937
3297511
7315183
5830191
2316277
7861749
9490641
3133797
6090031
4647669
4270137
3218583
6835307
4905741
7653361
3569641
1188291
997971
334171
529943
6080319
4657363
2741847
8305697
2274339
7429843
1101227
2230817
1927519
5078229
7737021
2129221
8946487
8244063
1984967
5806907
5485913
6573641
9183441
7357763
6711
5660911
6173319
3371387
2543011
3596513
992497
3572003
786937
8890677
778093
3067237
1966739
8075877
1772601
114869
5978607
6592617
158599
1805757
7614647
7123917
324639
6428813
324963
6195811
4324683
5250119
7612907
2481003
6414419
968821
4741283
9088501
1508717
1452397
2277101
5782883
1627587
7290557
3049013
4124993
9504089
51886499
645909
8661797
4644077
5837063
8269023
6984771
571997
6362241
6685227
6850573
3648419
2025753
2198257
2955471
3057271
7705531
3875007
7751379
4171679
3392669
65720771
6767787
3988027
4796261
6279009
7362541
67689777
7521169
8050367
420583
3556051
9504187
5783937
1877963
8045717
5771893
49073659
4603197
2883269
4529761
150307321
2461753
9090311
4972169
7108549
6882641
6788669
9763011
2882453
1340601
6754889
5364853
156770661
1888933
690277
9441853
4534983
33652419
1692987
5614769
3652161
167903
2192739
6524591
7014671
6235733
688291
9416103
8317043
5993559
110661257
5576813
6738953
4927079
3424441
877019
1789119
5124479
2672729
9711917
9280377
2346659
1814717
2121261
3837851
8988047
1151373
5727107
9669817
860227
4552939
3530509
2021907
2424737
8223663
14959571
533683
8191943
7788117
1916667
5251649
5514019
6128667
3099361
6321421
8602833
1099363
4887879
3917273
2974683
5775917
7350207
71202609
7076287
6877319
7148479
1882047
4656701
2849
6801791
1447819
1412473
2437343
6018241
4340599
5896017
4765201
2663569
7532347
9824847
7693991
9131363
2378131
5705721
6560677
2572197
599989
7157341
455337
8005847
8957997
4013123
4452583
5919887
55483
2668549
7627359
7526997
3405293
7248043
7752859
49389479
1059857
7410661
5287189
8276449
8601913
1618719
2057927
1312591
555081
6650807
2962267
978693
6730189
