6039253
1603973
5786419
194313
8201163
6600913
8279613
9143411
4318429
438107
60777
1002609
9677883
9019337
410187
6710649
6881503
1046371
8421349
2265457
5168903
9104083
4450741
4560503
4917731
9875279
1268431
8534511
75973899
4827093
1413489
8757747
8194237
5242591
2401627
843983
6839601
9145677
9990193
9379109
110451
4799351
7043211
1794459
2580771
6656853
9792959
2371779
4565083
5057009
4467309
5211053
7954463
7906621
5753607
1342343
5978717
9222781
2020159
1862043
2664729
2317043
7281387
6681131
8366027
9062331
8174911
7820881
6088817
1620489
9876257
9912557
429401
2472383
960639
1075211
7792621
7309619
1062921
3525583
8666521
4902191
8137853
143018853
86509661
2573689
9956799
61432969
6127033
6054243
5278417
7400087
1931297
7245627
1161707
2676801
3328973
6455313
2531507
9232677
4298621
751729
7726163
8942637
8570997
4855339
9655529
9562113
5173797
595963
1280427
2893037
1837903
2858939
4258449
194425511
3857621
4781939
29834199
6826613
9508397
4503031
3367953
4204309
7970087
713479
3164949
1400409
6108459
8525517
7755387
3995219
43845843
8426609
9033861
6087059
3995777
7286839
7216259
7147941
1186867
5447337
1447537
9417741
2321457
1163579
711893
8605213
290723
9359259
7251343
8126817
7999687
4153097
3495439
5920411
4989089
5444779
5430827
815893
7808011
5472379
1520653
8837489
4417843
8338433
4983619
1588621
5691189
7945731
1693751
7600959
4819909
1619411
5771311
7596259
8484977
4341451
4543401
5249717
1060809
4072039
3905991
6181889
3486833
2962139
4779891
5711763
2240441
8233753
4918751
3119779
4606277
3169909
7550861
9835041
33077
3378401
1346167
385101
6461609
2747951
4405071
7052733
8930869
6829829
8466923
7127773
286373
1970841
3858843
3712233
6849837
2214007
3856989
502261
4465761
9520367
2627931
99509181
8795877
8350309
6909001
9620219
5599161
643113
4293261
2259601
7809937
7052447
7531973
2286641
92125261
2708647
5370433
2651357
9963427
7560251
3535927
263357
2789401
8997329
2448213
2793219
8362367
1082529
6946803
7962437
5705299
8156447
6016657
5866393
5630797
5062273
7139547
4387297
6336533
2142657
8702609
9280413
2804091
6974493
5394957
6954387
9723941
2854009
6710403
52111
1047657
4335109
1566083
7257439
4505657
4744689
9969713
6289651
6725329
8483609
81803
4011439
9710791
7359439
9694931
9564521
8547603
7422563
1531183
2821423
9397861
9101629
4529567
6685719
3936523
2888627
7902867
1113721
4902493
4038791
1890057
7048513
5064909
5370087
9230653
2682329
3158721
1904069
2610473
7857097
6168749
7570789
617071
3435283
7364819
6741079
2381719
3553041
3477163
227279
2387591
175860453
4388283
4624883
5447
1241871
6785427
2351437
61241
1317481
6502459
3119723
5635203
6446373
7265071
1101309
2840571
1546497
1455019
5420411
1401053
1475273
5189071
3786887
3161253
168241361
9172209
149461
1955201
3183529
296877
7038243
822519
1564473
2319433
4594589
9814149
7784373
9956271
9979481
244361
1330663
6026521
5914481
1252743
4971559
4275239
8270869
2240957
9849891
9694123
108121
162807
9689923
1631767
8115113
3840917
3634199
1936221
4571673
6871821
5035947
31709979
7324263
33906603
7858961
1650413
541811
67283639
778433
743089
7218429
5341331
443061
1227313
5374069
8233161
5738543
9900909
2764897
8277841
5748181
5350091
3539713
2463373
5805849
7732823
4277839
2788141
2471997
5441427
8841863
4318403
2051167
5091697
7650591
7491539
3778169
1337543
585497
9523617
7899749
2099639
5638979
3375603
2099713
8907959
2591949
2881731
2935081
192900917
9061821
4173701
653491
797519
2420587
2453509
4127831
5449999
5502637
8026751
3460721
3704571
860099
3803447
2362491
68373
3901071
9422931
4449469
9041059
9160109
7129747
5055369
605467
3158297
9059287
167907429
6549917
1092971
478491
651417
2523007
7169841
5751501
9700807
6210769
2485499
1323847
8762407
5009983
32344469
3691959
6903349
1348393
4533113
9067017
3890199
9958449
6358599
1834737
524531
9813583
2160637
2274609
4249289
9296101
865187
8231839
1335471
9543347
9889059
84688449
6900209
4169417
161347787
1591457
2240111
2030551
2286279
7416681
5489007
6725089
618743
1138789
3338667
5533779
512427
1499677
960979
7984833
9515249
8236643
9016957
9632683
8015543
3039573
8016897
3959041
4255249
3550921
125208543
3443009
5362263
2663149
8989031
247357
6148289
3448779
4148353
1605761
5567137
3897317
6152277
4896029
731807
8429831
4095253
9371839
80527103
9318501
1902789
4938977
5082149
689503
579549
9275821
1267801
109449
102677
8052677
2563831
3945753
9256089
3352201
8950517
7770617
3576471
70358777
8911933
8250207
5390759
3527657
2834889
7804757
6289087
7149661
9308047
7735543
2977307
5993599
5867381
2393751
3228673
9022987
6469203
7789563
6712079
8436223
7494181
253811
190682853
6409877
8991871
9474963
9313059
8493881
3429959
8044087
8265889
1369859
118108021
5466727
4054979
4017419
3355331
8201857
2630417
6185567
377083
7202341
3033883
8934381
9025059
9627217
9681871
5577453
123501
7981871
170831
2403851
2482447
59117
183949
364209
1667001
9516487
1481469
7150463
492031
8313863
5687529
4776629
9101373
8196259
1162527
2772227
8028723
2626903
464331
5454677
8760867
8366963
8280571
2609819
5894227
8813287
6689809
4901773
2826787
6384747
3654663
7449583
9363443
1411833
8343729
9179441
7835777
2687193
2002473
2888409
2020461
8533351
1606169
7577337
9571853
3661311
7517239
8093257
7393789
2986579
2553433
9486213
1226879
4966797
7683527
7395231
185189
762409
1507339
3516813
4862833
8733177
88994727
7363253
7788609
7045191
7974819
3001099
7845139
8078809
7807603
7752609
5366767
9095833
4410463
2045549
907739
3863953
3217147
135581621
4789259
2050741
4412457
3712231
2514163
3039407
8613033
4751203
8848447
4336939
5821831
5061451
9726257
5201561
171583
8985157
7821341
2155177
26957
2370753
3535851
7158129
7186487
1564333
2694453
7575741
879783
7690791
4248131
6014909
8397439
2709083
6443199
1544299
1599167
9885863
6165173
6878313
6365823
7383723
7921213
9777631
3453487
260489
9923537
7756127
809123
5517967
3354471
519561
8273729
6047267
7317373
1586611
5618529
6917833
5806667
3246939
9555567
9184753
5621883
29907103
928423
7161417
1216369
9126877
500617
8666493
5193373
7001009
7202521
9658029
4477773
3715009
5459661
4250509
532323
6530729
257779
3878011
8891467
4624739
6801577
1246193
7046517
3708347
8866007
3865137
3139143
4715981
113199
9521831
2577891
9105321
111435597
4285879
1956747
7990139
8133811
4530549
1985467
6505163
1235941
1846807
4351199
9392561
774083
9591079
914923
4640391
1719393
4032247
