3895963
4338569
39771719
7344939
5656379
2696711
9219433
6786649
5843031
1151047
2093871
6933447
5628323
8931997
1264199
696787
462383
4829699
8092943
6198299
4395143
1700373
9572637
7327931
5265177
553211
3134389
46742439
8245889
1769393
3628657
9624699
3833253
2186779
4157009
9463393
986769
7391093
156266407
3853481
8929217
195749429
9898251
8951789
5037661
2999563
3312551
8341003
6571221
9416109
4936157
7228029
3435881
3320133
1885543
9976043
2082491
8360793
5063323
1587849
8609279
3148471
7819477
7631921
179164983
1518639
5823587
5510909
120307657
1588573
7897309
4791859
719601
726539
8550441
2296479
749067
767027
150199253
3815273
6256791
5968241
1064607
4749369
1111761
6125777
1881481
3799289
7987489
164027939
610331
5316533
5052251
7732769
7311779
9982923
5963863
1681451
8530651
7405713
4622911
3754417
8063709
46239
4177127
5418283
4546727
99127149
8213421
5732743
3177867
5194521
3847393
7468869
8900123
4445761
8733887
957531
9414569
6459283
4926863
7527097
7449809
49978183
5949763
3221609
8434377
2556009
7226033
3718947
8526631
1401727
1834137
5656003
3704729
2219161
9896059
860037
8245129
5541201
3371467
9915239
9900163
5452651
9805711
5001981
1199593
365411
6678403
6710969
1662593
2606619
4335011
9072907
4500243
3162359
6556751
858607
1213503
5795389
7205889
3089283
2017937
6158237
4622713
2643457
724441
2243071
6008733
6528277
1285439
4711489
1845613
6586787
8253083
9099013
3293417
6423831
5307129
8270019
7825307
151015979
7113319
5304981
4603879
4354117
936077
6955899
4045137
5961871
6163499
141803943
5275883
3269657
9825627
9506207
9132513
9592179
5739633
320073
7061461
4210829
8522163
9654651
7020231
1943407
681407
1834671
2665507
9364229
9520159
196364879
9093399
1687637
7147939
5644213
8321273
6540403
9366947
7400679
8406031
116240549
7686779
568763
4686161
7339731
1068981
9741343
9598841
7163619
6089401
602717
8488289
414521
5017127
5013237
1468597
4552891
8268741
7966621
5215231
264717
2216093
1189951
177131
8454941
1582777
2482179
64139
7376899
8592087
4734659
4260077
3621357
9666517
8118953
347603
1759277
197133
2707481
4393759
8616649
9162607
6948629
1304319
96826017
5634261
4778601
1305737
8340789
2017741
2810421
4049467
3489329
3111977
3496041
9149381
2193179
8742337
7879499
7472429
2015499
297641
3191649
1310063
4475733
7097121
4846983
5979687
4996017
5933937
878163
9211323
104319
6740311
3973723
6743959
5042219
1590281
7944203
4043619
305567
3391641
8737983
5986799
4007297
7418009
6458131
526161
4193299
3206741
6333743
4570029
5588351
9969133
8621017
2247087
6957209
3315339
4162911
100797369
9631897
8275743
3237493
4778567
4696453
8366909
6264253
4680027
8973079
839499
4871851
5333543
5055783
2144077
2923497
198191819
9225317
1872333
3895169
6009811
6171433
115918457
2179629
1029159
5701519
447419
3380829
9983843
24151
764839
770207
3904889
9735779
2038177
2790607
597281
1789833
5574843
6059691
4806963
4369959
2235807
699399
3345583
8445849
2004711
620613
7499249
4348083
5610439
828207
4943949
4540929
2310421
5241029
7157193
3931843
3778853
1870127
1842303
5086497
581173
146559321
8497967
9722981
514891
7006013
4651979
2100999
5616041
1538769
4198731
5838893
3814913
558781
6569577
545457
3699831
6495113
8127357
5305527
7360081
8541771
3580403
5051379
5220067
8947949
38844457
4425033
986051
3243481
6509019
3936577
4884157
9685239
8735469
6201977
715417
8876573
8533849
6500827
84731779
5176071
8532783
9105581
4874713
5512313
1379967
1551987
1950657
5853737
8405021
150041149
728303
1328079
229277
1740299
5410209
8375271
7484327
3475699
4958489
777533
4843949
2204877
8135813
5605017
796703
7956367
359767
7715583
70093927
7038621
9381579
9175401
9380009
7688421
8828481
6278977
8585739
3588447
9935407
7222563
2791499
6345693
579841
6863769
3159243
6600593
9932143
76999
66773073
461091
2272849
7762039
3824321
4525861
206559
8671223
7187107
391867
962163
5933379
900437
7043317
4206893
6526663
3686933
5460661
8528429
8932693
4724471
8328021
7693511
9001801
675481
859529
787269
3266883
2551981
6307671
3704649
1797969
5635087
7558647
3837869
145761441
328439
177313
6007493
178568673
9351281
5458311
7728807
1607843
2441693
4160709
5923589
472927
2951849
8973239
5392997
4141989
1220257
1739427
3288527
7800989
1106767
3904117
66882447
7197809
5928553
3093383
2804347
186583323
1135067
801567
1783813
646799
5543799
839163
6783743
1012763
1826809
4256957
3191147
2675939
1156499
2790367
8258097
6971743
555287
8689481
6274743
3443867
9500141
8506263
6107087
8128247
214253
3901963
7034049
1560637
5249853
7918063
6971733
6361457
1690419
5211067
6038999
6171307
9417667
4072601
678399
1236421
2075051
6212081
96566561
797723
33103577
7690449
1573347
3742241
8580567
24143789
2068011
5098097
4520173
4550841
5920067
7730629
9669359
9223873
1146773
6858269
4461897
2375209
2481797
1160801
257257
2994151
276851
4393307
7969779
5156859
33181
3788393
1816513
633757
6258809
3299247
3702323
9227223
8734363
1442627
343297
9331537
502021
2178469
8452973
7185351
8903243
2818379
7393969
1834197
3614801
2841911
704541
8112761
9653417
7369489
4194577
7429389
70981807
5857067
845193
8023161
9851097
7199331
3844157
2330437
8645543
5305467
7155369
2273179
3482149
6479839
189431959
9306079
1911093
9539197
8927741
2904947
1095283
6387109
2103811
3315959
142551
5143667
2148287
306169
6377371
3145087
9595749
5725451
5884217
9099163
443601
2918379
1804817
2496081
6302141
7038607
1628341
2784273
8169791
5053593
6080079
6679459
2473167
6168561
9732929
6649281
1999207
2680539
6557921
9545583
9865737
6177681
4208907
8659519
120807031
556261
5333329
6336373
8514951
8153687
3858223
4555319
2132189
7429307
5685679
5128197
8402393
150870653
4425729
3471087
9913257
7241363
501827
1479533
1666847
211359
2754453
9922903
3176341
4769569
3499103
1023707
3231603
1311997
9242223
8609399
6309571
3872327
128139359
324537
4424753
6298233
4983841
698277
7994031
1002141
4440341
7614673
1886489
7482333
6704803
453511
3306717
9206757
9160977
370443
8134441
878213
4500381
2692919
9340959
5341461
1689153
2286787
94410157
9602951
8565501
3489353
1787919
9910429
7925079
1271183
44560867
1766559
8090943
3486867
215899
1184817
3153443
7219669
2854607
9282619
1208849
3886533
