9344257
233273
5759473
94191387
2901159
3539877
5919219
186976239
143804897
7139213
8277879
1365909
2517473
92613
2774179
5593517
8092607
8231853
6779913
8132551
3357613
5911487
3414683
9984257
7052553
1744727
3419361
1646527
468293
97544869
5566621
45222793
85459
3770911
4553667
7240409
7568233
1791517
4183699
2764439
8747167
2904219
2820091
86737
4242683
4129937
313469
4213383
212147
4252413
5100417
6205721
108723
1895173
3735883
3643533
4707061
6614499
5363699
3913951
8866549
7929679
7716563
1841053
4659003
4995409
9335011
6667723
2487017
4564741
9176149
4820169
8790339
1195023
7920247
6586951
8546307
7187489
9010657
4120239
521939
1241017
8589959
6145099
3701333
8489909
3098919
7784933
752903
9972577
3713637
1207009
2322889
9015189
41751461
1893129
2965657
2666993
4893761
8549373
9519051
1019813
1595319
5557571
6486643
5138047
6412507
6410829
5059213
8511327
3775887
2574177
148229909
108701027
3050879
3399963
1617371
104541
6865273
8890101
6689923
7447183
6733329
40431
6510419
7908631
2503773
1226323
861783
302351
2552641
193751
8221931
9550031
8678619
6960551
647847
8750927
3054927
8628867
4662087
3076581
7366147
4854803
670869
1538893
7525961
5152923
4168953
8394377
957401
3892889
9294969
135662131
1623597
5596913
6352493
15391
9716807
191374443
8121501
110727349
5651463
7025269
9395611
7303983
8636641
367021
4316757
7582643
7498229
4054753
3099463
9432743
6678837
7288493
6746399
8981959
3694367
5362147
9110209
4857371
6012821
7448419
2615903
114393
6592339
7881443
3418727
1051783
3569381
4898123
601083
3021631
6877821
8478419
2852407
8139681
2375927
4360633
211317
1714153
7122563
2894447
3478443
221139
6458499
1338051
3851661
97858659
8614321
291427
4060511
774999
6708717
9176253
7739761
4914209
8363939
3368509
8675173
7089021
1292041
6420191
6671663
4913569
1702639
4926133
1404591
6271863
2250241
5126931
13103531
9335337
1201699
2985551
7608401
6753053
2784131
9560343
7306857
7201179
8209301
7106237
3765893
3232289
3093479
9840553
209781
6847179
8749313
3820293
6331671
5923611
8449101
4103523
148536531
1958647
197915907
6924393
1073223
1546851
2525289
5771189
42765521
7998817
7604617
4751823
4079407
8332897
2772871
6867843
4192847
9247363
4586943
313411
161777
7868793
2384503
475519
867883
255133
4672089
8061711
5585293
5223229
2131331
6652197
6337511
4385723
29516971
8744879
2342371
2874911
5175649
345387
9500011
4383307
895317
9494389
123311
4843657
2274599
9247973
142736813
9916501
1261089
8690631
3136457
4529389
8265843
2496051
3395233
141282229
8164877
5938039
6747763
4948941
1981161
560003
3935357
936173
860483
1640869
2694263
462047
6416209
376869
5376409
5988307
3752993
161413
9998469
5861041
961387
9580709
2574021
6233601
2463939
1111177
2358699
5857387
7240979
6700457
7445357
7618643
649759
5435199
3966669
6877199
7213393
7721797
5501703
8218457
9881063
9715131
9576923
8020849
1520321
9005783
6645463
2525561
6727783
2026279
5607053
268033
9052291
2288187
9766883
6736739
7002111
5640487
4568431
348299
8832587
9369887
51636681
8181791
3465637
8095021
1597959
3965593
597523
2202701
4835867
607141
6931091
4942753
4665591
9644679
5982597
1720469
8958477
60928343
8464109
479239
1995823
3540537
88203
4309409
4266587
5447071
873171
94965859
4081961
7517579
2531383
2019021
184170073
1427031
7957743
45391
6469739
2973759
5553193
1523453
1700327
80547
1226369
9241787
1922233
5155791
3673931
1516433
7495039
7636949
1170397
9598519
8027587
426667
7956521
2829813
5037333
8227221
478009
9761953
4089239
3502849
122734289
2653199
2688547
1730069
5332893
4965791
3408077
8339463
1057097
2730221
8765891
2620357
5340607
7015519
7919197
5915153
8660397
131199
3449091
1519481
7150279
6778517
2289077
2537753
3681271
370181
9736627
8642659
8045403
3375579
92335267
7806011
1216397
2383583
1312527
7607853
7062337
5079641
4177317
7105423
9185583
101733
9346773
9223939
7539713
4260821
3815601
3256349
1492469
8216709
9705053
7576209
5276107
1925151
8351143
3135439
1123949
4984319
1481033
565161
20363
5648373
127168729
180277
4172489
9525347
5835431
4855983
6625471
176101789
3132333
9337767
9196607
6811909
1725573
6075697
4411809
1415377
2564381
6498393
9923863
8774977
1321609
7862129
347753
1150857
9691323
6618609
3103043
3095829
1234281
7814507
7801727
64269797
25607869
8891493
6837163
6930043
8566289
7662811
8422199
478281
5832617
99063177
4977009
6935127
4046059
9838659
1647481
8841533
6052949
7582523
4042403
65178507
23338141
7434599
1439987
3634603
8938859
3435879
4010817
8709723
1682243
4992309
9025847
5950011
2868587
1728979
3654791
451779
9358827
1285257
7333391
5970829
2359383
7361303
5870609
309859
4894021
8385797
2173959
7195743
8008379
6725433
48035823
941251
6289783
8944499
136046651
8964529
9676687
1688213
4450607
4489767
1886343
2171759
3440789
8465519
2056137
7418639
595069
7960841
1936877
7444861
2652907
6786119
1593129
3903221
6707581
3091559
3792987
6497593
1697423
4233097
5868063
3458501
1646333
7327839
9160971
8218003
4574779
9172911
4950887
7854007
4717211
1847543
6835783
6313391
682873
1264273
1953817
4033399
7403117
1258217
4313063
8835311
8608781
8660189
9701051
7880831
2979433
4447129
5305631
7118569
4756951
8561639
5600739
2695719
3060343
1160943
7942029
8680541
9253197
577043
9743719
6073149
8129749
9936787
8476959
3393381
1401737
5765019
9397793
3406301
4602931
7978161
731997
1468697
8760953
7395383
9019689
4739151
3834553
9155543
3917421
7258211
7275171
1109767
6034949
1306781
1681113
4280667
9590679
7990301
6253481
7625827
5312597
9049077
7164733
14549
9291611
1258901
789787
8715561
486307
6633777
8467481
4101941
5314247
845371
1573463
1834337
9016927
3704169
5592681
4649797
5331299
3496373
3023279
4417357
1910211
1610169
1380741
6075343
6519857
4642411
6266479
5642393
6349171
7660823
3607459
7624871
2444683
9558883
7123819
2410263
1713077
7401613
7456797
472531
2469687
5667433
7256579
9142113
1073727
635821
9751917
4545669
3093591
4333037
9910939
762239
8216467
2180479
113041393
6594513
670699
1306569
4650787
5578437
3168477
6729017
2283017
87707
7215589
3434181
8859321
6490631
2811149
6439
3968689
5106219
8228213
4583947
2858043
2620247
5512111
5018671
8130659
6145299
9217991
4879277
4530959
4745073
3987083
8472793
101887
2269583
4341669
3428171
7584003
1185711
1995453
3300311
2839871
107490619
1605039
4685307
7449541
4245499
6137787
5012343
5702461
4377693
2649369
4181103
6953157
7130031
