8661011
2874487
7262929
3183957
92023723
5928417
1555383
2610001
9622753
3354251
1485563
4291207
5434919
4348717
659927
2945327
78609
501309
16355637
4375641
5004551
320117
7106897
2509199
101837
3333367
3725541
8506043
3409977
6551697
2988757
4666101
117284911
9802631
1456149
8125547
6729663
3765217
570247
1274787
5652349
8289987
2125667
7778193
6443099
95456719
5129969
77605887
2618821
9999187
8995803
99839409
177801339
5488413
6341793
664279
6997349
6934299
407133
4279943
604977
9178257
8618031
949297
3809099
4616981
5571697
1429591
4908261
7223391
3260593
1984833
3931549
8412239
1967479
7257381
1629223
5138429
7081653
8557117
3543521
3137431
9888771
8885323
4299613
3919771
6360451
8361107
698771
421977
170952821
5452093
9508353
2327533
6660667
194294617
3997629
817977
8365379
1999807
6593831
9647307
44607287
3338973
698227
4449539
2912661
713727
1327047
2436493
2760491
2737493
185283
7879779
721923
2959149
3540469
6148049
4539351
4819259
849273
8325711
5245179
7578261
4240421
6991741
9304027
3118067
9825261
8453469
6968953
6082537
9943117
465117
918287
5021357
5334333
6147559
6356687
6833777
3811553
546281
5641699
2944699
5238111
6350429
9809881
8285601
4171723
7570321
3238207
5564067
6609641
3124707
9245443
7494607
3953773
2774219
9370781
8070909
266287
8303807
457789
6957793
1010269
8862129
6717989
2972211
3918501
198439
1292709
2941499
962941
5875457
168507
9828441
7373161
6285719
1167089
899421
639789
1484347
1718127
2235363
4932127
1065693
4762773
7498859
8890601
4537551
3275183
9851161
1051669
5366869
1051733
5184021
1108367
3561771
7560653
7170257
297777
3800041
7993647
5997819
571997
7543139
959513
1466101
8795283
1738851
3622247
1274561
8257593
8473647
5871157
5658141
164986807
742481
8870663
3603749
7653071
7187313
8921381
858431
2981861
9261883
8834313
6470121
3369791
8863991
6366797
1973651
4683063
353393
4508383
1807351
4570561
1338467
6807649
5084259
57070367
4087533
8588593
8254849
4613583
5270467
3610577
2441217
5899189
182353
8579979
550909
79174069
9253509
5124217
7497627
7612421
328879
4447767
7603463
170520379
8320607
6247609
5680191
9898389
4147823
23064457
3759951
7862673
861341
5137463
6498019
3515149
80385131
7546579
3834571
270741
5914221
4005111
4639223
9700571
277403
5741607
8392397
5275137
3856611
6255879
7948113
1529611
5947573
1702401
9323141
3906839
658183
146742893
6062377
3796381
6580911
4169607
893783
9801453
64773
7265491
2017741
4764173
6271483
6204371
1211341
9649137
4046529
6307741
3421801
7450711
5103829
2056449
224133
5113163
109294969
3938547
7117349
9162157
35921
3182247
39847037
6370883
2657637
3099789
3229199
4449837
9756827
1845143
1375869
5766177
9980121
7995181
3500617
959339
374667
2278549
273881
9200167
6454073
6276413
3468789
5075813
4749613
95205741
805239
613849
1114913
6923807
2383581
1129309
337563
3886353
3257593
25174301
5862477
5567421
3944381
6736589
5855477
1526911
9162681
2134473
3088051
6252339
8641867
6467181
7056099
73343
4360133
2337011
607417
2216427
7644897
1039043
4235201
1516171
186381
523367
28396489
2380541
6114561
2021719
2806111
8605099
6077753
8535747
8702423
2688657
2757009
108740083
2706647
727587
2955867
4498581
3196937
5932211
4874937
7915727
5076907
5053263
35075429
136591351
1476529
4398699
5926697
466983
579197
6284329
7727473
2494977
5467869
4390967
6135171
8000591
47779849
5921931
6256679
3715529
9918249
6812547
1022427
3720019
7995101
2596843
1062039
3060129
3318881
2903299
54211409
7614093
2969081
876113
2038057
6523049
7186667
440419
4096547
3865083
3675489
8116439
99519
32416851
6369529
3012261
155093557
9939711
8652921
6800409
8179273
8063039
6469391
8792243
4004707
1400397
6430287
2748759
565871
9170843
1574937
4971303
7861231
5106263
120751497
5144071
1495429
2073641
2399961
3840457
7649477
1213371
2097799
2447259
8978479
277691
6816281
1489861
1275739
3178593
4954471
7740817
1597059
7346041
1994553
8829149
8932257
178037
5472407
3950231
6100573
3920849
9800393
6792267
1304957
8320403
8836207
75963
3871373
4265369
2501617
2798567
4934283
1410423
8390673
4046767
8604347
4186037
8186917
4025023
1996171
6201479
348441
1838401
3835409
7282833
9886753
5653837
2734911
139903023
8054747
5300971
9398441
2962891
5097637
3025593
6752861
4917921
1836199
5663113
7065147
6654243
7394393
1991711
91180559
8374417
3936073
586467
9612367
6478951
1937817
5349257
2983973
3572921
8968423
9664737
2321717
1499789
5284829
6891403
7602227
8535911
875523
5851001
966397
9400853
4193993
659987
1205401
4132281
3669831
4881031
2450361
77723
9509479
4477127
1769757
4535011
2090597
7068579
5398649
2583021
3822421
62739
2504581
4963619
49296183
1114263
7532829
9109247
2178859
49766581
9918483
8123769
1116107
3618847
1486379
2496453
88868579
4235569
6546779
2990007
8794793
2169159
4897459
2268079
747803
3061053
4559627
8380057
5129009
224027
4037691
9198737
8923731
7106261
5649327
9272127
8952661
9780769
8955471
6854247
2392599
198932111
9129217
9212961
7511029
9202939
8931583
4479121
3647211
6732049
7288199
9511871
664597
8451503
1306241
6353633
108749313
2182939
392991
1449719
4026587
151441741
2962883
1930709
3188803
9105701
6159403
5255847
5006943
6107573
8883809
5387357
1529159
8201121
3074143
9802499
4493081
131265173
8908519
7811379
9554743
5275799
3638789
2065477
2395139
2736767
118132233
5603373
6760737
3130027
1356349
9506307
5613559
3747957
171533
8218711
9002971
7638537
9351323
4386661
9575049
2840371
6920323
6749351
3409133
8486547
9991321
9830903
16700613
163018171
6877227
4744919
1790641
7257543
87591
334829
4732221
2747119
4695447
9352127
9619583
2993821
4192099
3618487
3996349
1249859
5604777
1148807
297439
4260129
9200197
8016501
7642277
8570017
7392883
4701259
8469039
6545009
7138313
3175257
7501789
1953861
7956681
2651449
1789323
2676631
780897
2848737
81957359
5128117
7699799
1306559
4414887
4704363
3594419
3375011
9180959
5640601
3404567
9384899
6472403
7900767
449877
2943421
4875467
6684087
6049909
2223467
986131
7832267
6119573
8603141
5179911
5879897
949599
238929
2277979
177344989
522751
4054409
2232723
411491
2560327
9769627
3489459
6608057
4234379
5887363
9680287
6244143
6316217
8520571
463413
6221763
6415587
4989697
4069807
2372909
9752557
7507431
1127139
6845633
2106339
8057423
1489863
7011221
9419493
148116901
8686729
1581533
5493147
