9848941
5755627
810263
5087251
4566409
9665381
4621109
113503
6559433
1552551
54032053
1774877
3045031
1797353
2492419
7531949
3193537
8245519
954851
3081313
60145449
942681
2191999
613049
4873639
5943777
1414027
2540317
4675501
3654543
6794977
2101763
8356681
8694401
8391279
7063007
6715749
7120207
5488439
8795487
6530701
7588319
4550979
6429
9939713
9442593
8273243
8059253
1022537
5356029
7685491
8874101
7652737
3096551
8773061
4519223
876129
9127863
9030977
1274297
2247939
8277467
3921037
7536731
1941157
8646873
5971171
3126829
4905321
2176179
8974257
4037611
9824029
8063623
4612501
9530969
8785437
1196537
3780891
1042493
5957827
5427141
400247
9999897
146700099
8386293
5186327
6223207
7544509
1612187
4591847
8772941
9832741
2358411
7242699
892693
6178483
6671353
13658799
6553471
3200349
4221477
9538227
4131599
4259641
8665091
6796283
3047323
2887357
6957083
8189219
3224271
4278101
6796847
7098741
3101149
8671847
5527971
1401699
3934709
7634073
2493207
6094989
5555607
3466441
6714791
8935559
9059511
3054559
1721773
163673017
5667423
8141903
3708463
2531141
3339803
1129473
9371969
9432633
7561617
5467553
6589589
7139669
1581001
318561
2911159
5854663
768141
6682779
256671
4292361
9354207
9677453
8204401
6110231
149691
5638677
8993351
775719
506427
171041271
2458653
8972559
2792999
3932761
6603253
4554967
4851277
8832017
366861
9245681
8568883
8895619
5434787
2555631
3252527
2688959
1539349
3798191
3069583
8056101
152319551
6633931
1394007
3125943
6295299
8578779
7076147
9652019
6137927
5062731
5391651
3376679
763981
2636217
4764917
356249
6894271
6770119
7988119
2580579
4658837
6167593
182259407
360269
2836933
635829
2919549
8240267
4122471
9016873
6661551
6327623
7970619
3743359
4710471
3280529
2930933
5993433
3428017
1139287
4820521
5473201
465587
5805663
1996753
5847529
3900801
813829
5002619
2231331
6834841
5922537
51651583
3423353
5503017
6331341
3077629
8362581
3717033
5077201
1382993
8052713
780037
8569841
8761923
9667641
9874731
8267911
1880553
6768229
177912431
5108527
7954151
2498001
1380803
1355019
8476149
4225193
8603329
4839267
4111433
7226019
3948097
105531
3055663
4979687
5088919
2145993
3042871
1640159
6933957
6382451
8600919
8405511
5292779
119209383
5700697
1758747
3926779
6295457
920271
3874953
1034701
3737303
5254703
8711329
3266143
5361503
62067567
1658797
9021401
8373053
8189917
9147369
9299091
6153593
6408867
3408483
6817903
9831493
7823033
6995277
4254171
8948523
588723
721947
3375737
6075479
8420609
8910897
4038991
2131389
6497261
9056693
7261599
2073287
3554429
9962821
2835389
1853069
3001783
87578981
4175021
8289519
9787549
4956507
2019957
7278857
399947
3911933
1046567
8207307
9060303
7770879
1802643
6074511
4982869
3189413
5627147
4099691
3933647
9233919
3145027
1288639
6494579
64301
517381
5914431
4801907
5812017
133623027
5992147
3842853
6131803
5448683
3568421
6746529
8386069
9142251
1826463
3515227
4453799
1495363
8271803
2832269
4109563
7085729
8896039
191326389
5632763
3849003
2101283
1445151
1977931
184158651
7881997
2835071
2978729
5397719
1971159
9680091
9399651
8728113
5008971
7543579
889877
47331187
195887
1279881
7751077
1531793
4348759
7284113
1080911
3336837
120579097
2136279
4967743
8757363
5560411
4566631
9062961
842677
1841049
8953803
2572489
1527337
4957063
4463811
909207
3163803
1847887
5721187
6573441
4803987
5143497
7741833
617577
6821941
26019461
611039
5924627
7009737
4341807
7305957
8926777
9426127
3728951
7986777
8818079
9536511
8100943
851591
121457613
8156821
5814231
7793183
8775207
9032693
7134803
6656631
5271857
6672571
3815163
5859201
8629791
6918779
1156187
6494767
4051741
3033437
3458999
4169399
94069421
5046257
66726671
365571
7697949
4357501
1289139
8338647
1671173
9846541
6871937
210797
5561977
986623
1490651
8186247
4038411
1056747
7215251
5868811
8801023
5799039
1028683
1591029
170199
6588161
7793439
7992507
2433497
8234601
1434907
2695523
796869
775243
1111351
7977969
7039819
7685847
1342427
1544887
3471543
8686047
3483481
8093863
1243809
5863113
8586593
2491889
1823237
6978797
28141607
3496503
889209
2446433
9459827
5586073
5627167
8927899
9843943
8835149
8053859
9354683
5842261
5044383
70057
8163427
8019871
3930999
3716543
9413473
9126441
9222663
3201433
2372719
2824949
3103209
854521
7442511
419947
6028853
2183651
4612187
106085197
262229
915793
184453541
807001
6405053
817889
5357577
4355119
6767529
9953791
67003937
6903087
5270919
5928603
9837659
14308911
7611673
4212387
206763
8760431
354069
9531563
6491051
2282071
5194931
423839
7267329
4863109
4270209
4151489
1577781
8539793
4389253
2340083
4067913
2736693
3280153
4221093
3487487
5162907
3262033
5448001
5773147
12013301
2191161
7765627
6624097
7657243
540393
6638341
1953151
7140853
2045317
4458031
2447901
4444019
6126717
4798079
6142559
9869213
9231531
9924717
2693247
8102829
159025431
9661141
2143029
6204309
924853
1110867
139805931
8570141
5374483
9374407
2138467
1439401
135413
8709429
9908087
3513393
9376147
8677171
5886859
5593357
4203461
1096873
8548133
4130367
2398107
6393507
4237963
4765859
3984343
4167669
5523863
5387661
5953287
8566309
7656467
7321941
4448853
2403051
5242493
6990661
6985137
3953933
1851281
7497211
1398521
6658333
8155259
3835189
3057987
2378843
1019673
2293641
9119141
57130251
290909
2412127
3569889
6862831
8599963
9466391
5657693
9219587
2435253
6027727
3919743
4311487
4577121
732343
9947803
3089849
56222457
3379097
2140787
6770961
9430353
9421719
7341857
1926593
3043071
103057337
7700817
894623
1143699
1425237
7891539
8687879
5411059
7179201
1331527
1652243
5535117
3182329
3035991
4432169
4886191
4727067
3724907
81313
3252771
8979407
4564637
2339949
7782063
6672443
8043289
1386829
6619633
1058987
3283357
7403637
6268429
3213149
9658017
6255233
9046791
6519859
5400451
3846711
2912559
7634083
8385541
5431073
6468897
201007
2083551
6320539
4433973
6346801
7358863
3369247
3990851
3889681
1955979
8466159
8276671
8567633
53744601
1242199
1394627
6476271
7943219
3327591
478857
985179
1813239
2598707
6219889
7191981
7688657
3495853
6404251
6413569
8666467
7865807
711921
3327007
3758277
1960127
2958823
7626459
7435673
4452707
7939257
446157
1463303
6852301
184330793
3233783
3663439
4974463
8892519
3660709
9279001
4726137
4144959
1092341
112005813
447773
810919
7015247
7152229
1300483
1781369
127847053
154598139
1890349
486209
1719631
992771
8182321
2532497
2243363
7397681
468263
781973
6376883
9919369
2197709
7357973
7923439
4254673
8731449
945553
9747703
4012021
4088173
4298727
7219479
8738931
8183173
5790311
534297
3398899
1680131
3015479
3396549
1672363
2667851
5029029
3377669
1137783
6256949
9073781
6046589
846457
