6191041
7430183
1446741
9838443
7908909
5483307
7333177
136333
4308481
2337097
7084367
27384389
134163471
6969097
634267
2958651
7734937
8768593
2127693
1963603
171460343
8133133
8540567
2409681
584077
5993049
1604287
4407831
4461369
974991
6603059
1065859
5929443
1358731
3268299
207017
6200939
5248753
5225171
6012703
2309253
9326307
9021537
3500969
2130383
9061201
5577553
9297723
165584121
8609659
402331
9204621
5388343
9075021
8047673
2421347
3076601
9232673
4937077
6594313
4533123
25869
512811
6510229
6750871
3112161
8414879
5841847
1726061
7837597
7612049
1068697
1092071
3968907
134358943
4588469
6456701
6671279
6805027
4851891
72743069
6403977
1253901
4650731
839193
7228299
8295079
3604367
7027591
1567409
1276979
2681263
2529627
2233831
3353877
2280657
5698229
2202539
6506821
6266463
6843619
9897411
9845559
118913
9913971
2832439
1740431
2289187
730887
4966433
4905721
4836147
136008597
5703611
7731051
8924653
764533
4683327
6776087
2178867
5675893
9081673
7382221
3538049
9492317
1623997
5586033
7774161
4619543
5219
6782679
3680553
7992647
68106021
8486491
7536647
7046449
178553151
9727373
1518281
182949
8318863
1399783
3281551
6788757
8400417
3336171
299187
4330613
771171
4933691
5953093
4728297
6940497
1709087
2072587
5100871
8227111
513253
5683377
5935567
5873287
920721
7921287
4335371
6727601
6764483
8648211
8139263
5913417
4538823
152403473
1278767
6642331
1789509
3954579
8409507
1727383
772117
8881663
7597639
7238599
2085553
6541179
9863191
4360703
6667899
3992023
401563
4148199
8580937
8725609
3010231
2733783
8082903
7228223
9910181
3999857
348689
3839997
2396839
5517561
3966133
3216637
8301463
5011377
8132043
63314411
1391839
3073929
9035761
4718783
460027
2981077
3086907
9249371
9601153
5558743
3322411
4053541
7803073
6338519
7356823
8191521
3744823
2385761
8770393
5441741
64751733
9023817
741017
9248719
447873
4171971
1216251
9186571
5103973
7328573
3621119
2752271
2751717
830919
9213267
1203243
5255451
585989
8496941
4804819
1163861
9174491
7549179
1772981
6686319
9036471
68378469
4551861
942431
4507141
4687151
7454703
8453573
6762277
8237673
908223
5461137
9596911
310223
33717099
6787547
8944693
900539
2213803
9112109
7252087
7502551
1218551
8729849
5327233
9848073
6167967
5464421
6687273
4574887
7138347
7221101
8450707
1885707
275451
6101251
4714781
1158403
6424621
4276711
8621383
7903129
8912423
7210369
4724149
6829169
2062807
7794857
2363243
3081957
7529091
84370009
1665633
6113493
727427
6476451
8844123
9811173
5450979
4394291
4460753
3108559
9719481
5538673
4689761
2199217
7264367
9634921
9145711
2676481
2923273
1396833
6817599
1101679
2210163
4818157
828437
8423841
1660131
9658599
8028297
2299051
4635309
1787787
8976117
138098493
1149567
7387521
4397603
3203271
5472433
1068263
8101599
1876217
156101
7144311
4797359
1263217
9521567
4144687
9156987
8112517
9067239
6978693
2812073
6187659
3907957
7002927
165068367
2611011
2902449
7507007
4533409
4395709
1034603
7990557
58560097
9042077
7450389
3012609
130035021
6046767
9706667
352369
7874473
8525683
9784959
3826857
9396619
9160677
2691769
6923569
9719573
4746603
4247689
455113
2121989
3351199
7512671
119764831
5947163
2826179
8209879
9722227
7735753
6065393
7246081
4099693
4427499
5190569
3857281
3562513
5027419
8420157
1686611
3658351
9804599
7014641
1920713
3633721
5524279
4756851
2100073
8283281
3369471
5936947
3209649
4919293
3578979
7979561
9610987
5372901
5993923
2983753
3715167
3968351
7625009
4427301
1390301
3698833
2554567
2041901
1743237
1955361
7114733
9009693
3234239
6952473
6951287
1572353
3319741
316851
8368161
1352139
1880787
5408879
3984379
145683
3689483
5298353
4923541
1426859
120994469
145287173
6444081
4435283
8236123
8676317
6046267
4216051
2052281
4250059
9002749
711873
626927
5188189
7690397
4156679
4370703
2833599
4974941
2711231
6547719
9925783
3282547
1903619
126901
4243193
8338217
6085277
656479
1292221
7121519
5096451
2808687
1122363
2297429
84671323
7490811
8383393
4168637
1724533
4168011
1918133
9156061
1799643
2846829
7715817
3157499
2079039
8464937
334153
172471627
1320183
961491
7754407
7110051
7685569
8753031
6968067
1816967
2391863
7134669
2204007
4411983
7649853
3133217
3544651
4798851
4969497
9718389
7518189
7165583
5545063
3555509
5828419
5582101
3722907
1065577
9310113
2479501
1618219
5636453
9994203
9301503
5143617
7045469
9833947
6890817
5133273
1839237
5244659
2089241
2233329
7699827
5093311
9667487
6201839
1106859
5731777
461173
9304569
2895981
6064001
29757
2453743
7459693
5589651
5590787
3104349
4217563
1474913
5136689
9434333
9885439
6420821
1120367
3647109
9015773
3310327
8176691
4807951
6028077
694557
6107103
1628209
9030859
2342631
462193
3664679
7437349
2243051
4100217
45807
1805583
1435043
8156579
966859
2146809
6295831
8062649
9947489
3104029
322557
9402631
5434519
5703963
7175831
180291087
4622281
1776581
3342209
5162181
5236363
8294163
351607
6015021
2315289
6837073
7810227
1871597
3847351
1787429
8402249
4733359
9906303
920403
7870887
7580017
7250947
3338523
5431523
352507
197878541
1134811
4722097
303493
608177
1512753
1695441
3336577
3323429
3294959
1272673
7632807
6097969
7127223
3498547
7725319
2485957
8068827
8731211
6769307
1456537
1672641
8046681
5581937
1767877
5633271
187375277
1039979
7906691
2980669
2993281
3803681
39276933
8657447
2931789
8199279
926497
136665597
9818087
700233
8939703
8169153
8131949
14117
6455077
4027257
2710357
488927
2889951
3492227
2520739
6202097
9928277
5840939
3468597
9139103
6854537
8633873
9801161
943579
5059527
6442587
2482839
9566601
8017043
2999647
2871317
3293373
9305339
1499241
9676211
9129763
4484413
1382013
3022053
852337
3137331
5267627
2592523
3019797
2063003
126861
8040159
2429191
7634871
6875553
7330033
6536019
9845577
5588923
6149431
377919
6609479
896433
6021063
1215777
3259343
2412791
7556159
1380687
5543289
3314221
3258757
1891569
7314907
3898163
3202799
5982427
8659837
6196169
2572787
6989459
4313601
7710003
4871509
8341701
8337991
4993451
7840011
16161
3309071
9117271
5740991
6129711
7971839
7554219
