329837
7833879
2777867
8841367
9599939
567929
2351079
5499897
6365457
1987517
6358087
4589571
9745281
8571841
216441
6382309
3496921
2700461
4410449
7879153
6866157
2137951
37248629
9773811
4942401
3983737
1785233
4516179
4645193
1183049
7337273
3337269
6460713
6162611
2469361
6003129
3382463
8420319
6465969
1515649
3799803
3263053
5022701
1627421
7967531
1822697
6657893
7870107
3366377
864661
1884277
2386797
8500933
7721741
7850401
2627831
2941669
7002961
9444241
5484149
9087659
6975231
8273233
4178601
8217937
9764929
8209249
3199917
2768091
6804003
7316317
7751707
9462319
1258717
9177117
5468251
7103277
7641327
4961851
2066311
5612463
8436313
1896003
4930563
3014151
6614099
9061471
6474963
2596153
3674519
4881649
7144721
91394441
4761171
8480737
374839
7759103
6643667
7569939
1344581
1439171
591937
5678477
9214429
3365779
5882177
2785049
3881361
6757029
6034221
2362723
6968329
4664361
1984649
7369973
4353289
9279197
6171467
4566241
2607739
5763271
1379633
6489943
6031199
36575573
8170331
1157483
1512661
6514777
2182587
8709203
1180133
290759
6914107
3048779
1645297
4044299
9013791
4499801
9704547
2085651
3187111
3847147
6318537
2703597
2487201
4752297
8585347
1343357
6223161
4566657
5561077
9280419
197899
7079469
4571451
7005951
1599703
19016201
5823681
7904323
3566083
5409033
1092773
8123201
5716403
928897
9360077
3620783
2191253
188517
4129093
6727711
7160853
4678333
3937127
6933087
5630901
8412321
8213009
9415249
5384157
89154087
5956857
6809447
5374081
8025933
8348519
9186549
5307703
9517021
5697021
8882159
3988921
1078333
4745299
92765499
6102793
9050489
9984847
7714263
7832523
136213
1771307
2539889
3253287
2894807
7117157
583691
655287
9370341
5309759
8805347
1866971
3283509
8874333
2095743
1762277
6070223
3972143
3280453
7946163
4082363
52495663
7963351
6384601
6570561
9986747
7099183
119447
6963261
42197
652291
6717659
6873719
5591161
11115497
5810011
6451373
7254623
3440723
3013303
3243291
6768271
2558919
4357741
8727199
4669883
9584159
6027121
2559689
7266213
9370189
8712669
2938011
1425521
171206533
6722071
135091901
9000671
9610119
1952001
4328751
3824249
3286269
8391027
39713847
9167573
4149977
911117
7007017
5447123
4711483
8734953
8175701
2213551
2470027
8048091
9304247
2494071
3645503
422327
5749651
6816469
7709589
4432891
1303973
5038417
8013447
9969841
3632331
833089
4406789
290843
57721
7078103
5600259
5041307
7952697
1495631
9015441
7911201
2256129
1590301
57798899
4180229
8172627
1451927
8889901
6841297
3526517
7905983
8793193
4134541
4020113
1412801
111919559
99751
3730593
5377121
2140197
435811
1135547
2122619
4657289
7687899
8897797
8480237
7689163
51311
4404081
5883887
503639
5306921
8590941
115258949
2833613
2852307
3153563
9563479
1976987
4235033
214147
4248001
4727547
109977189
7597961
1578851
6856747
8042983
8311677
35047879
37014471
4323489
9793503
5924051
8799397
9582983
6596021
1777319
3966499
3380809
2769779
4521743
4475331
7450389
3050803
8953293
5240699
8491959
9225517
8159627
9223073
7330521
371163
684717
491847
5278213
3971177
2187409
7139791
6642953
7925117
1646573
2017893
9675903
777097
6675441
282471
2460103
5166431
9250201
9403227
3898363
6760687
4685277
9248243
6589149
2684677
186012413
7752319
5285317
186350337
5308197
6769439
604359
5102097
9403011
3822697
8151361
2556711
9852203
3825417
176053653
4818059
8028553
9824421
6674357
8442099
4500297
5070283
2062353
184683519
2728019
6237661
9237537
5037043
2309729
6948293
2457423
8749339
2510053
8841337
30807
7478179
3529093
7273477
9578473
2281453
8564479
8056073
2836353
7651323
9863499
1440903
1411327
9345821
4452011
73289
5314551
2499471
747329
9887757
157233
9066977
92257067
71364057
2862269
7987221
6735759
1990473
4670031
7631591
9235639
5557283
5073639
4756623
2961171
2935557
3393541
2333569
7013187
7484907
7452829
1109503
4688859
1222377
5400009
3162091
9984427
4197179
182928107
1895559
8360031
2338969
7399899
5312057
9007711
5264271
1554163
3432947
2345401
4924039
5116197
6905757
5369723
2159737
9235383
5659513
4814543
3859059
6472783
9401027
8869001
6796029
7677211
6876947
5133717
2279179
1619849
1334477
8615743
3346553
2313097
2708233
4457119
108075257
3987961
8424149
3242341
3842611
4410997
9120661
9833769
1428907
1421323
6219163
1997129
5936353
8887257
879541
8125427
1369447
8857513
2820353
3834447
6974791
5981877
8687387
2102773
4862101
8844567
5663283
761529
6935999
127308197
4843677
4400913
3012297
2234327
2856473
1106099
7123031
4492713
1904909
3916253
160797
8592309
2187437
9279813
7854957
117727243
3346533
8824747
2040827
9311197
1642533
5550029
8878557
194049
8583201
2766021
6265049
857931
8264627
4295883
2482017
4689253
3109223
9619997
9953273
6328917
145687
2833997
2239599
58281
4167557
3444209
2637451
6346917
8791181
7939977
2968791
7695671
7448361
8627011
6706351
6859661
5379469
9146027
3505857
6822909
5062291
4682023
2398241
6692519
7667943
7397739
2572969
563399
1452709
6820051
2734227
1966557
5488691
5478459
3309069
5731521
1337829
6131297
1416019
9143017
4411891
1379603
6878807
4691149
7674713
184093
105588029
4332631
6166529
605047
6991387
1982203
8262573
7679497
4273089
3704901
5355969
8396117
6117831
4007323
6420879
681299
1680127
6775677
3597329
5696157
822227
2240023
169363547
322103
1804201
136176177
9715153
4142073
7543699
1103281
3073491
5154931
2081617
6642087
7500353
8854829
4267833
2026857
198172633
8498773
1510513
197742577
2871247
2250609
8384057
6320711
8855049
7067533
9948287
5005183
154436017
1211551
2909663
3794209
8090831
2682471
9490901
6204629
7376619
4372033
2405033
9165037
4011237
1620061
9224567
3888519
97791
1121751
3641801
6184697
5183263
9540369
4084577
9998583
8175221
4868333
7146199
8680053
7647161
1886167
2151697
8332527
6514439
9643667
5350237
9062581
173948993
166833
449559
1269823
3234989
4824491
2307129
67687113
7347299
1013083
7420569
1052781
1437159
9301089
1700607
4092387
1558899
2435011
4398489
5568561
1019011
6952117
82699197
4868591
8686563
703413
110587
30481349
9594137
86686381
4798263
4642709
6537639
4812317
6650411
3039221
476303
8962973
8096133
2181199
8041849
3326719
6457743
2871187
1650831
82854021
1032639
8955233
3877509
7072541
5987351
9529507
214469
9598723
1007367
7391411
6940529
7597847
5498049
6608161
7675787
8047323
7512429
964263
3855167
9656101
4005063
3038267
8070971
7086783
9131307
559801
3113113
6296951
6659729
1349543
1940529
3839981
4672059
3752623
4743961
7505677
4484617
5374951
782709
640569
