887389
2616787
3634641
112384713
8916299
8671199
5293897
9985641
8958701
6357757
9741869
1840527
1868447
3274257
8465459
8058373
1942103
187802553
333739
8467913
1975709
1826283
1056307
5539351
4929653
6649859
2346617
3615789
8012529
6260497
931771
4322891
3257769
954377
7264221
6029859
8786831
8972693
1388487
3128123
270991
534221
7555199
5384651
7216443
6431293
63589617
8103223
2931719
3057937
746437
2083529
3089251
9973521
5776577
6647553
5456211
4358193
8636599
3093671
2120319
5138627
685841
7232311
4554641
7797901
7999721
9291513
1163803
1580091
1772761
565641
8100861
5914881
4720379
824107
8869127
6599953
6163803
3194371
6204601
8885433
1860987
7575019
2192131
6642921
44077727
5581839
4684033
8312599
643601
7801923
548927
697533
2926373
9447341
801259
3624807
2401527
1262057
5528133
7963089
2975963
9074291
85280493
1910313
1036791
3851291
6199437
8197589
7462941
3171719
1370959
7271891
3837347
2779617
182337
7475381
2324363
6269001
126922569
842353
1471741
8700727
9985279
4420131
4295433
9766197
5636397
6628767
769599
5441577
148661
2305597
4590001
7829623
7353279
1254541
9806129
3190419
8392573
9854379
4480729
8093771
4894707
38063639
8695523
6916769
9088141
3138671
3161183
3972031
9731149
7109073
20393
9451187
2145013
2999377
9374603
8829769
6560667
8405519
7383489
7571573
5417951
4956529
6368721
7575697
3800009
7395003
2858807
9512803
4536527
6670059
2601011
4101163
5177439
7724087
1966627
5672103
4749493
5249477
9982669
8818791
7651573
4406781
5378151
63701
6771727
332867
6709437
4247119
2042493
8522461
8978731
6384141
6229403
6820147
6581191
3980977
6560663
158892321
1221171
8002123
5480643
2114361
203807
5996241
1632641
3478493
105149
8666699
2150579
1990819
4883523
9803177
6487549
9846457
1107093
8568621
3821301
7730291
4129437
7148433
7102489
3124899
2984719
2777589
8465257
6480801
6428667
9633507
1438191
5224279
6169753
1936843
1280239
446679
3229117
114551021
142336381
3531151
2596581
4921549
2111903
3992093
8974799
5415561
9262821
660679
6020847
6015399
3354087
7647533
4548497
9357327
5478963
4054717
7284163
6377849
6764817
8564641
1928897
3678717
97957
498477
6814791
1216701
573687
5001127
4440821
6605633
738681
8844707
5982619
4013213
3369379
4261149
6609043
193141
2571257
6811421
9322917
3098051
1084967
3247909
7483949
735407
3175503
2117663
5015561
1506567
9712297
1484503
1431217
694973
45043101
9970213
6339841
168899181
7079221
9927153
156872017
5335953
4110311
6379991
3886829
4143003
3526991
3401071
823753
451857
4968337
6796173
2473943
198271429
8666727
2576431
9349267
5547339
4786281
3896221
165842811
7914489
4769637
6832719
8494079
2667727
9848053
4495181
9760901
455971
4528921
4527567
55319533
5296339
8042389
6755137
6156201
2216087
8287627
1592069
2395999
5542967
5562359
663001
4626493
9209981
50175971
3680519
3125513
5646399
2656327
4419077
6323157
5154463
4645051
4928891
2912327
4628899
4138341
5309661
3452657
893449
1699751
1970683
846981
9656639
2871259
2859313
9897081
3078409
3539597
7172559
8018543
9114553
4597977
6921829
5020489
9661097
4210731
7306313
3175701
1204781
3666051
8780761
3216267
139006169
1179691
8087003
7504933
702321
898137
9141011
3296111
5907349
7409801
1497481
9678011
2909751
160084397
7245531
97421663
4709141
2434001
8107591
9466419
7416981
3141853
9864607
4449897
75521269
6713249
3975599
2414927
1666413
2896881
5617143
3676857
3614607
4946677
1626363
9895217
109561
4830663
9518261
8824543
5251699
8354827
4830567
2865859
3542071
1736517
300217
8087453
477437
8788183
1619051
1387673
8997217
5901091
8526357
7447733
815359
7771179
5095619
6129927
721041
3620239
3736609
1880011
163559091
544543
7056139
5998933
7334383
6091193
1775997
1853557
5465839
4006473
4005151
3043341
4230541
7222641
5167883
6263573
3326029
7818027
1732147
9646021
3113559
2688493
8694657
4281721
7279751
876313
8014429
4508737
9617909
3942651
2532159
6485397
5009079
2401891
2546237
8662191
3430701
1100839
6330071
5984923
3168917
4619253
58699811
4309517
6203691
5839873
8092509
5902063
8278587
2735503
5274137
8882987
6068753
7581909
182432613
9792569
7293781
3435437
489801
6312723
9060879
3863529
5400089
1149297
3947799
6086133
7157789
8519169
5462197
6312281
1785231
6041423
6517863
4622401
805979
7924819
6793053
6667483
8015859
4466907
1653067
340541
1000131
5745583
5679191
3260213
1071567
5436289
6674847
8910503
8239289
4794823
4862483
6996931
153544273
9831097
5429591
3491403
5466483
669881
7596733
27561457
5516341
9100079
6818239
838571
38931401
9296629
6599753
8623601
6420043
6059407
7068269
47526127
1460653
68980853
7558539
6877633
77410451
5469141
8477011
4848461
5174939
4313201
9701741
1569143
1590619
86914653
6161089
58238433
9896191
9025077
6933619
1894797
6013543
9648823
8674041
3925647
700799
4713359
967859
9554081
3626051
2264893
8368229
2378093
6049971
171241383
5486081
103076991
2180291
6647521
917083
5886649
1443917
3059713
9954251
5211311
1082299
6704333
5866677
5968017
8081869
5495113
7603717
5300479
4240287
5437479
470793
2070211
179075267
6084189
804413
9424229
8219251
2650507
5590653
4389523
3998549
2579081
7504141
8303849
2495759
132927057
6667843
7342943
5409003
1451101
2782571
6981081
7860687
3572573
7629083
4871711
9223373
8313551
7437703
5146751
3532933
812561
9162827
8108917
4470377
6837589
6148641
1738289
7655487
3243463
8336397
4940993
4738481
9727159
4411101
141212603
6623023
3508257
5623473
1866539
7152063
4610521
7068307
7744233
6641911
4489901
1916941
8613921
9833689
7382541
4272679
2348909
3906819
5804157
352313
3104729
7937659
3742483
456273
174020153
2397027
4651567
4248241
1636039
6183851
5698763
7386883
5321473
1463049
4033349
361211
435473
39308583
6239911
257901
6608513
1635123
5205471
6308857
9768069
1722237
3874289
3436031
9019551
2236521
9133359
6207587
5844049
917937
2538553
1340527
4976677
7431267
9511211
9694719
8237587
4622083
6231001
3312961
8260651
2255971
5162823
61689
2435181
158819399
5037207
5488933
7288507
4085049
8402027
7669281
9468557
9707691
9550877
5014029
777279
8527511
832809
6219901
3328677
4184037
7817967
5503313
1500933
8860733
173597377
8670049
3429939
9485387
199232621
9040849
7651727
5281073
7710917
4440351
7593827
1265479
523487
2803323
2726813
8364279
9858351
8758983
5719629
715853
1230903
3390157
1788369
5652071
1906757
7036447
172283811
8156679
972141
3500901
874581
1867539
902897
8322269
131073161
6201129
5347911
5562043
5207887
4463043
7109197
9620797
7739131
911277
2495313
2838729
4842289
9804839
2150861
9720953
2827829
1535309
4354901
4973951
4464527
2930689
7006751
6802191
7371521
5601863
3686431
6125487
5006831
3435987
7999331
