148415547
7940701
4268041
9376811
112743
4397113
154218489
2896131
29789
8865639
5160467
2616061
8991123
5041343
1880959
8329179
9635009
5868307
2340851
161487537
6200773
2345601
556673
5119667
5865423
45227
152416843
8419529
4784693
7740873
351969
799779
2010529
4343139
165055587
3606291
72811
2985227
2660339
8070467
73507993
1178319
2526157
4222521
4175621
1569041
7876597
9835827
9615549
1690973
8349861
9803383
3355439
432061
4024419
6916719
6211171
8157763
6456763
4714339
8897473
5063589
1307001
9870423
1479973
3604241
9129483
7823423
6827751
5689369
6364477
6362077
4012481
2803541
5300671
1427173
6270961
6378007
7024617
829197
2223973
2501067
3407061
2005973
2991429
9420021
8066533
6405699
3366243
7230779
4120881
2279173
3529039
4980493
3695801
8066119
4119339
4030357
7904523
7197763
3238487
6058673
5284509
4825227
3862947
3963043
2321091
7733519
5441561
5630883
961143
8308161
8260349
14478139
7164171
8383893
3096361
1785131
2645967
25289
9750197
5026877
1255701
8230919
2956623
1093447
1112563
666961
1943771
9867689
8480339
794049
2648561
1248377
4915437
5159719
5756509
3471299
4741663
8661733
1633649
1666557
3926089
4779931
8409409
197372409
8610453
4090627
2393963
98275239
6034139
47730297
1000149
1697747
115865177
151241273
6653279
4781693
9203351
9810041
8005841
8254887
4279317
1677721
1901121
2139001
4843133
6713841
8659233
2296663
7487217
3935101
179303679
9860843
177025867
3254397
4912943
361341
6107577
163895807
1827077
1740337
8054183
243631
9941169
3769727
4814407
9439713
8055389
228733
7387003
4471479
1838119
3370153
7697971
2118857
2952431
5144101
1642007
6263129
2483879
3328419
904863
4268817
6146879
2414587
1857753
7003121
3689583
149659
3133889
629821
3723191
7605473
6719049
1313503
8992649
5108117
8600381
9883563
6946869
5272919
7985183
4316693
586703
3582107
3876669
2456287
8832903
1697831
8209451
891997
3493411
3228347
2754483
3590603
643371
8841137
2721881
146981729
193709
3566131
4075849
6698643
6993427
4593153
140339813
2142717
3517239
8273193
2841241
2500067
7034497
8509481
4746533
693939
5262569
1004697
2837837
8225969
697769
8746839
5606073
5344971
4839293
1580979
1918541
9743667
6142093
5716477
4536117
13167653
8337849
3524291
2334391
3114043
1810199
745067
4821281
7898357
1632047
9193971
132657019
8248177
295749
8361607
1574807
4798299
2586653
1174339
18746591
3059997
1443123
9957383
3113161
82671
7126677
8401789
5254631
6064479
1773729
9906301
28876139
9699383
9464253
3656051
9304699
1478743
8891641
3652139
719319
2077949
4314079
9405011
4356923
3333351
8205457
8671437
2802557
6103451
8273863
5692433
3256101
6090779
7647421
5044707
60319673
1257797
6746397
130363
1829979
7614397
7355961
7607049
41803779
9223991
175961917
3250679
8059523
2661867
2769573
6860811
1182537
1425769
4228521
5636247
3274073
807569
101114751
631261
5692877
854043
2759333
6598457
2994609
943249
3163857
265721
2055329
18290829
5985089
7685359
130517127
6611999
6485089
93435177
340047
1465143
2944883
2656137
6106447
5470713
3808971
6316451
8544493
7611771
7153981
2049779
5930177
1357521
7508981
6565467
8382387
8278873
3546487
8662181
8362163
8749561
7259891
1016063
4346891
8276933
6178821
3966343
5992599
2867527
6110639
1206139
8967231
5984489
2328771
4732609
6697389
4579681
4143101
5061909
9777687
8997233
9155767
125551
8221871
174793847
3613659
3298857
8323163
3935091
9849933
4412239
8750231
48670073
242553
3577317
3122431
1164257
4878341
9482077
1478739
4172689
141119229
372633
2047323
7521523
6422531
887643
3966509
3872303
2915401
8135029
999899
7776537
2795603
9520151
2028799
8945577
3905541
881811
5324093
4382533
582099
8383313
7105569
795181
1154887
247651
6311881
1248369
692677
6305679
2636549
113460107
4395193
9578893
7429629
3633183
9485399
1449591
1250269
7063199
2508651
1653493
9722997
3865273
4409297
7840169
870739
160796531
9602519
8128401
7142577
1456597
7354469
1665663
1575389
7114909
7076433
5255459
2358401
35574553
424769
9858147
2474241
52579
4553163
9093347
9678669
3303973
6390061
2998233
7640307
7759599
7616483
4770733
6920271
234437
9546563
877141
8441669
3686569
7665021
2529331
4218741
3144741
9832269
2085979
3874951
4580181
6378391
9642847
9686943
8167897
179378953
1897867
8459559
9598969
6167309
6048727
5134767
2348093
2446541
4533261
5901313
5984641
7960023
8609767
40147179
6827959
2391957
5583593
2121911
4266039
821509
8795403
1527909
509149
6800721
6827997
5317993
4087713
1750903
2749549
1145213
8711309
8723167
3642653
4339261
3453823
8190849
8829097
2653389
73127609
1981113
2015441
7910891
5187629
1601907
6545319
6786243
9548567
950719
2640689
5526411
1633689
4183663
8742107
6690123
5265401
1632141
9457581
683611
3845873
6807947
2416743
3939359
6860937
1571139
161182669
4709757
1899303
8287829
9763601
8803267
5721051
679117
7285743
161754747
9522993
6532701
5318493
8776609
5412641
4599279
98352959
4479461
9807299
9092671
3728071
4485041
4589927
4309813
7928009
9390639
8180061
3751341
3742413
2207161
6227647
1109063
6528169
5069753
5094837
8338387
8027551
1758013
4403031
41601
7118561
3735449
9852819
5718421
4165811
281473
6219753
4374277
1528083
5086481
4649241
9358879
4594027
3824453
1091529
3017447
18141
4037451
4108871
297991
7300207
538957
4332459
5597239
8164549
8769187
8055081
8483843
2858009
3262263
3350129
9868329
5071857
7713119
3104119
5576659
4938277
2401573
6318481
2601611
8618057
6439977
684481
5700009
1048803
5546479
5406173
5169057
3870203
853713
7949853
9363901
5377529
6648493
4444521
89823
4982697
8537887
737583
9786851
1767357
906413
1939469
6686231
2071089
4805559
1718533
7812867
3800593
4511119
9707429
1084347
508767
8095913
78984171
6655273
9711989
9128097
9179289
2323983
4040413
3032667
8112429
2451857
8570147
9211771
3500777
5854479
234883
8897651
3498269
7463033
4591197
6998399
887449
6680911
364973
5192117
985109
4570779
914961
4448739
694681
4451203
8152167
7839579
5733957
5710069
7754433
2253073
9659597
7856161
8872061
5944221
3325733
5766427
2477117
8251247
6011063
625669
5943997
9746587
9988783
6242163
7543951
9413639
6323099
2691581
5584543
2237259
6280777
508051
6100343
8410291
9180403
284129
6087151
192381907
6889183
3777867
5018787
6363027
7923417
3685681
1485327
2587911
7289873
7775211
2619001
50467611
6937849
8222777
8647107
7610033
6277879
4570523
129918593
1767229
48379
43009
6596859
9183247
2515641
