3543559
2975703
4891569
450821
9154761
72382921
180914719
8512101
2192767
5887373
2729831
5480741
2823723
9132531
4175461
6538307
1840981
7433263
7851181
5164733
1623651
62771
3470683
4009331
33865833
5775207
172719
1277539
9874263
4621533
6455609
4191241
5501909
4660391
6822691
140847541
587217
6631509
9314447
83023411
5808657
8669629
204393
6371961
846791
3472933
2211637
9974963
41421471
2934161
6401103
9158557
43831221
94104689
3786749
349009
9923871
181511
3128817
9513831
5369831
4754163
7007763
4643321
8737529
7285993
8628623
5092087
4124019
4678193
36167047
3569789
765143
144922893
5454817
2260869
1519433
5079939
621679
9990027
273531
5410691
9564373
5801581
5976289
5323629
5961361
4400563
2138321
7591273
4110561
9719907
727799
7391169
1057377
4486777
989181
1201759
3921747
7001551
922269
8863359
7239569
6079671
7442089
8535331
4044547
2875041
6238773
7958159
1371111
1631349
7407681
6728863
1424079
2495217
624641
9623127
4204833
4205819
7872161
266099
9085569
739097
4249827
5771677
986633
3747101
6148469
779723
111749711
5771441
1371513
2593639
5496441
449591
3879877
4752299
3489183
7351707
2677401
3367337
120445927
8366313
6404473
3645429
7774967
4240087
8453561
8880701
308301
171030819
6710531
624499
7247031
4940597
6021343
7766787
1926279
8125201
5988609
5121003
5514009
9420381
3368521
8594973
589443
1175683
138572637
8679993
3518647
3322189
4082121
7139331
2127063
1668931
5150107
9894687
4264931
5507827
5917987
4043279
1965931
8076189
5494907
4700091
7212423
1236057
9338101
787793
9386873
851939
6037367
596337
3357043
6674307
2360699
9856837
3004041
8641657
5199911
323291
9263753
9405301
9611119
48963391
190862839
8773129
9356623
7544749
4696717
6082299
3995099
8879001
3047043
3441049
7160093
4538523
8379963
8512293
5743247
3430693
324159
8653979
5990973
9833421
4394749
9051091
6091027
1863773
5680439
6497663
6831003
196511953
3442791
389009
1821083
3139351
1523509
316037
2780829
4738323
8289731
1084607
3634181
5947157
7665009
5599421
3570291
6816767
6081631
5485697
2350023
106753
4901643
723129
3816301
5412263
125139
7407079
7477581
729027
7531331
3005951
7980573
8827441
8643447
3074549
9570697
7783737
6650607
605711
3347823
3426613
2567651
3936929
452463
5579283
192261699
4962189
7754281
7326641
7469943
9763317
972679
646097
1294679
175442427
293421
160959
9119377
1502397
396513
119530047
3909421
6141337
2212149
5983899
4760503
6028711
8980211
4006397
7130601
8442371
3642301
3099463
1506967
3758119
4616303
7651057
3080583
58137433
2791743
3958241
6543933
4981751
9663663
848699
5459197
5744557
579989
5852881
3756329
1433709
3079073
1361193
9535269
6013803
4269773
1384197
2721493
5727363
6071773
5976237
3977523
3512623
8331817
2130239
5087231
1068909
7637693
6997231
872469
2000811
3883761
2181803
5095609
3585063
4057351
638983
2126901
2862633
5288543
257909
1685877
8011351
146328187
1682899
5973823
61097699
7012017
5560133
3553309
44853649
7950597
3854609
2155867
3398581
8549221
6668533
914281
1155433
6666803
231003
5934089
2738319
4582103
7966187
2126519
1009733
9863233
1510431
7405611
2355027
693601
2335469
6754459
9843389
1433493
5849673
72843
596039
842547
3097239
9110251
3536739
113600289
8183067
6107389
9375553
5326739
8875729
6106513
1765979
944907
8501139
4710037
8683311
6758627
3181561
2755741
3445729
2089613
6240757
115251
5471977
6362493
1478739
918329
8293869
8598157
9772271
5464721
3066741
727521
1767341
124997
1136097
2261069
3757477
2448659
9872929
5774823
8094257
7084777
2984189
8547313
4431959
7223643
46236293
5997829
6121853
4638081
4883917
4768131
8512157
4669167
5328201
1433283
5882723
7262597
3970299
6760659
8484767
7567571
1103217
2501909
6463627
542971
143578157
9732167
9736427
5714207
75940089
3128761
2590867
7441519
7043699
617379
9221511
8629841
2021587
9445789
72383769
1334933
52291891
8479757
2715129
8448381
9370803
9839631
531779
6241401
2933257
8429623
6402659
1005647
5679231
2676303
4358187
5071053
7962671
184763
8803153
4121973
63761243
6139787
8263639
7863151
3086831
9371723
2081909
9172691
4238997
8720269
2604141
2484473
3317069
370917
8693427
9539367
8835279
3060837
854259
62001
5977939
3023087
1880391
8361913
5495449
3692127
4818289
7114851
8578851
6020619
6777249
1896083
6402171
6126263
8859979
1775433
4366097
7593333
13849321
2791707
7191977
4653531
5431083
6992247
1655117
6301073
1764179
1942277
115342733
2392977
4276211
4115363
5416491
7735611
3765111
3818969
1700293
9117951
115953409
5554733
726257
659947
3189129
68890217
7205389
502209
1773861
4417293
4994977
5517899
6261973
188920189
5337487
6117713
4373227
51248247
5857651
802783
9097697
1432277
6256393
3853103
6336349
5616913
3751621
4831479
3138703
8690687
5704469
759679
1251897
6416343
6006027
176387349
9255119
8192269
6715273
3345689
7162933
9809719
126365353
758699
4784301
179994777
11326883
3779827
1279321
6304321
4810379
9559987
4382231
5509223
192127
9167027
2578439
2749613
2172627
3153191
3182597
7866341
5021441
651701
159833231
3283141
2960127
9254309
1172483
5631991
4837931
5242197
8109073
6422941
167239869
1668889
5245761
2208363
5974519
7315973
8978703
4923239
3006551
6191347
7396119
8732371
5710403
2694227
4957187
9249403
2310427
97727793
2096089
1306373
6087681
9349013
7190851
9352359
3289507
196278977
1226433
9061163
3725671
8330789
2424001
6200827
35651
6036599
4700403
134963857
8875607
8244211
2836317
8654763
6240857
6532389
1138199
224739
8151829
2594591
7828039
289973
9655039
30743
5482883
6806581
8351059
1509817
38182579
5599487
6504207
4630461
7242043
5194163
219803
7425763
4481951
8058783
3096823
3166077
6232339
6073219
6412693
6405181
3288813
1070051
4889799
4320637
8713551
9401773
6839389
6301207
619843
872821
5705619
3045647
9243269
9895029
715671
6052859
5174057
8235303
1608033
3291643
382331
3213199
3770689
9823217
7356703
1043503
164225659
96237461
8879459
1027397
78375161
7681983
4410273
295139
7645659
8826547
8436283
1269467
8519287
7306143
34087
8182351
4889779
6948967
2461609
3278161
9747643
7455523
136783457
6474757
827661
9885177
2524857
1908709
5110107
7750973
180769589
2389089
6992257
