914391
8451847
5939823
3477541
7357423
5095731
5980939
6365421
8787611
4242917
4459973
157122363
1554721
1663323
4964501
7714711
5022039
5561199
4794277
5467289
6576763
1942909
8318763
2616573
7619221
4929563
9012017
9554129
192016731
2984873
4512267
866531
3137237
873499
9314507
2766589
2752099
5307611
2574077
4570831
187791
6362357
4852027
1125371
6684947
2542397
1538391
3089071
2849957
891531
3478877
2594743
8505183
4286659
4487743
3527909
7061643
7359507
4053473
3022131
4731569
3203009
2816807
9859189
545329
7702077
5976053
1129289
87127
1660483
9355679
5693117
2704791
6586791
8042717
5189049
3276851
4987203
3472013
2264501
3250201
8698463
5909117
7013989
8986407
3888631
6368643
7284783
3270403
4203903
4627369
9506959
3152567
6268109
7772769
1351811
1782033
3641797
1041281
469209
2510953
6747279
6895769
5748441
3493089
8440437
1465041
162440513
2160887
9187657
8575293
4599279
2341443
5425647
63082839
9143923
9950131
5772131
1880317
9581617
7534763
588793
7602839
4933269
57321
4399753
9159517
5784043
9368311
2267381
9054291
7611091
6831639
2127079
9503733
2490091
782249
8170599
5434057
1687001
1455253
2934103
8984337
1196861
7079799
4478019
3518623
3501303
865181
7478819
976759
2281731
1374297
8780087
8545447
9957833
2660417
3391993
193911
13768467
2423439
2150679
4627981
4253281
3565743
8924443
4653141
1682853
5489263
7090527
2887833
2475697
4742081
4397411
9530173
1872409
4319941
7280781
1758359
5162913
77911
3026969
4057993
4523319
4759089
2407707
1482047
4001127
2691113
31099
3220921
7675127
5123977
6856891
6916701
4971789
601613
5251607
8567777
6676067
8701221
7116113
3313843
4038931
4036363
6129317
6725767
8563153
7472809
1872079
1533597
8978323
7383809
233953
988693
1350729
7557261
9515143
132411
2547079
5636831
5040613
451137
7834409
7310157
955597
3684857
1305499
943723
1889823
832793
4396431
2604311
810167
8985489
9490729
410101
8543769
7744861
6795929
3880829
8555283
5926669
6652547
941987
1809279
8702877
4350393
5787759
4852587
7585149
8278359
4093853
7362433
3985057
2137427
1167077
4892783
4737703
7029159
3232187
3249233
1245387
3071569
187044867
6889151
1439653
1535649
1025213
6041813
52452801
2389991
7100373
8630803
4228159
6844407
2610599
2197457
2981441
9674889
6554619
5524179
2482469
7594311
9144329
4819797
3965563
6815143
1147551
9120713
62907
5492187
2123733
1699389
4138933
6535867
107641113
7932513
5951049
4099
6827239
9369861
4658793
7071059
9961409
5258357
4161821
1302319
62813
34806293
7221623
931583
8012847
2503693
4350883
4539701
3869153
8087223
8615543
7336411
7317689
15783267
6014691
5822887
6943043
1701163
4873323
97961
4138703
1959143
175673509
344333
6298809
3743741
3893447
3137869
7284411
4451261
6069381
114271333
8461837
2975143
15067
3955309
4959027
6054631
3545449
1984019
1786427
5098821
80273
5188279
9307759
1416807
6586917
8613351
3904733
7549613
6254109
3529731
8955679
4559243
5721877
9037427
3158457
6613587
9141323
4215073
2548333
6954127
7023181
258641
4758269
2709989
2852803
3868357
1772213
2079681
8592833
2776337
3024217
689179
71380261
9176163
3755143
8503607
4637789
952243
2589539
147769009
7647757
8325361
3081583
6764511
131391351
6871583
1110111
5719931
2953841
3695529
2707371
4054521
5567597
4803521
7115183
9668237
923939
7001683
9289943
3643177
8027013
1699787
339369
1029347
8887397
2718689
3713511
78485537
196777427
7964323
5235049
1554809
5368677
9239627
9139267
6966447
4852633
5684481
126464951
4938521
2657923
1952381
4797807
8869089
3614509
3826477
2482709
16119
4378751
4151183
477143
898601
3399631
5887137
118366669
4045133
706741
2704077
9231899
6708027
296307
9017567
2358839
4093419
220363
4690101
35277
6128863
9612439
96626999
5722967
1697321
4716081
6760739
7231751
1284271
723401
16334251
3540089
7769211
5110701
516169
4148661
7355999
7467297
5867713
8129879
4822869
1199363
2302159
79421
7495619
5138239
8887563
5284181
6524333
2333223
327327
1466929
4502277
3151769
6499489
3158727
3126879
2146207
8166399
4587519
2279783
3893033
4694227
9613461
348961
7290529
676361
4115177
6334569
1232251
8313293
8572537
4849161
2974351
3370959
5664711
7595381
8886299
7551043
8299087
3832447
29617527
7369457
9473067
2480997
164264319
397841
8457883
8830777
1844253
1268551
1475141
2232697
29029
11585807
7497663
7384103
4397039
5316761
8386661
5056591
9008923
864503
807511
2902509
4889091
8121983
8841849
2299737
8985567
2987489
2579553
6194053
8421753
7320551
4094779
1809797
6495541
4115047
3548777
9231153
3746553
3948653
9554907
2739331
6169919
6834933
4107731
18107
730061
852187
9282693
4751779
5042683
7854623
1701429
8525223
4454581
4967523
6294173
615551
6112197
3679927
7485837
5163769
99135123
1842961
7495687
2133341
8504559
8884143
8061921
6146269
9466241
7972143
8474667
3122941
491327
7248701
3797473
7191071
61179723
1463723
3309917
2599679
9055309
1246437
303709
8881583
5008369
1438993
8726887
748043
991157
4458863
6485999
5121437
9452091
7240391
9075391
6911797
769881
4134271
8343391
163388461
4423089
5577407
5697541
1095803
5257087
861871
6632819
4169907
4272527
6828367
347403
5296113
6136747
9386971
6412809
825169
7630397
7772257
8611813
4995841
7927741
3898879
3407413
5039483
6803801
5310891
5563989
3651871
3906157
5612909
6073023
5157199
5269517
6884299
110830259
7716921
815237
2204959
1401127
993181
1138383
9522543
6804099
1131271
491527
7882943
8960669
6349891
4141861
4140299
4706687
9520217
5516097
1625113
7392059
9925677
1978301
8581269
4762679
557057
52687309
8662051
1725149
6610153
7658133
5224567
5535057
4414297
5817591
7001633
7117657
4762569
767547
6061463
312111
7700989
7916359
7167149
2650037
262703
3169283
2346791
130715347
9970173
3844101
1256579
8824317
9947391
107759139
1789747
7121443
209421
9755697
3264907
5755163
8557451
8497257
9002101
2965727
7999067
9611087
1804171
4974479
6346827
5887683
5855263
8440413
8270553
9564107
6238733
7003267
1510311
4018741
6924777
4233053
7669867
8645541
8001663
8736421
5950507
306139
5787583
3680989
7342507
7037143
4113771
5307979
7264299
908719
7646039
3865487
84276707
4025043
4952027
90589661
2287623
8377819
9400999
9018731
1436883
2291001
7940861
3421937
3464759
6596621
5502469
6498249
5686347
5311657
7021181
1562129
5295469
5036191
1446971
5527719
341037
6782469
2394267
6434559
8163729
767799
4067913
6770127
5286843
5103751
8158261
6242607
1199909
1499017
