3849127
2751327
110503
2765819
6126727
6605491
7735309
1373283
8715937
8736353
5644387
3180087
332917
5583983
8289313
3628099
9384057
4349813
3648087
372553
6413191
2486219
4128771
4260703
3423263
41307
6500571
39449827
7864401
5708377
8651401
4110003
6378693
3854913
4605637
6237117
2889107
7892489
5105421
4275393
488517
6143743
608953
102607
188135839
2961381
5356041
7806439
1090483
4234561
9073629
1077849
4122417
2772297
6547163
5921981
7150507
3638477
4018739
8249389
1551777
7533399
3206671
2135319
4724793
6458203
8220007
1064081
5906927
6271199
9279833
3959129
503073
7872643
9858549
1236183
4244873
3791647
8508311
6768233
6647267
2608381
8409269
7963289
3317973
9142477
7675903
1665473
1924931
8053841
9714811
1090201
8724109
219753
7250379
1353197
3141809
7445701
3732397
7267069
6614111
598233
51723
1316443
4196961
4968761
7929883
7174057
3841
6668871
4936341
7796649
9537533
6300633
2657941
3881949
766313
6277351
6496919
9775213
4844391
7600321
3853039
8655569
3579853
5088971
3181521
6164309
4254547
3086279
7172097
9404663
8993689
2042181
1465473
1829093
2231911
118147
3348349
7532837
1731991
1618557
7956941
4396171
111028347
5785719
3146983
7147293
5207521
4285173
195841919
3972631
3876789
5142763
7127671
8571753
3722597
15021189
6785639
1563513
9588967
48802059
9004119
7663533
2981107
3009351
4706349
7801257
5551439
1670047
7879741
4571961
5395743
8156887
4747969
3609811
3327513
1764291
4314913
3515397
2026541
3990901
7614459
9649093
7098377
9055209
9841437
31911029
1534087
9301651
297757
3445979
9745187
5088753
3648769
4890671
9615661
847559
8491027
4971049
8008507
5710193
3908007
9360863
38798011
6048507
5197843
6416877
7941403
2976487
4577941
6108619
1507283
4220889
7913381
3598291
6298587
8980689
945711
7093739
291183
9905739
4299741
135383367
6875481
122670547
1826561
4661381
8937333
5780551
773677
9823549
1661667
3995229
8291929
1886031
6434823
7788619
5910313
6447763
2990609
8459621
2625371
9886807
6500053
1864173
5532131
7359777
8238827
3445503
4194449
55712931
174780157
48363601
9852689
6057573
7534253
7317063
5194573
3607643
5092271
87970743
8914397
8989503
909241
102079137
1059751
7803609
6915803
5767557
5444833
2296027
9909151
73743
3854917
4134303
7559743
52531507
5177329
159824513
2572971
6234637
4499597
9341169
8846701
4167981
5229509
2845641
2858159
97328489
9642421
1399187
7963997
5715939
7729071
4754253
2148651
3058977
2120289
1191751
3223513
1917613
9405267
8186553
7645831
3592457
9279753
1209411
3416791
4930359
38012771
7213143
491797
3166841
6663311
3425427
6148639
9892223
399781
51588501
9184367
1850813
2169863
109200991
5442757
7072763
3451217
773797
7602561
4264983
6632439
8618369
9142563
8552087
941759
8897961
8962229
3320219
7610009
12809631
9814711
1677499
3139533
3348627
8497947
7606169
8312957
3192583
4066443
8871453
4533393
3602011
8935691
4795741
5088221
999159
5103297
1886133
6225127
480023
7372103
7743189
8877703
5375331
191151
4863621
4246409
4861239
9454599
779293
6682907
5111981
9307401
6316081
8062699
4554497
1611163
6359021
120261279
6476899
6325103
7560857
7986689
825753
5978079
9077143
7361361
3519933
2929027
4832131
7785319
4151869
3477567
8532069
8174529
3842049
6919489
7230721
6243103
4635753
5307597
3201307
6969909
6665631
2597351
1833757
4596749
4174003
3965753
2774263
7133351
5859789
5558959
9870887
5879437
7847353
5592057
424787
5426691
2764343
2357713
2334807
4328923
3818103
4051191
4895467
598741
508849
2619159
9466877
7387649
2333491
5138937
4106011
5170601
1659891
4326003
3743459
3937399
8768591
1559881
9343147
189991
5328171
2778507
1419191
6112717
4518941
4033053
5074067
6549711
106382377
7768459
633393
8367523
4934179
6035491
3282547
8968363
6531023
7970883
3283801
2444823
6491883
2652999
6678373
2866857
4301847
7421117
6934633
7590243
1547149
9238823
5711213
4157387
7367901
5232049
4043007
5805099
5009313
8424601
6222547
7305599
4596831
9433013
3367629
9106569
7347377
156558629
4929637
6630439
2160961
7982501
1790007
2321631
3125547
120889
9125539
2333131
2460701
8895797
9868769
6312543
974487
2142747
6029567
1738399
3645911
6281591
2884147
1640549
7900687
3328331
5450531
2687607
8322311
7401531
84034351
3516417
8734649
9277609
50409727
7688917
6182333
99190239
3779247
6534341
2860037
5182917
5886603
302841
1205337
9599947
5041477
7719357
6092021
6020513
8198113
1831667
3618049
8555433
9827229
782579
8784249
4972487
2197631
3352883
5088961
9566817
4071007
3344221
518001
6688287
4125261
2646113
4987021
3275907
5523629
1158689
1455181
3425761
898631
5212161
6199931
58867
1078023
3341549
8226169
2816619
5465481
2692007
114735723
7238837
5061183
156217
4057453
4335197
37041
6615297
9426767
4736647
8439287
9928031
4556083
530641
5629539
6045691
12061241
763891
4132229
5989329
1420267
3186887
1973733
743157
8226663
4662873
1066953
6501139
4842279
8352387
1090683
286487
3857491
3807311
4744139
6667789
2962723
6335841
46236159
2634561
3078401
2226759
7190459
990461
502037
8868677
1106703
6711247
2689337
1297311
76364557
2351377
2985739
9243007
3775243
1604891
3142483
9506929
9730071
9272023
9815249
5172617
3680601
385191
4537483
4052211
2163619
5324223
2320393
2699319
6834681
9826039
9127123
7044637
7144407
4088387
6470607
6458507
5860243
5119163
6858207
68072879
7723997
2391249
969161
676993
8496797
3647207
851151
7191639
2572903
3963321
8825241
8805271
4382893
2833073
8981361
1770757
3458899
872059
7931657
6620857
3048371
1334429
2635157
9764413
9389077
9442947
4453707
2505997
3202919
9973781
22535113
9051003
157639373
354141
9295311
7235973
4547909
1625787
1306271
6635993
491913
9522017
2758209
843269
3468921
3817641
2438919
535147
4244487
3989909
5526919
2280903
3945111
4191497
9384173
1359111
9689567
47369
4460037
5984219
2166259
9550187
1211071
100810061
4261843
2418453
1288621
7451461
7431241
91034577
2086639
9854769
7151719
8326247
423469
989091
427539
3235059
3698573
6971089
7464939
3559467
8097777
2409749
1462729
8602471
1738331
2450249
9292577
8265149
3196879
5646127
9320539
4454539
4342447
9973849
826539
3017847
8547959
2807421
6932413
1592421
7539323
1796217
5990143
536003
3697261
1161273
7545733
6256759
5188621
5694863
9849591
2161031
24509943
5106999
3437921
2483457
2493897
8264651
6574617
1523541
3671531
8338123
41432167
13272263
2901507
80217
1504783
372129
2979597
2790571
2781539
63674849
9398429
7994283
2999623
5146701
1976161
2443559
5909331
9598471
6286313
6747189
24493
3951803
2032873
6237181
9809653
5933829
8352961
3782761
375799
9808009
9126821
