5014967
5440101
6891107
9466093
5332133
4782429
1417397
5270491
1599161
8265199
1254981
7982719
9117969
32501
1184043
5784697
7867609
3127271
2603021
5230297
7223607
8191177
4637213
1111711
5002859
308799
2306917
4684551
193617
5599903
1317061
3901179
8910963
4282069
113369
972393
1358599
9943627
7059053
4066823
9074597
1232799
6128199
5815409
4885023
8341649
8477493
8505437
2729411
7365333
8583929
9784739
5906789
9082739
3598383
55035669
7015029
8155799
8060891
5367723
1943429
79261473
6024517
3825097
8793591
1456689
2006511
4365521
6508187
19224731
5075547
4315867
7924609
571107
2260129
3425791
148025121
5814821
6732137
3155649
6955441
1905253
8766399
8191361
8092791
5588317
1934967
7817969
6604569
5770017
1086007
6023407
9994773
1617781
1012659
1282861
8325061
647439
5294597
3047813
109552243
8088217
6147381
9768913
3417257
8803337
3535339
9731853
9686591
6794827
1986349
4097943
708773
31569
9353931
7212311
2968019
8361587
7119297
5517441
6482817
6876083
7229989
8150619
4431433
6016189
7154009
9740369
5206731
3555473
9785093
9462633
6616257
4132549
3643461
2710581
8906227
2940219
4775999
4148887
4197201
2204073
4728529
2832851
2723323
3676549
5045289
5669449
936917
3571483
7884857
4468059
3182493
4528143
4131693
7645107
4198917
635507
5848391
112051
6572597
4668939
6098691
2183419
4608429
2589303
3953403
8190067
9427313
242849
2580709
6561669
3522043
2857663
7250371
8082829
5287219
31250503
3225987
9135531
7637919
3242777
6172079
8358517
102537
7687581
5912513
7719399
5833311
5084591
3178609
2853197
9501243
9816053
2125919
4727913
1981117
4975939
1482323
3657673
375723
1532033
7465201
7653481
1989959
4772469
1424981
3749921
5437461
9845799
120406477
1204353
302981
1920427
1303931
488879
864217
8598757
1587519
3178753
34058281
7448239
6741703
5896539
5767057
6351751
735667
5742857
9243649
1077267
7566837
8465231
6603551
7131191
9619077
2467233
3634019
4537853
3842183
11384421
6103733
3869873
2267631
5142507
3618449
260977
44469
4747363
2242047
37632987
3021699
9673097
9496673
9621399
650721
1337569
5008339
5050061
5497061
9335479
171518757
5310887
3429639
7070281
189528703
8038377
3660383
5611661
3654297
2023407
4297647
2232969
3871401
6532629
5578171
8680301
6424013
8842133
5058351
5489521
1538817
2788803
4387857
2519511
234043
7180849
3634657
1085187
6937977
1920831
6299069
5527013
665831
1487443
2772033
2894077
3657847
2519811
1519921
7474219
4025883
3320007
6526359
8403321
72954481
5256283
7510767
2088323
9793889
7353953
8217237
231193
6736547
7349499
938273
7869949
8000169
9073071
7159781
6219043
8701829
5211127
1146353
6061171
8670481
5061629
6133249
553591
154811017
9067907
347381
857011
9513339
7208347
5468431
9173147
7599969
515777
4867453
132653947
886311
4635673
4771773
4725621
3314157
110596781
7613577
575651
5915153
6173847
46897
1255011
2573913
3292883
81079797
9739711
8304629
5641133
275947
5254469
2450271
3472271
2788287
6800803
4353191
509131
4164227
938423
4872923
7128077
3146729
2267353
6897701
299159
7543969
9265967
7987787
7818223
1301727
1134273
5792003
578781
3364719
337563
6545357
1463353
98911683
543607
36779029
5158013
1477933
3336649
2238971
8472823
188531
1951551
7181733
426267
6692793
8587451
2035717
2277687
1121817
3622017
35888601
3210191
5698311
5520543
8366841
9771093
6849739
5214309
2988119
2384469
1828057
4283437
7497423
8373451
2475517
2397497
218819
580327
4595729
6880423
9392167
5650847
5137279
9601243
9890673
5205039
73779361
1499453
1056269
1487067
2208763
5840877
9181683
3526891
5900529
1866011
2410177
5986837
8306563
2984621
3465103
9316459
1425389
5790757
48985773
7735001
5932339
2376073
6877873
6437069
5003963
428891
1846077
2984347
5155287
4350379
322611
9713521
1835083
4072737
3388387
1800733
8600271
3800577
2810093
566003
6359839
7834639
4380503
2227509
6531751
9356819
3847311
8440323
4648767
5597929
2340423
658873
5038257
1908949
7766679
5131337
3819429
8235019
6419867
9571851
4529529
7458409
5177763
920739
913177
4977989
3019723
1885677
187615313
5402801
1820827
3233903
4619911
9350947
7079527
3775807
5060617
9234919
126798813
2767943
4983623
3359449
7682011
7313923
3614361
5476427
9308903
8786377
749749
23953637
6329063
8529641
8534667
2573987
8611037
9898947
651151
8970661
7937269
4871773
6534313
6181773
3603193
721253
4951897
5861049
8240883
6550567
2023179
8612547
5599089
2832963
1786597
3575983
3362267
72234339
4492001
4826143
1031083
4514929
381741
8821911
1827717
1683981
4083949
8557807
3239043
1801153
1725063
9592887
8240383
9243689
1206693
1030857
2774959
9864101
4987109
284373
755177
1354943
1374001
5876873
8369171
31979
2745763
6609717
9899047
8286701
6138879
9217389
620321
9918603
8015097
7178397
24615127
3043489
2277767
27473
5272289
2395611
2487437
8147669
7286747
8528049
9964183
9131853
1594317
5305197
4351837
6581611
1976121
3619037
4950397
7587189
8453611
2172937
2990547
8790463
8771611
8807983
3741369
3357663
5066309
8605529
9691953
8647463
863707
5784881
8004921
9819937
1297527
9112499
5373587
5736663
78994683
5153439
2072523
2260153
6432871
596413
5426723
7931623
6027297
492519
40031881
8230541
8462013
482411
9786941
6366431
5694281
695467
8728937
8654559
1139229
189335583
7468193
6760893
1159937
5839253
31039
7790681
1759337
8690199
7410897
3484993
3217837
7471771
9701891
50787
2256191
1951877
1379281
734247
553609
4603017
1438593
95791
2097283
4680967
2730739
5813093
5894031
9420989
9666473
31243
596111
9805287
9963011
6573197
7581323
844007
8648927
6336457
9064989
114006361
698761
5251949
8025093
6046773
6708493
175007739
6044821
3747583
7879601
5345803
181571
4731827
1717259
6611707
804813
3213371
3929151
4600479
3937417
3600799
8646531
4262287
1533149
2447521
3449997
9573021
556317
7001737
7447899
9725329
5357507
7241779
7117709
2526589
8787303
7179511
3474611
4489109
3331359
6820699
3442211
4231133
8367053
7877477
7013123
217773
9965447
3474171
5220049
3721707
4182227
9491979
297831
4002631
1651017
4260563
9399251
174666969
6999451
8799881
7252683
9389659
9925423
6288931
4948659
3099423
90960933
1333871
8924021
7949909
8608491
95358631
8899099
8063867
285011
8642249
8617711
4071079
4763441
39165461
9210243
3746127
2893011
5452629
182202011
7785423
5385733
9821973
2879349
2387059
1389519
7571647
3791167
7000089
3144307
4246501
8651949
3577841
4548901
7069507
4690933
16512641
6615673
7876901
5084283
8485241
967693
6244947
1896753
5901103
351083
185257699
8588377
7301149
5159293
625727
5229937
2451219
8808313
516307
2924087
1864547
1847737
7257901
2389039
5120837
6427599
51059141
3944327
4569171
4674763
2507517
7493633
6942733
2068573
7854889
553087
6806573
5452159
19353
1049313
6467839
3028701
2395157
51663
