141927
1827303
7063879
7048113
5320613
6573167
4639979
1000731
9387197
5848347
2751119
68322547
4927729
57285711
929201
6393139
4474451
46233763
5435279
230317
792493
6182211
5791449
136987057
1274841
2724173
6748477
9934487
929141
4312709
59085559
5608129
7416067
3377863
9197211
589627
1120281
6867167
293611
2720937
1868359
4575561
5376487
9074249
4762657
8037977
1208431
2826157
4211609
6519939
9102181
4305213
139120853
3927587
4092227
5304983
9339061
3920923
3870671
51807133
2890637
3219917
8562733
1212853
5047619
4843321
3682983
5876561
3099133
3583389
2497933
8582353
7650011
1322343
31949
5876367
5413793
930567
6995149
3212963
5441489
7079941
7612029
5072211
987569
1335999
546777
1757701
1873563
2673709
1174151
18857
5260917
3541297
2540213
8702439
7366951
498837
5682777
4177219
8688751
6460433
6311883
3597799
6480229
7365559
6555467
7777189
2325219
4918893
1111601
8952997
118306143
6432481
3686793
4962407
6204233
130883
4850977
9263629
9269949
8347353
5544851
5967327
788153
4980629
7396709
8852367
7926701
9659847
139094627
2772769
3262543
3053641
32449
1237713
6511017
5750683
1995559
5182883
292559
537779
1884321
7259797
8836361
5889957
7611437
1506703
8418617
5834027
2497903
2373487
5464557
7578483
7035053
224391
6421747
9633839
4215537
9542523
151098529
9230271
563339
9068739
4213081
6713451
7421999
1788753
3825493
4681869
7086069
212331
77596519
1076369
1681019
1875839
4087657
6527007
1913493
696839
663317
6294937
7149839
5669739
6788257
5389337
9646227
13708027
179547087
702191
9573413
9679907
4059749
2820711
9955111
6617053
7683457
108474427
5825313
3263939
7756017
173954011
9388523
2752621
2054267
464219
8661191
956911
2501763
4264869
1286271
9937863
2671151
2524517
7908049
6160823
1621151
8428753
6304143
2526233
8817501
6542607
5513717
93927117
6317627
9165137
1734851
7244317
3635041
2455231
5665681
980083
485643
21679
6872623
689271
6727993
6149407
5564771
2434521
127286979
7600077
2128041
3566993
9611587
1571367
6487337
3733281
8052497
5696149
8365853
3097307
9368157
7858149
5774711
38727
2814873
3366711
4523717
4113923
2542331
692943
7967631
6717293
3750567
4851233
5453263
747329
9247659
86989157
29646603
9611863
7865839
169860099
9449407
9021873
542331
6709339
195963663
4492943
1917481
8451591
5547921
5686329
7162399
3992573
2823289
2855329
2090983
9009667
681517
5252403
9268559
5053491
6169737
8665529
4462773
6738947
6843827
7102499
6050609
748449
4009063
86522287
6852293
1789797
7745933
8446393
9645969
4645237
8554383
2066037
8869377
2625951
5095893
3014119
5837751
736587
6253637
1396197
2563671
1427993
9461133
2549477
2736189
7092661
6696629
388067
171542763
7005529
7692089
6683801
7678717
5441739
4363017
2262763
475963
7896953
153703651
4283107
650579
1015237
3127369
6512729
6308493
6383443
9128909
235429
8551449
394617
9471957
5749223
1260613
4348717
5194397
5566753
1586601
6284853
6290787
2145387
6749289
7520523
2923503
5197117
3076613
257677
7533501
560331
1293963
540727
6234889
2033827
9183823
7359169
2603833
6689213
6035023
8523981
1870599
8699249
1803521
1740653
149618787
101048911
7954913
1579467
99321
6921769
101121083
748517
2426629
2967773
6476747
2743451
2604707
3537937
545889
7555439
3764467
5175203
4619739
9334323
7208737
1151221
8759047
759769
4093741
965437
2657033
1338489
9339429
5473737
5238607
8930613
9851131
5537103
2762127
2981377
6324431
972457
5833013
2591291
4843493
4050519
2915657
1692957
7806699
8456169
5705013
3863783
9609387
7806397
5993543
747147
1047449
6806703
9803249
3719337
9082381
6402859
798979
2572591
9769929
1621669
6868983
3060407
9659191
9831887
144397
8014749
1151249
7940293
4783879
3338729
6234159
7244719
8423587
413609
9140281
1987217
6250911
9058497
6364089
6315191
7257829
2045197
1344517
7145799
5851631
524093
1428539
5566427
9010707
4255801
5449181
4728931
5109963
2266359
1111823
3618457
1561271
9821433
9880183
3661169
2125503
5912353
8656741
8552411
4976453
1796943
2596033
6901341
6261159
44224141
3063959
8566479
5071239
572349
2599663
2354767
7685121
3214899
8920991
2602093
7537637
8235397
4453259
9654231
1643011
5405779
841019
3152831
36923
2170863
8562861
9600603
4810243
1912873
8497481
8520077
4020937
284411
3624997
1819199
382241
5825053
1807283
9098087
9819173
9995527
7731181
6497157
8591503
936501
8620863
5436707
8165463
995073
5622291
1330683
9887051
3530563
7551733
8554707
1970199
326537
4967929
2574417
8601927
717319
5456777
9501161
4424217
6290421
9079757
6255093
4223151
7639867
8640787
2223581
6254777
6112357
3600217
2789307
5853259
62354721
6456419
6770277
3493127
919767
25366069
862681
270451
8153823
7749159
1629429
7534147
3910541
6429543
6310463
4366099
5432993
3191941
9951869
5522497
1013053
3440433
4518223
1517703
3854457
2767763
9879311
503753
8890541
6198629
3425527
4015371
3182317
9448233
6333859
5204771
2289989
8999431
1951219
8590381
894969
8121997
8406401
6031533
6899093
169126789
9099997
1523751
1507003
2788049
866089
1234253
6056717
6521189
7536597
9511683
599483
3711127
5620967
2413853
4149943
4200089
3875821
2084289
1818111
2965959
5193237
813643
4344011
3043111
8246721
2138031
8786181
1599951
5928767
5766831
6833417
5128279
8792771
7928373
94167
7845801
7230413
2275203
1836713
6485799
9400781
1956831
3471259
7531189
6936759
113312621
7687723
7759679
6263391
4716467
7889823
2597433
3954631
177889219
2018111
7421583
5247811
9760577
672073
6148553
2253981
948727
105429759
7212579
1951989
78790057
2968481
6993329
9128309
8973247
108698841
6217411
4857991
5925001
8207881
6008761
4421867
7610397
8071301
6093971
9645907
3232743
3457017
6618447
3473957
8897983
5521967
2607741
7747483
564587
1891919
9413471
2201751
9278951
958181
2616667
9884129
8415809
8371279
3502237
1159191
8434139
8996279
4711511
6820201
9897631
2881559
2202227
9184247
2639311
1672781
8924121
5398693
192134867
9468207
4106593
551101
4234857
2398287
9436509
1359913
157487429
1962637
2703403
4775841
2527867
709073
2698633
6047539
5396247
1094529
1313493
9049649
8281401
8996447
6915519
9664737
1055121
115378991
4264901
1141247
6173277
357623
9387931
4046751
2754949
3498051
7474791
8076631
6770249
1874401
167861499
9752199
3429079
9160637
7726119
1842643
1678299
727459
6222847
3037683
4210751
142717501
6749177
3540163
1568211
6182081
8556957
5987011
8292713
4646191
5858631
3223131
8013561
7645227
8199917
3985279
6214383
147519349
4082731
4162449
1399231
8631461
6282289
2756333
7704851
37351589
1104023
124487
8482263
3192441
4974271
1946979
8882477
6325687
2638781
8305281
2059369
4088221
2127637
9382749
5460487
3276429
2512537
2839197
8875933
4977159
4518547
667451
8045483
4970291
3353089
7811989
2814969
1940203
3653843
8107201
6963767
7216067
