3015581
6950173
9110443
9741209
983217
74041
3300183
8309283
1910677
1770463
7845981
6945721
9476651
3167443
4697341
3340799
113206051
3154541
181824041
1293691
3936873
2040687
2467903
2464221
1917027
409163
7013181
4217337
778761
5230969
4610197
2346051
8612549
2435229
6970527
3600491
4810263
7515063
5206777
7672399
9851643
3638861
3244011
6181889
735553
4361491
2192501
4460437
9892149
5646289
7982657
8129413
3268839
7284289
6081399
6688989
5323849
2514103
1135969
6413549
7898411
650727
3800259
3923413
3426071
5507217
8198319
6593107
4221777
4963383
149550247
8193737
3816729
4997767
1980733
6979633
7980939
7546207
6562201
7593587
7339163
6164739
9828083
8659241
7439999
2032473
3787037
2118473
340351
7180893
2260897
3529161
2442183
1613083
2117489
9839137
5867013
4291389
6572707
20116119
2560051
4715269
3498213
2255151
4797799
9978993
935721
4019303
8082831
6469849
4059059
2302107
3913237
196909483
7562039
8074879
3393549
50223
2564531
7709311
1443289
5863393
9021599
9675091
7580559
8910211
2523717
2525091
3130979
3978263
5748779
4136741
5150751
603379
8804119
2702949
7158391
9744717
7114821
6427499
3382099
4440617
3146559
6606647
9322073
4370349
5860887
4669651
9641947
5117997
6455103
7178731
4836973
8308467
7014521
5625363
4791519
4447581
749249
4867439
1312523
6244463
6537589
51608957
2886179
5715221
3501849
3549311
78301
962981
4006429
6311313
8983753
2696463
2662289
6564669
9131209
6855019
3855803
33338117
4710593
18173
132702503
3681339
8631533
7555017
9317817
1620257
6635541
8038303
3822759
7789629
7048773
4029699
9904469
1218313
2134883
183785719
5542193
1599447
61531
2788921
8818671
550423
6934849
6774539
3112783
1443493
245967
4008979
9974577
7767431
3287719
8889233
4860923
5951077
5827957
51473141
2048209
4041817
6671611
3868991
3949479
5772083
1719123
8898039
3527363
7618447
47477
8477489
8537499
6601237
2144103
4029601
6671293
4547181
3401039
897699
9015263
4251063
4569451
8067877
4670941
9513671
6302681
2128669
5240787
7812443
7182317
234391
2689217
8324857
5979071
9403801
9566557
8902083
2676217
8246321
8676289
7841161
5091121
1326513
6239083
9235267
7552969
1222077
436543
70545609
2491813
6068979
7127307
8378923
2079283
9170719
5601429
8973739
6721951
1852789
152662039
1209627
2026629
9383487
7887631
2556369
3445251
1410851
4591157
7852841
6631109
4173373
4202157
5950917
1739087
3794209
7029953
4436553
4025557
2924537
4442593
7737737
2036897
5539411
7354613
6123869
6668541
3989569
4668629
2338787
4789877
3337437
9334007
8131751
8694873
7523101
6466207
2144491
7654927
4755297
1349947
1246237
8003011
5433517
6035143
8163499
8690803
6749701
9601717
8930099
994447
275181
1323259
542227
5550967
8713263
6929447
4379893
9950941
171400411
1952073
3184911
3457969
8720267
2288331
5634279
9956899
4870111
9254411
5866797
7680319
2705593
3114523
4500413
9961807
3656007
8776663
5273157
4504843
1921619
2113199
9741987
4650151
1733543
867963
3119473
9574629
192981
8946851
3926833
1610743
928777
4579991
7532737
6104699
5871413
3168567
8689489
1410773
4822989
620873
9448823
7517569
7804337
2829139
1728701
7518347
4064813
4689773
6759011
2791637
7153737
27402213
134377
2059321
8163891
7518911
7193637
6164543
5016611
9226497
2741343
4182757
5811447
8753347
3691387
114101859
6653711
210649
6976943
4927037
6375407
8808717
9074641
181848569
73574401
6467891
348913
5205959
5119063
2777617
3281189
908057
6330067
860871
62357
1441127
24641181
13221697
6241529
1169597
2758189
1207461
8324839
8998857
6845203
8149979
5331081
9623841
227391
9916117
9430583
689213
2655863
7265777
6388061
3918559
9381301
9847973
3952841
9466281
143942073
2075689
983921
6322009
1782787
138065671
9683801
1903419
8389703
4950183
4723369
4565641
7555999
6464419
6543621
3527047
1353627
2077069
9852721
899869
7551499
3566059
7961651
4051113
9578523
1418007
2168777
63478103
1940217
2316567
5342207
4980473
7819891
3280791
415727
8581177
3845891
9355137
7616769
356743
50085649
6552181
5470919
6162461
6523503
603743
5141989
2394917
3644113
533917
3281621
2976081
834427
3863037
6978089
4873031
4852897
4736049
74493857
8070483
3827621
2304047
4577093
2231903
8976949
366661
912577
6065129
8779669
58327
4604033
7834981
9557653
2793921
7841163
68548383
6956269
5587737
7647701
5866117
3702991
1115819
4369457
1762239
1951171
5287289
3564421
6133157
7480761
7931517
2165843
6308981
1297417
72776553
2028569
2653753
1345241
3913801
4273687
3691841
8494007
7677601
216353
1164999
9514597
413083
4484743
8617283
2016127
3430683
4015879
92897
8742539
2893929
73289
6365991
161093
8261421
9160959
1249233
9620733
9734437
847223
8204901
3268559
7042633
3045339
6056259
6939397
8800553
8701207
1558789
9575473
5365251
3470699
938571
2102983
6264143
65027377
1147309
6502513
2589517
3985469
135176161
3878009
8571279
4923181
5399809
1389541
2679143
4987363
1471811
796717
3038707
2566019
6165153
9836447
4213459
9938107
7229661
2680603
8446613
802177
6069261
783407
9597889
3191097
9054117
132141611
7248809
5704157
2242339
293657
1064157
9685171
1335677
7682237
7849781
3039641
1660857
9598137
8590719
517457
3168131
4316349
9765907
9245301
1439391
9242497
4380727
5424217
441949
2476199
4248121
4737907
5319939
5124523
5533831
3591303
468717
2095481
3535549
7115219
4565073
2500141
3185237
7548647
5113669
129503591
3846063
9762651
7191829
3653941
7342353
9611319
8701337
15119
1010417
6152789
1559227
6377741
729437
8757439
2706821
1248081
684397
3226009
5851279
5095083
2731223
9588277
863943
5803283
9869879
6054187
9115479
5441033
2215397
7479179
3960421
3267047
8608131
119844329
254517
5993053
9783721
3094661
7943463
1821091
4215203
2840631
6401501
8068541
953409
4804583
6386569
4827871
7577439
9717179
2810531
33264489
3584727
7357683
8438011
1961763
7312347
8778537
88693
4676083
6447613
614711
6786079
2230847
8551599
2038249
1678961
5293287
6189809
3330493
1708307
1467993
6270419
3206419
3271227
5233153
3836071
9375323
3667947
413491
8885309
2275953
5079017
2978509
4333631
9875639
9201169
1571323
8553967
4653311
8996103
4435687
2472113
2548167
6937577
8508171
2235741
1503059
1568879
394067
9483069
3544513
1864929
9884777
1869877
4302451
1999231
1640893
3342387
6441629
9442689
3828897
8230627
5499899
4686707
8685457
7730383
6574959
2428683
8555939
7062951
9241793
1195573
9652029
3708869
6501103
1491553
8108867
381099
4655489
181738717
320079
1436221
133025513
1185901
383801
3660509
4684513
125313
4328681
6139269
5405497
3963689
2378193
5478487
3661137
5941757
9720011
775057
6892933
2213801
2938551
2175441
3102633
7498217
5257501
