7769573
714089
8753651
5553161
798617
1374411
4407533
6089717
180784737
7962247
5161167
6514823
8989517
2154479
7107413
2802617
2186713
161961
702079
1808861
2653587
9014319
5752581
9979643
1180999
7289673
5786753
6971387
7037339
7909633
7422973
9610887
1778487
189418541
7944369
8839209
5714257
9282591
3607679
4937371
6648161
3301801
51154891
2730953
3795477
8340931
133897909
8851709
4667787
5766427
1874493
6404767
1835283
8245591
1197187
1255097
9490647
101084791
3965189
9863409
1247671
5733577
975267
4771049
8539867
108199
2845957
1179561
2954083
432903
8428561
9226961
1862663
8712913
6404931
303667
1444399
191537829
4263751
6573809
3653067
49839153
1223689
215141
12371
562643
9966029
3194231
2376641
4739567
8207187
5782991
3121671
2948339
3221951
5810131
3714289
6810701
3999949
4145261
8775169
163715327
7602911
1522293
8002841
9985421
825261
6937277
4618347
7563399
5674129
3275649
1727381
7300967
2048451
827699
9010973
8980371
4723323
7318879
40011331
4357357
6021091
6433137
5064409
7611021
3519583
6277779
8483659
9137663
3632111
875289
1590897
3356819
6210891
8848247
566231
7174369
6703711
1679933
8329811
8288653
3856339
6530717
1829507
5696743
2495331
5452519
533419
1926651
1905421
9161393
7145181
8968153
8053291
8290401
5513459
5543991
73357
216407
3655417
1009147
9498073
2050439
5097707
8840421
1931661
8114863
7644557
9161907
4245787
4178761
6586073
10315787
342513
671091
3769897
6142191
9005989
2795967
5249991
6638583
6574449
6787233
4925013
23611
16669
5216133
8222923
292759
1497031
3529607
2782773
4115667
2729189
4688569
9523429
8587557
7393541
8026773
51
6718119
151318117
126494083
3683151
2902921
27776779
2264859
4809057
5081647
157334879
109922463
145633319
5108551
7254779
3941667
3204213
5246233
7128173
8171923
3769379
4970613
9631777
4972159
6292643
8864591
4180253
8554957
36395009
6377241
4002367
25373
5967413
5471113
6330509
9595601
5575849
1123767
3937749
5031547
105057809
8111039
2817899
6744707
8962837
1038819
5117717
3901181
3011403
9249519
6389829
6096629
2526277
8889579
192682129
607799
140259
6524977
5037023
2969929
8783549
3052431
9021567
1280109
1566063
2157077
4025501
2072081
2569957
1659489
9935077
8915039
7237353
9747719
8360633
9989727
596161
5132777
6716049
4033581
61682639
9814967
620561
9798071
104516473
8780257
4788591
7336609
9075427
4891419
4433551
2750361
3042403
8628333
1043399
4787501
5708949
61797027
549257
9560357
3334877
9321339
112610193
5934811
8440243
6837483
2547879
5410823
6068731
7624607
5190491
218117
5724407
260051
9439561
2740427
8504459
6328653
5118337
7716807
5659993
2785851
8033053
5255729
6553309
5576817
4286783
130523
6206783
9053881
127529803
9989031
7487713
9559323
4347087
4366899
6753821
8894733
49829
4275793
2853307
9952647
8613191
4079711
202389
8565871
2008251
4580871
7963181
7596741
3285693
9756067
3628039
1459957
5364923
7549757
9382391
6787517
2486469
8273713
7670187
2927733
4099253
6681889
174893
2718649
6519737
2105797
1779407
9719251
148813437
435699
2506079
691491
2564763
8473271
1678483
8776801
2317921
2347273
9323253
2395177
1429723
7910359
25437
2720969
5942803
9777737
7771057
6767551
7406399
5356001
2740527
3230897
5964641
856793
1185757
8801067
418623
1782379
23309357
2029543
2059173
8355543
9466731
8294947
6076373
2392943
1976847
8982813
9156177
3289687
5015221
5179281
9563933
12010329
1049191
4896247
3211443
7737781
987479
174531
1891387
9368431
5213551
5208551
7729049
6575201
9542543
6002037
5495167
468249
3509079
81952371
3413283
2285431
9587059
128302637
1128477
6374201
1440259
2388529
9843759
3723449
3114421
156623
190173
4199363
4989097
21367277
6119699
1442333
23157999
2192791
3513047
5928863
6312903
196461561
2471061
5725577
8355957
3003999
2688371
1240893
7070393
3891057
6985639
7162729
9964283
3259153
6456833
4367871
9758773
6993211
8073439
4882927
9275551
329541
3450087
8905983
2088279
2003603
4194897
5231359
7298453
1421171
1251867
3881079
135058209
190221
6797557
1088353
1235877
9741929
5726259
5193911
1016107
6243473
8320937
7099573
9343557
3734023
8937513
6790581
8780399
7920699
6728181
8687057
3103643
4083231
4897901
7563717
4520129
6075119
9909977
892607
2969693
7261263
4553951
5588051
4032869
8582173
5015487
8469089
5246737
2346481
9373177
6528357
7883161
1366277
7370081
8485267
4192703
4092307
4916031
6612999
4116599
4292583
5583879
2672741
4343857
9477243
5925963
5495481
2384817
9352807
472759
671293
945719
6164131
9532911
4048357
316467
6796343
44628647
1357231
6369369
1420819
9231353
167089
5299917
4986379
84727
5902291
380949
9655233
8891443
9893717
3260309
3964053
5514179
967223
1700501
408337
5667491
6465229
1608027
6518479
7029669
2472837
2714713
638849
5586229
9061639
4747463
8749211
4119869
143249969
9233199
3926697
2704229
990933
1306361
1847497
1016919
8835799
281231
8805397
5530861
4321563
4413251
3858639
2424649
5453769
8585139
7888353
4408321
7757257
1963053
4524251
7615607
5812643
4573469
6045367
4914187
9221847
4962117
9794167
5211827
7486323
2769311
1650171
4644569
7803621
3080533
5205119
52971471
2851677
1302987
8165447
132528109
3562823
216111
9316491
8714437
5269813
7180849
8279649
9711517
7916279
7663939
4253247
7961487
8501663
8280809
9747029
1532281
5667333
8432243
2644411
1843029
7269473
7208463
3369027
9608771
3746191
5315463
7191517
4568913
6043129
1293303
5686559
5801069
8193391
449691
1253207
9529381
4014003
3614989
82586311
8156389
1316667
4241159
6438017
7630817
8544457
4041711
1376077
671453
4792889
4006889
1566929
4138861
9961741
2331629
7291451
7330473
6563827
5173687
4147851
6687579
2575951
184673117
6800903
2708953
6798587
2118893
9871319
7160651
5952857
4652331
4985583
4436171
2247261
6085009
9770687
242141
163584603
2782363
4531411
6554639
8877967
3682267
4680147
4914289
1392529
1750569
7993707
9914243
149937
5953093
6837947
2156127
7929863
5923869
7984839
1384829
9255119
6923801
8430559
3752521
198164643
1337487
9676731
6620299
5450761
4319041
2729853
8170697
8593873
9674737
3675641
1061129
6834787
4203989
5458437
1027089
4932797
4537993
6463683
1129291
4209383
5640939
7869393
918023
4806621
4630863
6798291
3788603
7521037
7136081
6671143
1640867
2031717
2037753
7974687
3486719
9407399
28017219
6207021
2392979
1555093
5670153
8469863
4808033
9027123
4261517
175485943
8006027
120030943
609437
6363111
1295497
7942573
7120939
9071597
8156413
8483971
7972777
1695229
7705259
8105401
9196887
1246683
7808449
9478159
6391007
182365731
8646173
1204253
2863197
90274009
999573
2319531
7466829
7837567
5270897
87163379
2341349
6664989
9623497
589477
9428979
8940199
2716657
7994169
6316041
6041729
5808823
3995917
9623161
7339121
659341
7488947
