3068469
1508193
9024349
1741647
3388523
3552113
6711139
6951019
1834871
9908423
6369517
5104283
1554769
7677189
1704833
126901
6926093
3537937
7668809
586681
8631973
9074839
7653407
8941791
9345597
6065981
2300527
1455587
6846227
1094217
3252359
8435823
8658709
9136787
65393323
7330311
57476611
5630851
8026943
4499249
7731337
5176009
976429
7951639
3161083
19241
8773479
9765999
3202493
3389581
94275923
113597
7512223
4363863
7267259
2261719
34013129
97473
8454461
8852751
6380951
8784701
9649033
4236793
6125689
9957009
4937967
8695503
4684297
8401301
1983607
678609
2421813
4582183
172430037
8254969
9184827
2886161
9423301
5922093
6855813
2574541
3277029
9617859
31273009
1758483
8481143
9455131
2060019
636857
3331451
5709447
4748861
2045071
2836041
9612083
6220837
5783203
4322941
5376513
4087241
7508233
6788453
148543293
4365553
8700401
8494707
5664381
3822327
6229301
2165289
4579399
5425169
932681
9880677
356817
9446997
6990571
9848701
623691
4925639
2822921
8505719
4610117
7112569
3541583
5510863
7850829
4557207
9841063
6681443
8169569
5116183
3989897
2992963
6173749
4721997
4595831
8996469
4173141
5312577
690017
7423697
6685349
8315913
9811631
7423659
6379751
7645487
5239713
2413587
4465783
5403527
4548121
558463
3759351
4852247
6556887
3288717
4816113
3957163
5731301
3436911
5904149
634537
934539
7694877
3368829
3735083
3877261
9269101
3504973
4975539
2713503
4294139
1735179
9906959
56559
3003937
3829157
8072717
4200283
5812673
6970579
835903
3733679
7526983
3807603
153973159
7065717
4388199
101742759
837959
3663121
5684819
2141471
8236409
5030433
8852863
3653841
1197723
4541171
700847
8339299
8051941
5550847
5414091
6257121
1008537
6502341
1038417
33236133
2616089
2179683
5292689
4125751
181259
7756877
686477
3938861
900213
1075659
3041369
3639453
8894233
5394393
4144683
8867231
7995123
8290831
3133043
4341109
8519103
60129207
2339543
7779581
5009241
8674391
21177157
6384181
3923953
7839703
7426481
97076059
6150251
2672663
3943307
3288403
7625903
8150113
8844461
5014071
4817893
4541701
7667713
2486787
3774489
1352367
3681433
1901677
3867399
6033629
6277937
9925787
5014311
2238621
3719399
6826757
5048461
5262841
1622821
9686521
6975273
9899267
85501927
2472743
5787947
5778757
7140033
3919549
8078479
6730713
4930739
3916201
9987667
493691
538907
7952467
6760171
4159743
5317371
1249809
8369437
9845657
6885119
9429003
3586177
3621679
71612719
5313981
2221841
5075487
1026623
4183433
9630657
2711671
3978547
1782911
2684423
5945341
5442831
4825731
303231
5527687
1720223
3936183
1290939
5750543
4120833
78652479
3979551
220251
3198363
7745117
3173477
173308703
8262967
3763251
8910241
8382677
3551793
7730221
6992719
4557103
8976287
258101
901441
5302163
2392059
5244597
4778371
4500361
2562801
4260709
7862989
2503331
4914889
7571901
8836333
3884951
2706101
6113207
1251563
9627609
1904019
5255951
1481439
2432551
3583241
5563889
2401107
900699
4729499
1907501
3614077
7702211
3490617
944899
2447947
3494641
268767
3497193
3215317
5375141
1632017
3947189
9784399
9413249
36951
108426261
6319141
6298371
9367953
3702617
5792583
623311
1694589
5988461
9910957
3744147
6416457
7515501
9369803
162600771
6985733
7781833
94883
9698921
131216381
9039423
1631793
129272389
1456843
3823849
4600153
7317821
3072283
2570213
6996331
173701979
7516489
7209399
9953297
641549
7094207
4812103
6932091
3846083
3756569
8770613
3519487
3803353
6223763
8648357
1360779
57543
5915121
3071517
3807017
4589787
9460403
9487399
2279889
2081023
6407669
4633103
506359
3572643
4667433
913659
8636809
7898533
4458833
2605621
7117147
719979
4052029
189658759
2350909
3346387
3645493
9636051
83387533
8292353
379471
3210633
3663307
4273577
1347673
34206871
3304437
83393
6766561
1973589
2683321
487379
5807813
2493793
5230409
4338359
9260371
4530169
7936013
7867089
7823483
1299571
2260363
10198449
8091559
3952949
2270691
4285027
3429391
696473
3407771
4969601
7118643
5991399
7442529
2556283
6531911
6062773
2953339
2193829
9933017
9026683
5357511
5297971
4534361
3743003
5538243
533473
1341959
8617633
8147611
154348703
7020467
4564871
4377369
9407911
763381
4513851
2185023
2401239
5778397
3566641
3895677
3335669
6509257
2761507
4065211
7518767
3732459
9620131
2578213
6077049
4276381
1211883
6175231
2216107
3188837
3053289
4810281
4219911
1121511
7671077
2836033
63524407
4033457
1958021
4423367
7262727
5301967
5236897
2616893
7984591
135507
4312197
1405761
5844129
5881451
192665087
8326727
6432411
5658183
4137151
8547479
272989
8752221
2659331
8280517
9864501
9703541
4451289
3831173
7808901
452863
9769567
4834013
6845997
264487
8154541
3490601
4820827
9490421
6425441
158820709
1205751
1012473
5188453
3968229
7617831
3207311
5253151
4132977
4041777
4130459
1365711
680609
5519821
7705817
2873349
968317
511229
3014847
1802531
2698113
3915087
9163557
177329
1310563
5799473
1465261
3574741
8798761
2087689
1768943
3615557
4182507
8750807
4727613
6699831
1435227
1287831
5545057
1354071
492151
1366649
5879677
2909237
7126581
6048767
5455237
3089121
6876661
1681727
5547489
390967
57893
8596243
9253943
4491937
657737
6191683
274879
5834981
860131
2949227
9023849
3933731
674337
45883203
165133471
8780533
1537981
2015149
1196257
59890349
976903
5200869
7488701
647993
2336667
3142641
4731283
6399479
2682211
1984843
6624043
6578833
7872787
8554113
1579587
3883699
6744949
2182059
8273419
8214193
8056693
1357701
5133837
7921361
2741247
8961649
16245507
7454589
487911
8352563
9408121
148868253
5682207
9782311
5476763
8459787
9604451
2794033
3635203
8706033
2496963
9567101
314747
7967991
2340891
4867003
6805631
5957901
2822821
464969
4434097
4123927
3072483
3620033
1774117
6209499
6642771
218513
9544943
6987183
6211233
3854157
2266013
2037029
4759873
1889653
6356261
8207267
5237871
2093417
8094619
8660013
5522597
1284067
5781
6203063
4110239
1510859
6790351
7249317
573191
9189571
4675961
2758147
5793519
6048349
5483939
2240913
6641287
5983967
5089647
8147063
2385089
7519219
7424871
8475979
7484787
9654593
1272439
215249
4983441
4720449
9714403
1957317
1562323
1810921
8329771
3603279
7959379
8333927
3113849
9151991
2056989
8731063
8549863
3845681
6814971
7694401
