9804911
16344161
6608759
5350427
7301947
4950599
6321051
1913223
4746287
5788519
7925469
150893
4572273
9599271
8490251
2381199
1855333
8488393
3432447
2095861
2401253
6110811
8680629
4008529
180323639
5361539
2925949
8180529
1363449
7787867
8374881
3424083
7305693
6004169
4879187
9702731
5499579
9371213
84281
2859383
6778139
637893
4602741
7611429
369439
9871841
4682803
5484723
8679853
6205531
131974653
2351083
9172171
3153651
184158111
9612339
3864927
66585881
8859707
7464051
8730629
3070861
4829641
5461427
7280891
2221349
784777
8573211
1326627
2423667
9832097
8228791
3498453
990427
1367999
5650453
7226603
7839547
8776447
3180571
6001593
2845247
2369619
3986259
315813
8386761
7884283
7591407
4557789
5651723
4296953
3845417
576389
6002423
2977329
910683
1630533
2204379
5396017
4442993
4900913
1414799
7789811
3271991
3652403
8683653
6174299
9931179
6865637
7984937
71213573
9912973
9599523
1924341
9698947
1927199
46486489
5153301
2791937
1279901
6517533
6854699
2641729
3735233
6106359
4978551
6340487
189136017
6649323
2703959
8806239
6163919
3206781
8987799
1183499
7406407
4293767
48073107
4433299
6658119
819763
6647507
4250799
8336531
9107971
124017667
3522759
480271
2496219
2849909
3785217
5025177
7870577
680713
83361719
2306427
6246131
9571391
8587881
9425691
8612459
9561303
8865647
9996437
8776871
9150867
442411
9695977
7146453
1648889
3405649
948283
690859
6821259
1778259
2599209
3687509
6924029
9478559
8370679
1973501
5000923
9075879
914993
7021161
3438273
3573079
7366841
5539279
530567
6030153
7935199
249927
3663977
7081339
3928951
5771639
3238443
9434447
1955879
47784171
5875017
6248921
6624943
2528639
6722027
7868809
6408677
2149427
3426063
6867097
9643101
5073771
5356419
5949429
1567299
3351743
441367
8045513
180263
3460397
7933837
4045403
3762293
5885313
5960903
5699857
5009757
3260679
268633
677183
3740393
4020617
3081073
5440721
6386511
110594591
7930169
4313471
4882317
8408071
6984581
3206819
6680581
3373229
1223281
4347713
4455189
2171031
4889277
113194617
7675031
4037907
3770377
7150209
9229089
999949
8287841
5366767
7476033
3746187
2146431
4025199
8651917
5807603
6862231
4147773
924051
1411507
1807609
750273
3339829
8502597
184399
8756753
5732347
3952457
2283977
6382609
1210411
5363967
72183139
5452399
9909941
2031231
7991023
6841407
1700951
1072099
8110811
4914293
130954781
4358497
729877
340317
4835497
1335977
9285057
3168379
1355077
2607521
8411649
5003727
7339127
6993009
2727499
3899891
1848737
4605257
7985409
3056301
2092279
187820233
494129
9736981
8690657
4300973
7633561
7011759
2868553
5109997
2592989
54886443
7378651
9670703
7324169
1698081
9290447
7607803
3004137
5033461
2147661
2425127
5815827
7502871
4033769
7697677
4358143
7474649
160085803
2842829
7747601
3440643
8362489
5370891
7815291
5372633
6911991
2150623
3406149
1146999
903871
6814227
539813
98060121
5919833
41016637
903237
7892987
4838589
5651311
9718193
3275137
4794467
1223353
3893469
6938497
4443097
4311123
4320539
5556829
4043991
7796997
9975437
1854137
4283809
57339
7877557
6809051
7153943
5987233
1692181
6976567
4888751
1868169
757711
6511783
1477971
8610447
2666237
5632813
3918849
374769
6194991
6046803
473419
4500533
7199599
8105659
154052447
2051037
289497
2804621
7508399
3276607
9182049
9031653
3170623
1244661
6832647
193148453
5322199
8435253
159021
8387979
276723
7864097
2039853
155561
6773547
1819729
2897243
6991661
7636207
8078961
3425171
7979559
3641919
4220359
8249961
2979741
899381
9689471
8131657
9139263
187318419
8278251
344591
2596571
7127481
3259911
102355031
4166033
635597
2792653
6105411
5177383
3722167
6491311
155973
495257
998129
7452369
1813163
3462113
2239357
9914687
6810049
9636973
5004979
8717343
6384527
689837
1289303
3157891
713749
8041543
2895203
4065927
5224877
183673387
9378373
3949907
6448397
1648087
6273871
3171761
4575859
5596669
6060609
5478283
3667481
5844881
7793973
39528517
249853
1546337
33394571
4693403
4051609
3036733
68001
7481841
306861
7181389
8621387
7033081
3924291
8430993
6650809
4241257
8610517
740259
5761657
4889969
7746501
520433
5716053
100541363
5218843
2367221
5617761
4947431
7044217
8920431
1679503
6357017
6800239
9377677
2673017
6080491
1075847
3505349
3243869
5257937
6368083
2090181
1136431
7407403
5860429
846141
6151591
505187
9858983
4952581
5722967
2773623
6813003
4700929
3534097
5838077
3683149
6401301
4208859
707763
8988359
7698357
6352181
2685619
6670087
6149911
1231907
9566151
1920323
1733619
5688663
8962079
5289613
6055023
5908341
4777521
4251707
7863723
7009767
4256983
7567147
6449357
2862629
3702361
3225261
5193487
749333
956799
7757219
2766183
1804147
1086059
1999873
8778563
2620129
2337903
8808769
936663
6058797
1749147
5732401
548487
1958649
8693979
4836449
6560761
246721
155339
2199149
3372319
6366379
2268973
383397
69829
3778831
5584811
3681321
6992297
3476113
5715143
7593589
2986837
525061
1717499
3814841
4837307
7143903
7805683
5508329
578313
3801819
2694079
9983693
3696011
8673747
9195181
2677921
4385749
3593193
345707
5910037
8212997
4768483
5823831
2990153
3462237
1098261
8044351
3703043
448453
8211451
2957611
9582427
287993
7157159
2093691
5689251
3409297
5848251
5787139
2642387
5143841
6984791
9365419
1313479
124222637
9255469
7060387
539663
1179703
3489671
4281009
2420037
7405441
608753
8154971
3372919
8341631
8500177
9119789
745947
7208379
8811141
3149357
771333
5560023
4820373
7155801
693639
5558081
6130441
6155809
6469403
2004199
6406511
2934241
5256719
7696373
29773
6515283
4010881
1970591
4404667
3791719
8857547
4932263
6352839
1942069
5009159
4278161
1145611
5805481
9627093
4813593
99318029
292367
9671119
6397421
518433
9808663
7074849
8905703
9364557
4883263
8544511
8272361
2539063
426513
4945679
7652601
7613627
7446303
1833759
9041481
360969
6086153
582889
2805461
155005909
61431
7824229
502893
83469
2007799
6304191
6642787
916787
656487
38004599
553207
8671581
3090067
2502791
5629781
9503969
5735363
7683397
1547309
111501
9615393
9669297
4589349
5944419
8761489
1897721
9391827
2758353
1464631
6042843
6392209
3179133
7607571
2692777
7136663
4569039
4060113
4236469
1376623
4993769
4777099
6469633
4636849
2530419
5699971
7805323
7904379
152480279
2109149
2499333
9978259
8485353
9180617
7841157
6880351
6656941
3378563
7624807
5087871
3892861
443523
2724323
1375577
3573217
907727
432483
6387097
79583167
4350553
