2622691
6765621
849049
7175027
3894639
180200691
5706377
2393207
8154037
9296307
2955853
7274011
2380119
105838877
6415353
561079
4223089
8991993
9412661
382069
1644381
9318691
8778019
561171
7932907
9091361
9840101
3984397
6947367
4463389
199559
2655623
1071103
8570879
3401861
48547
5025211
6916313
5963731
3188187
6590099
4883059
5885651
7291489
9280287
8785499
6883363
60296471
9674539
2656543
7617971
8072263
3366021
7385587
9373213
3423407
6932773
3600269
9207897
322661
8411131
6108721
2109969
9760669
3258907
2278509
1359901
9007263
5374689
5170403
693681
1096981
4968041
238937
3972191
7695669
1119597
1545463
8202099
6752521
4843547
7843259
3276077
1497259
7242913
3578753
9587293
8970741
1786841
6254549
8993821
6038719
5668981
8847313
9961043
9458913
26482003
9346527
4118303
5834817
3704517
7792171
8435671
2918729
4908677
9866927
5501713
5048701
5967227
4847563
1049693
2789751
1981671
6016863
1253487
8763727
5945917
2679763
8852641
55639
5796077
1435557
4001627
4843091
5785637
397831
7684761
5302127
6017757
925059
5891867
9431517
7235941
4812501
5334913
3052463
3689749
3576611
23018643
4589973
5721901
7931993
3906321
26486647
5317513
8938487
765781
8633711
1038691
9235977
9143489
7176757
4129861
2989413
2468853
8963337
5049557
3129861
5284759
46287
213021
5422539
32187
2784507
6260307
228031
1581341
2336481
7347047
1144077
5559281
7476619
3766563
8932817
2064471
4608429
1935531
2927117
8971073
7516717
8197221
4994023
2939273
3179917
4443293
7976543
4212739
6792569
1607399
609519
7333651
5259291
8100803
6483429
6526909
6656313
8337951
2296139
9797813
3782831
7689117
3494673
2141787
6326337
3943751
7141547
4148997
2537907
5212361
7149599
133935389
1170911
7149197
4358427
6985369
5396411
5338063
9949873
59426599
55878073
5043941
181361
5360261
1542199
59701
3986787
5778279
1420429
9813451
9175327
7188787
2158781
40511
1463077
5197761
1263841
3552739
2558781
3869999
2302477
7110183
5830237
645741
869703
2195329
693199
9141319
8344733
177401
4313229
3576003
9844647
3904271
9441893
2956867
4067461
752423
9167413
9188283
5092451
5362031
2446447
9162871
5251221
5390571
1746913
8738957
2949001
5038841
3777199
3577599
5015727
950673
4236623
641787
257291
9122541
9245727
2563963
9891989
5625059
3104171
7142601
9582723
1899433
1216271
6088171
53710031
168502711
3373407
5114203
2677467
3628733
5848433
9652973
4242367
6234093
2191679
8354783
9966653
6417993
2549421
1447627
5408521
60701361
4557399
6793313
6550007
5074641
8018639
5419567
9386161
88413
1649929
6820897
8165931
1105131
3362061
6598773
480279
3331507
563763
4186817
8045723
7959561
1370569
6645427
9017603
4121801
8995659
706079
3121963
3202399
3990059
2679267
7965913
3703349
5083263
6123603
8679889
8797511
7690029
9638657
9788061
9190569
4389643
4810517
8557211
6798357
1054377
9540023
97456511
1415373
8094723
7048219
3696223
6742787
4924339
8926931
428459
1709437
1725513
5159973
6990709
2992399
692373
6464149
1281227
5393581
3199791
1726147
2211827
3356923
79968927
5916399
5990847
9743717
2213183
5225179
7281881
8442983
1229733
5399203
9949529
8461799
106737
8676977
6059759
7044421
1473249
1729679
1727237
624643
9643581
6267849
8822203
6227369
8666031
7085343
8629363
1608357
1627223
7761301
5544451
1131081
7214573
6655603
1473961
7530671
9345271
8228921
826793
5534107
299407
2140569
4151941
6506373
441397
8722191
3376113
2004529
6837537
4977499
5271893
5863763
894051
39267
3431573
1298007
2377929
8669793
4505491
48088233
3810617
2947277
6474113
2691839
9451511
3720891
561919
275641
8886833
8066731
1642011
166565381
312101
15990479
3928889
3021379
1229471
3543723
4781627
760543
9088457
8362231
6319817
805013
5669921
2426881
9224373
1861347
9543271
5465857
5982011
199639
7297371
8598327
2616923
1312919
2321589
7262269
2139799
9616797
5076673
2487987
5376451
360497
1403583
2141749
9613001
8567361
7175307
5039227
75767009
1217199
5151891
4146421
4886649
9845429
6669599
7513571
432019
3119813
4697957
5695351
145483837
9394617
1314797
8376771
8465527
2207081
4374123
5561743
9536727
7041257
1677607
9006953
256581
7529
2080301
9770869
5378661
4596797
3167271
3584461
487251
5642803
145153
6460693
8137753
1407133
8410943
1756933
7960539
4638613
7229431
4542113
9078781
5405873
6258303
5254623
141045903
91938181
8217351
825423
8204611
682013
4808401
7946571
3235187
8700649
6012113
2149571
9194839
3748411
545621
5567663
414081
9849641
1064187
30903
6612303
3073149
475107
3284577
1625693
505989
8120737
4766507
4612923
3231859
8277077
975293
1548031
32723289
1502413
5510757
4403839
4724891
127269909
4797929
8533413
1438891
3055871
156331857
82647437
7236503
6998631
4644887
8267249
127638097
1169007
3820701
1322531
5363183
6959631
173015097
2708291
4120219
2745279
8183139
3570963
9381009
7191013
6382687
8682671
9083307
5749921
6081173
3947387
3116119
3192919
6067193
3238403
4919499
8828369
7834893
9948503
7397703
7604733
2470671
7673777
6255109
6831959
4693037
4857459
7848689
6918603
7458653
4030557
8327913
475147
8437643
4124829
8717
8888027
7929763
7687711
4282359
5569501
7707393
7518139
3007613
1541513
6327707
9547607
4513557
5490829
8676907
5260707
5353747
7389661
8179333
8955061
853827
8514323
3558203
2626813
2333607
9602013
7301171
9328587
256757
3225163
5582691
216783
4713393
5254829
7290413
7096573
107921067
9953941
7140687
341311
8508113
8587423
6023737
3498523
3855657
331599
3315039
9010069
8580671
2292947
41982857
1118503
445077
1606749
1215693
7350449
7973659
6451591
8657709
6315969
2972591
3366501
3285581
8430377
5822707
4009161
3407923
9794501
4409983
4264197
4197523
1430583
163762579
2838849
4464871
2383197
3298903
4135287
4538719
6206951
6182419
5794171
1935991
1050483
8605287
6820947
849121
3327779
29194023
6703023
9529093
8766037
7858973
3172863
3415427
7421007
730759
3676881
2183339
5529529
6039367
3656367
601369
5068399
6389781
8774819
1145657
8654247
5595451
5035797
8929687
6724549
3091113
3587017
2778589
47677903
932297
8660099
134121
6762733
9749127
188099
343499
41844237
1766763
2572597
2238987
1229317
1851457
8282931
5131959
8339739
6249159
1649489
3146843
167378477
2598787
6898739
2623951
3653491
2980369
170389049
7222583
28083043
4636807
2428849
9556289
6442723
1413079
1219367
9555813
2360563
3418509
7961801
8324491
3663417
8676271
6842733
3429941
5368247
3133321
5762303
687183
6892667
5428627
1415077
7126621
3241523
7196691
6745349
9000021
9260599
3132193
2668021
5274497
1255977
1405893
1146453
5303599
5409489
6411577
7920759
5902407
4693981
9444881
5588451
115383307
1365647
8315111
5960127
3118821
