7815553
832199
3935343
1433053
7460123
3182211
5215027
5265813
5796823
4835409
4718117
3393181
1897643
918449
8048153
6933983
4310287
6836693
6951763
7116383
5936471
21231
8663809
7737043
4101689
4765329
5531219
4205497
5193531
6241411
6118033
72747429
6452281
18189087
3797933
6409627
2489679
1142247
73553
1342401
8260399
7671317
53782759
7487471
4755761
165467921
3403549
9853597
773741
4931223
8087383
9217701
918163
2058939
7874401
106014087
3085419
2845667
9582959
9730739
8136653
9561647
1643621
596323
4776069
6445749
122141399
623427
3357267
2415867
126111479
4596607
78061
7696303
6524939
2484661
2574593
7454869
8815727
1496697
9419081
8714783
1855727
2369911
511279
3856727
7485157
8482701
4815633
5405819
6996289
4403527
2377961
8871421
6725037
6600057
6462299
3988713
6547729
9474549
258861
1208989
5988631
7135767
7754283
5684523
5172347
9757447
1659429
1816881
636279
199967931
7196609
148272149
1062241
9088017
9642039
6188983
7075121
4052619
131333
900911
876803
26312591
6629949
5656609
2394979
124583
5992843
9989417
8705001
9734201
6768999
8838797
4136831
4214423
893843
5576049
4119253
4787187
163025721
4555303
9541213
4004547
885527
6206963
9229821
3165761
4352889
9536357
9888087
8872239
47706173
4012819
2579613
6078299
8412781
3749357
4500001
8189649
9605799
2431987
9231299
184958961
5969669
1633871
4574817
7262981
9591611
9176233
9736571
1627929
3522139
2372313
5490847
4480057
4671449
7775809
8980927
6675901
4484579
9907319
3685739
6376141
6975733
3529247
3731039
4989207
6532643
5088509
3581441
6106399
3204247
5190479
6984129
2305187
6416753
5586699
5207611
1714777
100399
1417307
9511807
4088349
114393
5112807
1571103
1128099
8133311
8731373
7697951
6273239
8400551
8105969
2312729
3974543
710633
9844383
7511841
5674577
3075743
4461761
731041
1020327
8163149
1634523
3890341
4573841
2899891
8633211
1263241
5600821
8035867
2950413
187613
2902381
12917807
8268867
426181
1741683
7190753
2806809
628027
2056269
2892831
1140363
7577293
359643
8508071
134264679
7159079
5050381
3449559
9776731
3788479
1971151
6047507
6351739
3156897
8077181
1917967
8835973
8360169
5337579
1384993
6656401
7091171
2700769
3058349
7249439
4240141
6291193
3501059
9285187
84408577
4296537
4443367
9914619
6112471
8712507
9662619
4070607
4479099
148743
7706273
9149909
7529541
8972847
2789703
3929157
2030321
6677587
7461941
4309363
2910333
7516307
196857
1118477
7460957
6730021
7565741
9735827
8783223
3410721
7869793
8311679
963617
7671177
868427
2087313
3968537
6850773
4258301
8525327
8662201
934973
3050821
5195709
3472359
9255783
5181311
8709841
7869949
9850477
9258221
7957069
1559113
9628563
3988891
8952573
5782067
8600323
7154129
6003729
7690151
9069681
3282931
7928723
2139467
73923
2565719
674213
6944891
5066729
3373823
1704701
7204911
442467
6823149
5978079
6057529
3190853
9201153
7936859
9703001
9334747
2056087
136217759
3076841
1859693
8272127
6211203
2991921
315533
5800513
7906967
1202749
1429201
3710911
4827997
172080753
9591331
1019431
5251569
4401907
5370987
6321103
7388583
7808899
8572963
1343901
5290249
7395333
2492887
519577
3278709
5819359
156467089
8861799
1354387
1685023
4583679
4885271
7914417
6160539
8054273
5139969
1883647
78593
346799
2432307
2219379
6360593
290589
8959453
2338629
1196671
1355137
790171
9892721
7395233
4802801
8773071
8699513
6191687
8877401
372729
7195891
77063
7912543
1447913
7138829
9268101
709923
9146681
1398309
2421773
3156139
9003321
5636283
3522641
4592141
1361913
8549581
7983701
8382329
6061843
8265219
4499529
1602641
3385827
1060189
9785013
3432613
5173523
4063629
1903697
1481209
4599127
2655721
5108453
4281611
558841
796891
7725357
3122363
9488239
8985053
8731611
8844257
7558103
8190663
3002089
7203633
3296149
4624907
4893623
948893
8816253
1603983
5426639
114362971
1628093
1831377
5884941
7543697
1422747
4550033
5481921
2074223
8417893
6610999
1134771
4001863
515931
4751469
5459403
965157
2044781
4064261
7402563
2442401
127961547
2817473
4708121
2851
3598207
3797973
2984061
7593953
5646793
3718927
2339647
72203
9048153
5137967
8017137
5240807
9605609
4353873
143068677
2035593
444547
1819393
5092299
4754339
6228047
8653763
7283047
8934993
2196487
1102043
4604709
8828003
347043
5166321
10810387
7783259
34759031
20596429
4606453
6089199
9566801
3544847
4801427
1057371
7821273
6052203
4592227
2711973
151929269
230207
9502933
9226477
3458529
7455227
3662791
4101309
3324961
1861901
747477
9277837
412743
4729791
8250247
7902747
2739183
9838831
2346731
3661161
6721649
8603947
4361839
4759059
3182209
9519027
7091827
107853909
8816379
4839563
9144851
6789621
9023849
2173239
6963603
4911323
7868907
90838633
7506809
1954757
2057823
6734413
7637037
4321713
8674541
142391
654039
1466783
7633503
9289829
7778593
8274053
3556699
6438759
635283
2062011
457877
2638351
6445127
336069
4927749
3253263
5731851
9062119
5799527
6875443
3203941
2096567
152308717
5321347
6442903
1366421
158221809
4087107
2516323
6942827
5631839
391537
4334809
6140889
261043
114192531
9472033
2148031
8332221
8553879
954751
6428701
3018573
8534797
3795479
6307829
2934087
8313103
8576731
210363
4689333
1572629
4733471
6708963
656341
1380917
1497323
5882543
4566919
5479147
5132697
2519417
4195747
88007833
5737689
9195611
4249821
9736489
3733661
1961793
6960359
8281819
1379481
4634411
7604527
8412869
4577259
6522363
621579
1725839
8922007
5333607
741871
4123197
9577527
5363023
996499
6993683
2711423
8660513
6572527
7100021
5648389
5704841
4470807
4603549
114598209
842239
5114697
3201151
1742863
4180327
6887727
7610587
6361763
8616681
684819
8280497
1097059
8397423
4948481
877611
7904759
4689697
3578299
4535599
2082237
3387793
681977
116637
3583861
7490381
7981651
9644029
9755667
7882923
6206911
1475771
3738673
1697641
1365353
9917939
1550531
9248411
2495641
3791081
2951313
5003699
5564783
4253157
5396861
6808141
342217
8873107
5127201
2697321
4600817
225331
189500531
4119229
178355077
2576861
4775233
162795709
3176561
2252099
8541687
4470279
8528367
563123
7285593
5851063
244653
2376747
5627123
4396129
9527999
5621803
5651467
1110613
4634823
8118297
7854007
8132051
8027603
9825721
9832817
2769511
6024757
2625731
9247447
4303599
780809
6657267
7895697
3014943
9520511
4619587
9357743
286617
3563303
7585459
9763579
6317507
7486969
20373477
9930313
8824559
2125879
7057381
9178473
8636793
8789823
6232353
7375273
903487
359633
9369969
1475417
4691381
3036187
5055613
4278487
638979
4178321
2460683
3658389
5839607
4270773
3357447
8019193
7445643
