84784563
2632171
6559587
1295947
5542271
4223993
1094407
3447093
627451
1752863
1918831
3656721
8518641
2774713
1261191
4889451
1522451
1249037
2658653
7723151
6582829
4674881
2556633
6980311
4567201
4493627
2612623
1123067
3950653
9915441
4596763
9880953
79957333
7188479
633391
7784811
5651487
7703033
9968351
3646223
656597
8619173
4390031
3118201
7825871
1975847
2629909
6220399
9645449
4082263
7243863
8914767
9569863
6771859
9600713
9490741
5278681
1089389
4808237
2593451
5964157
9689621
2227447
3755021
6858073
9512499
8760397
1584539
9333981
7203869
2134799
425927
1360571
1973073
5417181
1185771
9125517
6848833
7957743
8723977
943523
6937107
6411671
4494451
4589683
6172063
1962259
353351
2049311
7294929
4411391
9742143
8827629
2743797
4789937
5863033
35866797
5768537
374791
9214591
8038687
4684273
642273
6517499
6532569
8907691
484091
2568177
5908039
4026411
8375471
6972603
4458961
3065099
9471831
4609483
5450137
7955641
9296051
8394367
8668983
7543499
299767
5943507
3655829
7488819
1769661
7324611
434063
7231783
198661291
9988623
8068411
1198747
5573943
9593719
5487631
259733
2535171
4267773
9008587
439903
9896221
6409133
2479643
3595091
28111897
6346429
4507787
5664849
9177691
8628171
8134799
2291449
8033321
2189497
6328033
3739599
4529593
7550861
3139257
7086299
9797323
5009673
3562109
6660397
3154579
8825319
7007137
2475711
3153939
2697089
9169943
2131127
1305329
6778829
102327353
96426237
3624349
2468427
4086517
6379213
7169089
7844643
976387
9097573
564417
7540629
1842737
6872419
1852167
5693513
3853317
2634199
1770639
6080457
7538853
13280799
5664431
1730661
9458027
3675809
5045377
112556287
7492339
859907
7754411
8562843
8163041
1033443
8988419
9249043
7708981
1412519
26663
5558959
6371327
995081
4176709
1556211
1226771
1216793
4404749
9470723
1450779
9654907
7907659
1489117
6385437
7186263
2387309
7458589
95333729
4688423
7872221
856947
3163349
8160303
6996839
6039603
1259401
2844957
9860919
3612663
6326439
9389653
8129343
2093943
1715471
161687
830137
1196413
448259
1272849
5148023
5197831
7891511
4778511
2378481
5995603
86821
7855381
4405949
2061173
4676989
505763
4534751
1392899
1639873
5771123
5484451
9564117
18958503
2962801
4349193
6002373
1130457
4679037
9719513
2333471
8530131
2136879
484431
2168037
1925919
2930061
8496569
9573201
4424083
2142473
9581701
4834201
9129787
2728263
8121581
1931011
2322081
6917283
9274767
4594991
2972491
1287699
4682043
3838607
2718641
8536437
1281463
9125539
7623537
8982313
179133
5704833
6772557
110972367
5616541
2926763
7161119
187773061
3375553
1728431
162609333
2170351
5378441
639847
561961
2006843
7575349
6090843
7723669
2509137
8376869
786129
2972671
7311341
3130343
506783
8026017
9500037
385797
2718491
5086479
928229
4761951
1648481
8214291
2549219
8607899
3332963
6969907
4430769
1353027
9767491
2420723
5075699
1885169
1869663
6709151
2305227
1482651
521677
3228173
112183
2184859
6215633
191734959
9850027
9119357
1975397
8237109
1967587
7387483
585853
2969959
4709599
7575627
3979033
3045107
9213983
7873473
2847427
5706973
5055881
2194409
5207629
8305513
5877619
2920347
5801523
1581197
9855799
6545747
3723887
3935707
7645227
5782587
4514213
3116987
2324113
2279573
7807477
8311451
4176893
8347769
6664551
4602071
8322977
2431439
2392089
269659
1158169
6491267
9567761
7338813
8577717
6184883
7865807
3584493
6656179
4841803
160361
7734159
8117343
9803333
5863937
4292551
317533
2186103
6068439
1687683
7099681
465473
6333951
1630553
8777683
5044323
7957807
3476403
7020879
302929
4817489
4116249
544747
5661719
2735509
6460761
1404373
784527
8659159
9128841
2390347
6044887
9030551
4089021
3018367
4153087
9535277
5913547
5911697
1632983
8990983
9568003
6377999
1426483
3438873
5321583
5097553
5179577
3342869
2501201
5324033
5527651
4956611
9970719
8067843
2817447
754689
2530141
566297
1674147
1735909
4184489
1838619
7431609
109371
2317943
8733687
6277717
2788807
7408379
8349669
7723601
4803091
9657399
498753
2463853
7472641
80422593
128453
4108541
8987477
195086627
2501651
179259
183199907
103642941
2132283
255259
6656713
7466293
676751
6107597
3561507
1927467
8785621
3117407
3090513
2498907
5573529
1861861
1882349
8453551
5078571
5205557
155716063
7705843
5596373
9311477
2048637
2338203
2116927
8363023
3516609
5049083
2585497
4533283
5107257
6073661
6231383
7418151
7725929
7157843
940999
3790377
7229487
3734111
1382109
7353859
9712817
9030617
894501
4686267
3902217
4599489
4648317
6848679
6245267
6766789
1021647
3765951
9868959
8025457
8163537
3203491
7834391
3909191
2696669
9052551
7637183
9809789
5704861
5904263
9529953
5039753
8194933
2475173
7265479
3794269
2667227
9985997
6510581
7975301
3806837
3918161
224321
4907003
7291719
9216929
1245669
2592221
3643757
3565899
2013993
6552173
165845693
3109573
3226279
5069143
6733199
4329373
7524501
6686743
3938257
3049331
296399
8196139
4366223
9400449
50034977
1403143
1117067
7807867
4665203
7669649
4548787
4690623
2701023
8857221
2201871
3188779
4208849
7052017
1211657
1384779
9312351
220139
6514139
8473283
5067343
3063157
3059653
5891433
9311311
3133051
105667
1260677
8425489
8833659
68863
884883
5825159
4004833
1606869
5843791
5052821
196179
3336629
2301409
4336363
4784009
6820237
3000263
9223577
5457281
4249941
4464341
8124767
2646001
3398439
1623471
8782217
5385703
8706163
7693371
8319689
2640941
9923003
1996649
243071
4267619
347419
5727097
4072517
1139233
1180953
1698143
2663533
6767251
3900253
7955183
1046723
9309271
3221343
9677731
4543419
6462203
4290281
9058257
7466911
9687821
7276843
4054593
2648019
7702897
1055003
3569717
1611493
5136359
21420277
6466929
4279853
5734393
8521317
3300507
2646939
723117
411941
5529549
8617153
2464169
3073257
1567743
8687183
681653
5762057
1296139
6648121
1570053
3846461
636249
7422369
5291851
1810227
9663241
7152999
9857089
3493427
3943201
5238071
6539653
9656493
7955107
7563967
5387477
1205773
2594217
9672581
4667683
1925451
7879259
2346793
4724923
1073599
7985773
7133897
9231387
722889
475789
8222191
6071959
100727357
188355051
4960117
3849961
3297991
3205871
976777
8871951
6962227
3761717
7114877
9930251
9860399
1312511
9046739
9737673
9345033
3851603
6507951
6662663
1586229
2167937
8458633
170239
9853051
19996721
9124277
2013813
6822241
1867001
3369379
9061113
1775783
9292293
2762167
6659
3646151
8200527
1650651
1609751
9032981
