12001669
1828947
310273
4274129
5715453
5692797
7288229
2461033
5045629
2308737
7575629
6137797
2009501
6159361
9191997
1594121
1647597
8796567
334633
4185619
4357561
3584347
5350447
5426747
5086121
2290789
7806657
3406329
5532727
6088361
3440709
403863
7732287
4064553
3361961
3843567
2540427
3711657
2535797
8401567
9460611
774241
8128047
6045499
7801803
148404913
6300623
2149833
3997607
9308111
3874409
2236839
6298769
2526523
72707977
8559209
3103127
3155513
8299493
124829
2075187
1214633
5970621
1824311
5745381
5146991
2154517
9615609
3152893
6023461
6714311
9516021
3583473
67656821
6463287
2370629
76397167
109361571
5590757
4613887
2535469
7618741
1110387
1388417
5031091
2971519
5692711
6065311
1765181
556211
1271821
1227441
135152231
564217
1301659
3140539
2417629
253167
4993311
2394319
4634447
4926827
199241
6055183
1244757
4676469
862221
1252891
8130899
7693257
8399023
4430519
3773791
2462137
6910041
7207109
3905203
6446759
6516637
8125557
156397
7774483
6711909
7985899
2538671
5016047
569927
9309059
7886087
2026249
3172947
9593333
2664391
9706057
9019463
183377979
4714577
213953
457803
8860193
6664093
7378587
9632857
9000199
3319391
6361673
5382469
3125879
1906851
8995449
6145903
9265397
9501759
3353971
5763113
1708191
8781737
4647873
1197919
6243661
2935671
6845903
2717913
7378791
69291
9530131
2353657
9327821
4332953
5298197
49886557
5039033
4046033
7453603
2539403
3427083
5630141
1832679
4121263
1540031
2074571
8011957
5881851
9287337
9504681
7076287
2003039
8685409
347419
3824657
9272461
3834693
8743817
4359679
2663057
1144273
7844659
4259679
8931083
3818963
4142321
8588873
9419957
6229557
9607881
2136001
7653653
9144333
2948547
6822399
273901
3374233
8098011
610317
467591
7779089
1545863
586093
5743529
161046569
7969853
7308051
3377551
6498331
4734861
106364203
243491
9250847
4541743
7220859
7174657
5995937
3349137
2283731
2717573
2665759
9216121
2463177
7143667
8275099
1772923
1532851
6737343
5206373
2850799
8254729
103515711
2269063
4138089
9664177
101125893
3791237
1232883
8249799
1382803
4967373
590533
8439719
1410139
4973649
8767029
750121
146812181
8510087
6137477
1729953
4747633
7367331
3064907
5709639
8652051
1053477
149620003
4346471
3214689
8763263
3070701
6578213
8288999
17619177
2037947
4375601
7077367
9526239
3071951
7154437
2064607
51070333
5613583
9967441
3570781
8758581
2838707
3092411
5594779
4861073
9752513
8395911
4432087
7912071
3256571
5596681
5732333
3243281
6316079
170536387
5452099
9787339
9947557
1211109
1554527
5605803
9172917
6900069
8834189
2529509
4362337
1576459
579601
9654321
8335411
1467749
6842383
4327089
6212171
6881243
4214351
5568847
2195809
480131
2696191
5401829
636659
9755617
2409783
40653841
2084917
4843507
2572339
271691
5812469
9702039
9027661
7227223
677299
2860307
9646039
6453083
1487151
5887333
1221417
9182563
328771
206829
3354011
7442961
6108071
9667073
3334061
6158129
745327
690727
6410083
6481483
2436477
9210063
3687649
2767307
8215533
9592129
3170109
113629
402087
529649
5517821
8368629
3832123
2271817
1965347
2066661
717007
1266733
1895893
2547009
6384969
8873763
5381087
1592511
9205047
4825389
1492633
4485501
7875717
8365763
606849
9547613
88639
5333421
4627153
5426603
12913429
4842063
5423257
28837241
7472229
5157137
5092647
121757
900843
4050773
65017749
238651
4930229
9819089
8384913
7468687
103034503
741071
1965189
6328593
158119001
8722359
2769659
9001329
2678843
5105129
8872857
5614753
7736681
1626653
2605237
5429671
1810037
8488223
9519263
326551
6179879
7218813
2110131
5204309
6667913
5264147
171829183
2575151
1558107
3023659
2922453
9072161
6320009
4192007
3390893
5330387
53351
4453543
3979869
3059169
4447757
4648231
5845133
7684521
3403659
5260203
683903
4506609
1519459
1974313
1548739
9964291
5975131
3841653
92019671
9110047
1496583
7024611
7019083
4392409
9081451
5302409
7389449
6547243
6840463
1017857
5319411
9561211
6500359
2007959
7231983
7791001
9979771
5921541
664907
1846837
9494313
226093
3537623
2738367
3088383
9801711
177337653
9507733
96728819
932339
174998323
8066017
9791509
98040117
3012029
9744551
5881273
7776243
2271921
4803693
4268523
4063297
9835653
9045737
3540037
8065769
2513961
6191361
1898111
8967203
9178027
1664497
1471161
6085671
1797661
8054261
4205541
5328009
1234269
8091147
4600109
6259791
6577221
9247579
102899071
4184381
8847913
7008021
151393957
671621
3554403
8099063
8388657
8501411
9148503
6155703
6144839
6598203
1358723
2466089
2996289
9327723
8872493
1309393
8246529
1163647
559761
1026691
9251989
5488661
1329587
9775263
6105441
3934927
9679681
21547527
45043
4465367
2756691
7199141
27805537
2738529
3891107
9653627
8069901
2146901
265671
150298939
7151751
9520711
8129693
7225497
9412173
15280273
5474123
9265073
5598891
1276791
9252001
2822103
5435611
3105351
6251877
6134233
2699621
388279
2480043
5917817
2279703
2072011
185501
3481733
2492081
9068693
2170891
7905771
5216499
9222959
5553943
7744079
7854123
1814669
3930583
2125041
9296739
4932107
7580573
5968793
2387417
1583583
6027427
6078307
123868657
113453
8301937
1371197
4102071
5869139
107078393
130257
8934743
199426323
1915521
4215971
8579989
9973869
3361439
5118333
9037533
9086357
6105291
728629
8046171
3588747
4733343
9895901
3092031
278221
6855869
58581773
7794327
2783923
194261829
111851
176899
1798843
9512873
7412447
8992751
6307883
278249
5730801
7699061
9833689
6360583
8591221
5222643
26838447
9657561
49312479
3891999
6314597
1874827
6543797
2004563
423163
6062029
3200507
4006917
9425981
1767411
169833249
2178323
6526041
6404961
1678561
9571673
495341
6399951
2663073
4921227
3420091
3961741
6702207
8075321
5981019
811827
9734259
1183727
640781
6374223
4159959
2606391
2176593
1409811
6703573
3475577
1506351
1270821
5900941
4746111
7071929
9416621
593023
6429703
5962357
2565289
328131
7290823
8584719
6631857
3807303
7938793
809437
1263439
1032213
6964397
2318653
6168199
5555909
7635487
4261419
684921
8149969
144539
1614817
2995847
568811
8484229
9460907
5485099
2462381
9230621
2703409
2486061
6809981
5472571
9422987
4425093
2450397
2155233
4033031
9575963
6177933
5598733
2129703
6041629
3959513
1110761
3949711
1494579
885477
1840947
9135169
7460033
9300129
1346811
7822479
5660421
2935173
8701591
7993573
73755899
7661119
1528119
4521493
6311737
3207397
8733167
6273313
9177001
5796813
9100881
826939
685803
9620987
3202681
4557069
9906181
9408313
4924739
568283
104479
5410883
2759767
6581287
8215181
9777673
8115481
