329249
3994531
3604749
2152717
8530383
6271169
1992969
4218421
7805581
5603401
8739743
8817189
9472783
4363363
2210513
8321943
4540001
610061
8260423
1643871
3029753
7839001
2355029
5837137
4122569
6724991
6938173
1588921
4556453
6703899
8218901
5173443
9553783
3471009
60623
5021369
3723893
2404429
3270137
1746631
530771
8252723
50142831
4761473
3664687
8977589
6591677
3969803
411231
9945101
3990051
6841533
2446189
769771
1599319
2387049
131600953
1776297
3022919
102163451
4975627
7877597
2532061
1111319
220509
150021411
5616117
2008193
7440321
3217017
195071
1930217
5543903
1239943
7185773
1378411
6090577
4481703
6085037
1572823
7088089
6661933
80467697
4472059
5137309
1786313
375559
3795299
8844857
4106111
3216699
2383453
7189441
1859751
9458671
8000991
9979077
2356389
117181281
8238789
7555577
8006469
2743773
5395139
3961423
7886131
3253821
5011979
5299349
6747931
494613
8227
19019161
6471143
6975329
7180247
472209
900883
9797659
7160633
2774633
9142087
480459
5245781
644269
5265053
6862731
6819639
912027
9716277
6641013
9374397
2504723
5740717
5170701
2511537
7017629
8100911
7380407
112475229
3186393
354269
7237843
2586961
6761193
1681207
1292003
2785551
1872343
646801
7943741
28424927
147292591
1768679
4571529
2042567
1905111
5232163
908973
5936743
2306621
3599499
3830251
276277
2998143
9412551
5619287
4697579
3637551
8652413
4488781
9283959
8118959
388957
9271699
415483
2728559
460101
4613483
3204951
7380987
5285943
7228993
9695001
5755829
7911507
1229411
2608453
2301971
3234767
9893237
406197
4622471
6898629
7453113
4156189
2267029
2970497
3234943
7598591
8882659
4775471
193969849
6205263
5118213
126819
6458501
9945607
5631331
132116489
5832953
5091841
4188297
267797
540091
9493849
9128459
8581387
5934663
2036821
6086781
3226301
9509343
1095487
6558181
2684783
5010507
9779303
5105677
4140743
7438397
2531373
9314457
1366477
3357343
4894591
6846529
8509149
6867829
332039
5079131
18486003
9105301
4641593
1841929
4333759
9871811
5503769
6053953
4483851
142728041
3428293
4930831
1123893
125005789
1997743
8828109
4718521
5533069
995701
6186259
6656813
111004751
3594853
7221043
8813207
5622771
4033727
4319889
5767919
1225287
3502851
81997041
1806723
167537591
4464417
8044879
5715967
7963519
2972149
1208779
1331157
4797091
2575007
4429621
8842809
9037967
4302659
7779231
2034701
8908699
8712391
2635179
8724439
1875159
9455439
2748939
9790827
143379
8755651
8169403
6210037
4552773
3777429
4547089
9831111
6175493
7213213
7664621
5278031
552127
6612317
7560491
7079903
8521479
7007737
5779237
2185633
392303
4436057
8423343
2236559
9675509
4519269
9544651
232237
7204393
1156503
4990197
5823981
2421181
8785153
7094483
2907301
3062979
4051239
9731191
51389
1575821
4684527
9745011
7560721
4442741
2735267
6285493
3135439
4128223
2049723
5947791
5818287
40131
6820921
9164517
8641659
9555853
5354131
417777
9448851
4480453
7293167
4758839
3159113
8870663
8891707
4621811
4076763
6049101
1958873
3633471
2576163
3562819
4986003
466323
1892721
2474377
1053821
4826919
6355577
1910911
4520781
6487389
9004587
9568813
8104093
6259459
2159727
8094823
5836713
9756487
9034983
9773783
1772019
3879479
6692003
5662317
9988031
2709193
2513917
4334953
1676477
1160153
72620167
8093039
7752933
3654843
7830943
2633547
7919009
1112469
6730629
8649187
4308889
8962663
8915407
8759501
8841451
2698867
987237
5968219
1316487
3143111
3757111
6485241
79004247
1037177
7840031
6323983
7150679
1826447
1364221
5432593
7351421
3435473
5669193
2084899
7674177
2170831
9898639
7756187
3253561
132898587
2617293
470667
3189093
655667
3531767
6396717
1514501
8178771
2543299
2305749
6148719
439029
9632241
49642913
1478741
4460529
6578839
4118467
9285389
8584513
8489307
8359843
9519867
3746873
6928091
3372507
4795023
3209727
9255061
8219667
1487763
6583017
7855931
1569573
1601359
6426809
8909143
1807221
3610759
2778073
7315841
95731919
193056633
3797411
7686539
2741127
4204967
2905461
3411847
9657121
8656331
2130799
5186091
1393887
767171
2230017
6482071
6215417
2260097
1990019
7980111
1842933
2480961
4521769
1065621
3628709
3467491
8029723
8318091
9810117
708611
7789049
879521
1170029
8092917
9249523
4489753
637607
7744659
6442751
244071
179727577
9699471
1247129
195229
9961657
3870959
6667861
9308503
116432617
9067523
6290167
3106331
6163971
97051617
1505707
4094161
9514461
9215437
6569821
8194829
2241339
5572323
8772293
9307453
599797
692731
854247
5335279
9048767
9100771
4470309
964921
1918621
2935019
9405451
4295741
475233
9645267
7453137
6167053
1165957
8447743
34349
8739231
1246049
5410081
187711563
8202843
4874959
8499243
5202219
9151589
4978373
183843
6626113
2668951
969309
3011099
7347603
6328047
45471331
5825791
1242311
6639113
7817939
8140261
3296151
9454009
5059107
7017689
6033491
6058423
53683
1067119
517429
6191107
626073
9364079
9527633
4818053
5515069
172053
3308701
5320467
950249
2873401
969927
3401783
148552807
39253891
2143597
2899057
7203489
4326901
5507449
8931537
1959029
3785123
4864957
3181377
4286941
6348967
3313169
5132833
7889687
6052301
1291303
729819
5607753
6783577
708347
564073
902757
7921303
5879217
36777987
3514143
4154519
9174013
6036757
6925759
2007497
1672783
1477271
4595487
7474931
9246223
3740641
5009067
1152291
6477339
5003767
2599821
5043473
6149961
6264493
7419169
3628941
3443509
9306789
7103769
1518003
575141
4526269
9825753
7328333
5926987
6397551
7358403
2164927
4920521
7089809
8733967
8106519
3314767
1467633
3511453
8507157
5843167
1389689
1334927
1152313
6907679
2785683
3144271
8503601
867143
6739737
4415881
5939591
9474041
5149067
5977141
9640537
8197239
5987373
21221237
6672027
5700521
9853697
7901137
7506701
89295701
3811953
3682773
6865777
7662929
9905371
1041767
3609589
5555603
6689231
8200733
5044121
236401
675263
5609297
9164931
2412229
4024743
7980451
49613867
4928153
3052389
7689551
2790867
315269
7534697
2606979
758369
2587487
9524803
7029511
5393651
8728189
190983
879927
5570429
6448411
4941033
5391563
291381
3477581
5001213
90513
5192187
62415377
162759
8207283
4399023
5985291
2698671
7524969
7827231
4346843
2508867
70951659
8185347
2391611
9935713
8604631
4848841
3540671
5006119
634911
7091509
4945857
100604051
9481219
266443
6781307
5270521
1870551
3302083
9159723
678369
755773
218939
9793553
3083307
199063527
3818557
9348277
102073743
779579
8316623
1341133
2510517
8700649
5871087
3592767
118299
2159971
4712489
1364261
3845089
5557321
2154411
7427643
9332501
9707119
4670497
276141
8590753
6696887
4905949
9716169
8943411
7361067
4747027
2047591
4899113
1435071
2357791
4779053
6795803
311209
88138609
9947459
8744481
9805041
9095449
9552741
5061297
45058243
451841
4752849
4385643
8203211
7499183
7502539
