9012799
3650741
1736851
2264989
7228851
5557641
6375321
6297767
2325119
9037553
58261671
5031391
1949841
2823123
6178299
4635369
986299
7833967
6973237
2173583
1499803
3124029
2437197
8065297
89626891
5035043
7357567
8767337
3902139
9454823
8469099
5823217
8329149
2705817
2542461
6379933
405823
4349553
5083413
1509977
1147359
182961
4780851
4480723
857753
3725271
2100623
2502141
9650709
1363551
5926171
1004629
6308881
6629339
6786187
5234119
8152553
6484149
8400397
5127309
5154559
9788971
9280853
4211927
5172099
314747
4217867
6114099
6858837
1844797
6640899
3404567
7001963
8448583
2724321
4936139
1219917
8743409
9583737
2710979
9020393
3769121
2277423
8993793
329153
81509529
7213561
5605633
2640651
6119753
2138719
9067081
4127817
3991343
1464367
4340461
5728961
5886263
8182489
8245011
2728997
6076487
1401827
3508719
102163599
6054143
4991701
6930197
6909561
871613
3547909
4345313
8388829
1035071
6975551
7125141
8535759
9368413
3461381
3378703
8041583
7711917
3085609
123627
2619297
168846803
1878121
5708193
1292237
9189081
7291911
6419381
8769401
3520167
6761467
9052411
9142803
5226521
30481
7027003
731181
185616973
4053377
7949163
721733
374573
2313577
46639
5608589
1693359
4979499
5641533
161197433
5764647
8475909
7789573
9553261
299843
1845583
7692423
120716521
4087627
7031141
67893993
6566277
4525681
4446873
143133
1558643
149491619
7108359
2875447
62149771
8920181
9555639
3063503
1114901
6270867
5451901
9085811
2060449
766911
4346829
5368677
92517
2855377
3530629
6045019
189966829
3830403
1719899
2040911
9662469
6811929
7189353
4043919
7881181
4839831
5390723
7258659
1736037
4746723
6697187
9429669
5350207
1979231
6391987
6597563
6647921
1346413
9344803
6549821
4003433
63142953
7852733
5816783
4557679
1994791
7683091
7480721
1621163
2498999
4806359
7006237
46299199
4533017
7314903
2046937
9761933
5276193
7755687
4114411
3293559
1389751
2853297
1776921
87980427
2757129
6077059
5875511
5558507
4695557
4590251
2090201
3379853
7347083
9876759
927709
1687099
6237273
2946253
8390573
5284153
3814769
4514899
2204351
8845943
1977579
49895063
1862549
9895789
2425463
9881637
5540093
185079
271413
4976497
7756553
132922869
4258769
159623
4499239
356031
8365583
110937793
1864213
4728741
4061731
8315883
996809
5787679
7166791
357619
7769141
6697669
7593529
1282181
6117559
4039381
7074701
3204013
197971429
5129499
70672461
8462373
365471
4592157
5885233
4615331
164976433
5031069
5347517
9102669
2464337
5290989
6160717
5521863
6339711
5235151
225391
9405159
9526051
1545841
8872717
4079781
4847179
1185221
3130757
1183741
4644713
4970577
3461567
8064869
8486967
5915183
1082503
7468591
1611109
7694293
1913619
9530781
6159367
9572421
4140439
5746783
2841931
5310179
96167
8393389
2756403
1144361
391871
5300229
3813051
7498131
2041187
2548981
3312879
7669549
4761353
4389857
9956711
2327447
7795149
4440733
9265669
9803197
877749
63366959
9927201
845813
2694889
8074057
7188371
7606807
7872689
5968081
4401207
4153223
3703943
6221329
6877969
1816459
2407781
3762093
4637837
1050207
7480719
4017817
1398161
6707747
3249499
1604067
2297007
4821823
1305879
6632109
2326377
2517071
9701239
5874107
3077391
372897
3737841
1754897
4623373
1523417
341277
599489
7101861
6386937
9171273
6445577
601371
6933987
3453911
9737593
3675367
8461147
4639091
85367753
2237603
9618417
6834741
5509757
9714411
8785593
6836101
7341527
379257
196351
1088789
6592903
2537433
1467571
5248821
8690311
685893
9382213
1181673
188597
9978449
3691917
1034681
6420841
2660341
107186947
4441607
4197669
2206213
5227047
7871529
3820433
949809
5517191
2594733
4367749
3887811
5392719
3611807
8958793
3127783
3365499
957211
7562661
7578851
8474933
7373031
152142393
2091577
8335363
9212043
9825221
4772087
4115559
1763863
2251981
4417837
9314943
8720113
7508613
6015839
4628891
5964889
1447527
2461387
6991521
3474133
1559583
87368951
1653333
1674557
5603989
682939
1483101
6839931
3310753
5738749
8864849
1062447
2127681
1918807
4944751
987129
1202421
6539443
3690491
7789629
1921209
3418603
1878011
7905511
9138417
7581183
630307
4743361
8709091
771963
5383649
2426003
1738539
4606693
201839
7135197
2040661
8818923
9942383
6494199
5387541
3176257
2213593
5391927
4834057
1891267
8838557
3735799
4795757
7868031
5021089
6471791
5937769
5268983
9442841
6782631
8463619
1339641
3308233
265113
2622567
5428673
8838191
8295427
8396847
8224323
3102901
8777431
639079
4705109
1613193
7010757
9305031
6565761
687881
969771
4001579
837919
185519
2428597
2484717
9734533
5352451
842917
1789073
6994349
8270261
1732289
9292519
6907121
4003657
3309951
4882657
2370819
1047789
841811
454621
5803633
7846863
4043101
9852227
5572707
392817
9411073
8939963
8174521
2010843
1354351
4753983
8046763
2326931
993073
9634329
3829439
3132107
1956051
7518537
103902861
5624539
7967681
6828391
2207743
3267479
6197229
7665509
6818139
869759
6254817
2665519
210451
912881
6597331
6935571
8228163
4205903
2719377
2479059
5449481
8809963
955529
3729697
5902379
6041821
805383
5496033
8488003
9148993
5462907
5377973
2136647
3401151
1723991
7965501
4211931
3320651
1954187
3924689
6813369
9288311
5592139
7293873
6769463
161207
1123949
8839861
6876649
3519249
5063069
8927401
6461229
7892851
1151719
898187
2480467
8299023
6026897
5501263
519311
148828049
7583647
5355283
7779767
9338977
3241427
7091741
6011051
3144559
140205017
7914473
5955247
2731201
6578373
2027809
5014953
433123
5824553
9439647
2007099
8193293
2023711
670473
7962591
8149087
9860993
5408911
5191397
5990283
9132937
1773073
5598019
8345073
3510463
6554661
5426517
1493739
6353973
5838189
6336673
9143
167491597
3959347
11310839
7761459
7472439
3325113
2336757
1621077
3137389
9874629
2843261
6094721
5097181
24539917
1507979
9392443
3349367
7014279
3329587
4308319
2437371
2236529
1443753
4454969
8399507
7040783
7436827
956621
9639711
8501339
190461
1469421
1575539
4957499
7231237
3621287
3884697
1650137
1109113
8335093
4250639
6027871
7387353
808097
5224899
2528681
3545973
116602531
7143393
5479303
7368953
7784653
5990989
5561349
6649327
1469973
5423947
9980299
5819621
7433033
4295517
2053343
3707059
1077723
7099061
5120537
8144391
4881667
9775869
7266929
8155789
7694721
9340649
2833813
7381689
2874963
2049881
5525769
5873593
4405109
9312321
4866313
7317877
4432063
9674767
6708383
7047953
2061453
7668071
1838127
6768643
9740171
2681513
6942793
6422907
5856241
9366421
8486737
2089761
4071427
783127
1482849
5485059
2476499
3605397
1829921
4194501
186888181
6752483
1224783
9826847
8172877
966439
8923567
1488179
8428159
3303569
2697759
9108641
647567
