8631507
7411513
4563019
2345069
7140077
6047477
3144549
1515343
6556021
4657703
9633251
8927559
4939629
7190569
1727977
5706121
139660277
99671
9637893
6292317
3942337
9166681
8212403
9960537
1148127
8615191
5244153
8517433
8921067
8115701
8720167
4155757
3338839
1717999
3183307
31538147
5346887
1765341
8895877
7650791
5905839
4398409
978367
7342901
6990203
7558373
9074557
8072727
5247973
6433533
4152461
7175203
8643129
4783897
8618911
7574969
9162667
2602943
6650497
5673313
6133939
3767131
1447671
6967631
9873289
8004607
1363349
1643413
2083773
5546613
8738679
1985933
1209353
6459037
4468449
511081
794689
1587581
8874351
4964839
205599
7786127
1534801
2536949
1627813
883511
6847357
5933063
6532647
3217897
6321719
8033387
814781
8191813
1764141
5743673
7065109
2524443
5035737
361091
4471399
30165463
9974367
4071431
4373191
9925261
1739559
7007567
4718009
776863
211571
5075133
5549223
6968511
2007659
1882097
6059229
7375703
4837169
7317837
793469
3420383
6833
2238011
4227921
8275563
6054029
6759407
5622629
1721921
4422379
7183429
3999579
4638239
9766453
9554619
6115193
5087421
8385557
67919531
93379407
9327151
4065289
7535817
4735839
9364913
1570681
3300771
32642641
3881647
8072039
7610469
6680313
8878107
6422827
3924871
6583747
7541539
1297353
5718893
4739411
1204643
3423877
8174131
3755429
3854923
133056019
141423193
2892579
2349879
4143137
7434633
611551
8520291
6476767
8528719
630101
8451019
9684719
2990143
34192481
7861417
2754063
8457263
243779
125847559
5129441
5718363
8259073
5420161
8271467
3845597
7688163
3767931
4755177
751583
503651
6730103
3497283
3306311
7550849
9878519
4605853
3088623
641773
586113
2313229
6046173
524101
8667729
7241649
8561811
6783797
6956093
8025317
5715387
7269581
198116373
3109967
7455739
9890603
724289
128319
9662641
3332697
3162019
6134553
9054933
8238089
5064319
1069779
1703001
7312981
5233873
8701497
812637
3144861
9367341
5760461
888587
8654069
1906161
2314903
5208391
8644797
1635337
178659
3110289
4447543
7718593
3746319
113471327
5986551
924053
2494451
3964019
9860901
8320399
75305109
7732333
6405109
1879903
2130741
8873949
5468017
5593011
7621967
7699009
831819
4318407
2853637
7666129
2500481
4626901
2639583
7242129
8205889
743353
4903009
8960413
20703
429571
3368943
6544477
324193
5627737
6976319
6604067
3862037
9398133
2444957
8859667
7467393
7457113
1447901
9283359
5104461
121641117
1754073
7199519
5102903
8852791
6890083
1868199
8118559
8885769
2615861
5554353
3910493
4157123
737603
1979619
8367671
5674683
2517529
2627127
2277037
9881043
5824329
180209
7224407
8938477
9763603
8025947
8419539
8240281
9102633
9321133
8221191
5772621
457711
1299651
6447669
8178989
5531369
8834153
6380247
3308961
8580427
9234707
3418559
6951497
4214131
2529259
213893
6283583
8518031
3469999
6952141
3879951
4435519
3138623
8214821
4747133
7455017
6342577
8525913
3249291
2303989
3766513
19219
6868831
8438709
9772533
4702081
9603307
63807
3206841
9223721
4374343
8997697
5716709
3754887
9305421
2886649
4411761
2978599
3901361
6868677
3390737
4224609
5664039
4999703
7933429
7310147
6761277
8679417
8828157
72198323
6922391
3266043
9266911
8227147
2328433
1566409
3058393
6769801
1448069
8138479
9433977
7846299
1717519
756353
3401647
599697
1447747
5696757
1002363
9416971
8259313
1318613
1648329
9921901
5630811
9042627
996361
8832931
1119313
8302133
2988789
1037053
4397239
3304107
4186067
4411353
5595469
1637559
142587399
7027459
8519281
3072987
8762113
2252031
2025557
6864957
4739389
9513913
110487
6072479
8873771
7665291
145427299
7614283
4719473
2254673
9301627
2022553
2024453
1771403
7227567
2601083
6099679
5541763
5039423
1049541
4373113
611969
9930371
8914547
3920757
5988211
9332183
7385061
3332429
5242587
4983077
361329
5106941
7931179
1929293
1466269
1746543
1357413
9420181
7410363
9426599
3207253
1647051
4510253
5633429
3241787
3493963
3809839
7734983
1920607
5060937
8552153
3215261
4795477
3804413
9594657
1278531
1507471
9759427
9032927
3155569
71824517
8253349
2054747
8774759
7940987
1375477
3402939
8507139
55524641
8915213
5821469
1873033
814591
5869583
1141879
43251917
5849339
967003
2663009
3588649
2661571
3706869
3533867
8398093
5131643
8220259
192772053
2837691
6903651
4479491
94737233
658341
2738249
7784733
1098197
8220251
1927023
609883
5389971
644157
8049797
8266553
9396661
254431
3779083
6458509
2459843
321241
3613223
8249043
253181
137331181
1602623
3501851
8286311
6585931
9766321
6647297
7966743
5896657
1370327
156330449
8996683
3058663
3697207
2380101
834341
7201087
4287989
3927233
5048971
5474361
7462267
531821
5560867
6796531
9335243
678313
2165499
50640183
389411
9971971
1038137
5066679
1113191
635381
275261
2516577
8409809
8414427
56397
8397181
3964511
9808583
3460431
6262477
1944619
3366049
2370781
6055693
7080853
7486259
5607321
2310267
5069437
2345019
6864569
9047167
8158019
6835457
6993353
3959623
2926651
6995069
5155399
5977421
7262741
9529587
6538893
4872237
8464607
2598497
7651687
2980911
9836967
190181
1856083
1450017
5435409
8925331
4047571
4369059
4917209
253383
4084401
5228147
4869991
4337037
3116573
1957139
1354561
200217
5006673
135315773
8582211
4416403
9297883
4630869
6043007
9756369
6499177
1474467
7140947
5220519
876347
4009551
4469267
9676181
4763551
374797
9907751
8191519
2584147
8634587
1323659
8218089
5589941
8893397
8659137
4322667
3340229
1095233
8990423
4145053
2267869
2111877
7985257
4652621
3653469
9766469
3843883
5932323
1042889
8163497
8789663
1479723
6463891
9486667
6389307
5492061
3689811
3876819
8845833
7181833
1466113
5832283
7284307
9546647
4200119
3136413
2937401
1130509
573781
5055059
2044973
1869359
3786869
2747781
8076201
4993409
1575259
9557953
750271
2643623
4544519
7070661
1089781
8587287
6481659
1945797
9389091
2428217
81079197
5754311
6575583
6263863
208479
6164383
7784241
3329481
8046181
3968413
9496407
3891371
8970567
1958257
5002411
7958553
3447919
2110033
6262931
9492113
5388499
9665809
832021
4675461
8036637
5416617
8229569
7057663
7639387
8078371
5171893
2830929
8120057
9826787
2969743
3048891
5857129
6941239
37318573
9724977
6872559
5157367
7075213
8397311
8358943
8918867
8063189
1414057
961371
1536147
6390979
2478897
2448373
6573321
4058731
1330357
5474239
8373833
4619473
2929207
2314687
175987
1986067
6420761
4330547
3247689
9103911
20807
6002359
7868723
9954911
7201739
8901767
1147259
174101197
3829739
33738691
3296603
9977667
551163
283951
7942047
8947371
1588111
9187247
9547589
255663
3695407
3453229
