9252497
4128059
4704883
3713967
97455809
5776339
85197
6717623
222687
21087093
2680363
3400811
7618881
7891647
3256137
3138243
8587509
39984297
3869447
7165669
1636547
801579
498857
181396647
5775699
9568603
6083629
7824849
2983577
7231643
7894529
5383413
6719319
5970103
190043
8874291
2293387
985959
8244009
30669343
1412557
4395777
7406739
4487773
3167303
5210173
7277617
80681
5388329
2501809
1620209
8519259
1320591
24437747
402999
1050481
8991357
6498767
1528403
940549
5217989
3896683
5800597
7934441
51343553
9694989
6311593
2526643
7321083
5371627
8558703
2023421
6741143
84375179
2182583
9756959
4868059
1562981
9185897
9676231
186864569
8778233
5266837
6459149
5467613
2949831
6805077
7377637
428837
4713069
5865227
8272703
7087717
305087
7032889
5407621
7396003
3363687
9324043
5813687
6409871
5538723
6469029
9733269
3901949
3257861
2810739
4698261
7918367
10241429
1514017
7156511
6314627
4148869
4811327
116632821
4070243
1770339
5124831
3810253
8725681
2848789
1009489
9060077
1226751
5655177
4790751
1012817
7886429
1377351
2853627
4257651
8422011
9516513
206911
8388821
4049257
6092447
7332701
459507
51260297
7160621
734007
4534581
6229159
2962893
7028533
5011049
6937929
2235503
2357339
1191439
5673311
7076697
7586037
1254581
6738411
9161383
4787073
8197933
446949
7210487
1531539
1170129
92839
2656739
5502603
1260799
7882521
3606219
6454039
981763
9590287
8751141
4001621
7076863
8570253
4674353
1814429
992443
8044953
2942719
3765231
5977869
2737517
4320413
4295767
3566937
5376409
4660501
6799247
8232327
6022943
174014857
2591363
2186417
2326883
2377819
5108687
4957857
9250039
9911217
6474283
2294197
239573
1004921
28889
1844601
4031669
6986951
2642549
3410699
5016131
913711
9413489
7871651
92788501
2360057
8679387
1451541
4842429
2361431
5195879
3034711
8102627
8784131
2166541
5543457
9107817
2741381
1688619
3309699
6435151
4433127
1117837
9795409
8931001
9843049
2409297
129150101
893943
1636201
6061009
1529937
225649
8794987
9073753
8498883
820233
3764173
2129389
337791
9960129
1371441
9981997
9644459
5322207
8741237
935373
8664351
6047537
1503919
9705253
9180303
7427969
8382423
5594103
3250901
2354433
3913023
5532797
6961381
416737
6932599
9838449
358197
8602229
9506157
190205329
5792139
1194251
8681771
6785851
7397549
398259
8431867
2970279
4881443
3673769
7244343
6995991
7010077
596633
6206557
6685277
5878419
6988501
8268039
7582063
1936447
8258751
3382449
7765583
7306887
7172311
1927057
5577263
4880273
8605269
2537887
9297941
3630717
8112639
4750797
8086913
5357691
4516497
7888631
148203
4596803
8962183
4273143
5217033
6586251
715397
938983
7464587
1510687
1123609
3864309
4124121
1136101
6757501
47765769
5802379
188645771
8744059
6899423
1817281
5617499
6824399
391189
4066689
2908121
1728361
3966243
168310441
8704399
9000237
1483691
39689479
3162197
9896733
3568471
6331717
2789277
9997041
9002039
1436477
6430549
7115763
5226443
8271551
8253127
1963073
47316981
7702243
399611
6456489
1961873
4011373
191916687
3479571
1415423
8327013
1345967
7972233
431893
4153227
132084741
6431243
5693473
7268713
5146993
7134479
166886471
8656637
6469471
7005941
4709371
6258247
7442971
7472447
610821
3254991
184796587
9125673
7483903
9788373
4192557
554581
2458699
3716693
2616319
3032553
8398671
2621253
6275453
6075279
4887971
9103937
5765871
2335757
4568297
6165663
8308959
9593961
9464179
3764453
3372851
4001869
2744847
280841
4933681
5673687
6523127
4001301
7457457
6870451
7747351
1460669
9913677
8478009
9792919
2408467
2585447
4445813
8389207
3737903
6377589
692511
5771177
1986277
7126631
2462487
8363933
8769863
5249911
6494359
608313
7293431
6198543
9883003
5689753
3436097
3969933
1897301
1654119
2278539
6987683
6036561
4832193
8508783
4414327
9968009
8204817
9921189
8006153
4259251
6644081
3787033
611303
2315487
8815167
4960169
129419277
6031753
9278377
9857979
681649
1670423
7035713
9716417
7404183
1608803
5947943
6409733
8584263
5252959
133206709
167297
5684789
2060633
7344233
2957777
9483679
8236473
2324603
751183
4317343
8208859
7593581
9163777
275329
7326623
6816303
2445533
2651571
3574903
4866223
2758757
2246333
9508147
9659999
430737
9723273
5339909
3531953
3453867
7110139
6995569
5402797
2407983
1125257
4075139
7367987
6426089
2226747
6716031
9526731
8375677
9298289
1005201
1567797
9809349
9382767
8557959
9535311
4848653
4297421
165309
5041467
734671
7287977
109627393
6870533
160677897
8970347
7179217
780713
8426407
4379529
5532063
9719409
4121301
6654961
5805723
677637
7008663
3997821
4320413
9674729
5554771
2332109
9866707
584369
9866063
4932829
8598067
1493771
9049647
4161683
5829271
1584059
6666899
8361937
3853727
8454499
134469229
829999
2064041
6666099
9884241
1928411
3113203
4871003
7638473
134067
2268801
4515077
3549311
197405743
3433553
7941629
839151
4475391
8738131
1351173
8791407
5915671
896087
5778973
583097
6380517
599063
162388633
3723867
8034931
376311
874993
9240963
9743337
1953729
3736953
707137
3118393
174408159
1505477
1481201
5522593
7826103
2837969
6359473
9154377
85925967
9444413
3756901
110551
4678517
84768273
8765081
5089661
8612027
3927733
6233397
4795727
1150329
7687103
9596693
4180421
6810693
803363
2883757
1463631
3609611
3409097
1993173
4900733
4365839
889503
24328603
1224023
44212467
7268249
4109197
1135109
26817
3351301
9077109
3995873
7707627
2115829
2073623
7187577
4494809
1394311
222549
1912507
138237999
1537753
6940439
3877041
2887519
3099423
5090491
8151131
3422471
4682413
6957413
6965941
3162717
5825993
6786443
8929257
7160827
9557507
38977749
5355183
2875109
2654501
6661571
7434399
2087103
74028303
4043867
7408097
1076209
1067853
6073497
6991913
105507473
1064851
3923789
7360887
4685463
8470827
1421751
5217593
4976749
834057
4173623
1666197
9191077
315141
7096359
2036151
6821433
6080529
5287199
2599107
7274131
2935643
608301
3061359
8041263
2278709
7462773
6816457
7351571
4047251
3037181
7753129
3503573
1360471
7267481
3033433
8145221
4774399
3125413
2667727
62268063
3247809
8256157
63747
9834943
5198871
1241069
4430917
8876387
471971
158474163
4603029
8607503
4488879
7558397
9529167
9359931
4592139
1917241
925753
7407127
2622011
6691829
2781589
2126081
7400037
8146197
3786677
9533149
144603957
3573403
1428021
1988761
9817903
8570587
4503501
9584813
2777627
8163473
2070927
3237267
2868521
86696209
77203
4568151
6897559
143132273
4120047
7243331
1625133
5914917
399971
9851797
4762019
1363
108057689
5306001
8674003
2778709
7232169
4270329
1980537
5793113
6232807
220237
6803053
