9107581
8327137
79772701
8063303
2377823
5113043
4965083
9876779
1388343
2728007
6112669
2189369
4377611
59644151
3517709
4744257
4294577
73476021
55947
5595767
3480853
8713813
9972771
3364249
3258969
418879
3173671
8594199
5288289
5622213
6526773
9753253
6783797
3257057
733961
8127789
8767699
5428211
1974493
8319413
6129921
5588129
4830127
2797147
4315041
3106347
34835839
6067547
5971413
7664241
819649
9632677
6081673
1399851
256621
3286883
5510341
222459
8332521
3351107
7212313
4718607
7206329
4216461
19600771
992571
5238157
5767989
16963091
2447567
8622613
8691867
3477347
195799059
9740649
5425237
5150781
2272261
8281971
2261051
9212037
1220481
5963187
3831543
4979321
6075027
5581179
3208587
2039401
7129359
8166841
8039491
3357777
968233
960899
9184761
3984023
8189351
7492463
7815253
2126149
5989121
7071503
6040993
3518033
794041
3143269
7928439
3826393
8778653
4816933
953119
6258989
8378849
7401811
1194459
3413691
2812659
8953581
3872769
2346269
5538213
9350081
4103967
181037
1177713
6267943
141572071
357877
6315047
2106123
52094831
8936897
142224331
58335629
9463777
1048551
2332431
1275071
8624571
9429401
2656111
9063307
5583031
5026319
629197
738857
537157
5731773
2838299
2669883
1425703
3742967
6237843
848679
5022443
542547
9622031
399217
2493133
3967263
2428847
9493593
8508089
6400747
2196313
7955963
2772583
5828511
4604567
612731
4897427
4039537
6500221
1831033
640017
1248753
6811117
2989921
2354489
752817
2708359
6837887
8113283
8500429
172652159
139239797
2476023
207621
8889353
7452109
7979559
8394377
1407881
3834479
9202223
133474183
5907863
7713869
8930337
3061659
2454637
2013023
303601
909541
7697757
1331437
6473883
671641
2482111
7615437
6727677
4591261
9442269
5130343
5052449
8723613
975907
8215063
2808781
268543
9941127
6804639
5858981
8469777
533809
3007243
1283983
3492529
6198177
9959807
549587
2717147
6350349
2821529
2317051
3902083
6347717
8712873
8559499
4649339
2365061
188000539
618681
1833323
1045759
8216609
4112851
8834913
831233
4123777
7633589
2878479
7048179
3314303
7147719
9539421
3750887
3415759
5721067
4029781
4614153
8297783
2624697
2774087
3178813
7298403
2719609
8119151
2339503
1507597
5461471
1996421
521723
8961167
5972153
1166057
3438203
8692433
5248277
2658479
9848021
2328561
5075801
2318077
9656837
979967
2871143
4816193
3632047
8801623
1789157
4146973
6724097
9663273
406891
252727
152111
8508139
5658663
9221093
2196749
859343
4607487
1999169
904187
5621683
4673193
1615859
4427669
307939
77808739
790399
2213
7383881
176597
5567799
6890577
1835779
72753127
1685007
6395061
8982941
5566693
6611857
8289079
5022617
8548161
1899929
4926937
6575633
8499947
7195451
648137
4262573
1551223
89058387
9689021
5029591
3251349
7538597
9094493
5700993
194489
2939793
9707093
3159593
1005993
7873897
3395831
206871
201047
6847013
130783819
1947853
5196557
4505257
3532143
869989
1611301
1332737
422911
552227
3045161
466769
4001989
5928883
9179641
4363413
5899061
8756217
6349619
9944843
8015529
2917797
5125617
1978063
6930961
5237413
942943
3738163
4339141
509689
7971713
1879659
5019783
3146327
7096209
7575097
175923
2461397
4012179
3059029
3676029
815051
1088349
4387257
691127
750631
7174889
125961
2037529
6310731
1768913
1366569
446207
8801869
6053657
9528007
6300599
864903
5066693
7884527
9356133
6402963
8765731
4513927
9511647
133696457
4797421
3989007
7454913
3258219
4885601
7792517
6311167
8096127
6003917
8271087
7674433
112348033
3556409
651427
799303
3603393
5998623
6053447
1986647
3658473
8327571
8832501
9034401
2777057
5225757
4393797
7557393
3305809
9485963
893317
3248031
1291171
3470581
115931269
9919257
4214249
4717617
8518511
9069817
5909267
5803341
1179061
1035807
436443
9030959
3212459
6034491
6189423
4813469
9210599
9374957
6723791
2836337
5359649
3385569
2462919
2397913
4116083
4991067
8118341
108447
8791121
7750819
4409043
9814599
128044413
1197003
4331273
1751213
5500951
7691637
598077
9922149
1013657
5395141
5608947
6973007
8864729
6550863
8502087
893459
7539621
9693817
1085359
1319757
870757
1854349
6116913
1950963
2434031
498793
6164953
4102049
8015763
7490071
498893
2790051
9783479
8971583
1755043
2785051
2161419
2966491
8399451
1284773
5786907
1277909
4059279
3027913
2430649
730393
2568551
6377907
8364559
4632347
3141489
7439609
190434117
313673
3288751
4455587
7977217
4801469
4148237
6198139
5718263
7074361
8778111
123861651
6834151
7158909
4723297
4963013
3825197
177877
270911
2392497
5736047
7041283
9010123
9769641
8470307
7009447
2703449
1913607
1984693
7384509
2010449
3253177
5455417
7610119
2431771
6898399
9049273
3319739
51330963
3746257
1686899
291707
1752509
2388771
8921327
7043689
2681679
9922229
9003397
5998907
2441319
2934717
5973491
3847729
2634907
7395593
1915199
987689
4417729
2480633
7949213
4979353
3351221
1504981
8665747
9947347
110217
9248841
8756829
355807
8114183
9793809
3873967
2025189
4454623
8599469
2094169
9186383
7169887
9331963
3667323
9981639
1205679
77561
1826271
6426663
9293633
1515167
5898207
3507367
243883
169816327
185094371
7783679
35912027
8158537
4449141
9778083
4422041
1676427
5981401
6391681
287163
8257453
264029
608597
735239
7561679
464471
3009957
2747907
4726743
7501117
7266661
4874743
1759381
9943959
8603877
6062407
7114771
5091521
2066481
58929799
5555599
155145973
1325987
7881399
8247667
8759833
1164097
481333
69185303
3111557
2338389
5546687
624557
3946937
8918687
2609473
187027
9828439
3305117
4916151
7390563
2105961
4569069
9161633
53267809
7739691
6445797
7170269
1259731
3537391
9411657
9888159
9225713
5498977
1916613
1219989
3070703
5293287
9969741
2763059
4475317
9946821
4557123
9391413
7711693
152554227
6904459
7050407
4090241
548437
5562509
4419561
5877331
6316801
1140557
8872237
227539
8107569
4824151
5249699
5195551
6557239
1590091
1441703
1320643
5484063
2185391
7671513
506187
5389463
3253659
141212923
4658529
9707687
2378559
5880617
2037919
9361523
110415067
1309909
9720411
7840341
8790569
5391969
8587687
8775977
5984573
618213
1390137
2097267
7736219
9771447
8882631
6414013
6425769
6852171
4667921
4530963
3765271
7313509
6989073
818709
9446619
82135333
