1708981
559481
3012169
3911901
7396043
2784877
699889
292913
5515789
1398623
7190951
5310433
1573541
4522753
5858411
8113447
6010281
8282187
5218409
5010357
2350053
1492697
3553743
4503011
214023
5552207
1966467
5285407
2033201
8014469
9926413
24096213
8877621
2582749
1385439
5745947
102552187
6484257
8641153
8252997
5423473
2113531
440571
6973623
124857461
3967759
3863111
70213
4343671
5867579
6891937
186007639
161484961
9478751
1714349
6510531
3942529
4260927
9831867
2411427
4849407
12193
3529371
2152483
2123003
3783747
952873
42481
8420053
5220291
2167919
1893823
1334957
8271379
7605729
1542759
4408089
3788571
3994727
6362921
9179119
9242323
718731
1511767
1589549
1745469
5875399
8963929
88399939
8579007
8044103
7912749
7789249
829023
7564191
5054301
7622549
8591079
7621119
8752903
280827
4411419
2405047
6541741
2282937
6734897
7292513
1046961
8281491
9464797
6825211
2224861
9883769
2770553
3300393
7687013
2881553
4730111
7749901
1908469
4038919
9372767
2246259
7575479
4318537
3229467
4001013
180377121
3729559
4623629
4559647
496133
8359529
3921733
1810099
630057
2025413
2196147
4513309
803351
3670393
1365177
3707103
2941967
4038823
162681
7553311
6887503
6997029
4941681
8519917
5379733
5399073
70583
7561123
2466257
3213233
7417943
1145727
8031061
7456583
2824289
5515449
6124111
149839
9647419
9584711
3819743
321449
1581641
3126631
7603981
5040303
5208877
9022773
7020083
5389799
2801627
6815413
4629849
6764593
9199791
5450817
8645981
5467331
9232349
7470581
8564111
598669
3222193
3354861
2566113
838833
9144553
117785967
4551349
7859241
856683
409197
3606247
1201593
6178337
2973983
9208009
7978753
5086909
4396099
4351537
148059
2867103
1768889
9352979
4260347
4575251
2952643
436499
9420757
2155507
2508117
8220539
1319767
8393909
7736219
3586057
7653427
9894221
2395613
1013729
6219063
7037727
9019359
4847821
2736631
9993443
739417
7433387
7890177
6547171
956137
2759119
7695593
111899421
8786413
4067987
8113351
8435013
5590979
9634189
5859443
4701129
9386153
8021773
2766079
8365627
1814699
1400313
5430063
4523347
1474503
8692437
5677161
9383043
2075599
7633597
485639
3560383
5405087
5620731
5609207
2612197
1287357
7098303
3139423
9192299
9464233
3112751
9603063
50051
3261491
3018427
321229
1625089
5786051
8297563
6212679
7490597
2498921
7460953
5539957
320313
5642737
176491377
3505829
3309313
7009413
4655897
5587979
2673209
3406241
9751437
252457
9230443
2057327
6474729
4472763
4239743
1961179
2645149
7870301
5253609
118683123
622383
4700193
8843441
1602873
2439189
1398161
8181519
8273127
4389107
171961
2759081
1297711
2483519
6128663
2789147
9906581
6720391
4326257
4346393
4720721
1285867
1661503
8817671
424567
5207829
5203719
4357009
1180013
367943
171916223
6070153
4791719
858663
9759257
42121
7546007
8515729
3195017
2679381
8013551
4403427
3792511
9932641
1536251
7090381
1342083
5382269
9168043
7951671
206339
9158963
5387649
2934739
794723
9704607
5341247
3055743
2833243
4781279
3620019
186446847
1599409
842153
2878779
5233641
5716413
7983161
7286113
3767473
5896697
2155537
7003147
9910487
5636587
7411603
4212017
6584043
5856391
2482637
5346311
3429671
5687439
1900111
2232131
6895061
6943613
6707723
7136449
7935233
24751
5021419
8926011
8867769
4650097
676191
2208649
6251967
117847
924807
4211801
7080543
2499353
2932207
2973347
2153241
5094447
8372013
8945143
2343807
2790937
3870327
2608603
3050613
1349297
2375719
4630847
8478967
7527173
6736723
9067451
8783321
312839
7994043
2323857
6064683
2311033
3249189
273869
7381409
2661847
8640299
9918403
6845169
5699789
9975333
295333
1524437
4599609
1596009
88209
3431629
132129547
135379381
2041971
6577139
388187
111435269
7225791
2104893
5593227
8793077
727027
3902939
5687153
9196489
3870463
6603723
7685011
9237577
3406339
207351
3347649
754841
1082111
5936731
2736299
5361569
7397241
9242969
3418951
7502069
4381057
3816761
9806169
5663671
7631877
3088083
4682513
43343
8937833
6077941
4399797
6068571
7716673
7863069
5293833
7518689
2477689
3147533
548961
8330657
166622619
2288409
8462097
649997
168667631
2307573
5298573
8982321
5460701
8051449
9107849
5589981
9682699
9005203
5917999
8190949
6184709
3987853
8062251
1805063
6018151
1668909
93381
7290129
8747011
5706997
8191637
134929
6819429
8311257
9017987
2171667
1025201
5231667
7686649
5202139
5978581
4567239
4394357
8492797
7772339
5637549
7201189
7156183
6327459
9763123
5263969
6302641
6693199
9255427
1902931
75869
118330087
1515141
9660589
263837
1548761
1255711
9503907
5222377
4808027
3416979
8465239
4447439
7468429
1271391
4178753
7740871
6596583
7462229
191306003
3791493
5031709
176793047
7522199
27255239
5045239
2404631
3061477
320077
2020607
7635663
8893039
4614247
1676831
9806013
1121767
6630207
5110991
6515717
5837057
7041631
3257939
6656719
7651163
9981133
9211263
5826479
4673627
5379507
2602827
1336717
7444209
7528853
7774983
1114871
801831
5350947
6047543
8527343
7892767
1477513
9706459
5884181
3325537
239091
7258797
3761951
5435741
2852723
2566839
581129
8442529
5889349
5557461
5761273
8539757
7417483
5784353
8624671
1204503
5122411
5371467
37841
5138429
2822973
6413897
143361423
461601
391123
183299263
9982879
3355729
1433429
7454903
1564669
9978133
3650377
514551
7199879
3154137
7319227
5275371
9093113
3079487
9770517
4138507
2482539
2819841
3039477
4836169
6015271
4691309
6989903
1882239
7546409
7291113
903689
7098881
23493
5263731
527683
7149167
110228457
8226009
7269111
8744297
428209
882583
3768997
862301
2570357
8357889
5139847
9158011
89430209
4368859
9634473
3593289
8579041
3170013
8297121
228961
5064341
3418619
7098467
5227283
8949801
7881487
6191223
7794493
20941677
601209
4680039
2583089
8599961
3622273
3137259
2172459
1956937
8046039
9187623
81827223
3984949
3172973
4637679
8904043
4160809
401701
6438327
9392111
1447131
8036907
6698007
119183337
5880673
9735443
9568223
7050653
1196453
8711201
3515177
1919203
6430543
3256459
1654907
1582957
5121611
7322219
502499
6908983
4389137
2129117
4639591
4430027
8085481
5576443
4054067
9915381
627937
3935919
4091279
8610061
1281967
3583343
9281913
7127957
980929
17832609
6758833
7585989
6840637
6087343
856107
8192383
5336181
7665909
8511783
7337177
8253549
845849
9856207
5750989
480947
158349061
71971341
8407783
6223087
8167071
8094817
552337
1548131
1344863
4133591
5620823
974933
2611723
5207411
7995497
1974391
7809087
8879521
6831477
5917577
8639901
168570311
5421841
8101307
9522141
2721833
2871213
7853661
7527623
