7275233
4438757
9489359
2107869
6859109
168317209
2754407
6856273
1584547
5505403
5087419
2570493
7721243
9589137
2869687
1678101
3081491
8876233
3026689
84507943
3977793
9378787
447943
6351439
6363423
3500251
7298951
5555417
2133523
1209063
9088097
1454343
9428183
7052367
2716121
2701353
3502781
136621
7263471
7943813
9436921
3275097
5133569
5534163
5867789
2121993
6824637
6769147
8419163
4953199
5025177
4567259
310439
338233
6429829
9369017
4759101
7667651
2288011
8357609
7004727
9785449
269597
7855697
8073097
691153
1087943
7015793
474581
9542599
5084271
437003
3492477
7815903
6190163
4957871
7805843
5572577
3900213
8088651
6030873
2176487
3861247
9764699
7346947
4284223
94394909
5481973
671869
2394183
1335667
5371533
7590353
4665229
8555031
555593
1050361
6726497
8932439
4350519
7141443
7541179
1543683
1260679
3108511
2109527
6435343
1173783
7211211
2587243
7857533
2859231
8083749
4326611
9520349
9737009
3732411
9328729
2175143
7673021
2569227
5964669
8004427
4265753
3207179
8818287
4106511
3176713
65578883
7612649
7426491
5355807
1631239
4936589
6797013
934639
35617073
2376213
6891861
3909919
8628751
8113307
8479979
8547307
7789349
4359223
1527387
5437423
8026659
3999943
5133173
4571279
557293
7086619
9457781
8163229
6868401
3338977
6662039
4246641
2452779
8045269
8807597
4787197
4290879
5406493
9183379
3887227
2658493
8507561
7859663
8991697
9586897
2287331
3950077
969749
3524627
1636651
3776931
128995871
7489529
8824051
4505107
4503759
797289
350511
7250007
2940757
2532917
5282957
9722371
8323291
2524293
3309169
9193101
8058337
3968113
2952653
1294917
6458489
4278313
9764687
3255291
7209859
6477083
7028433
9268033
8867881
9438159
9420569
4404913
6425949
2037677
3672959
8134107
4770121
5944049
62063
2970729
86510147
6945933
3820091
9846843
5565479
3417081
4288159
5281751
2039283
47318339
2242893
3779757
143719
115759
7302937
7784599
2508101
133985691
9175309
3744633
7832899
7135511
2861141
6069211
2717223
7437613
9986029
1724427
2498057
2081079
7026471
102532479
7086543
1386387
5785629
5996849
307583
3224193
7179069
8829529
3670369
5642137
162548093
7768359
4410467
2640327
4743897
8254809
2852507
122753
1636629
450711
8762807
9903031
9644509
9654777
4386589
6609117
5802389
98384853
9594337
8787061
5075763
5207691
1284371
8663321
1896973
6844553
7144341
6086003
8793059
8938841
6428189
9655843
7242553
1374299
557783
8503197
1852341
4136049
6419517
5717783
355253
6733589
3524553
168598679
1936113
3823297
1346927
6189877
7930259
6716953
3387033
5690529
4455881
6975961
7564961
95336451
118698493
8828801
6812343
8031329
585241
3645467
517917
2416959
1992873
4190127
968227
988067
37954001
7968923
4974177
446883
476101
3946109
5446587
8843391
9454521
3521291
6955257
2623961
8340959
5800969
4445889
5886821
362587
1957949
5324993
9124039
1347651
5015477
6084843
1013423
6651819
5312543
7612809
3187949
8771539
7913581
5273323
2705591
9229521
1976813
694761
3651673
4448657
8199777
1514871
7052647
3168037
3226279
1632649
798429
8463221
4945443
199177
340749
3809551
5264877
6474951
7444213
7227367
1299819
6353169
8643293
2024343
2700783
4663327
4359517
6586653
5266471
6640883
6384183
7309271
1151241
8965857
9726019
5155773
81071583
8052043
6423431
9497461
5333767
2957461
421671
4811453
7994759
6199257
7643223
7434957
1474807
9741839
1380129
36930503
7516617
3002211
7209961
5044221
198481973
6292377
8557517
8067147
8228317
116519027
5932663
7825497
2225139
8356831
1957553
292289
2369037
8753111
7270357
1319687
5697281
8481761
9759481
1927539
5137977
7232969
3067523
464659
6610571
6191177
64436709
7374953
3742241
2454143
7921133
4952729
8765659
7408909
3867111
5074439
883799
5549861
2940167
1383701
5705911
8753897
9982897
408701
194681
9394611
7839279
74867703
3865871
1965007
7631143
680559
1316821
2135857
8467297
8381421
39866191
6108219
852569
84353
2730817
4147601
2971619
2041667
9285019
1649639
6185093
4851139
3086543
7764921
9863111
979371
60332559
3965867
5807119
7498639
2913209
9366753
1734319
6258243
6839291
7229361
9836133
6469469
13248177
113787427
7320261
6749941
4195847
3902517
73039491
2549713
4911099
5345641
1304889
2683949
853809
8801053
970031
580963
6238799
9985651
8397907
6278391
4495447
5180123
7005503
9801149
7260713
6999497
8700759
7439913
5099419
2676473
9886201
2689697
8044863
253031
8140803
199153
3687117
2032083
5639809
8053677
8051939
7069773
6705823
3817463
9940337
5585653
7473237
6942457
7714561
8219901
620641
5967611
203063
232677
2596123
1112259
2500983
3042417
3958449
5480077
2285297
577167
7097539
2729767
1365391
3866947
3582591
3414529
7106829
5042019
3778261
40825613
1985769
2070507
3958671
127284313
1582581
1165981
4267063
9932821
9197097
5457953
7051083
963103
1014999
3102143
2180589
16603991
5710031
2028131
62141893
5017087
7174921
9412691
5837467
3481
2239483
1184267
5602201
5599293
1706773
6470377
7145107
3180571
4985809
5174667
9180051
2730297
4258733
5013087
6178543
1493721
5502711
7362173
923357
7205393
3739501
2744959
1359977
3644193
7513361
1691489
7430001
6679257
7765717
8663187
9814573
673389
413561
4131303
5965837
1040887
31667209
1830019
3046703
1421367
9033459
5067553
2599537
145984253
5080079
2650407
3308641
8612749
7962849
12189
3574541
8681543
8740503
8534253
3487239
6999411
6815717
1081713
110700911
768901
7684347
148129633
5514983
8068823
9217981
113073677
4067153
3515299
5447987
8100501
6687001
3956091
629107
2657259
4526963
3436019
1901957
204679
923739
3165221
9571569
9351047
8534659
5680251
6792277
1014057
8010317
8088991
2782163
7999621
3945763
182909133
9908961
4094201
9600229
785379
2878251
9991041
78429
4837361
8098983
2115671
3898537
9189481
6606213
8104947
825409
8265157
3468151
6529889
3594133
3953207
7534609
4201089
3533027
8940939
8399551
5118857
7080863
2745153
7950081
3060967
3079237
4219081
4626547
9371291
3280129
4564323
8376099
662147
7894951
346801
1951983
3953197
4087841
6873551
2667309
7010689
8577891
1650727
1240209
2849361
2502677
9523207
4652867
3531237
2965311
8154697
3616003
7748671
5713133
9477369
6008911
4345371
9869291
2464617
6870083
4770681
2912781
1476653
4821309
7975139
7573837
3888901
2893893
4989049
1174921
5110433
3632301
6928773
9692797
4561357
4356011
8909481
