5619793
3682947
8326593
8263633
11578111
5798099
5822991
551963
8799771
2798919
6992039
2784517
7194403
9596413
3266279
4433407
7385131
5290911
2523469
7172787
3353469
3522421
4871673
7975933
916493
6432291
9832203
3037429
7349777
9342879
6872109
2964617
584761
459117
6444629
2282151
816857
721377
8112587
9208281
9422151
6158007
2773949
6393699
9639903
7383293
9242101
4311163
6647603
3769949
2202317
42640081
8887993
2942983
8765107
8045503
5829877
173573759
2719723
8795099
4064523
9787861
8194087
2522551
3741219
5181709
1519719
6600769
9180587
194411
1115011
8585469
9708621
1581079
5788013
182472463
2083209
6976783
9498889
5288961
7211491
5602207
680817
8406159
1943959
1426119
2055393
755981
2948463
2087681
5470231
72311
4725379
8851169
4680389
3831657
7577997
7962851
8439693
6522827
3325337
1129293
1605653
1125821
6591173
9719781
4853937
2963361
776109
4971871
4728913
8785597
6035247
9405339
31104083
4232611
196823151
2711393
4892533
8098459
7592747
418191
1577709
7205023
6562361
17854131
157287
8549101
9068461
8382649
8521747
9183457
1897993
2637929
3334297
3460631
5903867
1990459
8782771
3237017
4094917
459807
6513347
94879
7568949
5819863
8227023
5873451
873189
8656391
3389341
144645423
618749
8189721
8292559
8737329
9579739
28071693
8820043
8313503
621839
7699751
3059499
7387241
9025277
3282357
9226567
4123659
1480669
8644959
1764401
4633749
3768699
3418137
5441293
2941411
4197199
6499943
7398583
3673987
6313079
88722803
2456319
1695203
1933949
5698831
1103713
3302471
5680811
220293
8423457
5366727
2332637
5301781
2672603
5704391
8895671
136399
5930687
8061461
8547343
9054553
4908963
8778761
61449
9844123
6330761
6997693
9784671
651493
6510783
2714993
4680483
1697219
3126459
2401869
3287021
5658167
529357
53554729
9104297
8197889
8867207
9713353
7038713
9897119
2159181
143284723
2372903
6114581
9555539
7913821
2299473
974681
7744933
8889271
138434989
6019163
3726103
2718231
6315187
3074467
465939
12078229
9793251
3290491
1705933
9294029
8943559
3584947
3801179
9361349
7262259
9172877
3240977
9328649
7218783
4825213
9560979
19544529
108826699
7364721
5765323
5442039
2267417
9455663
3272813
1346601
98689
1329357
4369747
9465353
8414083
2802127
4322397
9180661
1985011
8163947
7607047
4109799
7076153
8533929
8985641
2785863
2946217
2352113
9061161
2532749
1276373
9358439
6475699
7591657
6984471
3645999
935903
3187957
2159519
4176663
7437583
9474973
966817
5433587
2338807
6935153
3427693
1337517
3579481
2918603
1285871
4219751
8272313
987801
4025797
6570357
1624497
749009
1958869
8831203
1531909
3010887
1149257
9846183
5582837
819339
926617
1724307
603639
7768399
3294429
6188863
5164027
1150379
2904523
4119593
6996033
4003091
9431983
2911151
6523093
5677811
5976407
6204543
2983217
3012289
6472453
83469
3854269
9915391
2863583
2030731
876963
7246397
4674047
1364349
7875621
1704487
7949247
2113347
6400839
9169597
3837259
4272789
718251
9420821
2724697
2909007
4536913
586517
1764149
7638007
134446641
9442597
4135597
4731113
5615833
4528537
3300157
2195019
5585247
6047789
2590981
4897117
2959079
1510743
7241051
1627019
9853653
8847173
3516437
632307
9973387
7730131
9344977
2560889
5353993
1071627
554291
7232009
5732407
9672809
180960311
3564083
9474101
4361961
5182057
2733673
6371179
9968643
8144537
54022391
2152761
2727397
555313
306751
1656157
6895911
7999171
6222109
226139
9721489
3080851
587477
6502887
8466341
8338563
8546069
6926301
4981669
8622431
3468999
4117219
5011989
78276923
5806019
6394671
2118459
8577309
7740013
2812467
2620367
9346423
6873127
7703217
4234019
7549727
2181799
2487821
7067953
5679733
313481
6787289
5361011
8595331
1941031
3082761
4903069
7266953
5306819
6490041
8153923
8161051
7599489
8901897
3938331
6321431
9968777
5290407
9582387
2563889
2889571
4307741
3532549
555687
7429233
6626871
3468387
9999053
5870991
96707
9113213
5448701
6024021
1030953
50568113
3205999
5178729
48838667
3981311
3571517
2343493
9316473
6932189
2933429
1966241
473551
5162343
3288423
7176753
9717597
8720881
179689837
8458707
6236159
4386091
1931209
1116841
84123563
2395067
9291933
729137
5653581
3204851
6318029
2362883
7171553
9015837
2992189
7991641
3221703
2473901
1900359
380167
6016161
2152187
2148891
9667873
196804429
221191
3073707
2421417
3112923
7731757
7874073
158229463
1285201
9350711
2122861
5462911
9362171
2678959
1252449
1592267
9641499
9270061
5056979
8739777
6653093
6215239
3834367
9026453
838137
8920297
9455983
154323147
8112641
7475061
5054143
6297971
9215393
2109937
2565331
3606673
2885477
4016629
7720501
2331059
33569807
5753351
4308779
3908879
1791073
9613249
2931019
49395229
765533
8187713
4898181
5867097
6473409
8715103
4199633
2544339
1951311
8722429
3767557
168783
3379841
2807987
8990511
3557667
190997853
3362083
5525667
7218319
5319317
4364699
93139263
6261721
2707501
3292359
7386603
2204973
4821683
818711
9863671
2394189
5895839
6958921
2544051
9445787
111157
3109337
8673413
6886841
9177623
7722047
6787921
8611677
127770901
8762127
2469971
3520067
3627611
2686209
9163019
112699
9102657
9136583
1236253
3457217
45413327
1533711
6520079
875007
3848563
3132123
6303499
3518027
1355271
8368393
37709
3319949
9994089
8545449
4568837
145964569
9287763
2564853
6369889
960369
1937991
856433
2956581
7281501
1339197
8948619
1481969
3425841
2874713
343079
245709
9854907
6945231
9225053
6607099
5784061
8848259
9593499
5753287
9545843
7819947
6965091
1341329
1333119
1714089
1149
5931053
8005341
6836283
683463
8334167
7025179
1931281
5337137
9629143
3637881
2641219
8818987
5390757
3688397
8137099
9371151
4900843
8252311
4577827
772561
4751837
5755167
4860781
6906959
640959
3649631
7140141
1679913
4595671
2985237
5321381
4833329
1949873
4313019
8708087
8295467
7922147
2082539
5650597
3489
8285331
90651451
2317511
5337189
8998849
7344697
6584347
7378377
9717563
5847269
6956391
1590279
4234261
6365019
3021573
2186857
3404563
6657703
6730453
9550329
6754843
9260341
6813069
6966453
9846349
40280009
1463511
3687833
3893013
5913591
3741689
7513747
1999061
9556229
9764873
5068727
8177541
533363
150036107
5206759
8840659
3152349
1073591
7612731
7689027
