199233
3280079
3808831
9785177
990001
3739993
3373003
2948191
44023069
3940603
8342163
1501483
8307389
1984643
3501117
212469
1162671
2253893
126191
9631429
7298679
9088769
9487961
2259317
360147
792483
8729401
5594953
2176493
4698133
4920399
4368013
2592923
2032509
730867
5484503
9793881
114513
1884503
3270673
5518629
1582829
4843039
7146421
73131
8944963
4001527
91003113
2169779
8404703
8972187
7109
8337871
6541961
4334187
8030497
9135303
4441901
9155127
767719
3635801
1595011
6391477
2654181
118591301
670007
8386729
169103817
6665677
7416647
6989781
5203439
6325287
2315373
1633129
41339083
485637
9129213
6201767
7069233
3024649
147812391
809513
8828751
2758381
5568631
2348003
3371233
2474399
8937769
2924577
9847951
9031307
357923
4585523
7399883
6894109
9540533
4921909
8613969
6437771
2761831
7339377
3120343
9295491
9823281
5879447
9724907
8590711
7816879
7955667
1090783
965303
3755573
4857981
8277193
5987699
4769
3718517
5570397
4122719
1223097
174579807
8140921
9869237
1979277
3717119
86997679
310651
7752357
13465481
6285177
7929549
8303981
9804697
3838657
4270457
9665957
7117649
6321899
5705171
9966711
9094111
7513733
136502603
9273133
7657091
3838961
6322389
8792131
4856033
4803863
2790397
3773629
3814237
2531593
18303
9272979
106975861
8828949
77976941
195693873
9604773
1369059
3413047
8040387
6604593
4133641
1892419
6276807
9350397
4817677
8590469
51034703
126323213
9789337
3477591
3359647
3601587
162239
8491099
550677
2595397
2637747
5890147
1626537
8959831
3275591
2984633
1545511
5864427
6129863
3122901
452249
5371983
305881
1547489
4189363
4543259
105762619
6692127
1432939
2413883
5647149
6596609
7913053
4929939
2713389
8107479
8979771
1749103
2552767
5916671
7921713
76290027
9584331
5351473
4910013
5796353
8646961
7143831
8239541
5080663
4751611
9883821
350719
4495859
9607469
4870841
101356013
861881
9720109
6740267
7940411
5834543
7629413
5113433
7339421
7095037
7728571
9086843
1427849
2825033
8240073
126184991
6771291
77383
4559149
1317223
259363
8222963
51235411
8586321
2919759
4561361
1948467
6012767
5951009
4664093
3820419
4214397
5105183
5064037
1824001
4864431
9120123
1132601
6685733
4751007
2149249
1718663
8788161
4041501
7148277
8061597
9384877
8253327
4132349
887051
4165457
7565953
380909
602893
5167319
5621541
9549721
1738007
3435993
3900709
3674441
7587903
6979683
9576367
5403909
6255003
7664653
8471753
5214991
9220007
7175213
4197999
3027807
1104719
950807
1706957
3521049
4906479
2694737
1500593
194017
3813509
6898379
2605301
6709359
9851357
8234287
7828587
6613187
4933157
1892733
94047
146061421
6388739
983827
5961129
9748613
3593381
6492483
1747467
4349843
8533233
6589181
7140877
709101
7577893
7248051
6337027
8000007
8639599
4868063
4149823
666601
42969651
4123457
9690979
8299589
8446913
1551653
2189923
43394511
3644261
1578141
9878051
5731529
6847133
1531113
6872987
2698609
2931591
4126071
6270451
8040893
6980337
7621907
8987187
2932141
5771021
2756643
5843437
5016197
7282939
3478467
1135987
4242273
7876523
7940267
9854911
5761461
8305377
1629271
2257413
5355343
7222453
7942999
6444901
3718237
7014337
9479961
8455297
3219331
9753521
5193059
3799291
4022081
1561761
9664947
412519
7393721
5595167
9588779
822051
1731297
3797471
2779929
8960559
9857979
2757813
5512007
9241183
9333399
2680229
9630593
8957653
5050419
2021251
6612027
7417079
9897469
6979979
1710283
3128931
21854749
2350731
8782229
7554679
1461193
64343327
9971523
4756301
9749303
8723491
9762283
197994741
4474627
2655189
3464749
5520973
2940913
658493
2427421
1029541
8193277
7649981
3838081
1611563
806641
7673913
8106207
3682007
6645141
1471757
3569451
4399609
8872731
4006207
6352637
8178013
485053
959397
110196413
36172179
5204949
5435059
2574223
1820293
388967
1584033
4963557
7092409
9414719
6658003
5813377
7688589
9201431
6060521
5655127
8590177
42282549
3217431
7996743
2598377
9152579
7204581
6702587
9773327
3880737
5353687
4145769
8524397
2999109
870003
2878187
7135953
9932903
24619
3366843
1777413
3402271
6363853
1474271
2584979
32967301
5885881
1758593
8934111
4112757
1108769
2980861
2556603
9962737
706723
171167923
8916277
1592553
1154579
8842703
5368411
3604593
912669
2243643
2235171
12721887
186907
8059709
951659
868197
7248613
8945933
6973953
121773
9694177
8863183
3108103
3193941
9381911
1529609
7560141
8796999
4891311
6026681
8507217
7413179
1980143
9878669
1542941
2274439
7210527
7653291
5891001
3313033
4503363
2746011
9762931
981313
7745859
8608633
3284537
9158763
2861379
3169649
2189661
7156719
8860231
7935907
6390319
3840477
8760829
6307129
855737
3469849
8409027
6428819
8624019
4026131
3737129
58103
8507651
5972037
50407763
7169541
2650393
8108327
9853851
5441409
9554379
5371733
8585911
7864253
28558521
8937257
5268523
3061117
183481559
340729
3755133
9207183
9481667
5291559
4027249
6078219
4270849
4473951
6417067
9396557
4438989
2092161
1969683
2287597
9403101
8395647
498569
447969
153355431
1628257
33273243
44796097
8113459
6857647
7598071
1819033
7966861
1496081
8848319
4848411
3776043
3752857
3035299
256189
2099209
8990913
2812703
4796853
1715751
5541459
9512859
1057441
4658093
5816437
2687659
8365207
8112621
2765743
3492909
8368607
6571787
3954093
3255699
9775207
552889
5519507
1084647
203627
9344057
6243641
892857
2089301
2949063
1290899
107585881
4093121
3064593
4620933
8436459
2932647
7006351
2003713
8560073
190227971
2846183
3500721
597633
8072851
8271513
1819387
5220711
9072201
2571837
9366641
5440657
8732599
89218821
8142091
3752431
4988647
4559161
7297873
2281547
7088909
8968263
343159
1978173
8338963
6735987
6950253
4434477
1171857
1917113
963861
4672483
3039553
3196501
8970927
8502203
8327183
6678629
9618259
1283033
8556029
9270887
1050701
6080387
6844861
762701
5385329
9652491
1299777
4881201
6043299
5199171
5191323
2515843
5583229
2357461
6058991
1289531
6700123
1131097
6671207
7335103
4833211
1308707
3803479
7234877
9535907
7070377
7295993
8206659
8616397
4421449
6380287
6215651
1815443
7428947
6559653
5340279
8702239
2710407
5436201
5841241
2912907
88131417
3123691
9090687
7910039
7578759
62810683
9742839
1541371
9852643
7055511
80049
164287497
126886567
3610477
9163493
1249517
3129283
4829121
9418221
5912211
1252939
2730951
6573033
144467
3363251
