6461007
414159
321123
1602007
360367
1568749
6913297
2228949
1497323
5135729
8200661
9087331
6044917
220387
5784089
3426917
2136263
7523937
6309579
6068363
5294551
8507289
8366823
6781289
47491
158051123
4198113
5507679
6315927
3330749
2615261
5780987
9111059
302019
3126077
845329
7668477
4607823
1132681
1001463
2385289
7043053
9407183
158590899
7440601
4835847
2484263
2235699
7953327
4896643
5095267
9311669
9548537
1713709
8514757
732521
7244279
1262113
6319363
2873687
6302131
1032081
6884449
9598273
6240337
8395417
6518079
9116349
105690027
8130587
3113033
5843797
9700383
7694893
477287
6334323
1093993
9712971
7622591
9046739
3148859
6319083
6554099
8238683
736767
561051
5194923
4210787
26773
3905981
7273141
9966261
6619201
7672061
5865427
6054119
6057753
8488933
4713531
2803543
762837
2208261
7296741
4338711
2109193
8545099
1740399
963973
6806413
1755963
2463631
1518149
7084759
4472481
6188507
2709369
48856187
1214211
1450727
9913189
9448413
6416299
8921567
6569251
2538221
2548431
3030587
5242267
3816183
9932223
6862987
1604781
2306867
3574667
6925067
634961
421989
5169283
736209
2765337
5888813
1113459
2923493
6605237
93574649
6618921
7362987
9679163
2289761
4645921
9509963
7521347
6024007
3270747
3305391
98297
6743867
3180703
8335681
7134993
4035223
6505283
3480647
5421541
7161077
2639399
2267401
7879039
1098709
2907749
9580623
8436297
2211461
9994773
2588747
5277389
9850801
1932163
8751771
8192331
5385671
7425727
2343501
6838397
7915499
7454147
8534713
1206617
2240501
8260979
3217833
5128101
9750497
4770677
9679867
639897
8706509
2876303
9719009
6967633
2012593
9889441
6827653
2768689
7437119
9218181
3167721
4023787
6111943
9081193
583577
9004717
5682647
3166899
6478113
1022889
7876431
4647401
3770901
3320863
1305241
384011
1780079
5010091
6959837
598599
3327053
1383209
53625077
4284059
9844881
941493
6053541
8701369
9839617
6971007
780541
1136549
2795807
9141621
148687133
4381589
9551733
3771997
2967931
9627261
2771429
7065127
7862681
8754333
4143633
9298979
1227401
199121
4848793
2359963
1328163
4191033
2628097
2169001
3717487
6061917
523653
33347
512297
6263109
6362867
2459363
9058381
2970407
1591309
1921187
2708139
7768149
8483951
9074479
6634501
5273019
3480159
502481
4466613
3006731
1141301
6740941
7574397
2657523
4950191
5139713
3003391
703479
4160387
8982711
168790593
3069769
4561173
984919
481731
2809723
2521637
1163719
5159329
1563841
942157
4016377
67797
3232103
5390989
555079
5564781
2317829
7500161
3485479
3231271
1169923
7533877
255993
413161
4608543
1945909
2188531
4294963
8043983
2765537
5824791
7898249
8606863
2306287
5470943
5064841
1985893
7503809
1685961
91233963
8109033
8177763
691561
1444481
2216979
9013089
7652509
5128587
5158831
1299681
8330059
5434103
3256279
1460323
8867127
9205943
45511
4731709
4127917
7639483
5523949
317943
6446137
2011977
6415919
1001859
3956567
9942937
2410703
4008379
9085573
9631281
9922589
8997867
2687881
374577
3717627
6114167
6416513
2271491
9873349
9312277
241781
944291
6935343
6286651
9895599
769849
7643249
3976153
5197881
7435551
1359521
676891
120211
8738697
6635153
4335243
7023477
7018647
1239741
3299947
7404641
6027157
6425363
1747773
6961189
6091017
2138277
7660461
8003121
4349417
3864127
99344251
3790511
7921159
5684867
7745563
6652863
952467
9062991
76427
155463449
941553
7617569
3875733
6772129
2961983
182519747
8256893
9633711
2920099
9799303
4030969
1607371
9264731
34295571
5424801
3141993
927411
875379
3806439
8445933
9720309
31979997
110012079
1540201
131762931
4685091
85673
9811511
338501
7925927
3181473
8310137
5647269
2031929
4877661
8544579
119916897
3036723
5415791
8365369
5595633
4949651
3014077
6960037
6774429
6635653
4955431
448087
5700621
6662021
339859
2351803
87711
7365767
4323549
5043151
3066387
4248669
8372889
2515737
708243
710583
3522827
39845129
722249
3924783
8535103
7821223
2916909
2512489
3318351
2546003
6174799
9334339
2695449
8830543
5432941
770499
7728589
3173911
4185673
8765083
8342141
7900233
7941813
2750737
9358501
4940649
6944133
6194591
9726517
6290093
8424399
1474243
5787377
6300229
1406371
5698923
3643007
9864083
2528133
7607483
9663797
6017471
1888133
61439981
374081
5749861
2506973
7027223
6190391
3858771
5352163
7846479
4272597
9922097
8910959
2131303
2620129
4151699
9383973
2468627
1383179
4099333
3089977
3657147
6450519
6549911
3652959
1025367
6972801
6844593
3984319
6338849
8900029
5445423
5993447
6655723
1830861
406913
6448831
127538447
1295843
2848369
4332971
8383961
6143541
1129093
6840333
1173807
9364371
4598831
4772009
2246809
548301
9030099
3027911
7356543
149341
6766037
5861813
4199473
5451007
386341
65081133
8730973
376783
5119767
9649643
9490297
192397
9904037
8531027
5860307
2115041
2682937
357021
8681557
8885343
811339
7607131
3109737
5966651
926847
6148679
6438901
4420567
8316261
158995393
9238771
6171221
191744641
8692369
3241491
5611413
7236349
4067849
532611
4576109
3842699
395169
5125917
8460069
3611019
3635767
8838349
121827
4931321
1012783
1505201
3984207
90044839
315863
1848063
5340593
223847
2115023
3570853
2396939
4069887
3457843
3549801
4771821
9851271
239633
5639367
7214417
3743161
8847323
8711763
2767583
6562813
2043473
8309123
2551791
344413
8938801
1311051
4052371
9274567
5678109
3531293
1525387
377663
9624237
6394713
6534207
712351
7970529
6755029
7184563
6370803
3849517
9365969
4083853
8547767
1102031
2254869
8392153
2805263
5622899
1495233
1114987
8271761
8696147
7436349
1305101
1099609
97088611
105580151
8390907
3129653
2654213
2928463
180608053
2281407
9217399
3148839
67521537
9735229
4646623
113043
4445407
6586537
5154841
9247677
9765253
1102823
7499519
3109527
8160031
744331
9925989
172806151
4407337
3502053
5146353
5132041
395007
8533189
431011
5219917
7938187
1344761
5102909
1915519
3752243
1546283
1835537
9221979
9162929
2891163
7626567
118588881
7265993
1263419
9820263
2784649
4364917
1896151
4634929
955073
3759323
7154203
150601
7768259
4467799
6895721
1239713
3046721
7532151
121375071
8092901
6052309
4731413
4036209
1938449
1221809
4344633
3928717
1003567
5807361
5309073
6354907
7285039
4685497
5012121
9948141
8482521
80048189
6796959
6033377
3793673
7338667
3979431
80960321
1702057
3441059
5408789
7543677
1737111
2639447
8491079
3694627
4754027
9916753
31946037
2165429
172115341
6769639
9608589
1251657
5828729
8633053
5741491
4995397
137577633
707151
7055653
6395753
9110959
3823309
9914079
4319147
168699
9456781
122723717
6928529
6923493
7016429
2452307
743477
2274027
8273327
8708797
76861233
7214569
6503519
950397
8752721
8607413
3492857
585291
6155581
182393033
8067767
