651723
6143137
8241091
3899653
185779999
5634343
5008451
2002079
8591513
9767213
9820791
1358109
421847
9009831
5901731
2673707
3644489
1996369
5493441
111867743
8216019
6773269
19091839
9570711
1594011
2664951
7488099
42903
648287
1562037
669887
1529337
2620871
8512619
6600703
4394663
9388949
1484587
6758741
4470859
1118921
1683489
5684929
7921593
3399149
583603
8088439
8087121
6076219
4294313
9816243
6647801
2731033
5919277
2950593
6894389
1745087
7894067
6002537
3296371
4404947
8183911
2260653
8231113
8711753
9960957
8714117
1688299
4598387
4810989
988949
2721297
8500161
62867513
7996149
8003483
8845709
2239933
2045393
1121173
5225953
7122683
3685343
7496827
3477337
1362817
175485103
2466117
6945183
1330937
9190001
1744197
7662511
5269051
456967
6670491
7981003
7505681
454163
5425491
7360203
7406739
398713
3443467
1152581
9077449
70946379
2471259
3209533
171206039
5038441
566327
7289431
4991753
6890789
4403693
104938989
5623481
8771677
3494393
1790417
5688913
3299187
7272173
9075697
7648407
119916563
6218387
1668729
179892927
7447799
664923
9805219
4962091
8154943
3700497
6239417
9184759
2771541
1983803
6878541
18617261
3294791
7345229
3910743
9906667
7727961
4131309
7928959
4963
5508831
6909311
162589
1136197
7840927
475253
1904467
742997
3700521
6663017
1644867
8724301
3218853
9456533
10800301
138391347
51844731
9970081
736347
97277
7722087
7565181
6216223
7763399
6093111
9686977
1793771
145463
7626969
1922653
9125449
2611737
9859129
2767279
9458583
5597113
8464011
8386023
462967
8202147
9405881
8556909
6721783
5929053
4027497
9726243
1811401
5566901
7758747
2885599
5733121
2965123
1856289
6043953
2029319
5646609
5402491
4970651
2118567
9782333
4303993
2238339
3792557
569381
23977
6103379
2010211
4663403
2451299
6315341
2785489
2295387
9592979
4213069
9000203
4393767
6566417
5251217
7054239
8247801
7763029
863507
1952563
8953449
128698959
4349569
1438849
4119859
2331597
7353649
1370893
9864581
4446407
2415483
1429093
8669853
1800949
3984427
7591249
9119773
5950277
5008711
1970901
9978783
5966309
9333167
2540941
6234479
3052447
4740143
7693751
5236203
5760587
7071987
6407793
8488661
8630297
3568977
8613653
3697917
9060153
4000541
5418477
3493923
348127
7795187
8328393
7239567
7405587
1014391
4856717
3748487
2367339
4398501
2868679
7394929
8816779
8814589
6662353
1989581
161530517
1251437
8470283
6187943
1883147
7238627
2117481
38176999
6479701
4118783
8312731
3769073
7837989
1553803
1520129
9397453
10711109
4334171
370361
9606493
240697
8050769
7723569
1686947
5340997
5672241
7896919
4614129
9013323
8068191
5937247
1394169
2408849
9416667
4406377
1926727
377073
1498359
8323021
5518631
5488287
3637269
7485561
5524919
2768521
6548091
9688511
160550513
5876269
9444299
1322611
1088423
3957357
3629773
8341837
7616639
764733
1338123
5708761
560339
5108157
8415033
7198993
5435501
5601541
360397
5586669
107402421
4545233
349737
3652537
8434629
6041951
5327769
3139649
4022103
6871571
9828039
9802051
3550497
7892917
213049
8644123
9836049
4800673
4255409
406297
6673089
3762077
4592189
6123177
6371847
31614773
7295249
4027721
6284693
1000039
5849873
9408997
1243607
3194679
5813697
9310867
721089
1227029
94831
1820513
4101501
8568273
8821141
3421589
8362811
2754939
5521357
5619813
3580909
4647467
4159143
6797303
8139751
8167257
171693
3952821
7268537
8774121
4319097
9993497
1240759
7779561
125559
10408429
2701813
7463571
6543937
283017
495681
8240237
1568109
320909
7065413
124639087
8868947
2293999
6443287
8960901
6635577
7915711
9417307
4825073
1464759
8377693
8760417
1870519
8329053
2080519
6862379
3842247
6407071
6493889
3122887
209973
7131731
7126323
3884551
1791291
3919673
2178457
9508817
60803
193556269
3300757
6681447
2378527
6289279
7187137
8133979
6469347
2919863
1016777
8465927
3844487
3922159
3018337
8116849
1435793
8038993
5330819
50543203
6869607
7837757
662559
9968313
4158087
8013417
3919219
4168583
171677
2540737
7508953
1113107
8715007
7054091
4875873
6949977
2670307
6002971
5265079
4554551
3197231
333233
40041573
6776291
5096129
4246291
7372009
785807
9094597
1019853
8616073
6085213
9660741
9122093
9823079
537163
6649567
4526681
2967779
7490991
9369587
1401327
2313907
3863727
9671233
7095497
5543101
5850503
8118653
7557537
2595963
616459
939007
2621609
2562449
3888941
3309289
1427757
3793183
1915891
1422857
1560933
4290619
1245291
330069
7015921
7430619
9206909
5278341
5318239
9175797
884559
4353279
385583
2481239
7451003
9785217
9744913
9322707
1701181
1065557
1848603
3066623
7462209
6433607
45577431
857933
5298693
5995281
17148751
9556259
6464303
3745931
7415811
4535829
4326263
9010089
4573719
8472923
4368407
6358767
5029089
122639
3913799
4005649
8792561
1517217
8881383
93940219
54011701
188736723
7464691
146225067
9977079
2143791
3910481
9508929
8593243
9176491
2494183
8829317
105473803
1225233
4116457
6034569
1803537
7372423
6404507
7945361
5531309
5250093
1935027
3030397
5491371
5395771
8952089
540343
4963673
1656431
5620673
9025459
4212627
2168361
7488881
472493
735423
4241843
4370543
7744249
4496413
2254677
2993717
4896511
172257557
4111899
6882603
2310013
4728847
8450477
7808223
7521381
6196009
7109667
18227967
9409899
4252007
9270357
7631911
9269619
6617389
9780447
4556343
8241523
2638203
5083383
6328359
2812457
631089
1557853
5417199
1058887
9415341
6318603
3914267
283381
624147
9671379
7836813
8040033
9933229
9461583
1422639
4696063
3299883
5623011
8732849
45937
8772583
7085397
2025319
3186239
7009687
4291957
2923513
6762829
9880581
2324217
6007719
6951333
2743753
5582603
1709411
3474781
4470187
3823151
1179993
5541059
9385767
138217183
7519737
3935309
333267
2260033
2203549
5274811
1694177
434997
4805637
7807757
8108627
8438727
8422979
4535771
8758127
135857207
3930259
105435329
4560517
116580317
8431499
3658527
44990809
1346753
1445931
3532807
4924079
425091
9471769
1420993
339371
5268741
5468553
2469009
989991
2289201
2870857
3850363
8801563
6683087
5630041
2366857
5821429
4664941
4661501
9021509
1525581
1085291
4122251
71023
3614711
6395657
612883
402137
8080147
1371907
8560789
6654899
4817769
65955607
6215961
9745997
9184881
15683983
5911777
2341281
7446227
3510989
138033
3247889
6172411
8445123
8952523
7805957
4403957
111344041
9396899
449861
7045939
8160899
6822403
187088951
5176901
2585473
5720951
1948577
3063837
2304071
8050303
7553941
9531233
9249567
71933053
6991767
3896563
6843221
7994457
1554083
9769129
3949223
8922271
5869699
8695517
7059799
8385591
2140427
3182551
5729969
2712923
33087117
7847097
792013
1533621
1130417
9076971
8042917
9934531
6157411
2721487
4106319
816851
2673699
