1032171
6222189
1833161
903633
1493489
3637739
9199809
3542773
3357097
1334057
1996261
741983
2638939
8806359
4538667
4342267
7113181
2768693
8973323
5050037
180167
4037109
6877283
6296619
7219093
9583751
9698743
9516803
3831521
547237
5184791
655877
151289
2790827
3672603
9769439
3931073
780751
1558839
8286999
7344009
8129677
831803
135757051
6061209
1523429
7265709
8626633
63738281
5250507
6154913
8578187
4483241
2488317
7999663
3000697
1468151
1879171
3767419
8170323
9948091
5176777
8105607
3055661
7292139
63662841
5093417
1379103
839923
6322913
8373877
2183523
1433777
8258293
1268247
131595309
7161137
9516777
6016703
6045521
2619859
4096293
8485907
9018869
8296993
6381909
4626719
215829
2908761
6601079
469801
2796691
194226173
4810053
209689
148147
7275941
3788553
6397699
4265521
2345571
8458049
8577403
6761319
9332823
8115983
9036257
3124991
3314337
2131159
5505567
2897031
2716269
6926339
6512171
9213449
2558467
3734071
8199403
6908009
8994429
730539
8866137
8291263
7668329
8030289
341969
1511917
7255877
5745327
5472427
9940069
4329889
1837069
126997981
2237341
7966987
2280727
6988867
8400881
4665489
216853
880467
9201209
3184633
9688311
3615901
2940511
2000123
1390639
9919673
1807569
2004779
4763659
9213709
3626579
3235579
7927193
3025733
5828177
5486097
325539
168809471
1116917
9871769
1790023
138703907
5900259
4199163
5522661
425957
1587721
5386573
1847143
8570239
6490819
3778857
3729723
1827479
4003307
1195973
7007097
751757
144922147
2956399
5467667
4179139
6480891
8122447
8843269
1911639
8873849
1078843
5262683
6121477
8762829
9939249
135946093
7207823
4877263
1704947
6066447
5183413
2137359
7782349
7841457
8112183
6205127
5125781
3674539
2818289
6947719
5306071
5071229
5832719
7947221
2654901
2641083
6399259
6696177
9067483
9679083
131217
4897849
7815893
2817463
9626969
779123
8294297
6287301
9191741
7030851
4135247
7802463
1872633
3185341
6230787
3324679
4338679
4173237
8524583
2236287
5100653
6181427
1512353
4223099
2122981
651853
2656069
6804641
8037413
8613639
9758203
1485161
4397339
7549439
451697
2343403
929657
35428493
8402949
7128383
9662821
6941499
1146641
3584511
8058133
2756947
80531569
9763023
3082411
4631433
343407
1257803
4147093
5330231
6555003
5979587
8776803
5732271
8556913
3371247
1551423
4288879
4093953
6297891
8982371
79139
9349771
7469677
861417
3934509
8488693
857577
1476617
9365723
4831377
3947711
199291207
4082739
9193001
9565077
4106727
3453763
4991373
9798057
5724923
4593241
9820633
9398557
7167211
8243721
3765403
4668499
145746283
270191
9934359
9227851
2290649
2916951
5458087
197759
917069
4035231
2845069
4730921
3973407
3406109
7465751
20259
3899979
2764599
1804523
6122829
5646467
6265147
996899
1304169
3581447
874979
5785157
7746061
2455103
9704853
195329579
7442073
7184139
1921181
8035937
6150277
5484101
5453451
1730459
2113313
3971337
4415779
7596853
1013117
4406021
8536219
6560183
8491123
86746839
8993837
9802379
6678953
8866977
9710829
5913253
6018879
8825051
5229163
5727843
7329279
1149897
6505937
5507637
9127221
151407471
193949
4638059
2009137
6505869
3312441
8562897
2122397
5073409
7595389
5856973
9961947
7229
52667301
7457861
4601211
5188187
6168647
5476047
9367561
3629807
6747179
7579473
8669277
187888527
8989753
2014623
4694063
9216999
9956567
7171787
7325667
3999503
8898493
691619
12395067
215699
2747363
4295063
9601683
2075869
7874289
5962959
6267281
7904007
9248361
9751493
7549753
2943741
2434111
8746799
22331871
4183159
7102393
369933
9736709
3853093
5466841
5490811
509669
2612879
9330621
9427123
3142257
6465983
2645057
9012431
9936801
7215739
1346857
8290379
5922329
9425967
2027019
5930673
5907189
9315141
28037
5785077
8881313
4774521
5542303
1649561
8147653
129882641
6736727
639037
8667811
4730043
3696163
2916971
117121621
8572329
8205943
3143923
2682511
8099911
9100129
3974131
9202931
293761
9324463
157622273
1171837
3122707
7674307
3813423
2110819
1639477
7894721
2997009
5575483
906683
8712033
3898153
3413071
4932753
3083501
5938317
4336453
5133607
4870781
9350567
62816777
2827903
5935403
6013699
6681987
56451013
4324259
8170563
1489039
2947243
9404473
8387753
1383917
2742773
270897
137518977
6102007
4539143
182638283
5015781
8307247
5522987
6893397
4745507
8680011
9706263
6382491
820413
9319689
499397
1532151
1262959
6463073
1330253
5593453
7558149
189929407
3492673
9948487
9765557
122210239
3557509
4136649
1764073
6424319
2056081
3681583
2462073
7208897
411427
2509577
3339529
5518921
9479617
484331
482571
5395609
6682121
8778569
4751519
4243253
1686619
3176437
4536877
3630001
1248527
2820041
192261
4140277
295381
5110729
8226029
1335177
7770379
2645533
9678229
9279647
9575263
2412517
9210313
1422191
1351089
6069747
4690801
7767763
7462921
8555063
8675431
331447
9467831
6772739
2725709
9567181
9699741
6506133
9669303
4065869
9806279
7824811
6739151
9417437
3005809
7521201
3982233
2767119
3749633
8503873
4498117
8515503
76723989
1059163
5890863
2657423
5857913
7943243
7836787
5106809
3294993
9822573
6417829
6569867
46627
3668957
175671823
6005007
9888709
8209883
9622383
5980981
5913093
55780867
6117841
1850217
952607
6282339
5158647
265587
9713459
6113613
262889
8851257
3546587
3550597
5080623
2762411
2079527
3260837
3535537
3357677
8712327
6564899
9395159
6799147
684001
2473953
3148291
1432869
3115771
3148003
9946683
5297041
7017639
3673607
1185793
8313581
9914909
2584969
630697
7759241
9005343
3788867
492349
6324897
3641393
5512209
814973
7377497
2146549
572127
9008339
6308243
342257
2763423
1129493
322151
9099139
4352821
4575969
3575927
9186541
4155913
4473873
8927537
4543879
8700639
3850059
5759283
351659
5330469
159507091
1394883
5160211
1102827
6631573
1304069
2870769
9771549
6848033
1170061
4352439
3822421
3996901
3167333
9321061
7399243
7866271
3612643
5758313
6632971
3545091
3315271
3032107
8616301
5448477
3800671
9953559
8025461
7818247
1332069
3217931
6982231
2106179
6562251
9675067
6407339
6858699
6432459
775729
3867849
8540863
8166997
56478007
2614341
1964737
6548693
9452557
8443909
246733
8648247
26119063
138987063
1599633
5061467
881859
3634837
7622759
9638547
4672599
8134947
1432419
5257541
5984657
9358271
1480027
5252071
1358073
9564111
4659027
3401013
1451673
9170397
136347017
6267157
4963881
5732983
4969753
4385647
6142651
5858641
839003
4457813
8233597
1276863
4261627
3729613
6139907
8988611
6023141
9526489
3059819
4777071
9698749
9245989
8768057
9210357
5437839
2070459
4339141
7549613
1920663
739181
1378629
8630711
4652063
3342449
8545871
190814147
6743547
1250539
4853783
