5395813
4037463
9877761
3736973
9024633
5661973
6765379
4786201
5727149
2553753
1131509
9741973
7089689
441747
682537
8921067
5810193
116647959
9997243
53931649
9720969
5427541
157334569
3974079
5390403
7214257
2576991
7041759
925171
8720707
8098969
5967517
9583847
2653199
8993651
4386057
8468733
1736087
9915763
1345301
2315637
645119
8596543
5715239
1509177
1220861
2123707
1576391
1134391
5436151
8555159
1959803
5551399
44695161
1297659
8181481
8908399
2254337
4532511
959249
1660161
147975301
6300351
9940941
7025591
9226639
9170431
6099827
6098949
7447979
5023387
86329
1235591
7467119
169146667
83079
2461521
8355853
4100777
3109219
6385779
5249017
6548177
6908449
91619
6522739
5617833
4389253
3766857
683437
6520701
882777
7777091
5459139
7074603
8807117
127016959
5072071
6409979
1142897
4774513
5164421
7282257
36981
1548747
5392443
3282301
2388083
3632737
5433207
3655293
96325853
5221871
8747227
3063911
9839329
1406333
389519
5153021
3787661
5715481
3475893
3620253
3399949
5038547
6485421
6970563
29883
8559633
6500139
7922387
9325333
9268619
590799
9949567
1502611
4380753
6122553
6964639
8207089
7826109
2350379
6463667
711081
3882417
3205539
6018199
147911567
3086617
9525449
2291581
3160213
7505057
3066251
6501367
1569883
4740529
4665531
4233609
6770389
4572499
128789
7401869
2756097
281371
7003499
7913289
4672297
161389
7482807
5942197
120663
5375229
4718133
4753051
4498511
2760981
9956639
9554891
7887061
1433171
4266743
9706441
7684343
9134053
4408133
4171203
6275281
1815921
7954407
1522401
2909859
3617701
4977657
5865349
4140081
2575057
4128631
9358363
161191449
2166397
5365949
3136629
3480519
67574573
9719809
7780273
1514471
2143633
4588091
299939
6799329
5942283
2887043
7337751
3755651
7202201
1669621
2370623
6308111
7892057
4530601
8207551
6453247
4995931
90296997
1015701
2588511
9856479
8734233
1530717
3540443
3202839
1625597
618671
2152311
6536693
1443683
8654533
3487011
8551903
8864709
6504693
5582097
5033051
4090833
9606453
5183359
90121
5916851
4384533
5456233
3429783
5119463
9002499
4446657
4568159
8145603
7754719
4473979
6099343
1133431
9566763
5212843
4711559
7139979
4776603
306187
5639431
7636363
76703
5228293
9814351
3949437
2824669
5206197
8461773
4509213
8094857
1424441
5162361
6860217
3817089
8052953
2351907
7579167
568213
3999231
5027709
737261
2887953
841201
2831547
7287537
2836067
9361327
7386203
5285777
5037757
6588971
6711339
6402237
1597401
7304691
8506401
2343097
6520281
7057077
4057461
7706467
8439207
2293937
8742781
9139767
4103827
6808351
1897003
6865537
1246387
9560049
7392691
4615993
9781949
4976251
94071
9468141
1836591
1037639
1406651
5925733
3306531
8365427
5274671
5466109
9106673
9938633
9364471
3309121
413957
5358003
4032709
938673
4231059
6087951
6607001
1352747
4759919
5971517
7733151
9194927
3364459
3401921
3963847
2538121
8043367
6590111
5870169
9142881
4895739
3798483
8958871
5262167
5792263
6908873
5172747
170830099
187577
2544813
314921
9283137
718113
7751913
2145477
7655777
3616259
2635731
7359823
7530349
3522841
314837
6841053
6714649
124683999
1857533
98018777
4585321
7923083
2611493
1546401
8491933
1097803
4778697
107496993
6076681
8212293
9174489
7588947
7839473
7428857
8962093
643033
5098479
7518101
7553517
3127527
9704641
2432997
713633
9110433
5553173
9847563
5053511
1458003
2244699
5652063
3255697
5498227
5826989
7471437
9071169
686781
4366131
2863983
7984739
3299807
3237219
2297823
3058483
7755349
9109003
8909797
6838223
1824639
5088761
4651981
91096893
9885991
4911091
910923
1550663
3394749
9702901
2008391
2387899
2765681
9472547
6857579
4557153
6509927
83842189
832691
3321013
50876171
5438757
1178039
8887799
5884681
9679383
6748417
6724793
2520013
1132477
118176621
7317069
7399693
3257799
1869539
7799819
27341
7950081
7905849
5737633
4257159
1222573
3085653
7832293
1414459
2939641
2429669
8850761
6311993
6307993
5606659
8088969
77367
5638541
6284727
16922859
3569069
6527343
6924587
7792929
425729
1794967
2199241
2609883
351599
8348449
9624131
8293179
4874233
3849767
8032117
2476519
6900169
824969
4905897
598749
1785583
531297
4775633
3319149
6558291
1224159
3268373
1928181
5168317
2607973
3170667
6036841
7751849
3465411
8765763
3942339
1342013
842041
9105647
7799973
8513709
600631
5352047
3612711
2678273
1033873
8304349
4871441
5366237
4099649
2556659
1428367
1493127
7210049
4234189
6008481
69370917
6859339
4390121
4682037
2959687
564643
4558959
5496033
9370069
8967777
7444783
8548629
9684233
6435879
35135199
4047347
3232707
887817
3728591
2057687
2717481
4252453
3943981
3709149
3669689
1245297
686311
5568291
5469419
133646293
1755937
7219993
9604993
8777973
2263937
1542137
2825387
49688609
3094157
9165919
2654579
2768613
4691967
908343
9257537
7749401
6254533
8412181
5323333
966389
4306517
1293899
4335309
1061097
997071
1488513
9547967
4367291
5765827
9946447
5534751
8447921
1708093
15281
185136829
1778189
946261
7514211
8553831
8485073
1312753
5239849
8661021
9394187
127967793
5323287
8213843
2803421
2002391
7730811
4930313
6922223
6457307
3793817
229529
2935349
6254943
4427673
1138901
163690553
5162881
2526157
427347
5909633
9761793
598273
3872663
6311601
2698323
6147431
2092059
2670849
8012533
1817037
2832429
305049
8086081
4440337
8446589
7247401
162353071
1177913
1532013
142993
9665189
3703201
4571061
1481569
2014699
6619591
8744741
5340097
251293
5988703
6062971
4972983
2306841
7934207
2599819
7661523
1370289
5326207
4013889
1099169
3084069
9508047
6466203
7155121
5691117
1670161
4470689
2078363
2058611
197291711
8418801
5074327
6763917
8990607
8200753
1233627
4379691
5203097
4921987
3808387
2770991
1022651
5450337
6680141
9486997
612027
8951997
9560053
2679287
1526871
5154467
2877339
5740161
271901
315413
2777067
8705827
3944451
1925023
3447891
5213531
5643807
4975799
462061
562989
141329997
9456877
1379459
3262213
108497203
2493719
3515221
400669
5552337
133711607
1895049
2989277
22401121
5156037
8147293
