5067931
5606591
1596391
6611211
235327
4740187
2529553
6836107
7863607
3606887
385431
9237561
7531937
2490167
1230983
4811773
8535899
9785171
9771247
5194711
9982101
4164879
287401
4904759
4361607
7447281
6535279
4366807
5888307
5980439
6269873
4839569
9122993
2714329
74116027
207397
9829223
3427729
9747953
5353877
129038987
11493
2750721
8877117
8279987
4632779
7173053
8430333
7459613
9883101
1645307
7337429
5312507
6996739
2042553
8606897
4959653
5483227
2823511
6091531
4650713
7421929
101453
3055471
1071001
2711831
5044741
2255841
3940993
6030277
9885583
7182493
173598753
55762031
20919623
4861311
6858657
9326411
2649543
7441711
8682131
1673167
1528009
4281447
7642557
8569931
2031953
7385327
5236663
8262177
8856827
7418693
3846937
3050869
7372539
1182069
558089
8327413
9998389
5069461
152760519
4338181
1275423
1760079
9472221
1032453
5722633
3406357
306723
8850313
9192639
5499399
6390511
7793521
7559349
7062773
4382211
8769231
9202877
4618689
7086033
6319193
9752611
1846203
4596277
61425191
1950059
347063
712067
9415661
9288511
4173871
7891317
3901679
1829993
6642763
3225943
5680903
2533233
8312359
248009
7582559
7984821
3613383
1156807
5484431
6022483
9632911
9244677
2636631
5499867
9130211
3288497
448961
8275933
9547229
2954899
4285197
5869699
3751093
3467837
131471
6179581
4307267
2488561
6065243
2384001
7064529
7129951
6609877
4829173
5455779
4317107
3020843
200021
98617817
6884669
3784227
9197771
4069177
2735539
1838913
3694253
6483769
1082399
9100837
5587159
7471217
7979711
4893097
6345541
1330321
753547
1681893
849351
9807333
8354883
6120643
7549547
2303579
1521021
9167343
8027577
3624613
2194051
9118971
442893
4050289
9994659
1459253
5927811
2632733
8423019
135232331
3387143
3723393
4715677
4632179
3641259
3268411
500359
2682587
8653827
4107103
8334611
5212149
6379913
8926723
9949049
2280081
4578477
4237579
4328207
5953961
5890701
6892887
2599391
6282653
4329557
3339237
8538963
7506069
524827
7973939
7063383
2266519
9228461
9859673
886239
3275913
5312171
7336213
9362301
1206803
7354769
5050571
5555829
192783
8219593
346421
9059633
2673143
3780261
9104057
8364903
8883579
128350889
3158947
465111
1293359
2680251
2539287
6285143
3619659
8548011
9535941
8510783
8071603
8930421
2780151
1702711
8602571
5457563
4511079
7125173
4234071
7369183
6188803
1771589
4481179
3500151
8289833
641843
9851399
6250623
5529763
5251557
921323
3687513
4917467
1381687
2460031
1681323
342607
759743
8746307
5740483
7704951
3293243
2381199
9502677
9166301
7425093
1653999
2404627
6464569
1322867
5164077
120850599
8484001
1530267
5104879
1545439
5810699
843613
3499589
5601109
9056129
159337811
5280861
9828447
3440731
450957
9129651
6220879
3706173
1548287
1780963
1403891
1565313
7783591
7825827
9408341
1263467
3653563
8054473
8213359
7478409
8022593
4343693
8563807
8125971
1333687
8545569
3529469
139990721
1915027
856541
9724853
8629949
8244643
6371079
3826491
1106657
302783
8159817
3057629
1073941
2011157
3335361
3571621
5431341
179282727
1732679
5590447
95923
3654977
8594637
6117393
5737657
6702507
6892333
5841933
9732557
1799829
4623027
6907443
7918279
4642121
279929
3524061
4735987
8901427
6979977
1194293
625057
7154883
4503869
77586057
5195021
5379629
99751939
3975177
5843799
6277629
9557629
11292469
7446211
3426887
5891291
85813651
2655463
4221533
6859841
6827209
91477013
8302501
7135481
6637037
8632531
4548889
1449369
5719831
7200463
2826947
4298093
7751899
347923
6326349
7315493
5787131
9407671
2513827
1831221
6625389
9822709
5940599
1356961
137713639
39880651
7329601
9121137
1202487
4504481
1850031
1910587
2714159
2420677
8512681
1176347
8037187
9837647
9600767
7406513
4852777
7624549
6419061
8836391
7713799
167007013
4773507
4464189
1828229
8083967
6319347
9409551
5975353
170373
3266499
8472137
143511
2249931
40031651
2807599
7541669
6688441
2809671
1746477
1685347
2521629
805937
6880093
8731491
9366357
71977
2693559
5774491
6601101
145777557
9075423
5968103
4524277
2916831
1375177
5877703
1180181
2062131
7503381
5626879
3027237
8360607
6722667
4951177
4869423
2225039
6603487
5522303
1733989
6276603
9339891
2846789
4104093
6959579
7838949
7161177
3990319
1704749
1266403
238621
4647157
1948263
1287989
2020101
4078901
3391657
217127
4164959
4276213
797781
6173861
7428347
6993957
9161799
475021
5021289
4049899
1347243
9264877
7821067
1225719
8385467
186842087
2015249
7606531
5697603
8339173
2306497
3338227
9087991
6359047
3705021
2591383
5746653
1652993
1937437
673369
27441627
745331
453469
6678741
1005681
4500779
7293439
2196029
474253
9625677
1550797
14819279
101861059
6699761
5517849
2243141
4487701
4309001
6918673
2620031
8195611
116437243
6634563
2099059
7011179
4092137
5810493
4634639
8484537
18743589
5436321
8500331
5739769
1710631
647063
7501691
6892901
6004527
4915209
762909
5569137
7385613
3932537
9771101
6127299
69233777
9272051
6668519
6379719
2806751
7710067
8868331
150007283
2092173
8968449
2438539
3237773
7441263
3933241
5133169
7934547
6015167
6309871
570073
8040699
789167
9522543
188802209
2105659
1684507
2608749
2824391
6557063
6410871
1471469
3470783
4373291
5902543
226981
23391
6521273
88550049
6583321
9100947
182409
5239151
5148899
7753593
4993289
9992053
4983831
5161889
3625783
1968943
7989129
8537771
8732573
6154999
5316899
6705803
3246609
4750167
150563
1731353
7386779
6159391
7769017
6419853
5952847
5264279
9153223
6834659
4902461
1305443
20026777
610443
3846667
1323919
9310843
9695879
641913
156089717
3647513
5742941
4298847
1128563
8933001
2955497
9551313
7397393
8584993
7690249
5595649
4334577
9693257
5947081
8623583
745077
1392201
4442843
3480407
2219199
4884391
4455287
2270489
8781393
3538661
4320721
4463667
3463667
4861933
1310037
5950789
9619573
8087263
6357789
5908961
2774383
6200863
8008571
6761983
6688157
267223
5330213
1982273
3358081
3266849
9587617
5508919
9158137
9135011
7156137
4129261
4347739
3640347
3395187
61631247
877561
5025429
2367547
1020563
3647603
6847217
329051
7779809
3283023
9768097
8309921
5395049
1246439
7373131
5434831
795221
8187719
3934341
6407611
2252141
227381
9348169
6194913
2666283
913103
5872091
6053281
8117211
7324151
2465029
4132951
5600667
4891923
2868519
6319383
1095129
39089557
6519363
1399423
7601953
3136699
1258751
7814111
5149377
9192463
6530631
5509517
1117717
1584419
7956743
6895209
7157159
3511517
9435697
2948877
1678507
420431
1149697
6182899
6064693
62783153
7769139
7724193
60440191
33743
2524779
9971451
9949483
5420013
8769397
7743149
799003
4152181
3139269
8100029
5326357
