4286829
436847
7921913
2150041
7359161
2988787
1815211
4572883
2437457
7832409
6713983
8783769
2696883
9105967
8570389
9983989
2536521
4513711
9563571
4319073
4048907
2507439
2005819
4646719
8101837
6743073
3138453
8220023
622249
3703321
9000573
1569397
9219409
2448297
2150743
9250509
2867463
8579191
3358843
6082769
6640817
7578669
7281899
7661981
1417743
2065331
5503173
9470069
892509
4352011
578259
4448681
7423873
9555847
391549
8553623
9210807
2087989
6993817
20202201
209199
27344989
9943433
7992403
1319121
259393
3105861
6473633
5640447
7708251
769103
2304203
1693197
7323263
787911
2163279
3613189
1955099
2341947
3274521
5838421
9504269
3990063
7269401
7210407
609327
5862957
4631141
3037527
9905023
1123443
7142827
516519
6366731
2462997
91771089
8002967
9674979
4219061
176431499
8757441
3090563
6908239
8923197
964853
344981
4956179
484231
9947279
9496401
6660207
8531789
9265283
2467383
4859909
9938921
7320361
5823079
712563
264251
3519551
8642811
2179481
6441879
7299971
7993833
720147
2296969
182978729
9989613
5553783
5037791
6722357
6898017
7602583
6688723
6659027
9146603
7564301
66581643
1971133
4766971
2710101
3243377
4065159
7167123
5219991
4025721
8914477
5626169
462367
2160933
2093801
7413287
3239569
8234227
9922351
680251
63114983
149597123
7926039
4714837
8878311
4687301
3343341
1107939
3169081
9577063
6606787
4568697
8214929
9492981
6172973
2584371
9314681
59703
880129
60313131
4744717
7382577
104857
180217283
9147217
4850677
8535101
7368239
2565581
3633557
1958487
2135613
18753
6100843
285237
4058241
1299247
6375803
9847919
4315593
3011683
3107641
2113559
5097791
9340609
9581863
593003
7550741
4216981
5016771
8325989
7446917
9499763
2044829
1693439
9281011
1803019
7162363
5783917
5233621
7990403
7378619
5018107
3687171
8160251
8549949
5721079
3735511
3439161
9485389
375991
93271687
6758329
2141909
2285007
4894409
54289321
4220033
2605703
5596089
2497949
196409397
9947879
785843
1613993
8431943
9786137
8266639
5025029
141949877
7188057
934193
6452217
1343463
2263199
4178927
1009457
5881423
6115089
2702963
4009859
8951161
6797471
76032069
4910863
4153253
4898491
5484933
138056623
8083111
4949583
9569567
222157
1390147
448431
5020273
1411693
333761
6546337
7070913
626999
2489821
3143121
8898293
3564607
293727
58214361
9098009
8086917
8134533
7693943
7516469
8540031
4974999
4375791
4023457
7123647
4128869
269489
6359953
5828823
6486293
5518413
8106283
7584227
5058297
8794547
6087721
4245001
9076719
7818689
7586803
9716617
8373447
5487539
8774363
7828251
8808751
5374793
9958109
166501
5965717
872297
8441091
46309813
8345749
8640853
9252499
1815509
6376789
9925959
4066057
3177659
3149053
2434969
8740961
6668437
3067491
6995771
4531539
2005457
8294443
5689893
179018251
5924071
339927
2979897
9081553
6727783
6461129
6193827
36256289
233709
27450549
9560257
37496223
1770907
3483243
525391
2752087
7704429
7232823
5896761
9981419
5938663
1462147
4942099
7308923
3471787
4902389
979801
3233569
9387971
596927
1255127
929151
4073497
3788153
547851
7781943
1342373
5676197
8166303
244981
54984483
7765361
9904137
1982551
1609167
4290861
7096557
5996833
9657941
3686191
5102141
43207821
7895031
8842817
5594297
991767
3097951
8172831
2421089
9071311
3501677
8915781
9064673
4325021
6584439
8282719
9401369
8715343
651627
128796519
6242299
6674153
1290129
61408161
8879251
5487467
7213899
115048451
7429167
4764991
4697613
7975453
8600191
1503529
1401267
761069
4209453
170279111
1420263
2737569
2302561
5156029
2235869
933947
6914267
9663233
4607521
6155497
5429879
8210731
68429271
9329337
114302041
8687379
4986121
134009511
8090239
8827423
4794277
2040561
4374987
364339
2392271
6209931
6448509
1581601
5252759
4662097
3789741
4557009
7941287
1807849
7087419
9076461
1223961
5508761
6317109
9618507
5941001
7169409
187967033
5027979
9209719
5418389
4198627
4319083
7964011
8026933
1699733
4009679
44897033
1556313
958867
2939117
92403
5203109
5194781
9321229
2055901
3994719
2744933
3129499
1109223
5871693
4625701
5052419
8939291
6940819
6587053
124961953
4327077
4386141
2558459
7406449
8638897
4445089
1633751
2601943
6471233
2514143
3462819
533409
6686141
6571491
9994577
2783043
7596441
47167773
3663481
5956001
2142303
7531197
2545301
6196831
5606713
6093121
3909351
9290161
4106291
2099629
4451293
8975581
6059713
4730999
1594837
7671861
6934197
6112739
6966939
3418507
9533123
9126627
9573827
6052779
319579
7911863
3262423
5482541
8351689
2565309
1104571
2156479
2595153
9536389
1757887
1665103
667273
171866771
2779551
8402381
6298687
111553
1440647
9128453
517419
1930347
6215737
1198451
5396293
5361309
8240289
9817417
4758469
106830829
6047927
6273781
1168083
8319769
7363729
8092813
9263133
1503663
89389
4631759
1626707
9424569
3799053
2774897
2233867
8415931
5125329
3352099
3820107
7331637
7024541
6451489
1295491
4082593
173567
54350477
9356817
1427939
36399
3697659
4644037
3278997
9523221
171851
8711809
7277751
6387557
2312171
8942247
6288561
6043613
7215603
6653961
6211969
4491973
331231
9885251
1300337
2022459
1680423
8748723
7059081
7081649
3660587
8972901
304649
157751011
6045597
8439819
4893909
9645267
3384537
2005297
7716831
1029007
3359313
1362967
8230703
7590897
1449009
60719683
754367
115661631
9626257
8161041
5934889
8488043
4280223
5632777
7217697
496673
9501321
4463193
9271877
3048411
237697
112322749
8686767
7338973
6028097
4067593
1103203
6727097
5363697
9150549
5707037
2797447
2298291
312553
2502709
2517189
3634117
7398529
6479071
2198511
3136413
8291977
3245701
1473327
3965367
5711971
102975063
5518833
5991699
1769973
9453111
4843161
7315631
4182103
2684509
7401277
2075723
432577
8432577
9685453
2931343
6610601
7142319
8123393
8316907
3609071
974579
2228809
151245733
429897
277559
2461051
3685111
7147723
6141067
3306569
4003027
6415347
112103637
3680753
1359557
3709467
5827887
1923483
3119847
135312263
7469483
9071581
4807687
5736939
7474879
9828721
2882917
668703
6357627
6641479
7326239
4849563
6715399
1424493
4793571
6463403
4288681
1897883
699447
6703133
9904649
3850931
9261913
8770583
2011273
9682963
7186057
81063
6207671
5927599
4922843
9950443
8609161
8255717
4199869
9270407
1180671
9526823
1457277
399523
5409301
4309163
5827059
6686241
3324921
510823
6809059
3530379
486209
4979313
7728389
9665803
100534973
6967743
7025321
7216613
196143
483247
1988969
279737
7702821
4465473
5844879
1410451
3675453
681157
2780559
6812071
8186147
5548901
2917811
171251
8972893
2136417
6571599
8054889
2162241
