5123957
3531067
671019
374721
4486767
7054069
6534551
3290201
4843319
40723
2944337
3672397
4970079
6309647
5950073
5224983
9268551
4999161
1489121
6729523
273239
2454789
6015917
8392603
2301263
7201599
7615381
3202081
21578299
9183647
6406241
9648299
7807797
4978101
9407821
2016387
2289257
7021543
4867411
5231679
3967189
7080309
362979
1407813
2698899
3718363
743383
9028099
7561991
4491221
512081
6146661
5975059
20780157
1931137
4716593
9911283
6465577
2774697
8920083
5863201
940923
5652331
518029
7106773
2709929
3430699
3071003
4847191
5781657
1974247
7093347
5408513
1401167
5861767
7554243
4876291
8955361
5008463
6702043
9031403
5786689
6886203
1052759
7183339
1173883
1394129
3088417
2783827
5443759
8518071
1106147
4643077
6664941
1770167
196523183
8902963
6525921
8737611
2774147
4344639
3950873
6673493
3272813
6979383
9093111
1756947
851319
1219619
4057579
8381957
795803
149069
9657523
1164573
4668659
3966537
9248273
1276109
524727
5502919
8170471
6788481
8657913
7421583
2601973
8212041
9220771
4789751
3473961
809967
145747707
7450053
1685999
9151639
6288933
8964613
9407603
3367407
9413697
3962411
1705263
4856539
6048513
8287283
6446769
2607999
6338137
9449441
2500663
3581731
4918281
7992539
4034743
3324917
3012651
9260369
7604757
129842757
204959
2550191
8069119
2954029
195329311
1418993
7571639
7568999
7230597
3018809
8416439
6984867
6077767
7530171
6289449
5440613
158483661
3745733
1342839
4658867
7856229
4215667
456557
1733511
1773363
4862991
8858951
4062783
4445647
5043039
7674301
111755909
5065513
881511
6448413
6028243
870879
3581893
6756957
5936819
686711
7686867
1164571
4939207
7591629
70961573
7412653
9764687
4618313
9355067
2524907
8363359
2524209
182728909
9607651
5558953
3884401
7350961
5786099
3721587
1953073
3203583
980709
7620599
110661961
8623577
2261599
9771121
122417527
6587849
8157967
3318921
4710649
5783079
1582941
3538051
6489697
7992433
1470663
9785421
1341657
817493
2060847
1230469
9270167
3899069
169682233
3436427
6311447
5197687
5298517
9882417
7550019
4356623
9729243
1114569
2251543
9082569
6340299
5366129
107190203
1174333
8182279
4551513
2599837
5150111
4371773
6351931
8001131
7546911
2946549
1597701
4649183
387007
74245029
7186811
481137
1022037
6648587
375253
9883201
1418477
2242061
4301231
6793141
7059883
3037703
9893193
8271907
9819373
9898213
181698861
6943087
102814193
2687537
8840743
4165007
9639561
70431
8857083
7209609
7127893
319691
3031099
1794437
3125711
1139147
3962889
5813639
4254109
57485757
4150141
12197559
5458649
855979
1046099
2424567
3456071
8912827
637391
4959691
8149459
4611547
5813339
9113771
8613793
1474713
1089727
7587677
8412697
533731
6207191
2149667
3043873
575303
7702041
7540809
2535579
5928533
6378713
9398257
75297737
3004391
3546881
8437147
7680319
3420553
7373081
6257039
5009489
188087
8353033
9031409
8924679
4400819
9563741
5621763
198059
428621
4230011
8833997
139299091
126135973
3057469
9140273
7689597
2975647
361649
18761223
5160871
58205911
4665523
60239331
3030967
187962463
3763407
137619
1050049
76379147
8607449
8237459
423017
1816763
8801907
1946637
7178849
5223419
6823747
4855297
3569857
3217047
190974021
2858707
5278827
309951
9352503
7724819
9345239
91743261
1543929
4436143
2126279
6658369
8839059
348507
1916739
8679707
3540217
6604979
2949193
3657251
7810703
640479
372887
9459627
3966377
2381807
9929143
6075557
6002349
1423599
1121921
6781721
1839493
5370343
5507529
5644329
22793799
81447363
6901093
1496553
7814471
54919287
136669
3003211
2818309
5706253
6041951
4562241
8957441
5710021
6465417
7015811
9146809
8400489
9657713
4465193
584787
7744743
6641583
6854671
365977
188274211
104011537
8580787
4342439
8890909
6786367
2264417
1226893
6044013
1685793
8211101
9877759
3608029
113208279
2583483
5028047
5630499
3876123
8792193
888237
2143061
3315661
89166221
117713
4871503
3635709
5682283
9330319
7040841
7094307
8161861
8215559
688377
5658597
8802157
2803319
234707
3848677
19025111
7652927
8304511
3323093
4504493
5935769
8710001
8351807
812907
7895299
6228751
6455663
3605511
7197763
8514389
1369209
8610383
9838379
1357069
8909777
4487481
581433
8214487
633209
57421
8199499
6291703
7866813
7037693
6893901
5015531
6208267
9908911
2370001
5952251
6774213
9902571
6078267
6620599
331487
3193167
6833459
2657833
1603613
9346159
9594933
2569739
2990963
7981243
3333217
9256489
3958443
7808131
9881731
5525613
4180747
8544297
5133667
7822189
8229183
1250291
3352883
9037889
9577077
9072657
7144873
2844087
2425891
269239
1669267
15844617
517237
18564287
4789071
654449
9402053
6512369
896369
7538437
141749199
3140653
8213061
8562407
8809487
177065249
9947317
5494271
5097851
3167913
9011333
8100397
6668953
6987517
9717421
9546611
3742367
3237173
6788659
8817641
5903519
255237
3842503
5716703
9405301
8479313
3617163
180823749
8070453
990037
9996403
8817747
4263877
6396217
2587297
2780541
2900483
482227
6306763
6875631
2251123
187637959
7093449
852203
3048169
197186013
3884313
2290159
5732129
9362523
7370609
9078507
2729839
6974133
6370079
2158827
4373677
8245813
6041383
628331
8660341
6754949
8723569
4976013
8913677
8201899
8665159
1686187
9188351
7773149
5360527
4127677
4206297
9832517
124023
6016869
493501
1682217
1500149
7695149
1852839
8675241
4792501
8970359
6977963
8827383
2161879
5962501
566437
3167787
4570433
5058573
4983653
834777
925877
1763453
2967451
2818597
2008307
3643551
179242137
2521803
22636509
1156311
2310139
5039853
8196261
244433
4182163
9842871
5723037
5887783
7868951
3825579
168307949
814487
1435143
1362123
1801129
8197331
8624917
1798481
2600573
9615967
7081577
5851187
4003681
7215559
3754929
5541601
3659793
9761369
2448171
691919
8369037
7775951
3330283
1632053
5341539
9550421
1454837
168409857
6676947
2994521
649381
4862931
6326191
2815121
2173689
7814173
5261921
2114941
2182013
8425679
4900381
4043201
4669831
5842871
75463393
2955497
2508109
1053997
4498743
8301059
3244543
4957449
2874837
3349167
5030813
3989489
5036813
525173
1157881
6122797
5733321
3401067
4098459
168171959
2351597
1794211
2658369
7713611
1747281
5456219
8149199
8666803
654023
8456231
252609
6622473
1297939
3427743
8518943
8349377
69636673
130571
23973
5390711
9863019
1352913
9016987
4417051
97716117
9445923
9407427
2224533
70570883
1466823
5139817
3716831
8601799
717897
7274109
4392053
1417139
2787727
4205463
893859
382121
189165581
5077413
3729827
1584517
3526843
1821163
3486453
937751
46768341
96683
1004329
2395049
7028913
7735581
9000083
5429151
1271569
363691
5264091
153971411
2572461
193947
7344767
60422027
6053449
2423289
8700771
3483283
7168913
8366073
464767
8104273
9048057
4604469
8357167
3404981
8894839
7395677
340151
9074071
5103251
7361733
7827201
7131307
5956103
7951867
6376943
2959607
5209203
7518069
6106323
996369
279291
