5157677
34286209
2687727
8737593
3816963
7900517
3582583
7819337
6387553
8238957
1991317
159279369
4039591
391459
8954411
3293127
7924873
3838991
9071963
9982997
7932129
5343157
6424877
8477397
8106939
3536687
994733
9551757
215409
983837
150421
6764073
227031
9019579
3484491
3283801
1850021
2514667
1015323
8824303
1685863
1637143
1978387
2001889
81847
8260641
1288293
3207473
1324057
1131787
2856533
8210823
6886437
3912553
6851931
2134307
2728657
5903531
9865769
9716787
145392713
2346311
769279
1949643
131354437
3821217
6231409
1578133
7924787
3333309
7214411
7801827
2506463
9426331
691137
2420619
4038899
3692961
4186843
7090297
4927183
2044457
3543967
8352203
4532501
477751
3684263
3831873
7386189
8112227
3903361
5579301
175123
5393439
242321
5501339
1484097
8787013
5355091
2514457
328843
7994383
1139421
4366331
7868029
4246661
2385107
9585337
9791537
4845691
288309
8119691
3231637
6069029
8793197
1221069
2441691
1649417
2081607
7683411
7535579
346009
58779943
4465783
5350359
9108309
4987233
6168293
8660509
4707
7382823
3010141
5418173
9563469
1714541
5020649
3950981
3523539
5318921
8131063
2432959
8897563
2544239
3136001
2665891
164310551
5917471
3282517
6241229
2442543
9720767
323891
7516059
7623539
3161479
64751
7647459
5740223
3928791
1092437
3625419
179877261
7034043
1543473
7773019
4700189
289099
476219
5712493
2694171
2829863
245731
8852891
3153991
5306571
3077523
6334289
3583413
6750981
1739277
1232861
2835347
5966599
8646713
7544967
6953081
8322037
3852993
1059927
7600173
2782929
1310351
5134071
2947671
674689
6050149
7895807
4803991
3199391
3846203
7273077
9048119
3320647
2407723
3925121
8826103
6916147
5801343
9317507
6575653
9467017
5857381
1397299
8953039
7247187
1151417
5174173
8233717
7678759
1091181
2518657
7693299
5018983
2120157
7052071
5169473
6135057
7060071
8742389
830853
1777403
7498667
4186827
8415587
9305561
1151281
845691
224557
589289
1758967
3090489
9526351
7833377
8020507
2190251
6119407
5612083
2102703
6078507
7740507
3173407
6295663
7948589
3486791
9833223
939297
8406721
4389219
7095807
4974211
2961599
5510097
1619471
8669983
8662471
7771257
20709
7791991
4957533
2540703
5094391
5428977
6223143
2097651
6106663
5021313
329297
5313207
2931131
5618291
9254249
3205573
5355891
4965579
6499887
3721961
1792099
2351503
324089
1723489
8938537
484867
1893397
9930881
8220229
100713
1946739
4971953
2496221
4510007
542537
678539
9444531
4639731
4615943
2293599
2671771
3173789
2693093
1385333
1437077
1894597
159089699
5828159
9197363
227961
6483553
759441
4231661
1532947
1222633
298611
8319549
9175023
9757811
3247317
6017179
2141411
4328423
3240213
3595869
6652157
5855797
5604811
1690703
3571591
2254737
8156571
95567369
807969
8689957
6500243
1368009
1475779
458073
9430187
155031
116638843
763417
6090769
6227467
7950567
98967861
2209603
3190333
5960787
811501
8168179
679331
4925973
3419657
1286647
9232489
1061283
7030017
3182181
724557
6315703
5643533
9496651
2245787
4192767
9482443
6804377
56674967
4534191
8416711
3026911
3408999
5782669
5743763
20576701
3067383
2603537
8201173
9288669
7589083
1791663
1861097
3435337
1057497
3794489
1962709
1024353
5828327
2944801
1616799
7442721
7490473
3357873
9333281
4720253
5631169
5282259
3749469
5989319
3527083
4496121
7052829
8067179
6841091
2117521
7635019
9485457
4711049
9262993
4517057
3376129
6539149
8037501
2023477
9402703
3810611
4382777
7800381
2936797
4071943
2820711
3392989
8240557
1851287
806343
2202201
4982083
5433223
5636037
10171053
2707999
6063217
942349
3839113
6634321
4522341
3261873
9138277
5617221
189408143
4574047
5386713
2338751
5699763
3963613
4644557
9410693
4390571
9287551
5221643
6576699
6495681
978239
1860241
2766307
5796619
1491501
9412143
1658957
1495091
1411071
2729329
32665011
8883829
1304659
9117399
40782999
719711
7242583
6589741
2935949
5646591
3539441
1294889
1335241
9792193
112043
5266117
1846353
3691281
3144563
4124387
1454749
9864719
4118023
4522447
302367
8453979
6862977
5387323
4372069
7804447
150529
3759999
3874087
14155547
3402253
7421027
1139753
2427171
1438779
531631
7970439
8993041
3503889
9724131
121649217
7108991
9900787
6911429
3578389
7880693
9998621
3067479
6792239
9344499
4496923
6933387
8855731
990371
961361
7745421
8573071
9263729
4670567
1964713
7928961
7635083
8119363
9439829
5328567
2901947
7971577
1916489
9642371
1937461
5150079
4901621
2198077
3788043
4796893
2771971
4658493
159427441
7979409
2038719
5223319
6634517
2149013
1454777
6977967
678417
8991829
2812737
9263099
5331383
1189771
8232731
2057391
4382663
9600209
580841
7137983
115706121
36628251
7527401
9793141
7405113
3869031
1810061
830893
533609
6271707
6209293
8823923
440501
4023107
8649743
9530369
2822601
8557459
7878337
5481861
4829807
5285271
3729433
3494263
7170883
8154449
226509
6380109
6282109
6886651
8235387
2710117
599973
399421
5058091
971113
57264217
5387071
7202447
2867787
182797231
3393507
4472109
2513137
96759657
6495523
3546129
2472989
9039041
85266097
3200967
9824711
8567823
2681173
5448879
4321679
8330333
2020043
8968011
9475867
8805979
7505229
9004909
2529371
2413121
6138403
119497137
442431
183665959
3393297
7415513
3638721
7640511
1036713
2101623
392259
9950171
6484159
2379297
6565973
4821203
3296653
585753
9307089
7295697
3034403
358547
407831
1513141
26241367
7404013
129247
6358879
400229
4323109
6869719
3864859
8296037
7977507
8914059
5507751
8233073
888033
2223459
9280107
257209
276617
4256753
4015907
9717123
6466709
3834323
3329561
6947631
7552361
4188533
103521
4522633
542147
9149093
5182677
6962893
2263853
5447097
6856017
193974481
3133121
7619941
6091533
8412443
5132259
3883907
4410483
7273873
4937163
1942321
2521817
4921339
6264183
6877411
6311623
1676417
6303651
1050469
8176631
1921631
5345339
1567189
1209809
9007717
111490409
4977199
170383
3723523
7083397
1846211
7519919
4315437
6426591
799599
407517
8651279
2518167
176364881
4400341
7526393
133097
8306483
9505083
2151197
9978577
6861153
103320803
4564697
3777727
980153
190258867
7755757
1718761
1012343
9551281
9096387
186627
4890209
6339201
121905253
6743299
9650391
3966243
6308069
4677227
4180501
8350081
7439953
3241381
1822859
3181213
7876489
2364041
8085801
4021099
5653553
6652311
1365779
3385643
8774461
3715569
987043
2757511
717119
3767211
2829757
4268961
9847659
9743407
9562313
7113577
4802287
4487681
9047939
3231359
4216683
727151
980353
3614629
6264357
7991557
8638967
5960211
1849211
1629603
2962833
