9032407
7569651
2048597
1448713
494803
4513599
6680461
2314029
6467391
9406861
7108137
1115323
3746209
1690661
5546517
9269499
2886491
9962753
1040321
8436639
9383363
20723
9525007
9229819
231847
9896039
2310889
6767231
3200779
137749
6728137
3756991
4555177
3351219
1462023
4986773
5614521
9904573
4432399
6067897
7492179
8830789
7166663
4079759
4036329
408099
8354447
6876919
4172889
9689779
7207853
5599331
1249659
6346027
4227917
2822083
3215979
7076807
8183851
8657497
3643817
8481627
8969599
2078497
7327107
5104169
1011809
139874209
4787733
4123643
7649171
9155873
3209313
7807361
809117
7275393
6300323
8013109
8334943
6337427
2348667
6473963
9787663
9773829
1000457
2624951
7281161
5765079
52909489
5839929
9023921
5964231
74722221
13839561
8910177
6650533
3283123
9464707
5609391
1039709
5833761
3284757
3192541
292697
155672789
9568129
7435553
5789379
3420141
6187711
3726959
2350067
6283923
3211737
8524593
5031313
8593557
2011073
2643707
6331723
4646753
9225843
7225599
2705463
6657619
9436499
2545381
2397611
9826341
2299903
298029
9929497
95278917
5492213
9111557
2931151
5021187
3789869
8091427
9610951
240583
6387037
5949279
2587557
1829719
3072619
4723467
7170147
9597533
2965597
1946283
6909469
6685299
9208819
8062011
9779779
9565477
7925577
2010843
9892029
9652113
5177563
8517421
1648477
532709
2516987
8977077
23867177
2346149
973771
3341881
846091
3415429
3056681
4585309
2892353
4204859
9209821
4672753
3167733
1117701
8676039
5090571
8324361
9867929
8999891
6392061
3229461
2804653
3177943
2220239
5339347
3365259
9208339
9321091
4485627
9018921
7962733
2646291
9467593
8903999
6299257
5281217
8187587
5563157
3695709
9570761
2081877
3260247
5214147
7139809
7571223
9927801
4588849
5385453
9129431
4019959
1975943
5654453
2477343
802387
5809519
2182571
5446851
2479297
4529479
1776709
8109427
7093021
6924103
1348757
4185663
511427
2057677
4265247
3502713
5213791
8768637
6723547
6483469
524547
257463
7878781
6196181
6189421
551451
5711859
32668641
4882221
4633421
9737131
9339661
6674189
1290237
1224957
890673
6005457
6185743
8741217
2468423
4869697
6596637
4973529
1334699
2018537
8326681
6529271
3703001
9065061
2365737
423927
696151
1992379
2326741
3979947
332647
5695907
8288757
8091167
5582019
1352497
9362679
7548007
7656453
4238273
8807723
9907651
9277961
5964609
7104077
6770499
5688849
7912949
8906693
6784929
7709817
6405917
6847687
6703009
2094547
1796521
8706119
7091991
2197409
9811869
8065969
6920111
9557481
6104899
4135349
4960571
130960313
6468749
1255171
278907
2539301
4011579
5179987
8531897
4788099
9394747
6896273
4616887
4099629
4319697
4146069
7199177
174678931
9161593
1960821
8488003
9430423
1929241
4178719
672167
3479279
8540571
46488121
4592281
9675797
6614907
2308093
9120011
1461749
198748527
7871629
3488309
4837687
8251261
8266303
6596949
4379031
2231761
8969857
1826949
6554839
1534891
1077161
7691859
2588033
8313959
7464761
7755437
1569233
1602433
9638903
140002193
3857177
8281701
5439603
1981257
6174561
8116109
26115691
6894637
3969171
6453007
2552737
912957
63567943
6139481
3631393
7449449
680921
6401943
4812009
3394047
5856883
9462449
2736603
2837393
5085881
40197547
3204057
6948341
1562771
8144933
2661713
8160279
3966757
122705699
1967011
151463179
7614497
797891
4005213
6537903
7179283
2130307
1384009
869227
8882227
8955927
926133
2319881
377739
408909
2364731
8816109
3445481
3416487
4741541
2766533
3288491
6898709
3927641
4312839
8891319
8486471
7178019
3226641
7004403
4002651
3688123
5088213
4232407
5884399
9964091
5869183
7559003
5347249
8293557
823773
2742469
88447
83675239
6235717
8172861
9081139
7263877
7936851
177875571
2281949
5511773
189823
3119951
9489449
5613383
3667427
3432967
5629203
4731889
5928327
8021763
6246659
3892421
1611409
6556991
9525559
6260403
7973763
6585701
3609387
4499917
6990239
2888623
3239533
8832553
6274289
6640867
921049
8747837
3161211
2489437
5627387
9078543
5979023
3425437
196107753
5133473
6861471
1520753
6933479
6124147
2303077
3413547
3072841
2902847
4783351
2547829
7235707
5073643
1929407
9327053
1576981
8293823
8255353
6601597
8578071
239207
5807311
8284227
454461
2144043
451511
4734449
2215077
1026589
7517107
5966087
1905939
8275651
640679
7745837
2618371
6582621
128565337
6842693
194434341
9651777
7152203
4666629
7497539
3631273
6750021
2009217
162309
381907
4911823
6658863
5032083
5296771
6256411
2805579
5841491
5495613
6970261
2584941
21597
7942463
7231793
8764257
8125087
703159
4152899
7594237
7750923
3236521
9589321
4524533
4687711
8107593
1322333
69704397
4534561
4215623
8566623
8115323
6408441
4894423
9604899
7455319
4029249
4398919
8898011
8146339
5319929
6263367
8816193
6066793
9143637
1445339
7687079
8679043
1951291
667993
9557129
7671039
8157083
6114279
3013411
2929759
132974133
6572577
26394961
8759259
8236333
9978897
9924351
9449269
7668077
3250037
7668491
5195467
3799399
7124713
5545891
8680837
8858867
1908861
1065501
341053
2919271
3331463
54130907
1852849
716349
8620217
2076903
600419
814197
1728781
7758251
5656941
4827861
8726183
8130431
2304403
7050513
6892199
328183
7917979
7463763
2818603
9968869
5866439
687357
6551543
3681659
6881757
53798389
9694817
6665753
7978703
7854741
6403447
2177799
8794813
8363587
9124041
8781603
3619301
2419483
1770699
1707301
8266331
8510837
4973499
7316201
3176241
8551711
4361829
6920183
9735929
7388699
7332669
8516317
6391677
5003831
1859581
9309937
67300261
2778119
8574651
3509197
9387733
5701437
9519311
8474537
6873687
176731739
9138191
1021737
183945313
7355879
7374001
3350741
4822797
1730039
1959649
6384291
7679559
3330403
639003
4742233
3932639
9282963
7932657
6072581
5257567
1569159
4142717
5012207
196464443
3304683
7669103
9049123
5963541
1429399
5502751
9793687
9500029
4249523
147958333
1553037
904023
2903651
2700097
223533
4927221
9768681
9252003
114501
5688833
6023713
8151337
3820489
8770799
2112241
1309051
5944717
6302637
2958529
6050127
8095639
2686231
921459
9804077
3989679
3616843
9608413
4990261
6388049
3588781
5556523
2412527
3017033
3693461
8510719
948481
2969821
2790811
1783899
154469
7988179
5740833
4714387
5458659
7016043
1003877
5456891
4077971
4927407
6846019
117611623
6495137
9842087
8200633
9364489
5497861
792517
1164177
3189011
150369
6533941
5451499
5728803
7674899
4327271
8871187
2114777
4388311
8640493
5561457
317801
3228813
1826147
6648179
3256379
6431657
4014869
4891859
3873647
4343831
3752091
696843
6326569
6683739
6178251
1635851
5077161
3986843
1998427
9136049
4246579
996063
8347631
6783733
