4833649
7239067
8534573
562121
765517
4834367
4033931
8946557
3183431
9665409
4367733
6830981
3379101
6810397
9193977
8130297
3451509
8178871
171389
2191117
3661973
3240107
9047701
6995197
7982661
48881143
9687861
2285947
9556933
9297027
377927
622043
194389
622481
72429501
9321443
3290737
7218109
2397649
7413499
4638593
7249589
5794841
8826643
6403573
4544083
2362169
1133687
4689049
3379867
4340469
1507779
4131301
4258703
303669
52301249
8164711
758199
7038073
5215619
2156347
8862073
38276779
4852263
1228501
6466493
9192771
5359083
3051671
5257719
3561339
280071
216617
2818911
2531777
4072237
2144543
134598217
8970351
6008993
3996621
4624381
712537
5239687
5836241
2182137
2948219
5706291
6630031
2680853
1120691
5988737
1537419
9978877
7157577
7651871
7551101
728049
7861457
2099933
1941233
3970373
1800159
3834517
826059
9635731
7830461
4703373
533659
9285709
5307531
5145327
3350261
8374809
7484731
3351227
2084911
4401623
2985607
5692299
3715177
8036233
1840509
1656773
8480477
7920439
647613
8859367
174273
936283
1785729
4699653
3056117
7096457
2370451
5026399
10249139
652911
6593349
6951023
1679363
1178397
1978507
8905193
9658897
529199
1308407
3262251
1635509
444503
5813191
155081003
5002573
2100799
2139151
6067879
1726439
6356953
6222013
3786189
7988591
6386669
3515387
5716451
21760699
6193357
4257561
2489427
8086779
4306241
9047737
4054467
7398141
3047453
3883197
2182803
9692567
4016769
6526173
8290911
4024657
9849247
2609733
7924419
6995477
6731481
5387969
3694699
4643987
8575023
7100217
5159347
5670107
3265723
2657647
2165849
411071
9087691
8421309
2682727
8608169
9693179
621989
9057697
4966343
660497
2054579
4471
3973917
4827031
4129939
9300913
1977297
9570467
275753
1311411
3864749
2411827
2648669
1696073
7117549
7991727
3453181
1107297
7435173
8974571
8773133
8500661
164086937
5059839
94933
607879
2203539
3345447
5940019
2677781
193872097
6693191
2254289
1350899
5557761
3806409
1934451
4066533
8783183
6639583
8722339
8383971
8962137
1791659
4211107
8360761
4321531
2395411
2693551
4580763
8835261
227193
2574259
814951
2922591
7575477
62248261
4296393
651811
6280877
13892513
3419571
8328313
4136143
9840351
8329499
9104733
4652087
1606603
9002041
286623
3373023
3319713
2712781
939247
7269521
383127
2794897
1635059
7668191
8698571
8239069
9248221
415501
2938083
9051341
6445427
148702643
5837233
8637739
5893433
8058621
8504453
6921297
7985917
1046837
3525633
2323057
8017009
2735659
6936469
1981143
4920633
4906973
6031997
392177
2333779
1350773
5819747
1488127
6806437
2893169
7270899
3746703
942467
5323617
4728219
8471387
9411207
3307743
2795039
6646769
3191263
6573819
4472637
4012341
178506123
6058691
8749947
2912389
9189993
5873821
1479707
6123317
1050423
3034443
228023
9819871
4815111
5020613
9218431
5579619
919337
5639929
3317081
8307759
49566737
4262829
4430623
1269347
6424351
8173439
4729859
3270797
5083751
3834677
7320751
4964351
5754319
573337
1803217
1122989
5417143
9968837
1341069
1101253
147807351
944867
3589357
5453479
5436871
7301121
2713997
4848263
129450387
9971571
6364121
7046281
329941
4476311
3322009
7522863
6782499
6695031
1843797
4470063
7156669
5624431
7692679
7957091
3505529
83450197
5776149
6582419
5487011
9367359
7051959
1948681
6839279
9482073
3082939
2233377
2263771
1861939
3245513
652409
538151
186208861
1637501
68545839
9233037
1215589
1947017
8692249
3101431
3160609
744821
2426757
9366349
3810173
9283589
7860737
7536017
1344233
7537137
826289
6687817
4433737
3060379
2399089
5345423
38934007
3072581
6256209
4805191
8518553
6805801
5776097
961873
1868937
2536027
6161091
3796659
4327049
9445671
1688407
3904381
8159601
853967
9065567
2369763
2059841
433183
2255091
715333
8138051
5920167
2360201
4490037
3020433
1307497
1807749
1870527
7208951
9908317
6772627
7106437
1204279
8520271
8069427
5143773
2238529
1470919
9208247
4646909
2329621
4911577
5850437
7557023
5023199
592979
9821871
7384281
1400423
8153129
8996709
8761597
3739379
4718869
2750241
4453901
6680293
1121249
4810659
1612447
5567137
7085953
3137533
8736661
8573639
1397309
9675373
9004941
7555941
2841859
2234447
6885043
641937
8003721
8823893
2547723
647461
6494987
9890683
6632103
2929537
528857
556511
2907753
124051221
4054299
82536043
33600447
9813403
9284903
1238707
6163013
5251339
7096303
2448841
6785931
8281117
6808503
9562021
5121149
4339653
175604743
4570617
4773187
26736871
4820743
36686637
2507549
3509747
181611
695717
7618631
1301499
4866437
28419
748749
1190931
9938797
5659177
6642593
8612969
3937333
7622781
7927267
6535527
5100217
4072979
8147911
2315233
8280611
2071101
8046483
175770687
3497321
3480479
3313563
2623013
3763849
57202847
712727
9856461
4533809
6319137
9220291
9385427
5835429
4025273
6935279
4392089
8104703
1003429
2634837
2006489
9127111
6699803
56169381
2510237
300971
5180931
9600239
9338181
9387551
3034557
9915507
9033
6539461
1913399
8171477
4523917
9082709
6104773
5153581
2842389
507667
7176013
1619191
5022293
5510297
3987873
3932673
5225549
4670371
5762187
4253009
7375213
9597981
81009
3587821
5131997
82974027
7227631
4094351
88341
1301209
4465619
312661
74605527
5286321
6589681
1282191
4108161
6144433
7678561
5449921
4633911
7457211
1600809
367477
1169177
9003291
5139977
6226653
5485509
4195217
502841
9681881
6057707
3440661
4630099
87857
8297981
9288887
9133213
4482987
5844567
5573381
7967521
6049893
1031
1127501
4510187
7772633
7742031
5070929
7086377
9698873
5152591
2826757
5347649
7783217
5729929
8797213
8583713
213729
4091941
6747591
4212339
4409931
6026117
2475577
117598183
2781359
7930557
9370869
3105333
7932417
1008391
7280197
1968373
7629343
400601
3682443
6858279
4285909
4894013
6982337
6342321
920573
4718601
1549109
9313939
7713889
7346837
9043063
8063771
4455903
8338797
4910623
8389191
6929851
9660379
7356541
5448201
6978313
1016561
9572179
9732073
8784867
9504313
7174307
6361567
138703
92503
7289009
7152753
1508531
3775359
3987219
9565457
7650339
2691107
1649013
5252161
7800179
4680531
6065759
9986651
3790601
8711809
7742849
2447243
8039657
7172787
9506577
3258927
9186943
3436297
8925459
4716763
5785423
140677
8962813
2932277
4944801
7168369
3362539
4448393
5114137
1044801
1667283
7269731
6798839
8322619
9197401
2669463
54898963
38190183
4507929
4860103
3525457
859291
928201
952079
2203111
3907021
565081
1594729
3820833
