5492297
3746171
2430529
92900503
2968277
7952029
2399257
5405867
6621057
7469573
3078047
1016481
364419
4533279
1702951
6767339
8991863
6593997
653207
1033983
7669881
9675759
1815427
46301129
4434299
275327
5411151
6172733
6753807
8432621
3917669
6187759
1901099
9669851
974627
2735827
7328003
4491683
3895227
8355559
6756893
1500349
7915673
9494531
8414571
3550187
37825419
3427113
8205551
4656583
84144693
1719197
8678137
210949
28549
7846963
7230163
6685763
5133871
8493769
133457183
3983731
2395409
8922247
9370127
3443659
2883293
3672121
331423
1417027
5165169
8202417
8136879
5118059
464681
3800093
70223
5910733
74303509
174327
23261
9439641
5432089
171457
9690739
9057439
4371429
5450911
6780479
4152149
6436039
6123233
514213
3655227
4742133
7746759
3066081
7159261
173589
9212143
5252199
8869811
155023549
3453291
5782931
5142867
1859611
8965999
2858417
7694603
7205829
2478307
9696397
3032689
8786069
2931099
8662031
1945791
1395189
3002473
6135027
8303641
4059419
4710049
3184459
158751543
438789
6548849
7678537
23882461
9574123
2237707
671487
2431089
7566443
5792899
8663891
150542371
3291037
8350017
4779883
8423503
1457521
8491577
6187079
4421173
966953
101046499
6971517
3812177
5045451
7313399
5825627
5342337
596161
2425989
6962687
8854383
97147
38573
1250429
6189573
2880169
9827401
7591049
9317201
6791503
1637121
8076427
5393929
5921057
3929761
3310001
1480521
5344853
8603719
3211517
8446029
185791991
8627299
4129443
4113731
782963
7829959
83442167
5119707
59728849
5157161
8906073
2411683
9674811
145026563
7029657
1258077
3561929
4828063
2114161
4570047
9322541
483227
9737203
8806421
7067629
7133907
4866101
808813
3413311
966531
545293
1377811
4144041
6653883
4068817
1713123
9109873
2580051
4062377
7669437
579411
8574113
6504573
6652547
18255473
6448911
4536433
7637641
6012907
907357
6955319
36567
4769343
8445251
8154117
9093337
835949
7431523
9660123
1771899
3626019
5473973
2865389
2715083
2037299
6690737
2576339
843691
6348681
405853
4603203
5618187
9082143
7236941
147346817
5156087
136139679
5673051
6848369
8070931
7236271
3925117
6496111
4162451
6562621
3576827
890189
4648891
4612591
5994077
7651811
4854947
9591789
9806299
7451749
2116529
778651
9000351
3734991
3308573
219067
8415239
5228457
5005583
930191
3766969
794731
6279539
9131939
6518401
4098539
7227643
6985467
3430499
7152491
5104501
2433949
26430641
7252767
7139977
9946639
1477737
5919747
7262857
3644633
2103737
1798407
3913053
3426163
6786461
2552419
6755567
7765073
1721799
7790267
8887671
9734111
7712911
5002421
37767
26180317
3489073
8856203
3933711
7473897
1023137
790991
6470413
3987461
1265963
469257
4581869
2506821
92779
5811883
574439
7627093
5104721
9425247
5503521
1951471
3888369
2142179
9700419
6756999
6758129
5332879
8927087
164075883
2164239
4031881
6119651
8638003
1014981
653841
7924933
6603821
27450933
2111947
6084437
8095701
1576159
339009
5060853
6806139
42343027
6409737
5865231
6140263
1975423
123912103
3238691
722497
5386461
1267971
7103537
430161
8521819
416637
5458329
12883193
2861103
8657703
3922153
5833657
8497493
6329653
14147269
109533
825101
1157679
4493619
9616491
653027
2636403
4561341
8908161
3393881
5958691
1404807
9341377
217451
4081407
8311413
3106829
5785363
9657347
677691
4960501
8370851
7352133
7774497
3063773
1333919
8186917
9660723
142952247
8446447
2962153
5777341
69101717
8161307
1968851
6734037
2959229
6721307
7655901
6053043
4727489
4718557
6391079
8196103
8566833
4578519
1696183
3507197
9330547
3417573
7024059
119421297
1006427
1679243
346917
1782139
7551
565977
1752743
3405939
8671327
7645153
7395033
9900991
4633003
52087
6418991
5416961
2997831
151339
9084393
1946571
3734199
1667023
8703387
2499009
1762721
8984369
2817161
5274213
9213371
9149697
6916121
9934823
4471401
9276273
4965447
7831259
6696579
4661373
7518009
3728187
9901351
2806241
1616857
2271521
810467
4463199
1794273
5947397
9917417
9553591
5247949
1923553
4615861
7289679
3986153
169405977
75523141
289219
9935181
4772957
112439
7878191
5549981
34354157
8959561
5810853
9985061
709177
9135693
7275381
7983777
43079441
5280293
4891529
1629537
6529953
2714011
8509931
7706673
2395367
45296573
449859
1496071
2054397
5807993
7649679
6043813
4451841
3243499
2415283
6779027
2996029
64906231
9124437
393699
4572821
2788627
8018611
5778109
9871089
152390773
4250293
2312789
7415859
9565189
7056691
2810081
4953643
8108681
7110053
4727091
119599
6073933
9959939
2358441
1762413
5321947
7593923
7882097
4944487
5363353
4314033
9120109
3343707
1699729
9085881
6814383
8514289
6922269
7752993
3572391
5092603
5786889
5662539
3623899
9269781
6397041
5709479
8135611
152773057
195854633
2501557
1254893
8520033
1367383
4146409
3717629
5019053
7414243
3978303
6231421
10662093
6944037
6482809
7529481
1916733
5791321
8742109
4124287
3733899
986017
3501947
3288123
3004661
13568377
123846649
8073199
7407273
2311611
3817979
7871103
1487053
1394839
1784667
2530969
3355243
4496479
9899727
264947
40901253
868457
100897
1359161
4064119
5980687
2637527
6650739
7556781
9245521
3491933
2827037
8031453
9482961
5142021
4513537
5788219
6330527
6499551
8066793
6285471
4305741
8222359
3303879
2500449
2261723
7631151
4361819
96859
8752617
7933741
1053699
83230839
8912661
2287291
678047
1138127
4688019
1165899
4661289
580061
1911841
4662409
855817
5808959
9460379
3442179
1789713
1416649
8384991
2392351
8632981
1912601
7619423
3431547
8103501
7254099
3649683
9677093
8210789
2023691
1612967
4623657
5221243
561503
3742573
487051
8767747
8924843
567417
147599
3232991
176607
7056409
1624283
7657573
820659
4465387
8693129
4220369
6433817
8099699
9029631
1668663
3648419
8988859
3625363
351239
567971
6243803
7207891
4861139
6426411
4709027
8063507
9183217
9129061
6151961
4486707
8219607
4832501
9436901
3830747
6630731
5042229
7932771
2896009
178620121
5133659
3078723
5759799
3261829
5510469
3896357
3007501
1473491
1467477
8394869
5899681
218197
8500829
8190641
39529893
6614579
9517967
5583609
3001689
2743597
5229587
147709
3793891
2647759
4873361
5248693
3325109
2949637
170084453
1260357
5653321
2612811
1548053
8071069
2150629
2006133
9860743
9016837
3130369
5144519
1726793
5705739
4444307
34644087
4576123
6428013
7094837
4183777
8644663
167291
1462133
1597757
9474191
2363929
4002793
2596199
4375511
2848217
2063869
7715573
6047061
4572301
70871
98269849
