4519743
5469997
3364539
4914147
7696373
4056423
6199649
7020353
6883871
197821
2920717
7524499
4205019
684883
1921403
1620091
2849231
9166517
507117
2912011
3597163
8581019
5842279
6732353
129583
9447309
2372261
2898621
925043
7469419
7428921
3459317
793333
269887
75556189
3456567
7545123
9717419
289857
5254463
4042269
3208141
8881527
3474969
3556983
9926449
1503023
222687
7286951
4874323
6236529
7008309
1186619
3228889
636813
9531971
1035373
601059
848253
7820189
3063969
5869657
14982711
7332623
3618493
8235001
3150461
7766017
6173359
95344667
121480713
1332891
5770543
3974011
5368049
6421923
4490583
4643947
5152791
2653903
8368107
533877
9510533
5967357
5006193
1644981
7970383
1711459
511113
6763653
4942563
2974183
23463247
5844413
1920619
3922457
6461307
6978457
420757
71432901
2613719
6944303
6791571
131403869
8642527
3031227
9186017
7637379
927509
7208249
5497633
7604639
8841003
3124597
3252047
8486773
3403521
1508557
2260677
2100693
6792127
595637
244679
3181583
15389
258023
2081643
9781391
8433163
6243597
1688857
7756709
8131289
2479569
2864789
2630091
2978363
2823909
414681
2579841
608437
9683311
5179063
8926947
9825389
258971
8315629
5713517
283053
7416921
2612443
4884859
8250069
5350853
6731217
6114517
6638373
9204957
4187269
8932323
3254891
9869101
8232063
205227
7435923
9073391
5713287
8760689
5665809
7176243
2610907
5576237
9768051
9822717
5882403
4999243
8183149
3066661
9864739
7373731
5194069
4924293
6136601
4077969
6536017
9639833
6422101
4610079
2306921
8713817
362617
4967617
5168457
6878401
9067201
4486967
2123101
442141
3699499
8671139
6833099
969609
6286501
6339217
7301919
3618331
125801149
558449
5032869
1238553
8684551
6092711
8433871
662271
3402603
132854851
88050997
9256573
589007
9755793
2031127
5601733
8918771
747407
8349573
5282031
7201921
7576343
7026657
9783421
7556589
7792941
3342661
537659
7154859
9150221
6396989
4770263
329357
8652823
4518133
7591721
6768613
1728379
7448269
5519257
699529
382137
1239041
6054353
2824937
389771
7163669
5819221
3485951
9443301
6988693
4249701
7091639
4053567
5261871
4378201
3093063
924397
5465683
2679177
4514113
1280249
64669543
598317
5830393
2803837
6742887
138376659
9054769
9140869
6277109
277213
2787297
5162397
7807639
2360911
7286627
4925737
2586063
2851731
3139279
5810501
2196413
4145131
3496487
9094313
6121203
6391813
4877047
627153
5544827
2241191
5557053
9845041
7182551
1415109
9470973
2695133
5552403
5229547
4649913
7580029
8995433
7809269
3732947
9342289
7205579
926761
7288251
61697
5998427
8642911
3088967
3491143
6615997
9022889
5175783
8057957
140709
2659523
2545323
2177733
1123743
8664107
4359757
1404799
1989051
8323391
671651
6383587
2555173
8819517
4695503
9703099
4580421
5158663
68264683
9814201
5226189
7422267
3944843
277573
1249837
7861931
5326863
1559709
361887
4326593
1692071
3353713
7219231
133908241
2553321
3309723
9321353
9113411
9180271
1405283
9002919
8266511
8475977
1162731
9417939
5754739
7437307
4412559
4836983
8571687
5531591
8190103
6829093
188752433
7996203
703629
7803583
4916297
4777493
6864191
6949523
496207
5676483
773511
7803521
4469733
7942563
1581891
6772419
8448933
819747
2427423
1351061
2968401
563383
4161081
3736923
9682181
1949431
2811363
9905599
7436777
1206609
754331
3996747
9956863
6840521
1115247
3598847
9175801
1025463
3385571
7315729
553923
4002557
487013
3474037
4855419
9642461
7643933
6623523
3098511
5988819
9687359
4678077
3150827
4893331
7197801
3252429
4598887
7718573
6917727
9203111
8369737
1305737
5879889
2303501
6042417
3413541
5388557
8827661
7966627
4820711
102533
9051831
5674927
6472019
5437599
7901003
6181687
1721393
5322471
6582029
1806819
4781711
29014069
4676593
101518809
2800543
3046331
1910899
27556601
8189789
9211311
9094963
5917253
3428233
6899701
6884911
7962839
1295159
1500657
3759509
8336627
1829099
332303
9649757
3593107
6824207
4938601
885009
3777049
3267397
5328093
88833997
4946501
9979623
3813899
2849391
8952783
2798049
9604191
181869183
3352909
566967
8176073
3466197
5716929
1974933
7680393
5236633
199118539
1491061
8790389
2413073
2765929
7438113
4033479
4036759
4446263
5224081
5706677
1403791
86219647
4742751
2759017
1651241
8470639
3485981
6768881
2131623
8607353
6843781
8450841
7498431
4844909
7811073
3074721
3803813
8604649
7709859
5023609
9446363
8960879
2242477
5020047
4871973
5935651
9606421
8639139
8432809
2521473
9649073
1533887
7910883
4100379
9365517
5232231
6804317
4274067
9385541
2631283
7281137
5871449
9097639
5166627
6483339
313217
347393
8665261
8178317
6563539
8312719
7590329
8881511
5455553
7229433
9681311
3394861
3209807
4251007
6143327
5480337
393213
2867919
1977001
9870347
4120469
1324591
1238909
3536303
2130437
8760437
6062719
1172851
112484411
9651179
8604899
1977729
5961099
9974363
168452927
853869
84104793
9692469
3416341
5565199
2112181
601613
4398501
4115679
5778791
9594919
9600231
9153977
9544043
5779819
1789679
1557559
1181533
4159997
4348391
6103679
90398607
1119101
2948599
7996021
8291519
497863
9577343
8924501
8666873
3660473
7454933
3844269
8540991
3171113
7363201
5492391
6888937
5447547
8781567
2110979
8575839
6250361
2338997
6139083
6600353
8519499
9229567
4061159
5805129
9670547
6644487
3135931
5226269
3086431
5685007
3910709
7934873
4857803
4732841
79071789
51
947067
2592781
5098633
1202677
4737497
6208047
4602153
6196383
9245423
4657319
4473577
7146249
6516103
1028707
8165613
3844141
9412971
3925973
6910633
4596237
929171
41433099
3467893
3858923
7535839
1419863
5631471
8787013
8225777
9963103
9894919
4935633
8253597
3526729
3118531
661913
192593
2317971
3653831
1746361
4212551
79190649
3608629
8039397
7582759
9705131
7107947
3688167
5562427
9287227
9502717
9955289
3087569
750379
581579
2726933
177082287
2346633
7866207
3175709
7951643
67089723
29058707
3228311
2967649
1784469
6882253
92980979
6045647
1468123
3214273
5829641
3395273
5229299
7716379
1783319
2528997
3583173
5282661
2631681
8525659
8460303
104717
156687373
2615991
7746691
194119141
1952997
4907193
7247481
1707807
5577253
7399813
4721719
2153843
2816629
589147
2241551
5249967
5147593
6322427
4883631
428611
8596467
358849
4467473
6878009
4113863
526949
2634987
9449103
3581811
7380753
6673439
899441
4305449
6345251
7284583
3721287
5046093
7425307
7202617
3348339
780973
9209519
2163761
127289
5391051
1005891
3379881
4667057
7975783
9026349
25781277
448809
4286719
1002197
8884737
80754173
8837113
4198209
7381421
6013931
7129833
2973669
2003003
897777
2204299
4575519
1378323
1260943
458517
189769
1089757
4181687
8038071
9158771
6956951
3990109
938713
9939507
712299
7916869
4642287
4268537
7866421
769909
