1676143
3648711
8609879
1608757
7906083
5609987
5948583
8198291
5507133
5180713
1897387
4917943
6529867
4884421
8097319
719923
893877
3917679
738353
5765731
6511981
7959789
6073433
5084693
2717751
8243931
1152809
88052609
6846141
84010251
7499361
9329371
8018941
6718713
926079
5217437
1695809
187514477
8364203
9162593
7101867
6112919
2328863
2373337
541219
8454069
9593533
1143773
4148503
3489051
2508821
6178599
4682721
8749207
2910753
9374507
2079249
6526417
710269
6651879
9971601
2772549
2632453
9213053
35703
161877
342601
2687611
7681783
6989341
2541309
7561927
163949717
8927561
8004433
8532687
7600859
7729871
835287
3292399
4911351
5012251
1135583
28150931
754201
5103949
5974111
5312331
77400331
9517159
2790801
9973469
1609633
6959191
2531277
5079109
4754113
2104281
3820847
5883519
1337847
154011
7004931
67604107
9735427
128811781
164618033
8044501
4902119
7739769
7798089
6420889
5284033
9887467
729421
1551609
6395173
7994239
6856999
6359027
7310729
214217
1743989
6099057
3291207
7761461
7359423
983443
5835417
919873
3543231
7994717
8195987
2595713
8794299
7055481
3420921
4375849
361859
4227871
1829699
7285413
1740199
4867719
6711109
6192271
6698317
7195413
7054489
8918307
1541267
3073093
11217
33989
8154883
2665521
9522133
9845757
6756079
1932899
1161231
9558297
8297967
1376969
1540217
6440863
9792437
4536723
275703
1087317
1900701
4467421
1955287
4215453
1123303
8667767
7206249
7539411
6124357
2047739
384451
7291117
5325903
5645777
812571
2081309
1610453
6678687
6248589
3407799
4900981
7160167
565521
5182879
2285627
8475149
9101707
1214317
7445133
6163069
4058403
1630521
2761053
4193523
6180133
556809
1266141
8739501
29748603
6365381
8070287
6496137
1661077
5677643
6388867
2704973
7361761
3956301
5870531
7536403
8940579
990419
4482873
4688113
1862793
398649
8403823
1566653
6538831
2635379
8083343
4823683
1776699
4673587
9269653
7190389
8822279
1738651
113749677
4867357
9062003
2903689
9652497
112878993
3325659
6716121
2986579
9068241
3171559
4200653
5533679
7624003
1426551
4694659
7688803
9113721
5229389
8421311
4175223
814933
6490891
3199327
6910677
7360637
2422893
6511933
4187311
9872283
7756087
190297237
4418961
3398329
11822133
3667129
1383527
1803183
8097579
8756973
9204027
6948933
2838251
9589621
2419227
5032441
9088909
4709987
9863289
7720311
1915833
8823109
9879333
6885823
7649883
8425241
7112693
9244787
6131947
8121583
6204309
4512333
2107367
7577959
5385251
3925423
9513599
3481163
7839261
4136597
6708161
6994517
9956553
586561
5340597
7938543
6730521
3278397
8315609
118908481
5089971
34010753
4706819
654349
3166377
690487
7046697
51897
9896521
5401189
82461821
9590161
4769353
9633563
1864217
801257
4264217
8178337
6528933
3645307
8173831
1149557
4308149
7950437
6831449
861579
842291
2868861
567133
1966437
2768943
6965261
4858581
1693229
499017
1299097
9516913
9668583
266711
8585437
3701263
5942417
7849571
658279
559647
8997603
7382273
2899263
6010799
6405039
2636147
3774007
3531193
282653
480429
3711407
2657691
3309529
8063461
4747273
5511619
6710941
355117
7722101
2028367
6872007
7171429
552601
2225167
9236319
3984851
8470123
4491329
4508109
5734671
4447303
9799831
4432999
198087
295257
9009539
8654491
1797927
9095639
7301999
9933013
7244217
778561
3737077
7337489
9010707
1447651
7238673
5146307
1600751
4022087
8642221
4052869
5261433
5728251
8487213
1639777
621621
4342743
8143683
3108573
4106061
5517463
3402319
173643649
32914563
8851033
8612449
153581409
5111793
4813421
7466669
9835543
6626751
5448409
3716833
1555661
6427237
2244409
8125061
4970429
6366559
7893073
4592899
3607049
2179487
8637197
1783979
4417293
8824609
465091
8723149
3145363
801799
5029
9704641
3006153
6560147
508657
1294449
4686737
6579663
9052729
4465921
6439383
7586339
8062279
1554681
1495219
6835259
7611989
7547163
6628947
9109811
9912839
2668639
2077913
218181
178536373
595917
1642831
6310319
1974903
6574649
50767353
3418709
7571041
2056071
7324029
1733119
2629581
5820959
154739337
7240759
129361293
6054371
3273953
9730069
8535709
104445483
7637131
1699837
9810411
6035243
3059
9617681
9043207
4836771
4147103
4804767
6723003
6934263
9309217
4908201
2596409
1208009
4383679
4881013
7773089
9014037
7370197
8686813
65647817
4842421
8982919
3776023
99409
1253743
6838899
8218681
4293259
8509257
5342243
1950521
5301727
8705533
6164659
3560927
6389307
7213981
1936727
7541769
6605029
9519479
6629299
5816341
6650959
4987787
9148097
5650077
9824279
5460447
5094443
9675721
5766719
1343977
8037637
6322941
1576159
8737631
8451519
7933309
7811827
5947111
6096421
958809
1343531
9910741
8564511
7236843
4637789
23137167
9299991
4856031
7497389
7314039
6848383
2813829
3711001
6312843
7566591
2840401
7335821
3623419
4752691
16720819
8017457
183870663
6492879
8797083
2028571
43252683
2157283
4147697
8448827
9783791
1138511
9810137
4085709
6153749
9299599
1643359
7330561
3352407
4941023
6482651
7603039
9177583
6144489
8724747
8467861
6945857
1606503
6931203
9630117
2434079
8632931
3591407
2274567
6073067
6393173
5223567
2208357
5558263
6086539
4249763
1296737
2753763
3760853
8382361
4220653
8254929
558511
1809751
8980389
563989
4781619
3843927
6535333
1230739
101327
8596411
1289889
171117
8551403
3278981
7916259
9266081
864293
46404641
9823369
9591353
2857357
9614243
3573911
6477953
6393187
5141663
1958593
8607933
4154887
2316727
1159643
8545087
7156937
3032597
2048037
3542753
2365797
7750831
8216691
2744779
4676767
7351131
96561
198876417
6116921
6626803
369671
9832603
2212679
9896269
3753041
2461809
3787713
8635611
848289
112778589
9702933
1177541
6611681
4984937
4095479
5401811
7709673
8989693
1528857
4852087
1639559
1613239
7455509
7639433
8525873
2542563
2869253
6856181
8069787
5168143
4404253
1175431
6171583
8070773
7970481
1378073
4996399
3193917
4337903
6513047
3580109
8571629
5288737
3457169
8789347
3781287
7120903
5238993
524397
8108497
6239849
7179717
3482021
6422581
1628101
8961849
1538213
5323989
7261101
9024633
2305159
8053677
8286761
5753309
6530711
3112029
6707061
1826789
7351919
6279897
2871101
8721069
7124549
5838161
2643611
344073
9551437
9022597
5876663
9593039
6655237
4049601
9166341
5525651
8486911
166630043
6081157
8538813
2012441
4937169
3058469
2026259
6172241
2101197
8203797
157523623
7088821
9698101
8897769
957829
355749
3369727
8634979
1021397
2319369
4560249
3409273
4457547
3324861
4759027
7475333
6872411
6447577
7477311
4430677
1427161
6776909
6504811
4339583
8034129
183633263
3102443
51773
6025109
7352897
6364419
9470229
6844707
355189
1086577
4802281
4244913
1931449
4940361
6531837
252503
7801289
866923
6087707
8601433
9788099
237797
2941907
