7590759
6638193
1506903
6177941
2688753
9148483
3112823
3585201
7441037
9646621
6790923
1131739
8993613
4269641
5031417
8627653
7805063
2952679
8419891
1624231
324161
7948389
9090767
7712623
6201787
4250857
4711537
5736609
9518633
4163373
7313823
7835823
5374939
8324741
3956489
9596349
8456343
5744897
1772929
7716503
5202039
5751391
2576211
3310649
4275279
9622081
3768751
7576273
3879233
1453673
37193581
6100493
8627877
5254087
8650489
3769293
4759813
9264659
3706911
3222369
878043
8368373
860721
13308361
3995107
1787601
4967873
7564381
1484853
4653559
1961683
8704231
7624343
42059763
7802341
8437299
5845567
2965483
7455627
9931733
4770839
8496441
9044851
5773567
453601
1254963
6936087
6620873
6765883
1427503
1381637
3329609
3058863
5556323
4682067
3324357
3801809
9500019
6959591
6205027
4150581
28558801
5315053
3492133
6704563
8019553
4465123
3576823
5066229
5433533
2516781
4174197
4069587
1498033
9856829
3399247
7918073
1222447
5785193
4573753
9932021
5726197
7818971
5391133
9758029
9334399
7777863
79811
9930843
7287559
7979977
3225999
4374993
6424661
1678251
6984033
4633417
4768911
791041
7771103
1228431
9026867
1085191
7024257
78974823
3502851
9453799
7256991
9668247
8086361
8991921
6645943
1815183
1173709
7535633
7195641
5379511
7431347
988743
3176807
3359613
7716471
6973257
6202141
4232699
160010973
7147871
7116003
3955633
9248269
360217
1004423
1113583
4294457
7766309
1168303
92006591
3578053
142265751
4542507
1370037
7603379
7640587
260459
4043941
1710193
6086629
626757
1149507
118609573
1411373
1348109
2143237
3887197
7091679
1598811
9820043
1202491
7160397
9713419
4241937
4056423
1862373
115747217
6861513
4155079
9804861
1074303
5594633
5710851
2936693
4080727
3103953
8476169
6747503
5323039
1802721
4988929
8011751
5271467
5016417
2543117
3088347
1578701
5554413
3638881
77282729
5612299
1373321
2081699
1502043
3986963
9909001
540493
5562363
8612827
5766709
5463853
8311029
6189093
7634617
8760731
5173017
7639637
4901659
4417267
4453013
4806893
1435277
7210471
5610229
154163
3460079
9728781
3572097
6472011
8457823
3458701
2427417
6904511
1350553
3213947
3682487
326219
3829631
3718231
9823943
5438683
9053229
4201523
2043343
7593823
3760169
3787441
5573441
5214013
1485463
7320723
4978331
5455773
2928681
4949137
8536081
9353619
58981
6755317
22590537
4426719
5572971
2436733
9069953
9451259
9469951
2389427
9904591
9640221
8553203
143618827
629937
1837333
9143661
8807641
2838757
9175429
4803293
3752139
1318841
138450057
1214171
6961751
9166959
9036783
6095709
8949573
1721299
2723279
4238083
7331001
3289327
7241297
3867653
7869947
5986331
3213319
2724817
2782551
5382393
1505121
9229839
6127557
1198797
6562153
8396123
6592983
4962529
3343251
8379011
4481259
9449043
7957559
5397891
8780891
2478949
9404171
5895863
4782893
3057337
3416443
9300607
3116387
1820381
9883907
268581
8203667
8639367
2791169
6475917
4078971
8721383
7224291
1178881
6407993
2791827
6644037
9537677
4512261
5658719
4812009
8825243
9509467
7446521
2405999
9972363
7264011
2139069
3238319
6483527
4793407
59024829
4817987
2887467
2453311
7010847
4214651
4517731
817257
7054857
6468299
5955621
9649939
165299
8620949
1941327
4767193
6642239
8636229
7272709
6750739
7069887
6302997
6447361
4884869
8357729
5255743
6027461
9932409
7592999
6741579
2065369
7071183
6267953
8691677
7624843
813339
7391291
3677981
7137491
3492163
111890633
1257533
6413019
3254123
1426319
1242359
2907957
1754181
9879779
6247519
3817443
1272879
9870363
1879433
170063
4413963
9570413
2128679
199099907
9952731
4610997
95913
7114127
3293859
5870667
871171
165489
3215579
3351807
6470061
9634539
4729779
9588709
3565499
2125229
902683
791143
1578629
4016177
1887143
9494847
3695117
2520087
3677607
7139267
279439
185487
89243
572229
1286243
333119
764757
2742079
511959
6837223
3813731
9598111
5026301
2012923
4998849
8887323
8725753
86897
1283099
1952067
3972053
7467693
1390553
4227311
1043231
8232581
1933431
5019539
6148189
1200239
2583169
2473459
7546863
2050741
1234817
9994469
8501621
6777983
32589381
8482233
7820691
1847743
3257071
5788927
5866123
916201
3075229
1470909
8469583
1507111
5723323
1264099
4616891
3037211
6226983
657373
2984077
6605943
3563031
635619
1830093
1074013
2035449
5173503
4402091
3959837
116877733
9313167
4064273
6811807
2497771
5893123
5213687
2685867
4751341
5646687
3467469
1534513
1210807
101362701
593453
9284693
8072223
1398063
41335071
9036509
2415279
8693189
4552483
1778707
1692057
5502163
4155977
9009643
8162141
6506663
452163
1884981
6872897
5381689
7966299
7428777
6278657
5495767
3693353
8022261
9001739
52623213
493643
8943017
3285711
6760647
698967
9242477
4292301
2247593
5777463
8238297
1041067
1779943
9986499
9841661
2816007
1201687
1350089
1206489
9205097
6788377
5658363
6221471
586329
3473563
6445189
2700107
9504281
9231303
6841177
2432283
9965007
217171
5361357
4322187
7294473
9349167
7867183
9350853
3731959
6247177
6074923
7119419
7727557
6488109
3686273
9383463
3904753
3152759
147501039
3639133
2026307
7373389
7734909
4702843
2223937
9221887
2212177
221697
2349271
2500887
1779647
103697
755339
7046517
2326911
9621521
557991
9111309
9235263
3620957
380079
4359097
3832677
7819513
4028869
983401
4400367
6538713
521431
285803
1877163
9933549
7051243
2896459
2292403
1703083
695811
363177
4090077
7278443
3567513
5027259
554523
4197883
9524531
5019821
4832857
7953347
9516069
9599589
4015387
2116071
7446323
59959
180408827
4784527
9831509
2893697
9592333
83849
3793983
5721527
8692463
379879
8203011
3411871
506049
9604777
8035797
3924537
5568761
1138679
3898389
3564329
2626909
8247009
5592819
7193133
9081227
2864521
1241607
344933
4953589
6064101
3474529
8404167
3578873
3394113
7530343
5498947
5380793
143651771
3978679
9466433
726289
3108141
4117593
3274539
8008253
2497663
8114053
9240383
1898649
6148931
6245141
9398497
194037977
7524483
9541547
679487
6459871
5920557
8105783
7333263
8907173
9026107
3769443
149757667
3004567
3281849
57371
7946607
5661419
552751
5802553
3654621
3405291
1122813
5522267
4517231
5092039
346779
9194463
515741
7420709
9384171
7677889
4582753
9923681
1673
6184763
9501997
4176683
128612469
4280719
1400631
896129
1046207
69306477
2362491
9412371
5566927
6738183
3128817
3867677
2166009
954337
5901373
6780077
2711479
2297199
7562001
3451889
3317347
6334477
240947
9356173
2231157
5348807
2871069
386539
9213541
5426633
2326003
4857871
3221997
