5171013
90062433
6875381
9591943
1844617
7761439
130803229
9603711
7561039
954087
4507139
9195649
3890353
3311851
9389073
1876933
4051779
3703461
1416381
2891169
5683599
7900727
5126433
1352133
277123
1651391
1964689
2982719
8222647
4912193
101123281
6282307
696397
3970743
4099917
8940629
7569717
185262211
6623931
2188897
8636421
1172379
4331971
4030943
60080649
7184101
8782009
1467049
4908661
2897727
9727809
17018527
1436201
120289053
4895647
5195789
5094023
1227627
6414257
6604657
684447
4117087
380987
1917837
9455721
2514601
4053179
8836969
4736251
1148969
3646701
5475009
8928863
2812933
4416117
8611243
9212219
2040959
6760739
868473
3283861
8083067
7694209
2480007
5389601
6495321
7202987
6225119
6999457
2743881
6011391
6184867
5686539
8677137
3771759
855811
5283477
8902083
6452961
4784519
7486821
6817053
7021539
556001
76042703
2844877
4176913
41399051
1712009
777779
392121
8261167
3388113
3782737
7456643
9293011
323583
3555903
4742317
7073807
8279927
5359393
9122923
1000413
4854547
6438039
2464889
1524299
7982501
9433339
4112233
3735077
8405787
9313961
5583113
53100851
8258101
7704511
3871217
1325231
1212169
4197967
1632121
2792297
8597113
4871911
7357319
85565289
2864669
7562751
7770297
9218403
9761257
5183599
409233
6604949
9300101
9561683
2351219
2505893
5069419
7220983
9066021
2444863
8362213
1173749
9667849
105641
5467891
8409973
8867017
1645237
7822399
500933
6026437
1482821
5366429
119399261
6879251
7452899
6162997
1214437
79030263
1312121
2333289
8603669
6805257
3185423
3890899
9922167
9757171
5282689
3628433
6883391
3764269
2400293
5152129
3800827
551097
8352429
9898129
4636749
4084029
3344281
426567
8114179
6381913
1875439
8284873
1556913
9086221
4178983
2359883
1744601
6820909
2687359
5636209
3234209
738343
183209187
4954517
8193619
2516203
1618909
9101627
3963011
3554593
2361899
7823647
3146181
4691727
2328699
5827
4144807
8362297
4281131
436519
2241191
1530071
9947653
6453811
8803143
9029943
9641229
1395069
2240549
8060793
2055923
6149221
6794801
3105333
9640941
2999511
9645259
2248937
1350203
2001597
8417563
6259811
701943
6042009
3415217
7124177
5795373
1554177
5625173
4778813
364533
2086873
8997537
1694041
425203
4949587
2703991
5542157
2675177
5654813
6747147
6157031
4132893
3633409
4641783
4896367
743259
6275773
1083999
4037257
9830479
9529563
3577573
1298491
3465479
8946421
6722521
8445817
3899067
3465383
7304779
92309
1538017
5748559
6524233
5490777
7517687
3556167
5251197
9414001
4376151
6611057
6411689
9686751
9077453
2735481
8435093
5315871
2789923
3773179
4698017
3311233
6002423
3595883
8448179
9709609
3007459
4723381
3022183
3437823
1808649
4418791
997551
6824599
6385883
3574023
746391
8678583
3966603
2968953
5445953
7962413
6070633
8430907
8380067
8165609
8524257
892971
7697573
9630183
84662533
5612593
5658131
91510931
3551789
5179069
4895731
8951919
9257777
8151369
5822041
4645273
2748583
3212667
5684203
9669833
7582321
4514501
214581
1001917
819843
9882101
9482071
3010879
140473
1831557
8301807
6875581
2053511
488989
9884111
5901543
4893653
9344973
5286121
1436593
8151621
1940661
3630801
3304203
7525143
2708181
4822681
9504701
724983
9579811
7484347
2898853
1041143
3209251
67161097
179450463
9211443
8703477
473201
5351321
5209577
5452121
6712057
8467243
5322377
8958371
9567259
5946639
6078977
4337077
6152817
3578567
1362019
2772543
3817761
2426419
173643219
1673057
9118751
929273
78667
9748409
7868167
8154837
4992053
8510171
7182521
183509
1701749
784489
2557577
1161967
4875329
6858321
125691851
800971
8826101
8495211
3624081
1149399
37503453
5453633
3044737
6373627
5171021
2334559
9464869
9680339
4871659
2660207
4761693
2077061
2298947
9439901
69699893
7271359
9703843
6027587
6393387
927903
8057097
8490737
6948807
4117489
4386633
38179
5152693
4081679
9916869
91679941
7005487
1488021
6872711
94844857
5957787
7339243
3791603
2978353
7023967
8046281
2301133
3502449
5336307
6901287
2301253
8867707
4912987
5386067
3781727
7069409
9387927
4357671
9831661
8380321
3748557
1627293
8179717
4952921
2737267
3045503
8839317
7440879
5145797
4752103
2646333
9496477
4160171
2598133
7879601
238939
4185363
1994569
3427921
8081613
6709357
61434303
2136321
8835679
3680353
6705403
4077709
9958451
9114353
8077773
7432303
23732459
1492919
87609069
6987113
6379301
3301321
9732733
7342597
3595271
3018529
9321411
6715627
89740453
2052019
1596623
1795647
8850493
6772317
5392831
5355389
4758177
4829923
2042693
7109933
4574039
4982859
714327
9398387
5621663
5737813
8841417
1815271
6941051
246879
3025091
6801981
2109491
8650733
8888239
8720759
7120811
4983691
7890929
2150917
15839017
1834629
4110973
1113733
8451869
4969373
1443431
8043471
1242347
340669
903569
4000067
3356039
2416861
9414559
91611
1907429
712971
4264637
2165433
1935587
8592139
3129831
834701
8493413
9414003
2926743
3220699
8683739
1063253
1099287
5496781
5694183
2668387
6755893
1455659
876817
6637983
9488111
6435683
4190601
9669681
8416847
9383953
1639077
5760821
7345769
3668507
4593157
4197913
3633777
6122639
129167
6358503
157392823
3275563
2851409
8982953
83439
3154237
1822379
9303007
6611681
4142657
6086753
6209803
5200573
5808307
407787
357719
2286333
62683149
6974649
7631399
2296693
2807667
6721239
8013541
8045763
8302979
4737633
7903969
6316051
2812479
7602131
352351
9303269
2443581
4416653
4111173
6296877
2015191
2106603
129595531
6084303
6305699
3900507
2217709
1417473
2819841
2607819
257439
5612391
6786797
6593551
9863067
1737017
8155683
8822711
443369
82831563
4012891
5954831
7601759
110963179
5352201
9958253
9272831
1525471
5413771
5346781
622417
4495063
9425693
3564431
1068627
5976679
8084403
53520201
7580311
6413201
71194929
1550113
120561997
3434371
6503563
127290289
6746289
2393989
9636123
5528939
28873
4762987
5119837
7535613
6985553
718529
6161561
5094119
73046017
1549551
7405939
9556631
5566891
3594283
5841991
8751167
4402061
2974953
1801949
991159
3769549
1554667
1600937
2205173
6646237
3609963
2039543
6133849
6088519
9849953
3484111
5071171
8599893
3720197
7667001
2156313
5680371
3800109
4274079
5494461
9654381
2559423
9990803
6532717
389633
1780941
3861623
6541381
3849083
5799379
5097823
712009
4001037
9246209
7354713
5275239
61107323
1922817
4813433
5947793
4031611
4286781
4414571
6228503
3405969
9043049
