63412607
6349471
9748603
3443253
9540143
959409
2515533
4834577
7700047
32251391
176794091
8773429
1992039
3946099
3052303
9602983
5310433
7788679
7692227
9878527
6127721
99119
9320217
3885737
2174051
1460683
8227163
8836347
9334091
6084239
1867017
355531
5180989
2637261
4472033
3223279
6827027
1837263
5814037
4902069
9957959
8667607
7295959
3381629
3106981
6870227
90874713
8572313
9031667
7783777
3352819
6004807
5897433
6510071
3331971
9106891
5965137
3770319
5876669
8283409
9183701
9829247
331317
4727943
3626479
5294951
9738113
6729509
3784213
5438197
4641241
8395657
3925569
1250131
1737607
9636421
7782369
8487021
5522967
2364559
7670263
4967599
2343961
6718597
8208881
8138071
6786009
7724379
9414141
2034217
2703311
5778369
4855483
7785999
2379637
1398077
6318689
2247227
105644419
3742259
7434169
9449431
8137103
8254203
1779567
3478143
7886647
9590999
5005251
2842977
9363177
1224601
8301019
5546941
6925811
3268653
1519309
417549
680541
4981411
3080661
6994359
2802089
2056087
2354881
6278791
1449999
549411
4567351
7713209
4132409
8262283
4093027
7018359
8272919
2409923
7650523
566769
2204379
2536233
1741529
9435963
1213677
1552083
2922487
2631703
6272617
4236179
1172053
3623507
3733827
7848771
890699
9596221
687993
5708559
6658903
8007711
5408099
1553287
1831021
9847173
8602203
4035821
7359667
5329477
665723
421683
6686303
613929
7910417
3246419
1341497
666861
6694563
7817167
102582363
2094207
8903103
56732331
1429441
6263097
1119723
2355891
6551213
511941
11829
2963071
128096961
5170497
520103
5820559
132854159
3471789
6016153
1932683
5280023
7419711
7509409
9662407
6530457
6622381
1039573
3653673
2128799
2248129
521571
2817279
2348129
4693593
565459
2806667
721713
6807557
4235089
2481763
8033827
88827
4858881
2248009
2377989
5642377
6857451
5334699
1463023
1130687
2878673
7486079
9797329
39494487
583709
156331
731277
5646047
848819
257869
5351397
2631783
8518247
9420079
6261329
1787181
1803343
5216007
5022853
1476337
7250303
3368321
6926743
4426399
4328373
8360749
3457049
3346417
9502441
5168031
5080951
3842621
5523467
6798179
3341471
191420953
2175601
4890591
2461567
6971279
5833837
4812513
7542533
135411091
2657271
6404153
492439
5286471
2933349
3339153
5546769
88764981
3322963
2156129
4277111
4254703
8911827
4246743
5511259
7127539
193364843
2603133
5287943
2756993
6708483
5724041
49443
1404781
2996351
6271327
87308959
6145451
2046099
2824407
50180337
9382673
7932803
872289
3436713
6475543
6562243
9682041
2385589
9280813
3798517
5420031
4901117
6278553
2971683
6524793
5816899
8418141
3576273
6177407
1198699
6855909
8195849
3192963
8568097
2616449
6833479
4194071
3830493
1034793
6848047
1928941
7543549
2296483
1032079
58991
9126963
8780487
8138311
9383641
3254019
7078071
146148849
3804561
8524529
1519741
8473331
3593157
6604523
2491869
9231439
2103019
37523289
878821
2120451
638881
5847321
7828213
325409
2912191
9559821
4143759
5849567
6957431
7947457
9848859
1665313
95715707
4963697
5837617
7040381
5540323
8306117
6487169
5191759
3167697
2044723
8446089
2058609
8360331
129743
912341
6168833
3348831
8611541
4043893
1334223
6816827
1522169
6301113
4021217
9805937
6451031
3910783
5004307
9148943
2901121
6099627
672081
2821887
3194833
4200017
6906631
717909
7252343
7770551
1037171
1421639
3713701
9990541
9611139
4944937
9807417
8145117
2758851
9938067
201679
4740089
9067969
5961369
6838861
4619683
6478441
7958429
7539681
138274633
6306569
7976639
3388713
2179691
1761953
1812771
9625619
4245007
1176491
6551529
1895347
2296841
9346243
1410773
5308879
6062559
9562281
6208421
4202191
2473863
3034841
1261081
8774723
4839667
7211793
1801011
5492881
4826097
4285561
1493967
8917841
4237401
2332093
1990469
7403953
340891
9453203
6660849
6248893
596691
5700363
4444517
9526131
5002441
8164587
8550449
1913243
9662649
9335901
9245153
8223581
6942459
9156353
7205369
7118247
7120427
3303007
4085779
6624659
35251
2231323
4945529
2713179
7898127
3718361
739989
7287911
9899467
9919129
9670429
8567131
5490197
7749321
54051
8223281
3038603
4696407
961551
3570069
8613289
74139
775063
6079213
9060157
4723989
3294679
3556131
6678943
5564689
7541531
3049533
2351939
1665757
548051
5063417
326929
7121849
2660677
7299093
3393737
2851129
9323753
1173187
3719853
5100877
6744059
3617119
7806397
2508421
2504447
4226633
6894753
4360199
8700603
4753093
101561159
6356559
7644651
8935199
8575887
6553793
1909479
8466667
2957849
3522893
1355041
9840527
81216879
9219499
2394093
8165951
8098037
8097939
2037861
6282761
9732903
9895729
7802857
8125311
8656453
8690317
5632919
1940867
124174349
7469773
5832761
4942369
9150577
5081943
7967837
6613859
6166321
6978807
9572663
7414109
7564703
3280577
1639753
7674509
8396803
7017911
3006567
1861551
6483601
2484403
4244843
3683489
8225311
9939269
2556903
2591237
5972161
4509267
6586931
104062667
1614157
3943769
7815157
8349523
7662481
121426913
2784379
8771587
5625403
4375899
2849931
7398971
2194609
6270921
6265153
2067039
7306513
414833
3179273
3461009
1447259
4967891
1984481
4211803
4714457
4168117
3330209
465241
1181453
115189
6140183
5078081
9414187
6230141
36809497
4162301
343433
8995749
5668119
8053589
4448099
2696457
4775743
1131269
4805997
7542057
7026973
111647
1070141
72647
4091721
9255299
1178653
3545509
1394873
9496099
9467587
7815411
172673
8851853
7738309
5697169
2690047
5566841
5188883
3004627
5522973
7565493
989531
673603
7603479
6001321
213851
5714459
4081337
6367847
9564917
7333903
368667
4622103
3755529
14423169
7761159
3230059
4574309
3259777
98955781
5187239
1151381
8010497
6311881
2257893
9387853
3491637
482011
668239
117757313
5104347
3070253
4458211
2551193
9028791
8345773
1792689
4181903
5581993
1558451
44187
6754937
1052083
329541
8133187
6845421
8290057
259343
2176599
1629093
9091717
2197587
4768299
7181159
27003611
6948881
3113113
5522633
3036897
7422273
4067637
7302599
7214921
8693113
6794787
1216569
5777881
1694177
124110323
1741547
6185421
3797481
5332499
909377
5211883
1084303
9927387
8002569
7579461
3096691
9045921
5888581
72334257
8614171
5937531
154633
5272227
8520081
3206961
7744541
678303
5458757
9185627
8916347
4489523
1306729
20861521
1025067
1767601
5298359
4915863
676437
7383923
6615847
9442329
1601137
8581947
7417031
1619219
3065499
5464319
4280401
3771849
6380857
430241
3541221
281631
9603929
838829
8418463
8492721
8681987
9174959
3400129
8476189
2191923
987987
6072869
4515443
1214707
4159779
4321853
6988973
2606773
5309773
3399279
9288567
1998133
9742411
5157837
2558143
4237049
8709753
9879801
7747713
7224677
6550989
8430899
369353
101899853
3984941
3422981
1141329
4712831
7190453
8685443
7497491
3509249
4317861
