3417333
9593703
1202963
981089
3470019
8542273
2846331
7692911
2442887
1711767
3749567
6031357
4159763
9704719
5642553
1175547
5067199
7131291
6668607
3274559
9552217
8996001
7761789
1590359
4420873
9485413
2668757
1914151
7546653
3358837
4755763
6339103
2549763
3212913
2814963
7016843
9215753
4198919
9797521
3324597
4276541
143218511
5373973
1372969
1906863
1693081
9034631
4623893
6421327
8415747
8217409
2447539
6505517
8656899
6944571
8280123
585033
3825291
4180067
3256173
2997961
4008807
82591
3857227
1051551
5143971
9336069
5080213
9533273
1819237
1527157
2472949
1974221
4759937
4859083
248663
793721
1348659
8159349
4510627
2179037
6049073
7621551
5831731
783507
2674859
2832461
5032241
3551463
3766351
114941
163777667
5050047
918507
9452741
1280579
1384243
3479069
8964993
190742271
675017
1901551
7426761
7721307
4359391
9179981
6723967
6150807
38605881
6730569
7714341
1897459
8754777
7361023
2219639
1926143
1167363
9623169
136842151
1227639
9946307
7003613
4702813
1321631
4491199
8428811
7309291
7243627
2625727
568169
177313949
3944011
8846067
4901383
4392043
3549249
7992761
2877931
5582677
8820329
2470547
6764299
4239443
6823003
1633209
620221
2704007
7183791
9528299
5014281
5174541
1015507
7055691
3601527
4815677
433629
9125521
6945251
1022259
6231033
4300199
5948441
8625263
7862171
7766993
7988251
440461
1016957
303509
129976499
125838137
2639113
1154063
526417
6524341
9207273
461593
3690123
7868791
907573
979767
1827941
6955351
2836073
8102719
5138111
5767957
4352743
6223253
19337
8830371
8673577
8222403
2040253
9557427
895593
3595233
7555951
722211
2109913
5567083
6302979
3564771
5810777
9634217
2719953
4184933
3277037
4426679
94858929
875497
4900589
5584467
9121583
9669161
8728759
2276121
8772201
7316413
1543801
9879301
187176707
120794179
3622827
7020087
7448889
2954467
7063297
8564967
843113
7562927
2954883
8634577
3655169
9876311
1903307
1404733
4093427
7648933
825999
4695897
6740251
3360111
335401
3937517
4492133
195853507
105264823
9153707
6586119
5395593
7050327
8711089
9924467
5522893
1772221
438721
7774847
154406007
189339
6958343
3295221
6835399
1010199
4837441
145380307
7651851
2266619
8826699
9649129
5296311
9672321
2477441
7725377
6095063
5085383
6657423
6225339
2490803
7450367
5823073
491717
5107319
7316001
4838067
181977
2497289
37751643
9451977
7593447
70849
5331431
1491959
3429027
5696869
6814537
1191689
51257
19706669
8282713
8112543
1374871
2860119
8646027
2781307
5459451
1118957
82828447
54177069
7191767
2365771
3742167
8378817
111341791
2550953
8221023
9789639
1058227
1605339
2197779
3985223
611081
1918501
3798493
118078763
4113479
8563517
8695021
8427377
9278679
1204191
4159037
4109321
4334081
551989
9976629
8834067
7121929
184927
9441809
707953
6219227
6009667
2626721
1280957
4501533
9092959
8403811
7855863
2983081
35529609
4811927
6391617
1910467
8381377
2254937
408069
174224337
5565541
6433979
9850563
5532961
170071
8276027
248357
2378283
6829663
1814913
5611249
358551
1973393
756099
9147951
9190373
6072713
218109
937061
2089343
2428149
4873381
3222041
2832173
4110379
5646631
5946379
8591781
2930841
9706477
8018197
2640039
3171693
6070999
3012273
8920349
2460551
3157969
3816857
6988801
222747
2602229
330981
3967089
8069909
8834747
2433197
8831967
1005157
759991
2329763
9348807
7757339
9447081
2096939
7263837
4365441
15608959
3981321
1031477
9773657
8515271
6610279
6866367
3128407
1257573
592301
5118607
5079007
426567
1437491
8835409
5926813
6650077
9415557
282137
6609667
4290913
9600309
180017719
1281377
5565227
4886791
3138031
6734611
9543171
6555767
6865517
5322253
9023593
5655801
1297767
43311239
63507519
2425221
9106067
169501093
168563
7540299
2390413
6748913
2824037
9232707
9112611
5548919
5689869
8900069
3440577
7603703
6410179
472221
5834049
712629
4645619
6182183
6612139
4176037
7615439
4970293
6061701
5284333
3335941
3219051
87972909
2729303
7103539
1503351
137826967
2395461
8435007
2142627
1333623
5732531
9588273
5929011
5440959
5620891
2415637
4711733
3901381
1125729
5741083
8652297
334747
7907233
2861101
164717
760493
4548013
9895117
1607103
8496029
6516767
5709659
626293
2176067
7625313
9833461
5260353
5337127
9964649
3921367
9452683
4490573
70987857
688587
7610673
1244513
5544329
8524841
9520491
671121
4774669
6635767
377379
8464059
5825643
6688803
8696201
6891601
1495941
2458573
4911067
753451
9143479
9139039
1057093
9829757
4792673
1619093
1359177
2195347
4126341
1028877
9772209
6006897
8086833
5828071
8939007
4342423
188893209
3773881
5976379
87826741
8526789
8751131
9881351
4242023
6424173
131983263
9192629
7419991
5067057
6903391
434563
2861697
5745137
7503053
9494487
3021863
9828959
974451
4050959
1967493
6600639
3611373
6904627
144932481
9614833
1385049
5071517
5735457
33184457
6657511
6485553
7363681
7876101
8344263
1868211
6401029
289241
5739471
4715321
1356673
5576483
5771693
6479361
6029961
9846189
7529673
8054701
387551
8617901
7058081
922123
4426179
9191397
8505687
35979981
8377759
6807101
9094837
1701857
9840323
2087001
8271337
103868113
1557259
1183177
4534143
5010759
125777339
812023
2150737
6127261
7373517
9783411
5027757
9400683
9145819
2903151
33700031
3675861
47010201
9278011
2993329
22479673
926057
9308301
971581
9122927
27831997
1744851
6227759
3359119
6257149
2229881
4239953
198217883
5028063
3925297
5203767
639101
3448933
9720883
4246539
3159651
2201639
83687739
2899143
2680653
4188249
9944293
3203039
9767891
9699443
944519
3733887
5523597
8987843
2425453
1571891
116414539
2190871
6221759
443287
8122311
5551007
5874717
6530151
965713
9291167
60531
4048319
2213553
80097127
721219
2902857
481349
3815839
7960293
4594321
6270533
7936861
7476267
987011
990433
8640309
6734933
93344229
1977081
726649
4563631
6086803
5802387
2053949
5601437
4435861
7211609
9723507
759269
900659
6339817
3640377
6490887
5883057
7220647
9614247
3064499
7247097
5138571
8132553
1027877
1963371
9657017
5372049
8856673
8669631
3290521
5254051
9409071
4952761
6393391
8145993
7642719
1944227
6140819
4899573
4458199
9948231
1601791
3734199
4758433
4819221
8266001
7039887
6523239
8145061
8526873
1177899
982489
9247313
8944279
4903699
3420353
4840857
4264157
1258033
47011
9894109
6856863
4360923
6206879
1674439
9219817
9184277
3918207
2825159
6310323
8880827
1075947
4039677
7725247
95520571
6071963
45048231
3697689
8678603
7546393
7890909
