6050171
9856811
3662857
6937563
4796087
3410397
4912341
4842477
5914169
1783713
1331847
3905721
8019701
6859833
6069457
7925863
1072073
9624651
65923
2558363
1477163
138787221
8466747
6194073
3245299
1804797
6558373
1643853
6749219
4428807
3763761
4918913
1742269
5209223
4589879
656653
5954207
8027659
795563
3227813
9758951
6703799
9981311
5024487
4080663
3332559
7457287
4400779
7863607
811991
664553
3008461
757487
351681
4580457
134417679
197678933
9681449
9463511
74752457
1755753
5275409
6045909
7456549
1979359
1603589
6928597
2590837
3506861
9664523
7482663
9633969
8408909
3730391
9832701
2466683
8574987
7896089
2444763
7760279
7300607
1465673
5280713
5169643
1702181
6431127
9035593
2748751
3753341
9784257
4273689
8237667
1426351
5723401
2124749
5627551
9007537
1220057
3817671
1315467
6270329
3913951
2556299
7025987
1750447
2806723
202603
8989679
8395897
5205483
5549493
5234799
6229997
3728023
3048177
8399351
6871267
2741277
236061
274403
81841
3089297
2459453
9312431
5053707
320987
3525289
6762257
5916987
8655977
3332119
8883311
14053157
4755451
595387
2383837
9006283
9043611
9366101
9331761
7708817
7373379
154533281
3664379
6285139
4287733
4253439
6770401
1316139
2459391
5924447
8240817
3000571
3283753
7289813
304967
5995257
4881503
6897147
9081477
2969147
7004717
7957299
7895551
1514859
3808861
1533161
5838399
6726303
1056749
3202203
2456933
9871559
1614533
3768137
6386709
7261257
4303923
7768891
3042173
3683203
7686029
9360511
1009859
9608183
5559347
1635869
290633
8561131
6475833
1398627
157009983
2094509
5502033
28335527
4097761
6954777
127481511
7806229
6196649
1880249
8358013
9320237
6082481
1361849
7075449
4259301
1612839
7430677
7267357
5156347
108001
5957829
4610699
7671417
2130117
4584361
4629641
8398211
2883947
1651117
4949517
1006103
2438981
1333397
9063967
1713291
5128531
3599281
9986813
6403613
3626649
4100091
8365717
8574807
197969
4577611
7198823
3980623
913073
2736467
5581089
1907011
8487209
1497453
9670779
7325789
4445953
2090141
2091961
4941053
3392139
8306441
6990809
6974987
818399
5846113
4205673
5757197
4866221
8109221
8022817
994639
7085041
2616457
4162229
6797221
3245631
8773757
9053657
7043871
3605927
1354781
3402447
7494221
1326339
3899503
3900791
1221013
5180309
8684653
820251
7371547
2722869
8626387
242673
6114131
2537439
3078427
5378107
5922463
2399351
50713
2225069
9540103
5654411
950929
4838951
3694981
4379589
9881027
1508379
172668271
8171573
6937883
5014393
369561
7691757
3433073
3151811
2415157
7538449
8718799
7780361
4177351
5834409
3097271
7278677
1609677
2407423
2949581
8474031
2205281
2107057
1526639
5539551
3775369
3931999
160663193
8603619
5458581
1504571
9910481
8929447
7065221
8183791
2840043
1388377
610897
4458267
5660149
9478977
3352711
1869233
69596803
3574017
2828881
5315133
5753631
93103
4316587
1297103
3557239
2117347
13782171
2274367
9423927
6723017
8098921
5874397
4754111
7908979
8090503
166751
7750423
3986619
5580591
1922993
8042037
8700317
3934051
6494727
8480627
4126851
114335779
8185747
9747729
4879803
8772559
4763699
8135453
871593
6595907
9015907
9315093
3404933
1388049
6585951
3872177
2675103
6502697
520189
7745069
7824619
8495781
8793103
2731039
8977977
5477321
6670893
1024497
6645397
5096021
7989243
4392273
5155761
3431087
36156427
3766141
8736329
475267
8303943
8703961
4430429
205833
2340009
8350611
142002701
1639293
199864051
4095901
1636543
8648729
8057923
1837679
6251247
565273
9797831
3448603
9618097
7273573
928917
348959
989539
3243439
866859
7843969
1847979
4866467
2177617
5569227
297163
2148423
2595523
7078967
3167157
8049227
1318487
4179823
856211
9622611
2056879
5412091
6157887
851337
3848191
5428791
29779
9165447
9819711
1339799
36639
8853969
5649191
849107
8859799
8340509
1935987
2462747
9550491
7572217
4057311
8009897
6069149
4431417
1955513
8409951
1893569
467367
9400097
6203829
3144391
1375479
1801079
5776619
930667
2663773
8783389
192709307
2217919
6079133
2476829
155813
9779539
2985339
4083549
690851
1243093
1841731
6379273
286087
3282161
6847293
2206409
244319
3543003
2186387
7722073
612237
8468637
3971257
2886417
5736927
6948879
120979941
3253263
5542289
6387671
9840709
9265761
3464533
8288577
2526659
3816529
8923847
8842123
8440501
5043249
814689
8593599
6615901
4367819
8147001
6747409
9612999
4722203
7866257
7172483
2904849
4801473
358113
1194913
6216203
103093769
5034019
3031179
3804827
1957741
6216731
6233199
9944783
140867
5260393
7327701
848079
687543
7734543
6800211
3325847
1467859
2372639
785073
5192839
8290747
3866537
8872373
9365133
765731
9702417
4310137
8867567
7282793
1189391
9043277
6404973
102677
4326149
7551541
142399
7314291
6150237
6001383
2846267
493859
4272907
4892503
4568303
4892011
31732867
4908617
9194727
6805339
2664657
7530513
8476091
4361441
9175143
432657
9227323
5951093
4859307
4247967
6925013
8207251
3736389
2572209
9264811
9461527
2348797
4651597
6161189
3820699
7605173
1212093
2971759
8833053
6986531
9158723
4985969
8580949
3284149
1692219
7230439
9480787
3555797
3864519
5308573
3270661
1743851
5297647
9404617
3367957
8233169
9911697
1720667
4294103
6766259
7541183
9791701
6273519
4258123
7596949
80894243
4523131
6651139
1305579
4810393
4163267
4889229
6983019
4979641
1495581
9293791
9379361
119223211
6658017
1757913
957991
190839
1500839
183744461
169228621
7122689
804617
5814049
1827881
9939089
2706607
3158567
4570531
1042047
5514449
1298061
7548343
3132471
4642897
7100029
3054767
9210373
5662043
1044043
159657411
9007313
8192259
1375681
1170457
3846063
1230993
3941749
387189
3229183
6750837
1631779
759329
9197699
7679587
3103131
3928837
8921783
7969759
1369061
5116671
5820161
8069023
196361
9600791
3919501
1218791
885671
5211997
1929579
9315023
1466723
5289021
2526861
5859477
457549
5903093
5915389
5868087
6997983
866681
5225531
7477633
1235903
6809739
6944687
9001749
610267
4983791
359349
397799
6331549
8658891
7703133
8888023
1910537
6083241
704357
6861151
1158361
6300201
1705343
5399989
6514383
8478997
9772147
6271149
9573407
59320559
1309817
6891897
5686399
5922907
8676271
2678227
94093603
1233091
4424269
2446283
1692479
6422091
7360633
708781
2004187
7273853
9062403
8531133
4303807
5094001
3657169
1134809
8298091
2319159
3534173
60958903
6329063
5402877
9760777
7141423
7397169
7375751
2910581
5881359
8036507
1878429
7100421
621017
6474639
8049001
524863
9757437
9183397
699949
1475973
3412057
8230531
2745423
8866471
8330509
3626927
3909009
9530427
813213
65899
8326087
3495791
5290297
357279
