9951611
1854463
78476323
8811511
4637333
9005517
5581337
4581981
537437
9113579
5077739
2510731
8872977
9750903
6648417
7349139
543891
6800977
6476021
4004441
2048123
37337051
5491819
2454553
49172989
24569
8534183
6105993
2907703
1458119
3925349
305873
252027
4668241
8986349
3688379
8900721
3774167
3584983
5684549
53181669
6701633
3278051
6342717
6329801
2595901
7939999
4885807
2479901
7260497
1880203
324837
67421153
7255791
131231603
9599571
1614599
52766473
9038341
2760067
7890907
63243447
5689929
4568187
8612149
1181819
3532337
2131767
4059721
9674621
4701081
153228831
542161
181826497
5375217
2636909
202597
1974761
3792609
5291497
5973953
288277
4035873
7770859
153953479
6908689
4753349
3337983
8023911
131207913
3951421
9416343
1384941
7348667
7483157
5990223
6434497
3025297
9867363
166724589
4164027
7808167
6923459
6719129
2414901
6348673
5680443
3912653
2084567
8454211
6101851
120047
43721
1325227
8364237
7654013
5782103
7608729
5703657
9425749
637347
7219851
8104471
2172021
3587213
1883971
3235517
1363611
702023
4998941
1402897
6712201
6670523
2920593
8347693
2465873
1204181
6466949
7226159
3838143
4290173
9172903
8270489
3390073
3225647
5090731
175295503
3463833
4051731
9252787
5471823
666089
3474803
3692071
4016441
1944623
4109787
8643677
9952613
1160659
2395679
1832731
1366869
3718791
2454979
6561489
9791907
130601
6444923
5734581
9810269
5704671
7584397
134171813
9975909
1244017
4900779
4232161
6686877
8211471
2861327
3078823
4473467
5881257
2461167
561103
2877269
4091147
844359
4092199
3724683
143874253
1305853
5026463
4816487
9027177
5125371
2019127
4493893
9032851
9581997
4864801
1838109
293573
6833727
4393989
4879331
5855871
2959317
3218029
3793203
3867151
9666773
5194331
9512969
1022701
7728139
6872499
8888607
1010403
7014707
940371
3136731
6089981
761173
6527667
2143311
4487179
9487879
9091459
5292477
7200837
6188337
605701
5712301
1115027
7389199
88690221
2548021
3332491
3039357
1310809
990501
1355599
1499851
3109151
1220799
2060807
4123041
159796689
3247717
87768961
9965387
8885183
4327829
5139661
5627557
7645697
4260673
6227139
2981691
8025157
2448931
9039997
1603
4182347
6203051
9891869
7393439
1742741
3202687
639221
1724493
178447001
5497057
1404733
5081007
4437737
8314609
6081217
488383
3179911
1496447
7136187
8354009
6012481
1804209
8709247
7836469
3029259
8264981
1573921
73808239
4143631
2815183
8700269
7304269
4208481
1928023
6004639
133568891
6382117
2775691
8106363
9212379
3741413
804299
2583169
9474839
4041951
27398583
4565853
907279
7582323
3444601
1617047
4861107
4871869
8443927
4580703
1679877
8078179
1307777
3929091
5747029
3680221
1003831
9676257
1320613
3457551
527077
6783267
46319567
3587733
3542473
4494253
2767933
647961
7591427
2180091
6689071
3428901
8042991
8012627
9538637
3720311
8585853
8895303
9281757
7744409
6983813
1547627
9826629
4082117
8543013
6181969
5605753
4451261
7125907
3227641
6971671
6175771
7226623
7911439
6640569
9184389
9356663
9360593
7722029
2006043
8550813
3825103
9059553
7466809
2756233
109197847
4134041
4404999
8520929
982427
2061089
2666149
6940481
1293571
181435271
4134287
9278811
396259
195923
9179749
1827639
3701513
9527189
9098949
7645559
8924747
5872249
2519331
8186401
4453351
4056643
5196219
2965973
7138527
9867897
4093423
2311483
5146627
3089413
21583111
90149
8739991
8133517
5374887
1289671
4825223
320231
3632689
9701183
227187
3172009
4990899
5301643
9423651
6403257
3962471
4302699
1764067
978077
2116871
330457
2442303
4898267
9780979
3344357
7661979
9778413
1087023
9962101
8018503
8146639
689077
6689741
6771987
1097371
5555651
5282219
235841
6888759
6822923
1035059
7333897
5630247
8822517
3407343
3336659
6323783
5472057
3622269
2040707
718033
7229103
72711
1308511
8455283
1331973
1386539
1364039
7394681
9862141
6941969
5527093
8203747
3191861
9876353
1366087
7440191
7642187
2882883
3585801
2149363
5104503
2126461
2427917
4702803
6216719
1849271
3293703
6957133
5153611
3493457
8301089
4333169
3561779
5368357
8371563
3687437
2439709
7297349
620023
3787447
2383393
5644621
9479591
189759
4579453
252857
1083823
8165319
162783431
4884417
2667869
9955209
5025877
940131
6622171
4124463
3305703
3427653
9375927
8756269
5222409
4131369
8162663
1773291
6814067
5694443
8213461
271367
9619987
1195597
4615659
4990589
9405037
8803397
3835179
5083733
6998711
7417873
3131021
984079
7764467
6102323
9744743
4317059
1389449
4648177
8772367
6451123
75636607
4826177
6108213
9116191
955939
7925447
5669611
2529239
6595377
5323571
8197077
6816449
8665473
9169743
840983
2110847
2205563
7498849
1013
8382509
7303151
5199093
3643283
290691
6877533
1023187
98757
2287511
4853343
1340371
7306091
1430909
2219209
4641099
980397
2578199
9303171
6028247
192994323
9505693
4791041
3656873
3576251
4866247
4823417
760159
7094801
7908389
8704279
3764437
8708693
25564853
4014031
7261899
809149
5437391
3285647
5559081
343589
581579
5873391
9591127
3711401
9712081
8221163
1478171
5332323
1171267
747431
4521001
2813773
1501693
3646279
2527643
910901
5323247
5509667
8343043
7012063
2337953
6581127
8810341
9536779
8059173
5784249
6018211
1071373
4770133
7712369
8515469
9267341
9404697
8100639
83232897
1872333
7882347
6944331
1403191
3607337
2140919
4197727
2573851
3902719
6400811
9627703
6453461
2782279
116837
5877089
8441741
2107487
7842737
901597
2713849
8650469
7704401
293591
358421
122745663
2931911
6313243
117030679
6331451
2406993
9046819
1641751
1446603
6465507
5816433
1350861
6248763
5933619
3347957
9209159
7492141
9398529
8000609
3572859
10779399
2145809
620061
1309257
2751379
7648051
8626497
9494621
3168989
8342817
671687
4867039
1238937
3290683
9313789
3729481
89961237
9641963
6502741
9543453
4204289
8045801
3968741
7405191
1222217
61941
7083093
4651789
1523659
8553813
4123631
6850733
8735417
6827493
5257311
2704359
5485993
5605919
1466373
5488081
8479711
9023881
6316709
57904397
6992429
2934999
9710097
6485307
7460459
2478443
2315461
2629553
1223959
8042271
5791469
1988791
637933
4741417
6434727
8569289
2306923
4091723
5574269
8520413
6491787
7427193
8159191
2725303
4178741
2597831
7044441
1227309
9905753
2563191
6530491
7589103
222279
8159787
7939571
899197
6422867
1278971
5304833
6778171
8912617
5282751
7053593
9160431
9141373
7940951
4908727
8276729
3116003
872593
982599
6392533
5599793
1103689
2894881
3106059
6535621
6579909
185762293
4625653
6904351
5832831
5661843
8411963
6560723
1454027
1328441
7762317
3080347
2174627
4824017
1923863
9553979
3653249
253531
5686301
761273
9209709
