2456507
8233877
8242447
1676967
138064479
8558979
5089837
6885067
9249507
1313531
2210337
6223177
2874283
6690171
1325821
7562113
4583487
8401837
3596127
5523607
2349273
8167777
1814419
6768311
7389857
6759367
9048911
5830429
4234473
85837293
5788757
2938233
5972369
1923583
401821
5638591
4440109
661979
9428229
6270919
2251313
9098867
8665717
3551973
1836261
9145131
4108943
6494413
2571497
4603153
2608449
2045373
1139357
8137993
6772297
66425883
3344341
9370527
3440693
7383603
4758397
3557941
3160563
2613139
1121071
625821
5492673
8567061
2887241
4912651
5734317
9415923
106222083
7673061
7396747
9425977
8487681
7562283
8341231
5733131
91159
816053
4917047
835651
126576581
9508017
4879171
196018511
3665421
4359861
5642637
15601
7923923
7801703
7162673
9386493
9007309
7688353
5160327
5275643
5817667
7987153
698503
7624587
2284623
9805099
2998007
3282681
7311311
48019
422217
3390559
6205811
758059
122083659
4921269
9944411
2024277
3180423
20648041
7197371
3352373
8387887
45490757
5811333
5314909
1361427
2438353
6699091
9021951
841313
5422323
5138427
1422241
8636229
4175833
3434631
7602517
7155879
2427567
2254353
8429011
536117
6179327
6898203
5779129
9396391
9693339
7877469
9174139
140935981
3975781
521967
6261789
510939
8365503
30353989
9795511
3774491
4168851
7423153
4447451
9478919
674159
4618967
9920521
988237
6565971
9250309
3749213
1678737
5075919
8501199
30053
9330607
7940873
1221377
8387937
4478093
9210411
8932413
9837927
8298501
9830473
5790187
9877463
2960439
1167061
6321987
5034523
7819217
1885713
7784333
5880649
8383159
7292481
8541091
5074859
156057981
8171167
2757833
4564211
932961
9813427
3361549
7296341
44529311
4819931
4091527
6830967
3040597
6558491
6865721
3033141
512959
1515729
9289117
704373
9085237
49793797
1919597
1917981
5556813
151297199
8672827
2917683
7290041
809387
927459
9586707
4308179
499143
4002089
3931209
1303541
9780491
8645741
3046547
4266153
8449909
5433087
883243
5700099
2977783
4146971
9439623
3554207
8632397
7316749
5457209
2809419
7193307
4946361
2204911
7620611
96316389
1157679
5637979
225593
9268411
8780859
4859087
6284689
4882937
88099
4624351
1938267
5016121
7103207
9019883
7713463
5807967
7084349
7884307
8538783
3896397
5199261
5065291
8568291
3116151
431541
2349333
864437
5243861
7882007
7936903
7882657
9207077
8572093
3822237
5877741
4268467
2771733
9881303
467861
5462597
7902161
1085733
6683049
6120121
9205737
1248513
9607389
4157929
1676233
3552373
3942559
8485651
8694681
4971733
980509
8535781
8816361
1600123
3957633
7240727
27747659
8434477
3047229
349861
7302009
4791353
189293459
6040597
5478661
6543873
5706829
8496531
3003131
7908181
5458237
6891621
803709
5537041
9358899
7950101
2320777
5316809
939797
4299593
4228843
4759499
4856423
3377339
7899131
7913699
1387187
3148989
3901647
771531
8312361
6157251
2597259
7573097
5887381
1275633
805663
2920123
8911707
5906339
3433299
249913
1766023
2952441
4704407
6782919
9587727
4486183
8542029
4901581
5240787
524233
8731969
5904113
1747779
5508303
7481667
5889479
6011487
4715259
7659717
898379
8404549
5595947
9040651
9388091
59326631
6363573
1656051
4027789
117760281
3245183
5804567
9630217
2266013
7805637
4614321
1852183
1004901
31593469
8445943
1475927
5145259
1210837
782203
4457049
6693767
9425707
75006073
2018807
4576229
8776677
6852997
4807013
6055109
130690101
2971029
4933069
4819623
5040921
8988503
9290461
2736307
7050037
9759481
8887847
2002563
3459869
9758921
3508149
9007693
1499477
7291327
179790937
6477689
7828549
7374391
6554653
2753913
7201207
157070591
8951247
846459
8749423
5992539
6517633
7644447
5955863
1270791
9924017
5233761
5170771
4621651
8886943
4104217
1257727
9063277
4477289
14332731
9913111
2672621
5940447
6594607
1643487
5194459
3049521
9576321
21985153
132068211
1024163
4410087
3459649
7913367
5529193
2226293
2334503
2706959
538803
9954923
1100349
1477933
2579451
5843463
5577127
242217
2944437
2174351
4094029
1941207
8430293
1639811
8178237
7386597
4213933
7908111
6914817
8831653
572569
7972191
8105883
3190693
9801947
2272053
5975151
4483009
3719481
6269611
2018469
6277589
718637
532487
8979749
9668673
2695949
6761091
9910311
4557167
4903089
4925633
336563
9333571
1829557
8552497
4079767
5353223
2615087
8653687
6542713
3530001
4034989
6453703
6237423
4006931
2031601
9850103
7325329
9441649
2956151
6459303
28577961
6216293
6315421
407843
7275977
6303799
3448567
9577503
6237287
871049
7091221
9929859
323091
9451621
7462761
7420693
8147023
1860367
1812867
2329203
3968369
6682459
969027
6488331
4246149
8750771
111271731
4574453
4133047
3082117
6721459
5108863
9520589
1746981
8857893
3738789
5901787
4402647
3138739
4075943
1689293
9447269
9663189
6783349
3456783
8470399
4263519
6532193
1381119
5587853
6602949
9029783
110649
1598017
4057367
1481953
2869113
2611289
1311183
9339547
6603743
3084989
5346629
7811607
4165791
5891377
6778039
8831599
6677521
2378167
1726839
3348391
7187291
152211
3046291
5355983
4342283
896753
6051423
9452481
2057189
7164199
5949647
1841541
8282739
4193493
124558083
6353551
2154597
3369063
7732337
3406997
5955881
1489831
5438109
4003813
2737883
1519281
6888929
3642541
1723989
3019129
2534153
4421497
7977157
6685867
5503897
6376767
7633711
4479197
1758223
7728233
1534737
4819083
6784659
8390391
7150189
5888421
9069023
4899997
5272339
6312837
5102781
5058493
1837949
4713267
199283697
179547
3092889
5443281
6681713
1296123
4386453
1727619
7281229
6543217
1511313
5107993
7268707
2451129
6632827
2497413
6604949
2904163
5803103
3786203
5740629
3723177
1544619
6676077
7385587
5609173
779829
3315487
4039579
4268631
88027613
4543697
14498813
125749
3295491
1521683
9217417
143983
2256177
4072447
5615867
9698067
103774621
2282857
8128013
9316983
8172699
1739179
3652531
2424607
7265943
409369
9428479
7472053
31125107
7017641
1203523
5662319
198766249
2420581
2389939
2469389
5298679
1576579
1921951
3359507
4939471
3576799
6884087
8430069
3712027
4787141
8010347
7791817
2837493
6177247
8776393
5977279
129794381
9567651
407771
7161289
4908709
2287937
198904091
6524851
1926137
1538781
6004723
7220903
51715431
6006323
2395163
9341641
2770231
15793689
3863847
8001361
7793741
137489
5665953
3794443
9352289
6950407
1773443
4946883
9716237
8174647
2679717
1851381
1574711
2491167
8683533
8844689
2504977
2443039
6036077
6434381
662403
81711129
4039219
1331453
9249611
5467331
7123411
2960723
3788381
8944849
6010599
