1273241
7519759
3330581
3546887
6027847
5396633
1462291
3819829
5883973
7947943
9011869
3438639
103277
8743121
3850321
426253
6572173
1948049
6043057
1390291
1556051
7680411
1864093
412393
4418651
4490223
9220107
3950407
1754133
8375769
8997203
6340077
5950603
559623
1482501
6610173
2034221
9679831
6931217
5860337
2780269
1674699
6944519
3561883
2992177
7163037
643201
6442489
3299147
3266147
3784679
6528383
12136747
567771
7870811
9379423
9335353
5707001
761681
5024593
8123719
74398221
32880721
7917797
6924733
4422127
9845433
8135461
1216047
7814403
8256179
6899533
4360209
9676653
7315757
659927
6104159
1433557
8681317
5703521
8226789
7108329
2227553
6346159
2297821
7855303
3135743
8604229
3089439
9533163
7065033
172556803
2067547
8735019
9025603
2944271
4658357
9029421
4626137
56634631
4055643
8031659
9332931
3568867
2940871
8660211
8887211
84128503
135550207
2885233
3673219
5542127
8800947
414527
7502307
8624409
9864219
3992387
9672763
2594679
27688159
8969731
38861687
6266919
9040077
4614813
6368739
7948079
4045857
3768947
9028703
3947903
1961671
3090471
1188323
8280277
7059543
3462501
2713769
8953097
3414743
647591
1570011
2733951
3833023
1440653
2540759
566429
6837713
7850869
2653199
1874611
8449157
3804177
3104549
4922117
7721863
2924843
479489
848743
1412341
785141
2135083
4394853
6086943
61837
5845263
5499201
8645919
5919209
9292973
9101087
2742333
9670009
3505659
9307419
4506993
3355513
1313941
7851013
3972827
1920471
4692043
6220579
5708639
2489533
3691973
7325893
364349
1082557
2637147
3835861
3855969
6517043
2654803
1481099
7320717
4435929
6299291
1022307
189195911
5837833
59859363
3087779
8665943
744201
1619061
8181439
2885269
474861
3646089
6354267
5358771
9752359
154708021
9283793
4929393
8766917
3094159
7316611
8787633
4272073
41311
5768011
5740687
6662273
3113333
707573
5874239
2992537
7994021
4039213
4986667
7212187
8711027
7609377
9907477
9153363
3955323
2080027
3780639
24347
2435363
5705439
3585879
4468287
8727421
9683683
5139229
7650453
6781481
1074889
5700413
1394577
34867081
6051803
6697107
7921317
5875221
2048177
9190323
8594109
6227789
3925951
2984041
8379717
799693
2223641
7850027
5136937
3189719
4396203
7006773
91977
8714901
241749
6344241
8159421
699557
9320853
7653157
2537039
9373341
1569443
8160313
4522249
41806797
7804659
5985639
2793497
8528233
4037773
6832717
6593213
6993827
4079783
9837057
6281607
180805763
2610283
22393903
6647599
5472061
7866341
2909781
2952059
8091917
9103169
5074637
32379
3608121
1323689
4530757
6473883
3227693
6057741
5666069
4242581
2127983
3716747
6057601
5235331
9782339
6918603
3973621
4285987
8800737
807153
8206333
1998109
9741377
191733
3287779
4906427
2162429
5338593
6855701
4870217
9510227
1336683
3337337
9398563
5034991
2028907
63837
9823723
3731449
9951443
7076521
8365659
5106111
9610951
8951171
6171471
3337033
774987
2601509
2583043
9431919
3944571
2856801
5822199
2229421
5669987
544071
131779
2967419
4993219
1026607
8746117
5807997
5151773
8502883
4546963
5916539
4923237
1317579
8594237
7858801
5389879
2939767
1769537
2934893
5230737
1148829
7308267
3746669
1972681
157656089
3468807
4921329
8278231
618311
9231443
1417147
7346573
1214521
4936157
8792093
1900543
4394141
2148897
8323561
4117143
3101403
8828701
3450851
1734251
3940103
24337671
7506037
4973763
8884611
5652289
5283409
1933347
4657959
9803603
5064997
515583
7756739
2835767
87860257
4955771
536077
8333941
4618217
3277431
7565051
3135741
7338279
8747243
2963089
9076481
7307743
3558777
5508977
1209971
9227727
9147559
1825989
8470717
9736279
7218627
7024567
3255791
9484011
7516273
9204909
9826587
2515981
4295521
8599501
8394841
7688111
9819301
8954491
4393913
8963579
9085481
8322047
605403
3724689
315131
6893961
2782981
5764431
2790757
7507191
3016337
1178079
7054649
3420143
6834361
126780789
9131853
6108739
7370949
1231879
1575233
6542677
4489427
9935349
4604393
8239163
912589
8520813
671033
1711537
4631133
7874163
1599463
5424807
1350891
2437167
6559049
4758871
6577061
3811929
5019827
6378469
2354009
7986267
6243311
9550251
2441669
3140059
930031
4320923
4118087
5677521
40408493
4340949
7990273
7066651
8817229
7204769
8174991
4134719
7709247
187247129
8028609
1439253
1563031
4597941
7476527
5889851
1784849
4607893
3224493
7264941
6773711
1722637
2158913
80809
406979
1555859
5445329
1702857
2868747
1658403
2706897
7913717
4584041
3846631
3377943
3040363
4842041
6325661
3000531
9944431
6464229
8583651
8402503
2633469
6679881
1264283
56937
40538253
2820073
4407573
8127773
6679323
9061041
7555139
1339801
9635693
9168741
6253139
4503581
3685243
2750211
8600467
3537099
885711
2753411
796809
7578657
157127
4258629
775491
6814911
9294701
5432859
4580829
5380641
5501981
4284917
4733253
4092257
3193599
15060509
719399
159725459
9463203
9881213
4832433
8645721
7205101
170281033
8031357
6336967
8106597
1067219
2015453
4741177
896971
8855121
2127689
3335743
2049011
9851923
8833863
3855147
7019957
1190323
9805027
3940047
2890147
9870429
5158283
4217561
5054111
1580457
136457447
4102593
9974137
2210451
9891987
3751303
6685289
7178671
6319827
7341063
93069723
6662189
3698363
1798539
1618627
6705803
8509637
9671373
7066239
359113
4656661
3394489
8473667
8855167
794103
7407993
2839621
9711533
508477
5195883
40806543
2576607
7363757
4002857
7950779
8854413
920257
3779291
2347687
3275087
1649359
2183103
5861961
5410509
2403883
7875097
2882539
7624033
6814249
873621
720693
9582333
9930233
7596349
3803913
1939447
6922843
4447261
6324273
6964953
3736089
7123317
804389
2315473
964757
5477429
7880123
9245083
9149993
4115107
6372909
3374777
7055319
6729707
9553567
5667759
881871
8425611
42619639
1649193
1672111
51242751
3599297
571451
164037203
5365581
2158963
2942487
3248717
5191443
3822801
621947
2866483
6161997
6462219
6189751
1236403
4966979
3720583
158758747
1105227
2847371
8481601
7565147
4447549
2899781
2244887
6962583
1951739
8943549
9184647
7697571
3420289
6925501
6447549
6716761
5506619
2366947
3829291
795803
6580989
5788713
2616533
1435251
7880263
5638239
8461411
7876353
3039771
4069187
9768279
2460943
1075109
8839459
1438459
8598537
5319227
9440117
4608407
4097983
5030439
8277187
3156299
9451227
9838401
1245549
368891
7459881
1988587
1395447
101397
278073
827581
3138869
9381947
5634847
8947671
3506259
5636469
7056429
5454027
5714933
5197339
4201563
947843
5347757
4219039
3897237
9046919
5613741
74192561
5069613
7658847
5510969
