655063
73119
1019599
46770397
552869
5432571
3038907
5757977
1959117
6325279
7527547
2566273
73393681
3621907
5959689
3707689
5162959
768761
6619643
9229277
9247023
569793
1396849
7348173
8914427
4268403
63591
9181939
3985483
5297017
9383003
7255169
6134289
8135419
3706043
1686723
9385483
7756429
2982389
509691
9315163
4502201
1923713
3686651
2067869
4524301
7246817
7854147
5051507
1534499
8473999
2224111
9492129
682159
2642107
954213
6211583
2288967
2067547
6570163
18905753
2568989
6574373
8391207
1394391
4325071
6948577
4658311
6514961
2449053
6690671
8917339
2361521
8051843
4125343
6626227
3012041
5022667
5800347
3037239
9137297
8753997
2584421
1654227
3025867
54909789
9366741
737629
3778031
5634347
7272513
3236479
4542471
1405207
6602821
1899509
7634243
2135587
195049937
6218567
1690091
4986079
6187471
1593627
5749217
849847
1685023
2315631
9419967
4758913
3541141
3575073
1897217
8936263
139362839
5030577
7817279
6246337
6290301
3716687
6275739
6436933
8337863
1144237
8343401
8200549
7751847
41279351
16236673
9840511
6182301
7982793
1010901
6228797
3622881
3664399
5164493
97912529
5482491
5961077
4225371
113417
679113
2387867
7449907
87047
9623841
1452229
8675677
30978459
3640931
9246317
7672453
4934843
9549377
3561549
822799
2148891
423249
8666099
7281889
106056321
1489619
886059
2584837
4608409
4959907
7929569
1785459
9523781
8897129
4298109
198665419
7677619
8424321
971979
9066663
988213
4053183
2116321
2737247
3111227
9174961
3292133
867513
71819849
9463553
8916019
7410387
4909507
5575243
7369961
2970217
7842457
8107547
9356639
4502927
148173163
5047559
59842981
3970739
3718091
2274433
8752231
7192519
3151451
5386869
3735067
3308913
4345451
2829633
9106689
2678719
3285189
8104069
8573639
7682533
32090299
8286077
2358293
3715703
66413789
1494313
2402829
1645177
249371
3314783
3571371
5376497
5006863
3006549
4541913
8242897
8684913
5992129
415593
5939717
149497
4868419
6033571
659959
443181
1234437
8142673
4625039
5901099
5727389
2817911
9197559
8662567
9400567
2455543
3427041
6555053
41438933
5564879
9946761
4665093
160066737
7984593
5977393
1782809
477933
5890479
8020459
2089221
9578977
5671583
9533811
7311993
1714651
2432739
7475353
3852449
1135313
3153709
7772007
1441631
7639523
3994417
2742801
123490467
2888727
2127027
4080537
1724877
16267
7105709
9643101
4256209
904149
8019663
2330977
8080907
3431351
3656021
4168837
3064347
404199
2451457
3089437
3638229
3719479
1719017
7682211
9691687
8861729
119433029
4109199
9279673
6087343
6860937
1941521
9745159
6547229
8142191
5592999
4879309
9275973
2301123
691801
7773501
4323423
3252217
9615633
3786057
2596421
1697191
9770779
2574079
5392921
7195049
110634207
7176817
4273761
9332673
6927041
8251661
4354367
7358227
7050091
8331421
165286977
111320373
9209219
3538081
3123191
3516901
2327571
3229863
9523027
7276699
6471569
1732073
356919
9448547
8777383
3581509
3116289
4567753
1776123
7103021
4633747
4514431
14679
9443239
3173117
7988567
5693171
54483531
3432921
5882301
8392111
2177383
3771601
9437467
4128617
8816651
1192981
5959673
5650613
6884341
4214613
2430717
5455763
4348323
6024361
8516823
7844931
6946453
3127939
6470791
4087733
2624669
1417257
4820487
8138919
8131839
6988043
327187
9095103
9190943
3378509
1858001
1229159
4489663
6037333
91054671
4144319
2851039
352447
108301617
240109
6659721
458597
4797373
7169251
3694023
4241607
8404229
6880099
1389051
4809687
2208813
9256983
5244391
163537613
3886283
6336079
1140221
6046741
837601
9882027
9392491
5921989
2539523
912771
8267573
2039059
6576681
5787413
4816787
7494683
2194373
28522293
45719407
175329
7341959
2760589
29192087
717519
6125029
1634701
1485819
47709
2773081
1055653
4629233
3822267
3494083
7855201
6891447
8500227
5296833
952191
4849301
2427747
9669903
4771009
9322173
9266809
8958381
441737
2510897
3196669
6265823
7688949
5997433
1531889
191375559
4347059
470359
3315837
8367041
5870961
4430593
6991929
5045219
5841809
4167861
7493883
3646543
9200473
8525033
5318737
6873019
7531199
5524171
7932963
9714569
3697953
6112743
2478049
253963
3081689
9954597
6335879
2744181
2993107
8888117
7496779
5242163
5396091
3377737
6366901
1403521
2045883
4169009
5427499
137973617
3915339
9138357
5038989
1100301
6464541
3217991
7651589
2673851
7825959
3336421
3052949
3225469
5043209
4177779
4656553
9307151
2810383
6792931
5161197
1525371
6445099
1156033
964233
8142277
937279
2379391
4363411
5120703
6040817
5853829
7140027
4295613
5281761
5695929
3212013
5654917
9246759
3930173
4948771
203539
6678703
6583223
4284167
8125439
4665771
6100511
1555459
5680411
6364609
7884593
37277441
2540427
3029777
8514681
301671
564039
748221
846473
2800779
2835027
5361381
7777693
9948403
3951759
9616113
3350243
9981339
8121473
164583
719797
1910261
6735151
2330317
150081029
1999231
8873047
142694803
7557731
1938757
6320547
5142207
3024573
1329299
4299789
2235301
9555233
5657347
1293233
4989637
65513813
9177579
5390141
64474521
69064823
9147509
934813
7595727
3969493
6577911
1927799
3271529
4236049
2652037
2078197
7274583
9040443
105519
122983727
3310409
5925351
1558991
9120791
4135819
8389161
9228907
3290469
7135687
7223329
6557903
1112093
433479
572697
9327777
1359163
441709
8980299
1543341
2899791
6028679
116179101
4366979
7894429
7008253
7780627
2858787
3813587
4056423
5436477
2335937
1285381
4998487
4212631
3282089
490873
3260933
4270941
244553
32961109
4863937
9723223
1968643
7158167
8838679
140041673
8915081
6794513
4944577
8920497
3947253
3612861
6399617
7540379
8134677
6057097
1831419
4164307
1947071
7348597
7174123
23131061
8557159
6125721
296749
5342663
1351823
4384707
3537751
3809183
4024837
126477557
9312891
8020053
1970539
6197477
7526103
4375099
9017807
122211991
4110791
717479
9725539
558551
2169707
95993
7311487
2632819
3500511
7198903
6402773
6854961
7330881
7382351
2564123
5657459
6648907
6619581
4122327
8219699
3831757
5720489
7886507
4566041
4645909
6859543
5940489
6200457
2614319
1989597
2237631
9203873
5340421
8692471
432813
305489
1559721
6567179
6670317
4343703
8670097
4824389
4859063
2834117
3288613
5070423
1771821
3428459
8423459
3950169
9762301
973157
168801313
91203987
1435271
3095971
5323659
3425559
6109231
6209453
9361799
5830231
2710461
5820469
5309143
1593263
51843
72516663
9816889
2191219
6667753
4675401
8038469
6996657
2615651
1898701
7282613
384069
2802591
6036051
997753
3839243
1791047
1217419
2537571
6889787
8230491
2185147
3261341
4901003
3186371
8823969
9305339
9327017
6786727
762243
353553
186631
7252819
9367049
1451073
7095529
4338669
8395423
7223609
9256981
8613603
8327289
6869
