6479459
7305619
4477259
3919961
6028591
2149341
4764409
9168093
9829343
1201959
7929513
903227
910811
120690837
6416389
6437893
4014349
161236927
72020901
9289591
8060753
174683
811809
3471651
7413153
1831403
3048001
6501929
2057721
6374417
5107651
9212663
5724143
5045601
143223871
9076489
9981893
5357071
9176567
7681541
844993
4705407
7533257
9184941
3141113
3469497
4871641
9638901
5019083
8944137
8639613
1849579
6772561
3699671
662933
5511073
4870979
6260947
98829267
347531
5082233
6589351
1520239
4536519
4432141
8624737
9353847
505583
7991983
959597
8514893
7593327
1500411
9844629
8179291
6152979
8184289
5591231
2066899
6712059
610659
8208921
8851429
3222089
4255773
7805911
1617291
8911313
2576909
2613523
258883
7182831
5351693
4202157
144892383
1496771
9738379
4589723
4255557
6254011
89099
155366711
9111579
8067023
1882021
9006217
8290359
1456579
6751763
8392979
9738599
8969149
3235421
9064131
121761911
4552179
9021311
6625037
1861929
767757
985573
8117329
3028493
8355237
4230067
4343557
1808889
2450889
8804743
6581813
5845311
1408451
9116709
5223489
164559
9369673
1782793
9999129
727287
2071203
9719561
2020693
6205843
7523237
8155327
4283633
6933597
5006793
5157747
7988631
2727661
8242227
7196991
1788299
5518949
874621
6097343
7188157
997489
5999051
1519739
3634153
550841
176399
153563
1089841
5648387
5453931
9518007
8963543
5450923
3305617
8209631
3701663
8927851
855101
6841677
5154653
8560141
8555473
6066471
7894019
4349043
105064799
5274583
4724489
7877071
670677
2413191
2040879
1849749
1142081
9569601
210197
5492443
6134159
8195219
2715907
9695927
91630223
6000529
6375871
4609441
6212707
3051631
1904589
45843
8846733
8903061
6182049
2122663
9666003
6807111
2468627
3829001
1963849
4207109
7265747
5674889
9194909
4595991
6615897
4772557
1671857
4355037
2239329
2214451
9882117
1035401
9453131
8237421
7457229
774241
5699421
288719
2310901
7474487
1327169
6382867
5878223
3584111
801743
8902857
4113213
6690819
8974709
9046059
1956369
3030917
8913367
4534409
5440389
9720591
34962109
2764303
40826073
8684687
5176433
5500237
4659963
8502267
278923
8303083
9057351
3917627
2916913
78775241
7366813
9291077
6633607
4144477
3049557
9486711
3375979
420063
2127229
159040869
5666069
2555113
4360733
7062539
8952927
9078939
8339307
7165753
7623371
832589
3350219
6499063
5641679
4923963
3973553
377407
339253
9411417
5273703
3795741
181332049
7962959
9865447
1150053
9019827
2729213
8030931
3928777
6167773
4189043
4662551
9753803
6511911
9287211
7201781
3963883
1829309
6915259
949739
2701591
183509261
876137
4661533
8369997
59419489
1462443
5308133
7850929
9814431
2434977
6926243
6362329
7246539
3678541
121901737
2910441
4170733
4551279
5471849
7661951
667493
2729303
3214659
9602391
44978491
7016637
2159201
5317277
1729801
1570779
495409
9344221
6136073
2039381
397503
4748703
7620297
1100287
5326809
4239993
9066037
5126293
5392051
135238233
3029671
297857
6938791
1307089
3502709
9482653
1921999
7761919
9064621
7202243
1428351
3488063
7092397
3768383
3912953
22241
726259
4712619
155430043
1887609
7009251
1326949
965967
1076637
7766267
4688041
4045583
2922717
76102939
3949779
4320403
2966481
175201
6344291
7315239
1141561
3689853
5038497
4560839
7582033
9752371
7136633
5819437
5413337
2244593
2062739
8956247
7585841
3239243
6496501
3680713
7430421
3184503
170745947
5332773
6614637
78921931
5230903
5397703
1976487
9939733
7810727
2157179
105135863
1785629
7749179
6650391
8964791
4888173
6499177
8742839
8141151
4339371
2282691
6645229
8614633
1416781
7024679
597703
9677913
9868377
1609157
3266867
964953
97659889
3728029
9599033
8177237
1739683
532603
8971543
1472861
8675651
701219
1872891
584339
30709423
9651209
9677383
7013099
1566687
566309
2667153
6592807
5814969
1180179
1617849
6520469
5382581
2501689
3144011
4022711
2761151
6897691
1760753
5429317
1791867
2627231
2372379
84837
8118521
3760631
9172947
1688291
1134819
5556571
9310959
2108737
3331477
8040873
7726181
9488849
3286197
3607089
3470659
3007797
307859
892833
8334781
6157423
5901143
2295519
5565437
8992237
1653779
8190889
6767299
9964537
6407057
2520537
65299
6098549
9714673
3117697
7563487
7169459
2165587
8413489
3658953
7127113
3812377
431769
6674389
1707931
8230723
6909839
7371651
7628317
4394777
5771121
8381113
1610987
2831813
1296077
5061631
4659919
9106039
5194239
1653487
5294757
2902629
2802477
5692517
2241539
801019
1680827
5707399
3013339
7745181
62976873
4842801
3046999
5008023
9839669
4668833
6947963
7416927
1361681
3508027
6347539
3962243
2511899
9849961
1008127
3700489
1479211
6296097
2319307
1411077
2548033
4409289
26604667
1966389
6034611
799083
3200777
553629
1333131
5590481
49381
5973253
5236819
4551017
3406989
1449869
341229
4685147
3620351
2474693
9503491
2319713
4665221
2896691
6237211
1899363
6922077
3968999
4522881
3343847
3380311
8474213
4709153
494317
528289
7562753
8810087
9123003
9570991
7066687
2892287
5624631
4393251
1835987
2596689
5206963
7915119
1184769
490127
5029099
2882003
4793137
9067099
1869447
8825543
4730553
127062227
5002907
4564281
8045939
399133
9044337
2240937
3794949
5518567
926699
8509459
2502271
2232033
179900443
110269631
180969
4937897
4485033
2779009
7669473
7533817
2202733
4324877
5586731
4499327
2268993
5970267
3604441
2231519
6185597
7714781
7140633
6338993
71763
5969749
2585021
9462379
4625601
372379
5468309
611357
2129631
9353273
5019361
6727341
5176537
9402609
5164131
7642379
1879673
9690929
6432127
9486151
2003293
609401
7283971
6163697
4331749
2235859
101179271
8544807
6434989
9155379
1143347
6915247
7061459
3791877
9030939
7649383
7551427
8236427
1256901
3205119
2742417
8536079
1140129
1169747
4633913
6778911
9869979
1864631
10037857
7791101
2488041
8721003
5579993
7775141
7202499
5260219
1141531
3702787
5322573
3971349
1924341
9344847
5561299
4479169
1083803
8015153
3459279
3239859
7193597
5162741
5380669
4211561
8402187
3383747
3708411
3971671
934437
7615659
6236299
5295647
8409911
5632349
285453
7122383
7978013
4894503
848473
3800193
465247
3231229
7624877
6807127
9869963
5895061
4941033
7814189
2818041
5016743
2132713
7941207
4148689
1090543
7181157
105617
9092733
734431
4673919
4670331
6301913
1253533
5122359
1910743
9264863
2471659
6528179
8194037
5436573
1829051
3759637
8092661
12397029
9835509
140505637
984039
2770173
452571
3662513
113500637
9920509
8790801
526919
3938831
6775849
7036117
9576869
9123673
2802717
1976473
141981711
8979909
