5784061
3288293
43797
678929
5353033
9059703
200483
197996227
4675323
1190589
1757519
9457703
9233877
71562663
7116487
5471977
8112521
6307469
3385893
7606053
4404879
1216869
5508087
6293547
2404859
571317
2634953
8597267
8092721
8340641
8425913
3283589
2820281
5672031
1149709
92510899
6104861
7728843
2027771
3902319
3216513
1185263
7568099
2956481
9775891
4935977
4459247
806417
1730219
1966637
1543183
8597027
1632039
7237313
1630679
6589421
9300623
4212237
3891861
4969371
628707
2500351
196654251
3829963
3211447
1833851
5166793
6274267
8934599
6152039
3641529
9463801
870633
8945969
343083
9222119
2167923
1592091
6826361
5929851
9184967
3498979
4197629
5134451
6523253
1932333
2108629
6233691
1601281
8348441
2635949
6592983
8003189
5772819
4448817
492057
866587
3997151
8963721
6976181
5094861
1215037
8705113
5419983
5814009
7000071
5176201
4912893
8342401
20483
3455233
578977
3785501
3683767
8897577
6571809
6214249
6571681
359999
7137767
2755553
9715521
7830857
1241347
4754521
9627849
8616403
6429571
1699373
105517
1938263
6216383
3085417
1232179
8114097
1907623
2543579
2083633
8447631
8263323
6733389
336149
4310501
6458007
1528963
3056017
142009
9691721
1398977
2015923
853139
8401981
9314383
9553549
8018429
428057
6977999
9774679
8029611
734279
3203321
8623023
5252083
4465423
4389197
141789487
5490777
103739
7647239
68493269
8960533
9457191
4545851
2460583
7436243
3815721
582189
8950107
743209
3374611
1687009
9343443
9598517
6310663
7808227
5216501
4227133
4397029
5385079
1358141
4217803
3376843
3501381
1773033
9588447
7953933
9626621
2210757
3469913
4873027
162915367
6562871
3696003
6078441
8475203
2230957
275023
94795631
6264563
3968793
9585817
9155383
7191157
9141279
2636167
1762159
5589461
9011769
2009987
1123771
8668569
179707
3494239
112246329
1645101
7617109
8748777
8240477
4206701
4267677
8076769
4877911
9492279
1698011
2081719
2644619
2034977
7836621
2471173
920839
1501609
3319819
449107
1277013
6589937
601997
5303263
6804367
9575157
5038863
1129177
8736697
1859073
6268187
1596243
4865461
2179379
1624773
4551947
5493089
6204487
9787061
580667
315119
3563049
1989603
2655583
2602199
1624321
4122079
7467883
1254641
9394769
5334387
2621431
206529
7406913
9857281
8947267
7025737
549537
6729557
8212763
3332931
1194109
8823103
7303361
7125447
7288947
7056197
5954357
9064147
8216373
139259
4623741
7669401
6970461
1757989
4858181
2440111
4401217
5239591
2297887
8014541
9548261
56761037
7657133
4146803
1817639
112737603
3046861
4058037
2069943
6832669
9718593
8665641
7341481
7265459
4949513
2462243
6332357
9083119
5053433
1975173
147267
6769447
3926441
3785151
9558329
8823047
1224397
9404297
4029893
7584079
2958843
1449443
3128541
7682563
4940819
3509457
672739
143499
2253241
21281799
9209893
1978961
9782293
8977561
5977841
9841173
4180293
9174671
9950753
3184009
3250857
3654811
192356403
1656963
1272627
7098463
3572307
4098249
2070603
2453309
9499519
7298777
675571
6921883
261049
251431
536383
4478553
5614091
7781213
6737397
4804763
3556771
1174223
7245087
88741
4147051
609201
7003263
6710891
4102057
1134197
6380727
18856853
2220627
112495723
152282413
9418147
3963793
5985377
8672299
3980477
9568037
6380461
4943521
2934969
150011553
6886779
2723227
3668857
6637423
8927313
4083801
5196481
1700429
1599113
7043619
9595283
2917567
6990749
9402461
5906251
3383593
4491531
1913289
4564213
1585243
9459799
766323
2809069
5946763
5698883
548129
86526217
1416303
1886481
6501327
5133213
7598071
3127913
4924007
9735817
4784519
109899953
9379481
7526967
7245937
4349739
9108193
4094929
6688727
9747519
8785797
9971903
287383
159763889
6609569
3806979
4208271
8550723
5498169
5601053
7478251
67015013
9252861
3945639
8725717
1875643
7703647
4535733
8128469
8665039
1330279
8853219
8935093
72939719
7251863
1014931
5392223
9057463
7897069
6098421
6187621
6784713
1291627
4239881
8334951
181685579
5247461
3483369
2320437
3311341
2949139
1139921
2559539
3465031
1990621
9754567
195367
1888293
3352553
5364829
5266737
3641743
2608587
13489
9910649
690929
1158017
96077
166800593
1099181
3459349
6398739
9805399
3578571
5267887
4779171
8141249
6028701
9729013
968953
1894259
2254119
1538871
865659
1731023
2951499
7402809
5961329
7452619
5727933
7816637
145455453
3359393
9733921
127476681
6288749
1895377
9893657
6252939
5174471
7885323
6979907
168196669
9668773
9723469
6209053
1095123
4480251
6243523
6765491
7544081
4835231
6183173
7144447
8859567
1776499
8459729
7409993
135087639
83943303
5726419
7865271
4519413
9728271
8497353
8470269
48327
1085829
636001
9905227
8943797
7949263
1912429
7956729
4867381
133543453
687441
6438403
8301733
6409413
2216677
4405521
3896431
2197983
3811679
753907
3852451
4686393
1042099
9314933
9085643
9187589
5920447
5902773
2807651
2279941
2546671
178731
2857097
2217201
9175531
7051317
262169
3027711
4536317
1626379
4002761
9153423
3911511
921387
8843017
5965371
7169521
5760913
3740883
2525997
3821063
6508713
5655033
4126923
9376943
7341051
7453803
8163127
2416157
166832237
703937
1969941
5186977
4175677
4704811
199721401
9561167
6396791
7104547
1719067
2099511
8038591
2037369
77163781
8658157
8225223
6683719
7244867
3551337
6461197
2584389
7810283
3360311
7985699
6923397
2806211
2380271
6799177
2451907
1029489
8091741
5374981
7774871
8839689
9115679
5619349
9381949
5313983
9547959
1313169
193932793
5251243
3338939
1508913
3474081
5824217
6531841
1635737
6207603
8343779
4247949
1152043
4800087
8989199
8073693
68984221
3160937
1825853
1645931
4076711
3366643
4066127
1207961
7065983
1554627
7053831
8052767
893077
7259653
8336253
8763781
328277
1664141
1114349
8348293
8092801
9065479
4830327
9117903
3660219
2942819
9015661
4508477
3146981
7285237
9363081
378223
5377069
5902609
2725603
6242641
7208429
4927279
7936499
9607229
7840847
182050001
7187769
3955213
1604863
131291901
866613
3592147
1959737
4491959
5937593
7228107
1047023
1671993
5727197
358169
934579
9389193
7998687
552053
8922223
8272337
4298457
9615311
7710867
4467279
51381403
2795069
7752151
8524553
7738163
6984781
872497
2470621
3315897
6399899
7465099
2629787
6139117
9545523
6603701
3839101
5686909
8330373
3906417
8531823
4732729
1466231
8161209
2855631
2492893
7683159
4426343
8352733
3473033
5341679
4099281
7859163
425801
5309901
2795569
5096633
662143
266651
7386687
6140451
8526119
2441359
6040837
9564151
6064027
8375701
1769651
9900873
9888853
5902151
3670637
6466913
3517031
1376031
9840703
965939
50292943
4804811
7651741
870099
9347063
171708449
7466027
8970927
2118897
3149937
6736711
7958223
1511843
7791071
