140814841
97818609
5820787
2156113
2933997
4771567
3069153
7887881
9789483
4712821
3702763
4487629
4551831
4145683
7927177
4567301
6974397
3434211
7847041
5675453
8992551
1466497
3229359
9899953
8759643
266181
9824633
8485487
7742581
3839739
4721481
4551221
8628491
4112463
9553561
434563
7903469
4345493
6726267
6922081
1142563
22187549
3335987
1539841
2864517
9797011
357069
2345211
7978589
7746717
9847863
8987523
9620529
135879
7767569
596387
7129753
4102861
1010079
7469453
2701413
4602589
7222119
6761117
3058219
3059323
1675709
850797
6798493
1214437
8516103
9198277
7472697
9832899
8578857
2555533
4753937
9481191
8438799
5315049
4632669
8070239
7715029
158403143
1646911
8431459
8715847
3660231
4727261
289087
9806287
9622707
9241927
5346959
5314321
7633423
2750273
101175901
8537061
352177
2857619
179053489
1733491
9777163
1868159
2075033
372149
270551
6554693
9324417
4504763
3238123
4117589
1659731
5620359
2158629
6191807
4757223
7857827
2077421
2640121
2280439
345987
4164773
8877331
9540689
5563703
5294053
6001143
4327171
7628741
6565357
5822569
6099381
6215367
6358639
829419
2783213
6662151
8156057
3599963
7826063
4211623
6065621
1218183
9924681
2501629
4105333
461119
9806959
173524003
7497693
3471161
195060849
9570327
827191
1757729
4198243
2701369
4253831
641397
1609191
8207153
2653567
7396583
9782853
4139381
9554007
7006721
2901447
1307889
183067549
2845877
8960829
279983
6746227
3370267
72093239
4268259
9758677
5663393
2751423
4881237
8795981
5833063
2264129
9226707
338077
6983563
7753201
7978921
2501473
5433711
171181401
2043053
1539707
5511259
6228597
144097353
2469601
4576961
7792329
9115169
2960603
6817517
9757827
7528483
3654113
8455437
1742339
1558741
8640631
3954067
4803967
8945287
5507337
2029199
4812733
2016357
8998257
2165223
5010239
9494517
5967993
393883
193527
6476651
2336819
4904107
1186161
8036307
9516407
2364037
9607843
5909837
4929871
9602251
1695757
4678587
6680937
1469219
1473427
1943459
8413543
308779
6832097
2732401
8644019
9350287
6985193
6091483
3818707
7770989
4858931
6377819
2414751
9236811
8907231
2035523
3240883
6724813
5416489
21356143
5847811
7868383
235359
1309343
4584769
5849137
6916319
3671129
8552181
9071743
9607691
162421
5042307
9421967
82538753
1920363
2468941
7531767
9526259
341973
3047519
1067473
7044681
2424267
7548909
2147619
6464913
5988131
8067421
691459
1299387
1823441
3138923
5442277
8121071
152052921
1716473
8611487
896047
7507247
8275611
8952087
3616329
2930077
9981011
7502627
8583887
7239829
7533653
5108231
2955641
2166173
8317269
9345909
3876111
7444349
8922099
210193
4254879
2218383
2898931
5021593
2931871
4535669
6818287
2092253
1637257
5945249
2718923
308267
5871703
4967407
2155889
6805939
4189631
163436023
1427523
8012509
5018359
6279499
1092659
6859123
85567
4768371
4570917
7798807
4010583
5578493
3978797
4497727
8234057
7034079
2091451
8380471
3361781
1745547
4192989
1477173
4241181
5861013
9738901
8359067
3462063
2294369
2778869
5751341
3373211
4271661
3075601
4660181
2366323
1004331
3604221
6391809
5576379
4728203
6489921
6570891
2003619
9969843
4667151
4571841
2649443
4677961
160824337
956681
28195431
5282889
5785741
4427231
5127613
3858221
6300619
4699431
5977721
9693371
704943
8159081
9817989
1006891
3715463
8119147
153473549
1837993
8653541
2767789
89908469
2872227
5653213
166759551
8977733
1067413
7805279
6528089
811899
3309087
3122571
537551
4111679
8035623
6641821
12823
5925797
2949873
2672121
3071021
9036469
2940757
8279769
6852943
5299679
741741
5678277
389767
3276047
9350051
4920853
206089
1721513
7754449
2047913
8053931
4575619
882821
5403339
8031713
4314297
1245897
8694017
2589577
8969879
23269633
9929787
7441207
3567383
5447137
3288907
7690793
1353357
6300353
5107399
9949599
7857651
4404047
9514097
1518307
6867151
4114053
2904557
7801263
1536697
9593851
4656063
7571091
7072743
7678513
4188397
1529713
149273
2527433
3094397
8141047
1093769
2997649
7007091
7837947
7047169
7414519
7088559
7521651
5746613
1789611
145537323
7202823
7030641
692723
89920743
2352503
2547659
6316491
6700433
6868537
9843399
463167
3799271
6531507
215989
3558943
4736681
2185563
3642631
3845723
5816079
9880373
4095453
3865403
3421117
6751023
96189
4983579
4268477
2071787
3724421
9402083
6330097
8425779
3601159
7074763
6066431
8598333
2057973
5023421
7545593
9696913
4473417
9561397
5576159
5531529
2761123
50467
2158653
138733
6334701
9932189
24167
6332321
6072069
2473871
2805499
4771403
66806753
6858081
3333899
2241779
6541851
5725837
2453819
162371
7217441
6695169
5825179
5187909
6975299
1791473
8063023
6249699
7915901
4485709
2372249
503461
9346391
7772063
8351219
7230239
9999237
3054609
183583141
2806357
9903749
1621167
9571829
2631997
8526933
7307677
9096851
661187
5800743
9673859
305917
8146297
6281453
593351
4377893
1844537
957051
9516703
3150933
127306289
8351171
890279
7733679
6455553
2751781
7627631
693523
2324593
3650741
8420921
8472293
2618179
7441083
9491223
13715247
4258539
350271
7925303
5337963
1156323
1981691
7131463
5592013
149544391
1332507
8219927
459417
2243371
1363403
5349129
4036027
9585001
7316979
7695237
7867893
879871
9027617
5460843
5598539
2776117
4933469
4089783
134871
3294117
5418451
2852079
5202531
1694267
928367
8366689
9408539
6325579
9278427
9921499
4238337
118591689
2119821
8997117
8578217
8301909
9941313
6035299
8014801
5684967
2714003
19874331
8208079
2836967
9812589
2084153
2674489
8194583
7367713
902569
9502491
2354397
8811531
6668393
4279083
970871
4685519
7731879
4541501
6340917
6348281
6209807
5911521
2852853
6206311
4043421
8832799
1502311
2332067
4497941
7259781
4963653
1143319
3926473
1937237
327369
2703203
4975417
7205857
4325821
6914923
4388417
7098979
2774891
3256183
6388123
1095853
3952131
9489651
9240217
7283233
125684199
4626933
7367411
7027223
5739727
8350639
5393149
3954339
4921223
5574543
206509
5792599
6483593
3642089
7327423
6398289
2767381
2419109
3272141
8788843
2809087
3806843
5639291
8323293
8594693
2484151
8070451
457473
5881707
8784757
3313257
3427729
6807259
9473423
5796561
6617737
9527011
8902611
2450149
4481093
3160079
5273483
7988313
2497199
5219431
6310133
119795561
9751263
469571
7249391
5314023
4857507
503353
7221321
1911599
3456389
7478733
5520761
8957311
9824829
6365821
5164033
160639459
7123561
2973403
8231329
4124031
