1560873
1777499
6778191
1813269
2906339
4853391
3946037
629769
896463
7616929
4863353
6967063
4526391
2209683
7796007
4919941
4866861
9023153
6374309
5785783
3854061
2902511
6912029
1318123
2326861
3516919
6958673
114875659
2444199
862233
7784669
5794233
139923
4738019
5508931
1161883
2209231
2576769
5309843
4244877
9635099
3315293
997973
6747309
5588269
4058091
5504357
9697703
773783
5179347
877791
9838801
4477083
6405437
8464577
4566817
8755707
508303
2791423
5320613
3660091
13927
7295889
7628879
6369041
2009591
5298967
5149491
2538161
1275763
2063877
318463
3905067
300947
6497323
4548377
5484557
3566867
139378719
86331961
5578203
8659793
9343693
6521337
1829097
6692263
5725541
1887791
2689859
4530927
703569
167531021
180217831
817971
6912247
7311201
3946641
2635961
5152753
9756289
8811421
5370589
4773517
159713
4984429
4903951
8813159
7170111
2469613
4994583
3442891
6027339
9926719
1093711
4608309
9453463
9787029
2853109
9470579
2652063
5594859
3863481
1912877
2872513
1897703
795007
354137
5524079
59354639
9262019
4627591
6837699
6385967
8609511
4166209
9787141
1831401
6697129
5282143
3032969
4064123
4794513
27321611
1358887
6730027
6631853
5400129
2941563
2124011
108390697
8935609
1278657
1696301
416277
1265709
2391953
4004919
1212701
4260547
4981007
4875221
9407993
368107
8887379
3942807
7652489
1330777
3475261
65993029
646133
1854107
255769
6441651
8053443
130197
3495199
1940523
87669
6462017
199821089
8495711
9257659
6729559
73005347
7101989
5931193
2573071
5863729
3360877
3160951
5954367
5427259
6510359
9256387
3790503
941899
1814719
7920341
2053041
1680679
3196303
7831979
2862399
9449939
4570707
8164887
7682129
2339223
688461
176440653
9297621
7669
717917
8202149
7683537
8004287
7016859
4662361
7099529
1790969
3403769
7367221
5890823
4287457
8822049
5144949
8135319
7490207
7297933
7315659
9123451
4685201
2363951
26108353
7929057
5693287
2536991
9430171
9549643
3760867
7929293
4878499
9022919
137583627
1758603
7298991
5229137
9725603
5465851
9188447
6744337
1045261
1372649
7216179
3579293
8634669
2460573
8666247
5251291
8732071
2047571
2757693
152243
8733267
9009337
8727007
1826419
887493
8701447
582837
4922889
9628489
3526257
2395179
7366959
9392071
1854483
162959599
9715393
1314833
9610397
318269
2450229
80854743
8219741
740171
197063
174755343
1434769
4494007
4980727
162652961
7853183
7541587
7414557
3843531
9465081
3568059
2238129
3392043
3996849
6568193
191908547
2636893
1630951
3565787
2130403
1259971
5024847
113361553
68867397
753871
6512317
3662817
826229
1166817
4320443
1190991
3860233
1708383
4845227
5205019
92917501
5211019
3965181
47203
9468233
1083809
7837209
2592753
6594497
5220479
702499
574343
4666003
177809799
5021019
8070943
8854981
8145251
2206911
9516841
2913733
4520141
127325711
8778081
8805977
2161889
4246821
1448783
1003261
5788941
6789211
3011831
5022881
2615771
8091527
4314677
4550097
6650893
4821387
3334057
3955801
9242063
9196657
5800681
8137043
8897997
7927799
5417533
188065583
6906879
9588157
9946577
6794721
2298841
709563
2858981
40100497
4012113
5158389
9593151
1671043
326193
9993049
774443
8004113
4271893
4807543
4303071
8034651
9433859
5781443
6046319
2800041
5793051
1932651
6315669
3434213
1181211
30591649
9288701
5494087
86920473
8642591
3239727
4315753
9868797
2320281
5783441
8355547
8424127
3561499
7551889
7979189
26946633
4359653
1530473
9769389
1721563
111524031
6395649
6762931
5782433
5675291
9585731
7977147
4062521
6460593
7648511
6483517
2474219
6428293
9620297
9304051
5992309
9509781
5428497
7396917
6097731
9913043
2285591
7230383
4516999
6368721
7865993
4934291
6460079
4941873
8237279
4717619
2455163
3395629
91972129
7934129
230221
6156229
76757
8581799
4914033
5266671
5889809
3210109
1951669
2547647
8396487
8263373
5933931
238703
8850879
9874479
3217599
7490381
902711
6675531
6713649
1104937
9515839
1100021
6193047
7140919
3827903
4111511
3383923
5027687
5268769
1520271
2059083
4746351
3562063
41720757
7805549
9463461
3580947
2359401
5311497
8800413
2822753
1888379
4974061
4424991
270343
7700363
1353687
6706549
700363
7095173
74089171
6831201
6716967
4235029
2874739
8353539
6622621
1934897
5928781
8192927
2447531
6109793
1254483
5903731
5181019
9676321
8322991
6898861
3901111
8884433
4077711
518969
8243549
9516811
7817337
9685587
1153261
6691203
134428973
1996179
108303
2169527
8221461
9174921
1479497
9026683
783249
4939787
367487
9602641
1085839
668063
2041309
3015133
8001471
5487487
9746181
4874591
4727391
4473497
5094347
1314613
140763907
8468147
9268411
9732513
4726933
9626511
2665957
139513703
8114633
8803221
746257
7586551
4285319
6920561
7488727
2234041
3024079
889789
1934437
2371883
8299869
1936971
4607861
2008681
9853051
6548559
108819209
3478813
6494553
295553
2321131
1956661
8369979
8502239
5459119
2314393
8779891
6665327
866607
535283
2685763
1702229
8234441
2944237
3282753
6112867
4623633
3995007
4584733
2391131
6255239
8060849
8481439
8608597
2871087
8550119
8590113
7857641
8434079
2329173
9559117
6306081
10718113
6343483
6712273
5011087
5240703
5603527
8527871
9636119
525569
1037709
5498177
4870199
7019083
4907409
2648419
9207233
1566909
1932381
1337327
1817263
9692351
5592221
47629
2712817
8109031
7924603
566137
2997757
6777177
6112517
1318527
7917781
5054221
8151299
2793407
4451907
5469259
9711029
2323991
8438441
6864181
9175273
80797803
4898387
5482609
1375859
8431999
5353013
8791749
1818967
3374511
894971
5044381
9539109
6642851
6972813
6297937
5813801
5944913
468361
4768389
5197971
2502191
8079321
988077
4645327
6002329
3598457
7488483
1435599
1919307
5289297
8768153
4973511
3956737
9978269
2167273
603321
9970417
2545399
813349
3328953
2667287
3566479
4022139
182068327
652649
8039903
8881573
4084247
9455889
6062193
8481311
8405659
5307181
4112639
9692833
2597201
4619629
1420503
664407
1025009
8461267
9430263
2758553
5329883
61654861
24289759
9021149
152600149
2713169
7059851
118793
2418213
7041273
8691771
6796887
687591
8395119
2794231
1879037
110762373
8540881
6421337
2622597
967079
4362491
4192349
8762719
651299
2373953
670647
188373
15273
8353301
1074577
3202601
8156337
7719583
3247497
