2601679
761113
9747399
4839953
2385461
8283141
1706249
7898879
1286799
8231057
7643999
9365749
1402261
7238097
57992961
3690843
1840389
2058311
901471
980437
114831657
4383449
6568589
2922629
116739673
65682033
834387
9446347
691119
8667867
7679561
5339819
9683713
945019
827093
1289171
172433063
9185767
8086217
8293443
3372771
2076633
6571893
78997
587613
3597623
4312439
4819203
4291723
8745311
5223547
3234561
9601627
5887407
121063769
2194571
1060831
6129217
4231423
4879769
6902833
5079633
5845083
7282711
5225641
2278701
7332587
5810631
3486647
2065693
3735051
2490233
8770897
1642951
1699193
8677907
6432841
6291213
9438747
6184513
5667467
1915109
3862211
765963
9580597
8703623
4668693
9926973
6543923
42259
5307549
1573271
3605433
8828091
174541
3625631
6279039
8484113
4510303
4696431
6774047
8098771
2224571
2210799
6517921
3660559
9894643
49113081
143531
9615001
3612161
8941693
5468979
190171569
199113459
6696347
139889367
4516533
4346209
7376033
4986613
9146357
6449991
2073977
4387003
1835091
5572229
6254677
5677553
1735659
4241321
8537973
5207791
6821689
5129113
4525257
4154699
4055161
5585499
6893743
5962967
3496113
1888987
8870439
1123399
7173533
8694907
1528379
62196373
9141323
5327067
6325531
2684419
555419
6512089
5605719
6723413
4090289
4143901
6895709
3426991
7916689
8210911
9877303
7517263
9138671
2856837
5485639
990369
5136847
1125557
6847487
870717
9847159
9571737
4311777
7969709
8815707
1166713
9584431
1111207
5263409
6901183
4055777
276759
3599951
2610647
8284673
931989
6033397
7005251
3940021
3841027
64379
5269197
5580951
2487769
901337
248581
2951843
644447
177421
5414411
3566151
9512821
6524381
9663443
6783553
482983
1070331
526573
9827509
4246179
5660377
3942719
7416713
3577411
3501179
8654057
1370233
9256591
8668019
3447577
9156519
6774007
8402429
7146109
2043409
2833339
8535811
4511551
2299881
3938237
6185533
899037
7784993
984193
8293021
7381689
8604021
3064451
8231303
8871629
981989
8101341
9784303
9069037
5623909
8954037
9762293
2405611
6611343
7755477
382553
7607987
656901
1870519
6118551
56165007
3170977
9343829
9413773
9533439
6529927
6677363
3357461
7141431
7443919
9787909
619449
6708131
5021799
7805527
4673263
9133139
1707881
3119529
93003253
8048113
1696717
53740351
8442783
1758827
1972311
190357
1379217
4071387
4031393
5240193
4272587
4477433
9272923
9213939
6131479
9894097
7934039
2551359
513667
236031
4130991
7338899
1802181
1784573
4563863
8048773
6252253
9227819
6270339
3552401
2638493
3928783
373527
3280583
7336201
5248657
7316479
7407243
47327379
7843409
8145569
2177701
34329
4728699
6870637
178034869
4967981
8554777
4277031
59830029
2657521
4634573
7224631
1058227
3950577
5263881
8009993
3780603
2441367
9656877
7831267
972791
5377591
1020649
8281
9785137
665841
9089493
5907003
2000907
1187151
2346043
6368327
54046361
125599877
5664839
7682741
3539247
447771
119627507
916899
463653
9832187
3913593
3944777
4400939
9124231
8817963
572111
1519477
7627609
2643423
7444147
1264853
9378837
3731747
3884887
2880563
5671233
140009967
194736199
2182133
8408277
1227829
6135797
4655967
6294147
3578243
4175107
2825177
7607901
3699659
5786279
9868157
8061637
8288561
5082057
9761977
4600201
9263299
1843813
4508979
9675611
805629
8433249
8183823
281807
5239169
493109
5809303
9620133
440919
807669
2004483
3693587
7727873
4718831
1406607
1962549
126081993
3811653
3900599
6897361
9529333
7601701
2569773
7811821
3678197
2444327
1955557
7933491
2104837
3518853
9551609
7318703
1819873
3375361
5640283
7754763
103671
7175139
3994119
7969733
7314901
6963251
736511
3096743
3871387
6255463
5139273
2591837
7073311
8691309
3085007
9003429
4968331
8061411
7098389
6263717
2973757
9005587
7748083
3295827
8975731
4394291
8596509
7379241
4765641
4414463
4030739
1705019
461579
9352477
74949
1873089
5710899
2908381
4469763
538193
1329923
3309639
7703337
886899
3353543
8386329
6968753
6433403
7953409
377789
5312791
6683103
5084047
324357
9822051
8612973
8296217
9431623
4602771
8058801
7047943
5993189
1777157
6913341
9333479
4159471
9672671
427017
7372307
3857983
864341
4732511
57918153
1863821
7933669
5940881
4602359
7334021
3304099
3710781
2991827
5206159
3149877
6258509
4017357
7868531
9324933
141087
8299809
8206031
8031071
5695983
7842177
5679577
6221301
3024419
2589057
7001891
3833729
7746377
5877299
5467659
3522973
7803349
4021209
5121097
1414477
4875243
7083783
6603139
1896011
9355181
123404767
4113131
4966807
9936233
9203903
8809607
126111
7193877
3416703
1401023
7045497
81231
9662307
8371269
5178981
3087427
8254439
6597381
3784471
8595681
488577
9553843
1147719
3887583
4364607
3120389
8221011
293897
9363741
7440427
7507681
785031
9891473
9287343
1737721
629481
6195001
133763093
772947
28830301
2176377
7463441
3222613
8290997
1914263
4575459
8857357
5953941
348797
6100391
7067689
2560469
2079969
9713363
613279
3568893
9133411
3577311
5391267
1065699
7635821
1668703
1058677
9159491
3705583
4507259
8847753
1495749
4274057
7194947
8573119
5613459
4594761
5857541
7531039
4081169
2173447
2379309
5463611
1008511
1503721
5179093
1261841
7910969
9232069
8483283
1552923
5638827
1141997
3447723
4872173
751151
8277511
9912351
7832451
7990371
4907131
1377657
1228153
8235517
6360029
4697221
738243
7913911
800257
7255613
6225887
3693081
4265967
3029933
5055677
2620677
2738851
3925053
8144347
2559119
6174863
246269
4603093
1343627
5060787
129796559
1038767
853789
8751087
7870469
4258223
699027
6792099
2566763
8238989
4747281
5851127
4912081
4907047
290617
4947269
3129119
1730017
9864349
1088317
1116511
1634579
2352691
6376677
6053191
3621027
1679889
6506263
6389987
7061857
3607063
3540753
5139081
3837017
25387143
5845537
2233511
4061343
833701
9893727
8140937
2827387
5477071
5304641
583331
5416563
9557223
8146717
1116989
9482739
577503
5181003
8618297
6707701
4043917
7690677
9702653
9656847
7070153
482603
2525947
3712107
1964237
9233163
1558651
5666013
2311679
3923509
3119407
5783527
6480909
1500289
8301959
4247127
4834339
943253
8474079
188356977
9155087
4286257
8670767
8399077
6450697
4957051
9230921
5862797
2592497
683727
5645319
7456283
6847249
6408427
360747
7409997
9903983
9652083
3265583
6183209
1257473
1670331
130188253
213227
4631911
8029747
3562607
9179997
1357531
522863
4911929
1497563
3499279
9414953
