4023177
1251289
9530591
7326107
582299
9164591
4281003
3033531
558129
5154651
64039213
6986347
9987651
5234841
4036153
3075669
4508239
99198027
3511679
262909
5005589
306137
7572083
9291243
267093
162642883
5680323
5482253
2977569
153841
1498181
375081
9299797
633333
4488317
438997
2900257
9414533
110746077
2289317
6735697
9293347
8421437
8859943
2709477
9847561
123010577
4596347
167668873
9313437
270213
6497259
9495957
8924593
2755749
2869609
8695393
1465887
1520339
9102587
6459209
9437987
1953713
4716969
4771017
1352821
9894253
388133
7887067
7649229
5859401
9937421
5589133
6193787
4070171
6754977
5025793
6428137
5068039
7102187
4120061
7091159
4443033
5583731
908311
6322673
3914839
8701513
2157463
2308627
8428077
3129479
7333611
8124647
3161631
8970609
2942337
2980821
7501087
7862179
9762133
4491711
3168661
2368497
8122541
2880277
7402199
3001529
9231823
5588283
2713011
6881967
7253503
4160349
8639507
5240807
1067397
40627
1120757
2183371
161969
7871319
5007813
798069
3005519
2433537
2452637
5059649
5917397
8435941
1660741
9283831
4557003
8467879
2028457
4515541
243041
8936917
7424379
9203551
7089977
7178603
4454103
289859
4955129
1558813
9994799
9155293
4307681
81612243
9166183
7995529
3077331
5406817
3012139
7021591
7252563
7096467
35812497
7961131
5947923
3721961
1756033
4694159
5254803
6030963
9110229
2918043
4218227
2220669
3079947
2272187
7866207
314689
4795051
4604213
146701
27571
3103067
5059227
5688813
5079177
4620477
1013843
3431191
3544723
853289
5541377
75353
8909311
5703683
21769647
3209891
2024189
5555081
3256807
6347941
1688209
8758977
4513989
4061679
3973373
455593
7433079
1632797
9267063
1357587
2895869
3844107
7703239
4677517
54021701
4167967
2818707
5059101
5554723
5350561
8587777
4540437
1309779
2841079
3863707
352677
6944523
4628793
3195773
8073017
9519169
4293647
8777667
8167117
2756227
9976507
3940179
2927883
3266089
3824793
1805419
8264149
4642613
121563
1835687
8502523
5047157
434991
183638679
3566671
339431
5201197
2912823
3761107
9912321
3770961
2257989
6345493
180240183
9610779
2115399
9906629
210023
3468277
8672577
8529021
1472871
6560881
4655169
7622069
6148899
3745831
8886851
6495271
38353
9071819
74809
9104247
90475007
4899451
114067089
6083233
9536661
9705177
6132703
2843213
375889
3424961
673019
3604893
1997277
6461959
6944169
2310657
3367149
1797553
5122651
685947
2120343
4698421
8012439
6629911
7540179
3370037
2942989
4210867
169235483
774079
4690761
2835659
1294839
142539
6289393
5495109
8136231
433943
1727973
9528907
5343669
1685687
9003657
9362971
7293647
8854397
8602813
7797137
6970957
4307627
5754993
4451353
6104529
706663
1007683
5304147
682487
8419227
1548593
5696631
2479651
1002871
5054567
2378937
8523771
15811
3421621
215483
8418613
632629
8693417
8971383
8355813
4009563
364347
2766643
2749377
5219957
2958273
8433479
9991211
1457231
1691311
4300863
4650393
5096217
8498563
5648487
6864129
6131011
168297471
7312899
1515079
6419203
8642357
8061603
947837
5894957
7706367
6560857
9388497
2530629
1818929
6212653
4230751
1344497
7239939
8873799
9902819
9363971
7301679
6239893
3869001
7001209
8640903
8191073
249851
5938387
6646453
2564223
3013767
37207
3804349
7695193
2496859
9047579
5266647
317977
6404469
4881507
2061343
1282857
2853397
9772541
867923
2800747
6502841
6469443
2577057
6031239
7085249
1475241
3265059
4149931
7679937
3199751
5036053
3852311
3366247
8493521
7684921
4232411
5776819
1585737
6631313
2003157
7723373
4632007
5812777
574403
5107461
210069
5051507
8388961
9696229
7431697
2212953
6265751
9676551
8267977
3948837
6862977
1755751
7474911
4682673
5387253
9248059
3829373
7313013
6536449
6712003
83330841
9663481
8185943
5748049
5539723
2787191
979809
957737
8328373
8370463
9907909
4073181
8583297
9891529
8078943
7907773
8707269
5869527
4082499
2079537
5543151
1675167
3032733
1419723
4343121
7036587
5826297
3908329
7012987
4430737
8512509
8653373
6574817
103879619
9810049
6013583
734927
679881
5381087
1385881
8587373
2469939
9060049
6710873
3026217
5138077
9072933
622437
7280643
2934057
7205723
2494679
2969787
8543461
8068293
9075593
5416807
1306333
33817303
373301
3040003
3643929
96219
7365799
8431259
26049209
1969353
2567763
3154267
2275807
5224643
6854069
1590847
4291189
1294409
2831353
5174301
7974103
5293821
67906823
7640823
6971077
5348121
7831947
4560943
2615513
605371
5502299
6143297
8600049
6351491
110047303
5736743
4688311
2808187
6082827
9240287
5660187
7474573
1075013
5729409
5761011
2276369
5426673
7492209
7684193
7109087
6897773
486107
14887
5649327
9839563
7529691
3849431
121155363
2627181
139
7846001
7239687
5213901
9022827
1967683
7275509
6981589
3564677
840087
3822743
5101147
8649617
9711
5179171
6880751
7381003
8201309
869123
8231309
7646123
7966159
8335323
7071599
2144759
5199321
4589609
7421827
1108577
4078039
2267939
4993789
4421907
1895863
7491067
3183049
7363887
154711
65207177
286329
1584909
2773159
1542397
8566989
3102707
2442181
2421523
3174181
7932473
6458671
4746971
5711607
5101299
6682759
1705577
8373489
7753483
2815929
4933171
426737
7474411
2703127
3871083
831527
2333923
6871791
5042081
7551087
1151319
7001047
5873601
6653059
2237173
6475261
4052899
5766763
2265667
6768309
1964959
8310823
767921
174222083
8879501
9516293
9507863
8826063
3172457
183304649
5690249
1916907
9086157
5905569
8113177
8166723
9319901
9658689
8197099
4943533
69311983
9210211
7326043
115163
4342379
7319147
8806349
7135229
390767
6134639
9314881
6089829
7759943
3710269
2089691
2488917
4990169
986039
7510909
9311261
6045993
502211
11797461
3111319
3611571
8051941
114305059
8411409
5316359
24449
33567
27984001
3263053
7422717
4934591
4633741
8415459
1345999
1022423
8345203
1643771
8443343
4033317
2766011
3056133
8440487
7534851
4740367
108479353
5001489
1345193
2910157
4816207
5557477
8009921
2082477
2972731
102211
8841071
144313011
2012679
3534707
8684457
617613
8343471
9955949
8621311
1777963
4155289
7367121
7509153
5880039
4754417
7949297
9642021
4518801
9301981
533843
772647
6180643
887001
4535461
8836713
1712757
5635789
712419
7175781
7518819
8434581
2992557
8860811
8803059
2726187
6714291
9089991
1783321
4823653
7037723
684759
9050859
6268293
3281877
7335689
3771661
4649427
1209411
4801427
1775201
9732733
4791917
1947137
2181889
9571127
9527357
377927
972699
8480199
1342769
8762557
5901543
2129171
7518949
7440101
8777651
5679591
7370327
2191877
3073653
8292571
946781
3949511
2990071
9519693
1280523
5404531
1488127
