5518583
202311
1922709
1516021
2423861
9920391
2505627
9605403
9601331
2722543
274311
7196691
1840879
2190067
3589211
2055937
27522611
6162333
8147217
2441301
5150831
6400263
55248807
3288067
6717073
1429859
140641
9838203
5554459
6179963
6309201
5000193
1805909
5815209
5443913
716577
4588001
4684389
7947469
9939813
7149547
5658017
7791861
3035977
398797
5341661
8638067
1338013
3547543
2685829
4837209
3977019
4532987
4520629
5000819
6329989
6848729
4644389
2992997
2795129
4554757
1317899
6600897
8937997
4476663
192566899
9333991
5075481
3336837
2242809
4256099
4320283
2879731
2637033
1087193
6899233
4860137
4704701
7292667
3012371
2452379
167831
3332247
1247653
5611739
5810389
4577909
4694603
32629
1929547
2360371
16659
609381
870139
5590379
7050329
3184291
4923949
5754867
5538461
832259
1307067
8310777
2151639
8543987
4203647
4760679
945939
3385389
394193
816463
4148411
1679791
4924843
3363079
3485477
4065789
9966163
4155883
107279
2858953
8332933
3241919
3318389
2654211
6999211
53681
6674563
3349021
9474951
6488603
1549503
85755807
9295547
5174033
6746361
5692523
120249409
4535431
1680337
6735999
6294767
5145253
2018041
3324071
8903959
9253119
5078971
1092933
5497609
5834661
5969791
7691269
8102551
4841567
5354783
82890991
1561933
9646871
9740169
3181521
8725657
3844793
1588561
6039921
3481863
7749401
6936201
2205331
8180223
9585219
6964191
8848939
6009151
9906487
2646269
4618567
2959941
3387467
410157
2816367
307503
8893131
1184767
2742831
7482853
1059621
6026291
1764331
6643537
5147563
99685661
3846441
3932081
9987657
3776621
3718503
4726513
835847
1165633
8592201
7392631
3290803
4768449
6896227
9472263
3922951
7519477
1408993
2305363
2983737
4193429
5232657
4405303
3376921
7616063
8805451
7003407
3835313
4004897
3524989
8506903
9117053
1826269
1509967
5148619
8101891
4773047
7265981
8809793
1965341
2999739
4646463
9377557
2829923
6604187
8771143
8641417
4571279
7746853
279777
1692829
9603667
3624197
88193513
1278723
7874047
6559517
1405229
7731111
7455399
8533953
4561193
5170831
7969821
6440493
400219
4629101
9595653
5436801
7345113
4046211
9027013
20911
1193661
2998549
7022613
4267999
6587431
5916867
3377649
5432033
3853841
7403007
9085677
4306013
5962257
8461417
7327147
4272421
226871
270357
9366349
1339427
6491509
3503373
7659929
8178291
42973021
6468541
3034621
694113
1000739
6792973
361583
3568493
4393223
8080161
540819
8004941
7366219
1064597
9625989
5782893
5245107
9262711
6198799
5670179
4389847
9785703
453937
95721
9357833
842723
1042043
2756767
2848589
5561933
3346107
2645017
3158077
1522363
7003651
9824683
5696747
6880561
4644171
46957
4173239
7876299
5603927
2423261
8702133
4431201
6633979
1894049
3229831
1555269
6191877
6708987
7588851
3762343
1726123
8103391
494719
2922109
3423383
8906647
2376317
328151
7368189
3614123
3758717
85182301
972721
2348881
4092733
4982333
89328269
8588029
8784161
3774149
1255881
882143
1504613
8892913
3041849
8198173
8618577
7442569
9606571
6548971
8700171
7934211
1099979
1717947
6134851
2459643
6163301
8273929
6848301
3842357
2720669
1837823
1555943
132351363
150296017
8133433
611183
7334329
3989581
5873901
9649557
393859
5261499
1893391
8952343
90362743
5685689
9674353
9200557
9483957
738857
250683
4004039
1465691
8500327
7009161
6884371
2860213
6197063
9343771
118334409
7402077
9249961
6152437
2752603
2987661
643749
1279687
7678793
2842047
6717487
2507747
5806641
3319333
7026197
653069
480269
8257557
6075091
344609
5679243
1751069
9770611
5705959
2985271
4990957
4172189
29960133
8417879
5060237
7559983
4133849
561447
3302429
9654179
3185573
326611
2899179
2024843
7334813
2236111
2289217
1383693
8922627
562899
5824917
951341
80659
1229889
6389259
5343371
2028237
6621829
4389137
4658949
547799
1053629
3833297
9882273
6092243
676619
4035729
590569
3679273
1201749
4652537
9541549
5550219
4404389
1452653
53279507
3509953
1499131
9581047
7493771
7626807
4977433
9550303
8242843
5795827
3106881
99877
9307359
3339703
1306979
429831
8360109
9736011
7254003
7572493
67156791
9732889
3075523
4710733
5007691
6307333
1920887
1612721
232317
4715743
4911171
5081539
8892473
2891877
5151119
8220659
8830937
4278459
8103327
3877203
3268547
7668289
3505461
907023
5940067
7647391
949239
43768917
8306403
1810457
973223
4446747
3316677
6195693
9803727
3487519
144683
9775611
6730147
2412251
1740427
6302291
6989399
4048629
3910623
2196099
8049027
2425283
8839069
1224639
7859111
197387
607431
3787129
8991689
4158383
18100191
3567927
5347863
6326023
5432973
8718011
9432783
8084873
9265949
9487459
5045473
2999807
5743199
2538583
4336551
8855511
9026053
1421427
7167847
7448343
9330517
7192471
2011223
1287291
7033753
9227869
2372953
5156843
7808837
773731
4321207
5815407
9296113
4106053
3966277
9262213
5939047
252411
2655493
3867471
180913967
5847531
9392741
9430931
6345743
9236627
6182213
8950193
4575829
8150307
6307847
7483591
2411051
5937057
7586889
3633263
6162011
6758123
2463349
81715423
6054103
3787513
32954223
4155551
4834111
7766519
7686367
4455513
87368167
1298267
3223519
4918649
5814551
876649
7620623
8277667
2253261
5240947
6154751
3464687
4831573
2661967
2564379
6990869
1083649
820163
7890053
6490033
2997329
1930299
540153
4550649
68341
1966831
7856721
668507
1979939
8248233
9752233
2867533
106008559
273043
3627667
117263
2404291
2653069
9632667
6643621
6434113
1303003
127895621
140739
214387
8245829
6988841
977093
6651613
2686837
1676419
7040093
3361259
6613117
8908409
2494197
7298321
8175331
2383097
9328433
8652937
2476749
8842473
3239101
5279857
9058371
9857303
5880123
8399591
2190729
683747
5148457
1880371
5096179
178949
6547693
4226339
5701471
6490157
1526467
165783649
1328017
5852851
265709
6481993
5705743
8253781
9989637
8793649
4942359
1663157
9280401
6403871
9476117
4413341
4833559
158283741
4268541
3208069
3726303
9038993
7469863
8454991
7073077
288027
515453
5888031
8406123
9572563
7408601
7558957
749793
5916647
5265371
9104917
8508747
132264549
6827947
8974127
1270327
6330807
1215639
7283101
3805091
7441683
76409
6219599
5530209
2246877
8565369
8931577
1140581
5893249
6943083
8640663
709037
7772519
5629319
4943267
228337
4379261
2776041
541101
495957
272103
6206831
2557093
