9644777
6368899
6697239
9067119
2692313
116424411
4352163
2484011
9726943
7473717
6263827
3723787
2028969
9420793
6373671
6770757
9312117
1550079
147740271
9178781
2909889
9799267
506251
4120277
2253379
2778489
4179839
2943647
4816581
7804331
8725721
1399063
8747133
714167
6742639
7100153
573627
1657397
5177591
1450927
3568233
7622423
1980311
5195973
6925987
575129
9648589
2805231
67921
4181073
1537207
5585587
115523
96931059
1332247
1043709
7136427
9451549
3438563
8463191
674817
8715337
6022299
3353657
2188377
5931123
7424393
6369267
9903647
5346947
5105537
3958929
3314887
3469607
9545261
2650041
69379581
5074393
77483759
1455267
3635317
5541381
315739
4232679
4431867
9947559
9451837
497603
4556809
7286313
1290191
8061327
8612501
9463481
9807513
8718053
947199
134601
1087841
130258003
2796999
937233
7726453
70277921
2599579
8028449
4759887
7618893
110936869
5913483
466237
2833457
8336521
4036773
6053639
1657293
1396261
813353
6979939
7133779
5898429
187268867
5611669
4959781
8070227
168855649
8665119
1443173
6775963
4017637
3550351
2608783
9522989
6377509
6949921
5678121
7781121
4392571
3775409
1048813
25079179
3666541
68078889
8727047
4425677
8526477
501691
84823433
124199
3953157
7514661
6166683
2680109
7311459
29830267
9172341
5608499
7146697
2729501
1869439
878059
1200589
4189323
8753213
7690889
1215849
8762667
3814187
7554189
5038539
8080119
666413
9213971
2085149
183984221
6730527
3386009
9089141
7681259
8757513
1026297
8954573
9452023
1807007
9709353
7021677
6349261
9778227
426801
2670039
1539761
1884487
5737703
2459891
6891529
4144379
8927517
6573967
2450733
7405269
5011527
8381729
4715741
5469873
7802771
356347
2340797
9495713
3976813
6415059
9478939
4239111
9323391
4278949
4480109
610471
6894531
7240729
1815801
146952187
3524069
9960121
3532757
2007599
2216367
5977531
32958731
3458901
8812277
6605567
5709939
9862773
560299
6251861
6555291
4055051
8649531
4735221
4501669
2927369
6788313
2407173
2446357
5733199
8756311
166736323
9419351
6663867
9085501
6620587
5740409
4023377
7739057
4355211
3137181
5659117
3688051
5113899
9270617
770821
6603487
2729651
4701653
2730267
7848303
6676451
437163
5187161
3923773
7592303
3904321
6915763
7685899
7422331
545461
3470319
3783919
9433743
1024037
336249
3532949
401787
6476829
5919979
2101837
8599751
4047677
8945309
2256173
5359043
5502633
2223603
9810647
2473967
8944827
5100979
6286531
5566007
2630457
9448649
3483127
1730901
4899929
6965781
404099
2373101
2727233
8514209
4548861
7218353
7668703
8753193
152680263
1284607
8567337
5291183
6401401
1278513
4780631
9178841
1856797
8484529
2214729
3105033
9543721
778949
3791073
7473767
2771207
7514073
2933571
1495591
8992611
1795193
6638047
2758137
3797239
163085233
1941969
9895791
8132723
8352197
74436753
6209741
5291879
8972617
3693867
7026531
1839109
5475781
8213853
9713659
627603
8590113
7871149
6577503
4625589
27965961
3646657
3886607
678597
8591511
5803013
7558123
3937843
8685703
8852331
9111163
2322499
227381
301157
1167969
2448087
5653059
8026071
1258661
505349
9471287
1282147
9688837
8840873
5822187
1202533
4234267
98926001
1310677
9591297
7375851
6831521
4104089
205173
8902777
6235671
6702839
8400693
4774611
4146137
3738093
3379207
106817823
8557393
8893223
1152167
7643697
8623977
39597929
5622991
5992861
6519419
754369
573017
6729291
1130027
3469599
6988541
4317263
861829
9562433
2137609
2598621
4944817
2506301
6264439
62093893
9616629
3533253
223413
1383643
3243299
1418983
8750477
6634089
9504809
4634963
4489749
9700099
1871533
51964831
2388407
8918263
9918719
2276731
5833591
3968273
238921
1714583
4368479
3283009
412211
7720609
9902431
6125181
107797
6528689
7580289
6617471
1735847
8860307
6142253
8730583
6062959
3571129
2263773
692213
2502523
3528419
4745673
9869849
2378127
822229
9543181
6749981
2746231
7206323
1874123
5503123
4971971
4176877
283101
249993
3629571
1026863
1585849
4507539
3444119
5461531
6193579
4134753
9903181
5600569
1496373
2983279
4933099
7747181
140267663
6504013
6564467
3536237
4697971
6505277
7449767
8234933
2546677
2696143
4054553
1276061
1209247
9892223
5424649
8502067
6075423
2182871
4386703
6042619
631653
7416563
3195843
3276377
5750191
3921849
4230857
848023
2433573
1674321
7300097
3383939
7944293
8897663
3948611
244997
8309277
7213569
3677629
9338157
749891
6063973
7495223
5364481
4216383
1793851
83544269
9619053
640991
2547697
8655823
5406189
8702217
2248009
3137083
618909
3522187
6754227
4408909
1061313
1033061
3209279
980221
7459359
1363733
6467729
2388823
6030701
7106423
5228157
9920669
104090719
9864387
7451449
2842487
60289747
6046931
8920259
4879923
2595451
1887593
124867299
6674273
3056573
3544631
8038029
5334211
8589721
2487489
27995629
899563
6682857
9662601
3985151
7500303
833281
8018363
864903
9838113
5157139
3779083
6147733
1762917
4077997
2858019
150529
17023
3420631
9174529
5115839
5506173
9639783
4826329
7521731
8512961
3337359
4929681
5287091
7269063
1311043
1092773
1727897
93450977
2463513
9874781
3515051
2719753
3912467
2953873
7555743
4527083
2059657
7250541
579647
630993
36769
2064793
2546853
3349699
1672229
6027073
8414677
5956991
5447827
6538687
6227941
1807489
7177579
299069
9567359
6227587
7004043
6287177
359471
6705821
208297
7620829
2043147
6221337
9713501
57323917
1188363
4904871
4225693
8782601
9185323
6099383
3868263
2713687
3530031
7939807
7287139
277683
2890331
8771371
9952999
5764603
8007837
6277161
148275601
6631273
6671079
5621089
3233333
6641757
2786147
7129503
6375329
8172603
2479449
9904137
5358993
681641
6148561
8818619
7354287
3533903
8451363
9811293
2226897
7803273
5820971
2411217
9814693
77926533
2450821
9904827
1732331
549637
290157
7387799
5520549
6074431
160847327
4628941
5061531
7372839
2527467
2644009
3985537
3449771
6882097
7249789
7394131
6458907
3650837
3106627
8777919
4818587
1032483
430089
8700539
7353977
8677849
2546729
8164523
8222001
7916757
7015641
3784263
5994841
786693
6766023
8579791
4583573
5964407
454823
9462251
5156781
8718141
3191563
36413437
6107397
9234783
5763833
1857049
9060841
7336719
4463969
545229
7780751
6558359
1611487
6715439
7061843
7454191
1269053
1112643
6761497
7232773
4462183
2317771
5646289
4950699
3654313
5336659
4465183
2911119
2867777
8180571
9071353
5111093
316591
3905263
1636073
548647
4195671
338043
9008939
3677397
1009481
3638829
7976743
2945113
656771
2318621
529709
8771887
8994123
9261969
1990823
3787369
24267
3258761
4854029
65637
2770463
7655139
1290133
4774317
4157191
5171787
9397883
5284961
4959889
2560203
1929113
6201537
14033
9690627
5643547
858391
6143611
7553569
6793329
