4187843
8163207
8430787
5862081
117232173
5376191
1628611
397151
7171047
9948211
1649337
60337
2391291
1070547
14681
9618213
8364271
3238979
957331
8696467
101463
1008503
6956647
3501367
3951813
9615161
8729761
4944741
1361107
9632969
9659589
3709593
4192013
6547139
9502051
22741
6493637
6159513
1786227
7784241
983893
2789857
691913
5939469
7963741
9028853
9503299
3773273
1726369
4154267
84533929
5133917
9614281
4513799
5212789
7332291
6276683
5280691
7414591
2456603
2460283
2318569
6753237
6281611
6368119
1020659
6347927
927617
8659977
2914653
8264909
5449047
3035231
1265319
4609929
7316417
9805753
9191657
8901373
8168687
7112033
8200033
8437637
75718819
8108809
3692391
5553563
7213413
5604379
4495267
2681449
2301939
5030291
2331629
4195043
527009
7337523
5767381
8342873
3826913
2789679
439951
8238929
5990591
6178621
2939747
5295603
3050963
6927623
4714473
2517269
5789123
6178119
9292217
8028561
6801599
4482879
839409
3735251
33247
9896691
1891739
108271
2399919
6517539
3029687
7266607
5081679
3288309
375363
5640117
1039689
6120841
9434083
134967067
7127479
6447
7718013
6015307
5342429
6478949
8207259
85261843
89756251
7473351
4005533
8935823
6335421
2972169
7481721
3138763
2582923
3100467
4034751
3847969
6431901
4479683
7021801
9116693
3012091
2899593
9256147
7434577
129950693
8184751
3154531
5982433
3714251
2900697
1922781
3640033
8893377
5692109
1915843
1005847
9757737
4136609
2234111
8396379
192003721
3130359
1307089
7529831
6714889
9345733
3079593
6373363
4561159
227611
8526447
7104413
9644301
134328327
3373251
1537269
1668809
6436529
183504009
6241921
8176349
6463827
9156543
2459757
4883283
9239649
296873
7658399
6205667
98979727
4805433
6854817
3964829
7307619
940651
6583823
458989
9271921
986971
9007943
4960461
6659291
9983249
9707857
1141263
1145067
4169077
8128593
2967931
9004519
6301669
1600469
9369761
2526751
1115203
9080961
7268379
6764517
8626899
3549909
1359647
284649
7752091
9982991
5040031
25181
7952701
8997083
9233147
5657213
705237
1931613
3913547
3930319
8241367
8035357
7358667
8352641
8299521
9107483
7112737
47251
2049361
1327659
1801063
10195991
4319281
3770067
6291899
6417499
6668797
954987
5095091
8120467
2080413
6011441
5347983
76076233
6888793
2402663
5281811
694201
2047351
7262129
279561
1549187
5683519
3737577
3685801
4709949
2018453
2917391
1517229
1674233
4530537
8640081
1167713
9679999
615881
6663067
801933
3745497
193155557
3181771
8775497
7793229
4556781
1817247
2892649
8806187
1220959
9692301
864531
1559643
4237651
41601
1146117
3438019
6193053
9724967
6958777
7149543
9020867
5240399
9460801
7015273
1364379
6897569
101462007
3256363
5741861
2627151
9398959
981947
4655329
8126933
4102539
7397241
5395889
7664177
7109877
4965669
5413743
4520027
3138921
4992121
1619363
186781
7424737
8503087
44761
3857021
3629743
6750399
4112731
1610193
8339879
4456183
759349
9214761
9828303
8145687
985983
5530883
5340897
6845813
1904433
6322101
4015073
3496009
7504551
5874567
3413691
81333747
8752421
1223439
7990477
2727539
3204777
3214771
5148029
1268641
9079337
2556753
7666971
4407831
7093799
7013079
4786989
4576701
9526553
3788367
1952497
9472579
9812953
2451167
9580187
4400559
527227
8874663
3621133
1993561
4492219
8859119
800353
7168347
3487223
5468427
6240103
4626419
9554837
2533073
585961
129127
4254633
3480811
9743723
8543711
9874519
6091691
5676133
5118537
8236027
4821079
6771499
7178799
8510929
5295829
2385047
187056043
130579209
1573477
7306697
3344243
4228281
4840239
9110669
6084933
5465933
6863021
8158859
8395911
173821
5058099
8416207
2214117
953971
5279577
3005783
8446943
3272497
960683
2774469
1181483
9914849
157119
1388379
4978717
4519217
8891027
1742807
5476711
3536049
3588731
3416999
7956269
8529133
8136351
297327
165263
473357
2552511
9675949
69059
2817801
7253583
4505783
9959237
2792281
4243087
79650573
1359429
122610497
4844453
9048783
9441989
7775029
6092499
3694861
8237149
4962359
9307787
957291
3496531
8822917
8732227
8526079
3592631
6441777
7661373
3285731
3601561
3197109
6300287
2224809
3552007
9556089
8473157
2065031
161742993
185371429
6685409
6365249
893937
3663323
100354621
4482617
1347873
7062551
8568547
2420343
2434149
185884989
1799953
1551289
6716191
2919099
2557027
8091951
6959453
8984717
3844067
7761753
6932307
150227
5193759
8691849
6390289
6364571
6864899
113003
397209
4649189
7299523
1072689
4265491
8249793
3248449
1158191
6546979
96294811
198550783
106289
6950469
6062061
957179
7775871
9694809
1555401
9852533
8586639
6617997
8920729
236757
3049353
6207531
2349969
9871859
8102619
3018799
478541
8756729
2478913
132263
5879359
3782839
6669847
8503141
8319813
7609583
787271
4139303
2331383
4893753
7340633
1058529
737337
1078837
3837159
6599619
25147
1765643
490051
2118871
6412181
8409623
2491309
5193759
2377023
9454621
4994801
5782521
7656913
1494707
8599583
9331447
5568641
108331
5555837
4471277
6341797
5040173
6566243
6877141
5846869
8763309
117996347
5511227
9689781
295989
7446219
2895039
5137969
3504613
6191503
957499
1660693
4643627
5150921
2283167
8692867
9046933
3953197
9227041
1901909
7099507
5360603
6621347
2776629
9692583
1733869
8723553
146917867
3720761
4275813
5402417
984797
2836669
3928029
6486093
6896453
1211003
7268261
6158427
5381099
1533593
303707
5862249
3124367
3391769
287251
4177131
7565053
2490937
9653659
8428447
261197
40623401
3181603
4891211
7577757
4850063
129610163
5801941
3507319
1177443
4651057
4586931
3276431
5082239
768719
3328067
9459829
8705027
114926041
6803211
3138373
7085431
4072473
3084589
5131563
6110623
5345077
6437771
7902149
8921719
12158081
9454237
1533911
510247
6096901
8698919
7715929
3461601
8382351
107519
5456433
3137917
897761
7119161
1478943
1553337
5013389
218623
103369
7288683
9736929
2406233
9564947
5390189
2942423
3511131
9985259
3191231
6658021
9492939
8734173
7022557
9780873
3242001
37679
1716167
4785079
2057429
4337189
7197141
1558109
5215037
8746249
71858683
197599881
5310657
5051033
157821589
3249333
2842807
8690467
550129
3429109
8958617
4227407
3797277
1176563
8016627
4064441
363893
321817
9295439
2709541
5593307
263357
9852931
5180621
3113723
1489979
9435389
8454021
3872973
141878533
596369
7584457
3060031
8180591
9227841
4537017
2447837
117927
2081911
3634473
2313513
7897399
2670847
660943
5501681
8839893
5363839
3184433
8860233
4186979
80125323
2271997
7959869
2635993
6860631
1631907
874669
7584281
2170717
8180607
154499
8648847
1817123
649401
8991901
5856399
