3153439
8898893
4766077
2724429
7978641
9292989
2487149
9499441
5875021
7261063
1041743
4816967
3073639
9835433
4224901
1013467
9088049
6344303
2905533
3506407
472311
6303167
420949
8303917
9256741
2570323
8422587
70187509
7662439
3815273
4144531
7942149
6154701
5077669
1826491
506871
5668221
5744307
3789901
8638789
1387239
188329637
8737599
8892959
3214371
2589467
1451451
7892087
6811451
1326423
5238103
3413839
635999
998049
9215653
7268137
7731199
131885429
9008017
4898569
61043
8862249
8325887
1772921
1593633
9544317
9342087
1395077
5063977
2780773
8574941
9282309
794279
9941663
4833373
9721039
1017643
5938669
5235159
8775967
5506863
5603607
6753421
5679319
5711603
5847691
6499453
3149847
4925307
9356327
508949
2379733
9317781
5186989
6720293
8864719
7297787
8051869
5157559
7977427
7693741
5152361
5960439
625469
7330461
2281371
6014253
1636123
1458329
4917211
197424811
5010047
4264811
3875397
8679909
2112957
6681009
8414183
226763
2447601
6602149
931381
4475897
3684147
6058959
136671
3832253
5225381
2791973
398077
8302937
107072709
4207001
7337551
1813201
7194531
9304443
9126641
2959821
9407817
9559261
1277861
2542193
7900627
2903017
4659119
3895651
2914087
4678857
2117619
4066931
218573
3824661
6092747
961121
5817121
2826919
951159
3276507
6244601
9318107
3365887
9118317
9086271
9753893
5294051
7833711
4961751
9462613
7782771
8494219
7833503
4808253
3260009
5008987
2901991
2321803
6995423
1110963
4826371
26383497
2437347
6651307
3124303
4846899
2027961
8047651
6420401
3095087
4278763
7801991
2615267
4269049
7209627
3174363
3666769
7195481
2002489
4472329
8203921
6448113
251243
3795307
9040473
691143
2102143
1132649
2343577
516277
2551663
133034769
9103439
9900293
2037059
3861879
8219137
7415249
2390953
7982873
1157863
6611663
6603593
5406483
6063909
9082019
8794067
4447287
6875673
74948753
103658739
2525841
4774407
7106683
2728329
5523281
6162571
9499409
5884131
165291
6095583
2442767
113593
173649347
7864171
9987369
6984923
7878917
8004683
6032361
6560447
1835991
7465087
5850691
2024411
5976633
2726097
994909
32326373
8024033
8957513
7997029
5857681
6459093
9151959
6607363
1672299
3074031
6128813
2255087
8484151
8753123
4918439
6228853
8187893
2926607
9616951
5645243
5118721
1774181
9302397
1328763
6101639
2632537
136807
5443053
6715047
834393
1067699
1249817
507953
3157481
2710907
4009449
821503
7711429
1836699
9740851
8748229
127840807
6029467
3045987
5309509
2122979
1090197
3363249
8583181
8808697
8688091
9995307
39408583
4335147
7871647
4372299
1856829
758281
8458001
9086943
2753363
431063
7674439
8647241
3798863
9069551
4809277
8093229
51024141
8241211
3887411
804479
6135297
8797427
8912189
8923467
7527891
8861377
7448031
8977309
1496353
4394961
5369969
8560243
9796833
4878011
8253777
81019011
3376809
5230723
357637
9509297
2859953
2391439
815863
599899
9294787
2360371
6288739
9339963
6859727
3839401
6164779
9726951
1214797
4859443
4740097
6834217
9751717
5443917
4926259
2935707
6811499
1740549
5196757
8272261
8965909
5973237
1690931
3611441
2845029
9131813
6362783
2540401
2451837
9936181
3022737
2616153
883299
2323919
96979489
7310197
2798001
6599861
3627173
2980303
7779727
648557
3809593
3216293
9521639
6998437
6362393
1707887
6702831
8561961
6225211
4577293
9518821
6835589
1587097
6770179
5993443
6557203
3518233
6547747
6438279
6974759
4127191
5037517
9387631
3474461
4522479
8488841
5583583
1702557
3639523
226433
9744317
4633011
1867307
8627733
7473279
153643
3062941
4643987
3557441
2006791
2082109
9569411
6854417
4757981
1131327
2304523
1792671
5765819
1611739
4393307
7249413
5251653
7209169
29317
3003691
5933413
9196907
7912451
2804601
3986423
9467951
9492359
8884583
9962487
4395419
396263
7258299
3852371
1469251
42881
6331079
5318643
7426073
9786067
1503621
1050067
5365709
3516493
140911
9132321
9667249
9350833
1793599
3008867
6350471
2666643
5967883
2202777
8259961
3592931
9501253
8253477
167358329
8277459
6003151
3672437
4195203
3876573
6320241
8690913
8951137
5420119
106552111
3163731
3580127
1646709
4599511
7291377
753207
1423377
8670637
1624531
9833749
5896457
4304139
9110107
2596413
782147
2043371
1767489
9750567
2530873
3123301
3054019
2886151
8669159
4645439
948787
8817719
4303237
4197627
8418361
2450249
4090611
5767431
8955089
9680671
1730257
2427489
3036971
6940131
1320359
9354067
9985617
9419857
396869
7949591
41402633
345241
4704871
6717591
5917747
9341437
3706221
6025677
394631
6083261
9295191
4979779
4291927
7311929
4485673
9129113
6991381
7781933
9914373
198777603
4808369
1098111
2783689
9297133
2148767
3406959
5400051
6018371
889209
8891483
3063411
6172153
7077501
2233383
878191
6360539
2057547
6688683
2801001
135098541
2228021
3720439
9639751
9696187
1595047
5927569
9719341
8756297
5865369
105628859
331853
8292797
5453907
1502901
6440823
1019587
4143917
4467639
4708841
253141
2776631
3904181
4747663
742233
7105129
1298213
2275581
2534419
9138323
9794439
2591051
737919
777863
3934249
35455763
7768171
1930939
4031981
5617939
7124657
6336387
8545561
2706831
3574849
5910297
1190519
8547639
2509149
5532279
9366427
7616497
165933
1073031
2544107
5263257
3641591
667159
3125159
364319
734441
9552367
4429551
7713609
7726771
2903687
9644769
4683179
6191577
1396973
6936723
2647627
5129811
7108247
6349583
59764899
2397859
782141
5264693
8550589
7579539
8956819
7746557
2198893
9079283
6012983
1788207
9071051
8914509
4815639
6565457
3962913
347069
9086757
4290693
546251
7959277
9109393
123807
5630887
2217277
48231637
6372457
8585071
3288127
9820863
5942351
1810193
8960871
4261129
281487
7777079
8704347
218437
8868547
2187317
1359539
7772957
7328787
5462499
1509177
8857599
6828239
3782429
8709931
4781509
6451709
7322861
4920101
7271167
954009
131511
7747571
8769011
5026609
2829561
5591243
7407871
6994567
8792689
3695167
2695931
2160601
4834743
5909501
2499627
7218627
8271587
9802599
7604623
8362899
4553411
3943053
1888281
3991451
2667657
1700811
6822039
5809103
4110553
6684173
831729
6965503
8930637
5605937
12953
5476149
4032171
7373001
377991
2455609
1108457
2132901
1257349
6888499
1046209
2532797
6316361
39077
7321219
9896483
7074037
8604673
