8895037
843157
146606159
7636323
3014517
3404867
4023381
159734811
7240323
6520771
7322069
6688713
3694693
133561357
6676087
2219671
199229
1294327
6117891
9105131
7483129
1037579
9638463
6650407
9290221
7414461
9870931
7034483
1800893
6761323
9505207
1856411
6170713
2037493
1145607
9681719
7349867
8200661
168497773
4841629
9533643
7127077
408279
8634413
2965701
5107561
3265433
310027
5888047
4425083
8839267
8665723
1749497
5498637
6685397
1885773
684993
863179
2430357
4540603
294631
6548351
2848053
5763727
5785569
9182191
8887629
4681303
862487
1816379
4048129
2174891
3268863
3305617
3353957
7871657
840433
9446267
6069809
27348997
1093199
9484867
9305853
3800653
8408577
2897031
331779
7834631
5711769
4883957
9889883
54319899
8971987
5617379
30795841
3185773
4595091
5898747
7976783
7196017
6602099
1614827
36071399
1175267
5613001
3600141
6518549
3667917
9335349
895943
7013957
66297927
5845143
3440233
988029
8209123
458611
6852259
2000331
6673583
8563333
9427879
6160799
4394041
918433
6310577
5182267
3119669
5129037
66613
5595929
2521557
4113699
6161359
8276307
4709007
2829307
6461211
3832073
3382197
2056517
4091431
87490487
9418453
2229441
8409619
5870887
8676457
9452501
9177259
4646371
8640521
8046421
6690579
9298389
4122663
129123
15249
2079469
6626059
4364429
845827
8648543
3328259
72072867
7723257
84901
7285007
764217
4393093
1952067
5313223
4640827
7979593
7864627
8238839
9803367
3853567
6235871
7076141
7225683
1546733
452721
5058749
1107729
5268287
2479721
6464681
7545017
9250173
6733993
9250161
9026537
15245687
8086787
80246513
2080787
1916949
3837923
7047251
9849309
524487
5587701
9501247
7527531
5303531
2649677
649507
6860049
9414901
5111237
163289
6973883
7862659
449739
5760529
4680271
4429121
2390169
8945281
6632371
1766771
9384987
178681071
7129973
387463
6139227
2901473
8954647
7391433
8306537
3031073
2155267
7283407
6900279
4146359
952247
6799649
2890809
5650279
6853229
4054831
7666043
1680859
7876039
814961
4505877
2590383
3983109
7662593
5742971
9663387
6056007
4488817
5670581
1453711
7438139
4075149
3983707
4998389
5410027
9570333
2773987
6357627
9017351
6623217
5966703
3301643
99313471
5742017
2376721
8309111
1379773
195818769
4944259
8102539
1205281
6116261
2146549
4650539
7319463
4284007
6790203
759303
3536729
7591873
5353623
9038879
8436031
155549
6670589
2318141
62994063
3342599
1314557
4291003
8563511
7707741
2848519
520647
7510067
132933341
1338259
1322997
7097967
2578121
7394983
7193817
8093377
6845601
5764933
2661863
5349737
1059317
5686849
9367211
4285653
9405167
4632313
8784917
7411153
8487899
6805821
4603227
200209
2876939
33418573
5365603
3429473
6742419
2728183
29134091
2918019
138851971
7312879
6784507
5660793
2694439
5038191
6161159
9991723
112373499
3312613
557207
115845413
9515429
8365353
7861099
6038023
1744141
4175573
5549259
6531851
9315107
9390399
237267
872649
8675247
607589
8163469
7403547
8293693
8205167
7708833
8865789
2941363
6077987
8335539
4930473
8010773
3862833
9444671
1240591
2206367
1661251
1277143
3168147
3651231
9525119
9737183
5182017
6455319
3110197
3691493
7663753
6725603
63837243
1796699
1396153
5354333
4382581
6559299
8489627
2629021
6832759
2354631
15854117
25309159
7378161
4142043
3222281
5218463
2740323
4446547
7427779
8517929
6791069
2300841
7024357
9098547
6210673
3110071
705177
5426987
8623949
993149
8821247
7266173
7978567
3956881
4421969
9798849
8264887
9961279
4649187
4405367
3372003
3115249
9138167
2502973
7535979
198373259
4848993
123199
9911797
3257623
4496999
8242239
8798051
6264609
2636993
9835631
100747
5450283
638679
7816931
3571647
2399099
3628991
4698901
8665381
313083
4579551
4436341
843349
3390339
8704233
339531
9658977
7373649
7533837
4096381
8153987
4349309
9534231
1847101
6352793
347007
8588359
7423933
8855319
9095593
9837953
7386649
7200769
4016311
3887759
143797573
3180809
7562301
6341481
396673
3437471
2348203
9207723
9306303
4259337
6593211
4723617
7870843
7482573
5079141
6085137
6722953
7280917
7970161
426853
8199781
87634789
3437839
9539221
142149699
8320023
3767123
1435517
7525763
9046363
7009253
2257553
7109131
5908573
1208321
4448323
3482701
3693071
87889
2577689
6586681
1448389
9023663
7194441
4015793
5354911
5906471
6609297
9161641
2616749
7893647
4779799
7855567
116584799
3453281
7794439
6210163
5855271
8333499
689937
5286227
4816749
1243643
452701
189001511
304319
895979
8602843
7507303
6325801
4599579
746763
9053061
4874513
96201719
3090281
6919373
6070783
3234993
904229
6682469
8854289
2180863
6608243
4754663
9245517
187628057
2244021
4228237
949213
8222389
6849199
2455931
4741397
8412413
4986159
66943
7194219
8659259
4215969
8980817
1099767
9713921
429541
7555903
9934101
7757289
4339281
5526043
4549127
8444811
2344117
7819661
5357543
6448937
5155963
9141057
3520379
35773
9312821
7218013
8591017
9361121
9852121
48577
4366313
3861033
3223521
1001821
2259373
3147367
759479
5198523
3382253
80057191
7527387
199381
1582121
9185899
9257643
129923409
9505739
904347
7395433
4885471
8804311
8674491
3234309
8960031
5411523
125105821
8998239
287911
9452957
8557317
6505093
8301271
7198601
6308323
562601
3429691
2944271
5666281
6137033
119930481
4285821
5222371
5051799
609191
5840459
1501583
3967529
2844383
9287639
1337463
7139363
4611919
582539
2968281
9612817
29235957
8370293
8783181
1850897
4969297
4025477
1681237
6450793
8493659
5776221
7460101
2103533
429903
5358829
9898859
9551149
9853991
6237787
9419679
8483557
698163
8779983
9611369
8339517
7769519
5387211
9923649
73025487
805271
2456037
4139497
1168433
7923313
3753599
1967571
2641211
5423847
6956121
6957747
8068751
8724771
793933
4505083
842081
6341203
4333823
275573
6275833
2937949
4970509
2975257
598487
8454551
3726209
4056163
3720849
5499683
428473
471307
3736871
5011739
2235747
9033773
6151861
190970033
3804847
5715961
8254571
4525273
7098193
1719669
7064981
6921811
6061999
5242429
6327901
847877
3023763
2674007
9795601
48749
6281263
2172639
1834139
9032769
259447
4220631
5256109
1031463
4194301
3329923
2597391
5156099
3436343
4716649
748287
5166953
6948531
6186229
4080923
198876101
1979079
2876677
6073607
7163477
5045181
8406689
5934511
700963
6613427
3131739
4987809
7408923
4937299
9358049
705317
1961799
4744869
914161
786851
1506009
5851371
7352771
1093123
7233633
7363931
2775237
8605421
63357151
4544011
7187043
7537687
1741147
8451321
3991639
8334431
8234089
6534729
2649493
7556917
4813961
6793579
8902209
3236197
597191
115661
8063071
9043087
2225869
2108359
2909091
741689
749431
3940901
6230401
7098051
6335251
2534467
4546363
2946483
1513469
927111
7016541
7628579
163659
