4025417
5147547
1864053
9982521
8880849
2319627
7552689
9227569
13415333
3548993
2521069
4828973
9413037
5719579
1668449
3052403
3557283
6529617
565691
9558461
8073047
2601707
352573
7975967
1204817
435593
8050699
4525587
7292791
8874927
6687809
8571329
1914929
5061433
2004849
1330791
3899051
9600261
3437959
9819803
144817587
1230553
6429599
9846081
7012583
6636737
8340367
6916353
54889517
484461
180168821
9240119
6624347
6886787
1322207
8801707
3830499
4081229
453167
3725763
9033141
3120041
897723
246451
4404689
1612897
8253457
6220939
4532223
1427851
906917
155419879
8776213
3332321
7343421
41717057
6309499
6891051
2909811
5957859
2406207
3424907
2788569
4891077
7805517
8860613
3663047
7501973
3071661
389727
3096607
8843443
9960269
2051323
3554007
141872803
8451463
8672149
2963163
4158831
3914821
3553077
8673483
861247
3184747
6388761
1409909
8464021
5086341
2123953
8713291
1571221
4144367
138585529
7945869
6626113
5919569
1315493
98612647
146086429
5677307
4711631
4179889
758929
3432437
3131189
1574041
1636009
7497113
3966923
4236623
1540129
4428543
4702679
9439421
9665677
8801433
7186853
4829181
7466679
1375741
4638281
4396811
3834963
3087277
3613439
8982107
8312397
152041
4021573
56581921
6756231
3381599
1515647
8314607
5022441
8650977
3477077
4048097
3577133
7355761
1699557
5246887
9519267
10968891
3344833
9573239
8303559
154881
9662583
5779693
54228161
8950531
6586847
260319
6941573
3673273
5104767
5363611
3813901
2879613
7206653
7353519
628817
4580421
2150293
4008491
5420921
2286959
2866403
945151
8147229
6831287
644329
130686939
3953731
2915761
3705019
2654983
8181983
2629481
3446323
3878283
8104923
7217217
636979
20197819
7102733
4454881
2958287
1079563
2498207
8709063
7346331
6039131
4751363
5387511
4452491
5174327
9612759
8544169
7706847
4400753
6648583
3601883
579049
7703469
9767077
6244737
54725457
6703187
462391
6505389
3453293
5181157
5028537
6618969
9825363
475009
4746457
7138829
7260031
5709363
4802691
9636049
3216853
2754319
4424579
1968077
1745787
992129
3210887
915239
8327513
8571031
5351043
844603
2672631
4675789
4289249
8947387
7511193
172127687
8741233
3750509
3636847
5881499
3859443
6017429
1886279
118527369
5473139
9725297
2386099
7539269
8632887
7430127
3955819
57313447
129399031
6466639
168923233
6071931
5451849
8970723
9725207
9782773
3061617
8451831
4607757
1677869
4744247
8046353
5031951
7175443
7397903
99315767
3704007
1605217
5267337
2339493
6111437
4290453
5754723
8107599
7300201
7533027
5999153
8971053
5250531
6851881
2740349
7556851
6164761
4998791
1344133
3195469
4089561
8430567
3670037
735199
9081447
8942643
5642719
2069933
4561451
7618997
6632589
7816389
3147083
7259013
5505299
8797341
7427839
9688739
2454849
530787
4411453
3725443
6993363
1990803
8977739
3795377
676219
6728403
804803
4608713
1017997
580197
1092927
7673337
9562719
8563103
5978173
8128621
998461
9499077
6229883
5675801
3981543
8081543
5928437
3332003
6060351
1500429
1136529
4889967
2648877
112746617
873717
629253
4919459
6808099
1137389
2357937
81853287
4455947
8885231
1421783
7900363
4845701
3256867
7139487
9161701
4925467
132677
637521
3478179
3356413
2051663
7631387
41341127
4755639
590293
3634481
7155957
7121041
4025241
1011417
2146101
1581641
5000291
2381283
565311
5753721
5713219
1552973
1896171
6051917
6328047
9422339
8696957
997509
8575463
5772029
4305759
5552629
6910879
9615311
1442873
2575499
7029691
3129541
1331429
8598701
1035339
9272759
8742543
5003297
3061219
8460561
7165277
102926077
5240053
4614513
4383531
50504127
390029
4227411
4865941
50095369
8036089
8663487
9698841
7026391
478671
7456651
8519011
4304821
2032263
3525191
5384827
9818141
8467057
6035431
87924341
670461
9832419
5962421
2758197
7030251
5651629
9201659
5218081
6230089
5299621
168259127
1881869
9644871
4851867
4455587
3258161
6671409
6216029
1088417
5270077
318961
2145469
6377583
9616583
2163477
4749767
3546347
9931839
231873
1488211
100927
7491107
8763607
5111641
5473811
7468783
428441
434209
3633483
1127213
7653647
159938193
3183553
2573809
5084821
3706679
4448573
7546373
7896423
6759283
6143527
7307787
1450179
7369027
6010827
6280287
5468299
7826733
3366621
4367011
4059303
4700437
1826139
4948809
5999911
8940581
5774367
296929
9871489
4773161
4323317
5727017
8334003
7352547
4793247
7400577
3846117
8162383
8296523
2659733
8916079
5990217
9990741
4346213
8371049
1569279
8749077
6319397
970629
2977053
2054463
3327519
5096109
5473437
7075539
995907
3813919
7783361
1525709
6864657
9039943
1790941
4064807
5386267
33223
8563691
4423003
1716303
1883919
3570761
5122153
1803343
6923357
9594529
8140661
8595283
1016043
6343837
4747587
6849991
3805867
4074817
4289149
3847567
3022503
4566277
8112043
5778497
2455197
7013619
6242663
9899701
8494803
5995489
4985777
1495307
3361671
6814547
1970289
5160771
285389
3709053
6106103
202613
3598357
3622737
3305343
8524253
3713847
4733907
460461
7988957
29877
8796083
9754171
3498439
3739291
4661821
8339587
8218513
7022047
3381943
8569747
9192773
7809887
4366901
352739
1124473
5714147
9203041
2132249
3947613
9678843
3860509
5788523
789991
5072087
5864453
5158149
1691899
2537719
1738087
5842497
5233431
858393
41791239
113811919
8151937
5770987
4340377
2028933
2291509
5536933
7606071
682691
4508271
5831971
3820171
6701641
4730403
9551371
5282783
4538273
4202381
2508861
1801301
937249
77273
7502849
476631
2088301
4962661
7845183
2939477
6519219
4792197
3195161
8448609
4671413
796319
1946743
7202083
5980907
2087199
9691669
9084199
6638129
6414553
1575077
1552027
5456529
8694529
1360511
6670663
9427947
2446249
5696587
8589897
6863619
148891559
2546637
3821107
9287077
131441
1075419
4486711
7889817
1431013
4592759
4954223
3515117
2641451
5645491
8338997
8696153
4754979
6549319
5373993
1391467
5356733
1883637
3559267
668471
3918731
4047791
58214619
4492799
5140067
3376839
1723199
4554791
4179503
7194599
5301933
4090391
4640001
5854817
7607169
1028839
8804887
8056853
1247999
8752767
7198457
1433007
1066721
1966763
2808123
9101319
8269327
6856997
8673897
8474449
5769823
719527
8155317
924551
6649871
4690531
6315667
3898783
207007
669023
4881813
7516541
6848163
2664419
9801741
8287687
5053423
59372409
1177929
3154689
6950811
7463909
9985199
1566013
9834237
3284219
3807751
3077361
7450371
4413243
9372923
897023
5395943
5165963
4325559
85333
4293633
49927
9285427
2579881
2661441
3455803
3489681
1440257
3882529
939289
4486239
605687
3590787
1895897
9535573
6668211
164615549
6681241
1064721
1535279
1064377
3385307
1278387
1818439
1460003
6078781
2562981
16758911
946307
9411051
57980877
4834277
9550439
2603987
5868851
6596763
7789397
