9255583
3430699
7458871
5572301
8146971
132021
518091
4058701
8143973
5036573
3583501
1732401
861173
3899867
1470333
4890187
1026907
9778281
8458631
6422519
4407377
2971019
3631783
7408453
8260117
154447939
2483343
7880181
4618517
4673673
3816359
5704641
2722411
8866573
73840701
436821
1415803
1038421
7054537
9052287
3561639
5685399
6743067
3377941
9864017
5862777
5410251
1327697
6723829
9935233
7668359
950611
444521
8641663
400603
5919641
8738817
4621101
3370951
3196527
4406103
5090529
366503
4507729
1161703
7200453
9840257
1908581
8486697
9353527
624037
433871
290719
3833623
8063317
5755473
3725933
6847667
9802811
7916539
4980697
7651561
8381347
5372067
2477963
7951867
4364283
2696871
9852431
194335519
6636283
4440553
124469
3703829
1894203
109126983
3260163
9643249
593241
9560727
1231841
7509733
5005351
153735039
7040129
7791513
41265797
5213057
8630027
5722401
9355377
3565931
1706627
2819671
5231297
8759929
1913993
9118643
6022207
99362079
5765913
4160697
4848021
6267727
182751
43881
8905743
2598973
5485653
367853
7843341
1474231
6558357
6282481
1932811
8219187
5134849
9695419
9274289
547733
1181237
5711573
4821107
7387117
1169693
6007779
3996963
9565093
9497267
5951897
7718789
9626251
3133799
2369909
6513279
2549179
5341389
351271
4009209
6703113
3581103
8823259
7669621
8370997
8177549
9378981
1359767
1848693
7460627
6994743
3423179
4775021
5096403
7082571
3299491
550079
362999
3357011
4332697
1264897
1960207
6222263
62287
4401479
3304231
7460141
3742239
1162791
2840227
1338871
8971123
9964639
4064747
3217971
8589919
1227163
120167513
6985641
136047
4840953
7028417
653681
5080221
6123137
1161267
9077481
2051361
3328773
9807889
9322173
1708283
7117501
109745189
2883563
4317149
1624063
8961649
2316999
9404641
4406023
9952907
1545147
6108371
1941279
941437
9663589
9178483
5113437
9931943
7006309
9124477
3260609
9445123
8131397
171638857
4163469
3157939
5668903
4286783
822577
9369523
5257423
7450471
4599753
141268301
5932387
4673547
1316921
6804899
2822471
1578119
7864939
568279
9443129
459379
2526613
7672671
5341651
4435193
2381949
4944911
2142607
9418883
5834541
9065209
9980941
9426437
3237399
1191429
8135651
2826733
5962601
173639223
5753723
2742617
6626893
7015673
9520441
5024687
3003897
7579263
4223189
2407177
7813907
6733963
99425509
5954119
5435599
8906517
6981679
8423463
8720711
8949907
4013627
4067407
9864937
1818009
5918219
8427839
3830759
2748493
4577713
1659133
6934941
4678637
3943973
1304693
7980221
8267163
6487599
4807781
6709999
4358657
5184669
9301251
7146651
9342287
6158957
8963707
5286371
4196999
850837
1146801
3101963
4850479
8016043
4655143
9528719
894007
2712659
3129271
7554819
8523721
2138431
181448243
21273
2317083
5351977
8052439
8049397
915263
3810433
626753
6509893
9100023
3506419
6931927
6661259
34445077
1585761
3786851
4877059
6750829
764139
5899339
13090079
6439123
2473989
4858217
4007041
1277641
9364751
74675839
2324587
7632813
9460949
1121227
7250189
5107863
3038601
8098009
1926443
1480017
392979
5544843
8289997
7017851
6151423
6446133
338609
2370339
9493717
8008807
4475907
2585991
8740863
197279
7175369
6705061
5342157
5748819
370993
9823211
6899483
3255899
8232229
3667077
4451203
1885379
1803647
9514689
2835099
1515269
132793
1198393
1937357
3339389
9954159
173441
9259983
19336641
6554207
1587947
1448299
8021387
1698679
2626953
6793503
7733629
3308991
1925981
1335401
207889
7290281
794937
1520497
6432829
1344651
8657569
1785107
1556083
175177
2733541
6630603
188472621
5865441
3640821
5935497
5790659
7825257
6251347
4091917
8885789
2310371
7554753
6436471
8619283
1753807
9746917
1839969
8082521
5180381
6215283
3744361
9541981
7567911
4770537
134130329
700847
5288883
9113093
3467523
5631087
5899393
8097821
3188987
355749
2142541
406281
592717
126799
8166577
3897009
8820061
4283273
2242659
9587607
1063781
49136749
4094179
9583597
1545783
8457789
9668757
3364477
4897643
2534263
7318733
9488271
2309159
8155011
9739019
2610349
4359433
3638827
466413
4421717
8621941
8120323
7929931
2529721
7041079
933581
168593583
2735163
4228197
1134693
181549
9518243
8038609
665099
6538027
386333
37449371
6217939
7812189
5639379
8837037
2498761
9901731
5659981
3088677
6006163
8384333
2876029
3569541
8024039
1662711
53358571
6200601
1570811
3383953
179876613
9564827
6723557
8441459
980537
8212517
5227367
5835621
5182993
8083573
842549
3842547
6030491
3606439
1842999
4018501
5083091
4616391
2922421
7674449
2585933
6007643
7318297
5130993
4832643
9449391
6570813
3736641
147073387
6597553
33809089
3647457
4845719
244283
6665691
4947703
5309231
695371
9619621
912079
3523727
8935747
4587797
3407961
9910369
2247817
1826551
5075613
8114087
725317
4443077
130115867
6986583
5991999
157539291
9758159
6971841
7747753
43792029
4094153
8325801
7262941
5610021
8263379
9162613
3565821
7001809
6719413
5872783
8305029
7710431
8212609
3696717
196742003
6540211
5720809
794931
6653267
1739657
1497111
7111969
9497859
841489
9681313
1474799
6914813
97131621
5689789
1779667
1449041
5580153
1165943
609517
1160029
9685699
7582541
4138881
4424659
9656841
3863831
8956729
9131153
3685897
7363
4020103
743231
9953081
3060717
3386843
8564003
7634907
5291679
9965649
8531301
6871307
2907797
118240967
7550801
6758007
5665493
4271067
3921869
6806323
5290873
4698163
7553799
3803949
7740227
4160161
1458883
8113807
6248509
1473771
4489791
3640801
9436839
4320887
8937511
101391207
8228889
9518227
4363223
3581537
9473229
8914793
2771223
8257601
3812553
125726289
3739331
3903129
954559
8322049
615521
5673791
8654757
5121371
5340497
6025879
1602629
3522947
26953131
9797953
9214093
4495813
2032833
167521039
7675509
5173161
353639
2577297
2862001
6537919
1551403
2462571
2010039
471593
4018573
9215957
3785047
7977117
8410203
3680581
9776321
8708723
8027123
13846459
9936621
109657
9487957
2301791
6723973
3372841
1455421
71296561
5288659
228733
7600573
144325103
7201557
8519089
8897997
3778273
9094889
550157
5933643
41894583
5975587
7812491
9182213
2446401
2565467
4831627
5846493
1522177
4447073
3303813
4234891
8736747
9796527
3525153
4674487
7806677
1928629
164177
5968913
638133
7873449
7384187
8229529
408229
9351543
4878671
8869451
7416911
1470933
7211783
5802423
2439003
5813837
1548531
7620071
2229807
1349581
6477633
3001499
5432263
9988307
9510451
4813259
4387869
4884639
5890563
3404667
3622221
6987823
7345907
9371773
