4547353
7454719
1252277
22320107
7792269
5511281
2344131
4136903
3551227
6777939
9586689
7937017
656251
5031813
5053883
1587833
4826687
4055799
9494181
9786269
1979779
5548123
6653767
3428829
8526397
2254347
3824719
1543277
9808941
6129061
7661597
5472589
9406601
5919331
2093993
7777549
9098643
415597
9215097
7536257
4171289
2023423
2603009
4899129
639091
6078001
5922493
5607643
1538757
7560141
844837
7491339
5335679
1643071
8961823
1693723
8721221
5835493
1309179
4188979
5573743
5943009
1735371
3839559
651247
2197691
6126363
3164783
7674389
1006317
185627
4651129
8660587
4159421
2299933
2077379
4736749
7830157
8108871
9643497
47842853
7993459
6845569
9182603
9030399
7726809
8585319
55835499
8479877
5112729
6486381
9618521
5078541
83194447
2679813
5816621
801483
4860083
9028547
771491
8672049
4041573
378581
2418237
7596787
5200031
1709889
4227423
6164399
2281303
6838573
3058019
9695773
9933229
9466707
1399649
288357
4901539
1608203
3259949
9403709
2563459
2627837
5433543
3965737
9210267
5658267
1988421
5693101
4864893
6692037
9044053
7295681
6066067
2156891
6512303
2178433
102845417
6510741
1449999
3181597
5865243
9193939
898039
554827
9339347
5815481
4075561
3473163
1116163
6279397
2085327
4362329
2174699
166963
8846053
5424139
5310997
9460057
8998561
3475389
9729951
7281967
2981201
3093047
5193781
4652047
4720427
4622887
9856867
5206231
3703507
7812209
3215561
3185003
4483977
2914099
9992017
3549723
2961949
7699921
5291721
6867811
8809601
1294539
3528449
9330763
5470911
3622943
2488027
2907693
273427
8919947
4668919
2853911
5516003
6365273
1276441
3356993
1948051
6216461
1263603
8119657
3259297
8852527
8358213
1687713
7586201
57623
32144891
8360631
1817507
4855723
6287117
5127423
3685629
2162101
3675253
4970807
8098003
516877
9532091
1647199
3978297
2717263
7595089
4202501
6047259
5578573
165012449
9609431
4936697
4673141
194194217
2616443
195228843
7109307
4436333
3410831
2401851
3062787
9675949
7573327
1163863
7169063
4880077
8585243
8385089
1130969
3114311
3416547
8468829
6667117
53867
7392711
4688187
2916353
6953271
516741
7561
633331
4678133
5074689
6900093
9170447
1719841
5626531
3060459
2068393
8373923
7080059
3453153
1699529
3832957
1173329
8063299
8740451
713447
5719319
5317011
9434547
6020899
2327627
3946243
7088429
5955781
580279
8896659
9499371
1721507
8741933
7969981
2080599
1835639
8073011
7407353
2737929
1891
9579693
6297153
2369539
8916861
8946409
2795959
5219521
4496791
1106393
1037109
4490599
3864929
6488967
75699
1176353
3403107
6041457
8687667
4244473
8821183
2334319
8764449
2536337
8456149
6531357
4805099
5448293
1507217
7200503
1267121
8702243
7758981
4419573
9595281
1863693
8095557
3060573
101771
8127101
1236039
8018981
5863091
6905871
2878593
2176903
143873
3147553
5560197
4149261
6440639
1452513
7048541
5504963
5483949
6129041
7976833
6256991
4098909
3381947
1443859
2187011
3978379
5927827
474527
4578047
5359909
1465253
2257497
3302591
3760211
333667
1211153
3793
1228943
9341041
1300823
90414907
6405679
9624933
2856607
5548871
1089401
5314349
6468079
8530541
6675017
660821
1013517
8467873
1644189
8263821
833103
5432287
6542109
9724229
1288909
6926789
1632619
1406851
1269819
9118313
1884107
6153019
7643287
1920231
7176623
9853059
5703133
8891011
2395447
8161091
4671861
9978287
4146817
7754903
8176813
5240219
790691
853251
9915591
8996857
7524861
6466939
1796209
8742881
704537
4727699
3973271
3902083
9055697
2437243
9977621
51033
9275557
7223749
2287647
4559527
8199197
6514431
7275719
6728219
2805011
3025053
157566557
829211
6454263
198337873
5363571
9947871
603147
3677483
5555893
6398869
5299929
5956779
9751201
4109357
2605081
8080217
7296329
9424879
8599321
3015953
4180719
2293167
9727201
1624097
130363683
5266461
2742053
857541
6149957
145599
5382149
565941
7966681
7692063
3041879
4864097
9205607
1410663
2977769
1492147
7111443
6396511
9221657
213723
5078237
60299283
7175043
34559517
7726277
2588323
2221
8304681
5864683
5161173
5184721
179768691
4074159
4809103
5447407
837629
9455823
6541577
8037293
1369853
3072043
1017591
173986413
1099851
3529969
9775243
4979947
3075443
6203849
2986057
5932099
177519
5336261
8630841
5524121
8928201
3544871
6381363
4063589
50551781
624557
6245639
9336619
935113
8313919
7868421
5160293
9717109
8895601
1942801
3642201
8183769
3442681
8867671
9750961
7461047
175083239
3651411
59969781
2702893
9988323
9177071
1272831
7386237
195539
4468217
1307531
3643753
2198503
5021921
4186229
9489369
284727
258341
2250293
9528999
9497057
7299949
5884093
1516929
79193833
7951411
5007421
96884731
1882887
3281981
2074813
7702283
7448469
9469431
4532859
6611769
3461393
6118591
1560229
5653479
2607693
2388117
2308501
9535019
9149129
1374959
2241323
525693
5110601
1925641
8547061
5627417
129256949
305529
10960611
3180999
8244247
9521459
6993973
1532427
2409127
2834211
6315369
7742097
5898659
574049
85457
3850903
8961641
7734731
5577961
4673799
6436281
5633497
8606771
5841357
8864161
8177999
6633581
7287999
8689017
7663989
8452957
1808041
2668909
265693
6445419
5554669
7022207
9092819
4851937
3569081
795859
9433797
3947911
118763813
946591
925467
3649757
9474161
5133929
2446719
55713
3336989
5536689
2279457
7793751
5490759
6698383
9748323
6135261
4256173
4667021
5302019
9668631
3455091
7761223
4741133
8673883
1366897
107876973
8811593
2686357
3742989
7166449
8839003
9120827
184723
7211347
7785369
9026033
4134093
9690633
140542793
7871589
1197931
8558503
12455557
387681
1234953
2052487
304839
6614043
4553323
1140263
8174327
4162167
1299171
7666059
33744157
4497683
2414229
809021
5752213
8134687
3444969
3963869
2549919
2263053
397833
4429363
2523161
6450049
3638881
8869453
4161211
2310639
4749591
3094861
60503957
2222917
3849403
4712333
802797
1153673
8140913
820279
4727753
8495419
2337867
9551887
9786411
7533793
6331957
5824939
2745667
4296039
149061077
2317123
3436821
6313183
3746837
3081397
5037157
3918923
9983027
7851583
5164653
2388961
3400067
9436907
8687897
5504887
8866131
3555883
6361959
7490009
5224801
4170501
2727997
7476191
11064689
8831981
9448847
1825387
8967623
2582599
9714491
6552271
