4485799
804989
4899381
6068757
5946307
3261923
2449633
3667573
8158319
5746369
8038697
3550019
5540889
8121391
2265413
5381881
1319749
589679
4197797
1118099
9530267
7791927
103428061
1635837
1121107
146544159
3780073
2206809
8305957
6183897
4400751
9886247
1566913
7409809
6777413
7331689
7574089
8826571
2668669
9919879
7733447
5208831
96583307
9242567
6769151
5624017
9640107
226173
5714933
1192183
3684877
871213
4504691
7812007
476991
6167689
23150427
582211
6495251
7367929
5249559
9291569
8190609
5511263
7300857
3824807
3569063
6672023
3377027
8969173
4224563
5635853
6875861
8559203
7727597
5296759
7752929
2297771
4608731
195589
5625117
3685337
2749521
2268543
7525187
7258783
9371337
2646781
9227509
1228447
9257281
9381561
95859507
4434859
69337319
6013191
7204023
3825801
908427
5590057
9546621
3186789
6141237
74037993
1813421
8989441
7538647
6453793
6012307
7629943
6195489
5175367
3210687
129492273
985541
4665689
7516467
3996159
5373197
9945373
8817973
208449
699739
1632729
2639359
1926287
4126113
549159
1594989
5053179
1267041
9454271
6937891
5229979
6481859
4180223
8348673
9293019
108793
2685903
1991073
9158629
30081
6569231
7900221
8945629
5249743
6528041
5278077
7335293
7133859
662579
1028763
3807743
106179287
5851921
7162293
4922761
2655477
3842877
7209657
1201969
5178937
4705079
8487991
5220673
6435841
1938719
6512667
325953
742811
6475443
2078801
4583567
688539
5178527
5217123
2577121
2850671
5085897
1825479
1785931
4919529
8382173
4092193
227211
1131407
3203183
8412709
8072941
1146363
9203501
7670041
5359367
5911959
4191341
5954029
8201031
4135493
3280817
8447659
9534401
6921643
498069
6375471
7829257
8912199
7362419
8866821
6384929
7908409
6831889
5233021
3090517
5099017
9305481
8999379
7783021
3883777
5441249
8580847
182103609
4330741
8836913
7873483
1587491
5361571
1870107
5410751
5493347
5208651
9552567
6677981
7395399
6540079
430597
1387943
6917947
8087627
9943997
4151941
6507641
9995949
6598787
1951091
7612217
1710023
8191471
2780181
2895287
6312653
5276537
3937109
1242699
7301123
4963607
9700859
3992411
2307849
7631477
2601323
2435333
4140473
4697457
8324009
4576007
1160641
4427719
6573149
1978737
6324563
2291833
9281571
899709
3743403
8501333
3472889
6207677
6316807
1676613
6044101
139829
5590373
1077129
8676323
3748019
1774377
131797
7815877
5554241
1623217
2245587
6481051
2212209
636551
6189819
2219901
6258891
2722177
6466037
224321
8133289
6821887
4416067
9913873
5980851
5321121
7898153
3775529
2285631
5315057
6184649
4935919
3973081
7509599
9420853
1986617
5310641
4379633
7990939
497339
81096741
5530291
3460141
2732529
82061547
7162347
8505597
8340699
9146823
8174313
9647039
9568251
8809359
1944799
7056729
1524783
1270479
4211253
1406457
188695107
71490289
883071
7247601
2804683
3300001
4175633
1180697
5994059
5938869
2685433
6135677
5310251
3893699
6199911
1053457
6763503
1223381
4060187
5300259
7295641
2756067
2654903
3699491
8810581
5154269
7395937
159679017
2138731
5897913
1872209
7421137
3340547
5907773
7526473
3095397
4981711
7782239
158731
7168293
3535211
8942447
4927857
5844691
9516941
1916289
1419819
5964201
894927
1953331
6693973
1980191
110743
9073357
342239
6151641
6537783
4024071
9602733
6124221
84357907
9272981
7502221
4161729
2506341
4742667
49642367
128783
4160819
4038327
7444849
2390593
9048353
9245097
9211701
114948883
5584543
696169
5028369
182507677
3580919
2694829
110683
3107747
5070971
9727449
1904097
9042133
9366701
8214499
9021391
9381443
2801999
9264697
9711237
5125639
2894457
20359
3853219
2773003
5767723
4241851
7132007
6913591
2976423
6153171
642461
3614277
8609333
2826597
8195401
3914907
3248267
7793729
460967
1302641
5642031
2015911
8625837
6575461
227807
8753023
8977489
591587
7818811
3637049
9855021
949557
7681819
3850273
5785773
9795579
6425657
2591689
6149447
538699
158678019
224157
3867477
8643259
8159043
8224071
3510519
178924071
6960961
8134769
1217299
9244233
37908889
7432361
5880861
6112641
1188087
8277103
7520529
9780059
2422169
3553053
3074183
5583371
3739799
7049261
1109227
9645957
5089757
7378229
6794317
2661883
2973551
5988253
1434983
6639581
9390333
3852017
152261161
7267127
6575633
435987
7820653
3616443
8466023
5234417
3440147
6436337
392937
101692357
6652333
2720167
9625479
8624153
4585153
46291
5833169
122942027
1663421
7199429
176606903
2567097
29383909
2403017
6567763
4309571
2614019
4937261
18570499
6382397
4939407
9679571
5732117
1872197
3233809
9236127
9588649
3103851
4344253
7840773
7453739
2974659
1620059
7839029
3416857
2739509
5752267
7810703
2327097
2989093
138102393
3436539
9841571
197227
5733499
3339921
84213
566613
438717
5578151
2769807
3043341
4098353
2287067
6639539
1426303
6323111
6353573
3675353
6164749
7205847
1209863
8260989
80431
5877689
1612699
926431
9572183
5896083
230563
9591847
5112287
4954091
643789
1736821
996241
6654037
2944997
2381627
5288773
3794097
1487827
697373
8270937
4804367
1093651
6639767
7736257
7368579
102961
536643
9566721
2478247
4531823
9215867
5856187
7265809
1233999
5400363
3232407
491747
2478203
2217313
5986617
5993091
4612241
7695867
7160231
2353009
2569269
53478797
9298547
9643253
1944689
180831841
7936827
8632141
145875397
609709
5030827
6725571
8510659
5932011
6369537
311641
104990241
185677
3605167
1525667
8519547
2873737
1245921
6643993
4261911
266403
2317611
27599
32615147
3862319
9677043
6886091
160093
8124773
9307397
3859851
85678267
5861747
4081023
3592801
4033273
2481273
3912217
6623999
2786143
5370013
9799293
9763319
133707753
3481011
4906789
9569533
9994723
2244597
1281219
3791707
834221
3156741
1141357
111456831
2354303
8516049
7977227
3615449
2738071
5106359
432677
3607639
6989387
1014999
8637913
4404827
7662231
2016203
9275199
6382301
6089179
8260093
4193899
6415099
9025783
38126251
6762513
5774649
6214367
8980851
4257577
77168549
9037869
167471
9791011
8043819
1295621
8124099
2220771
6139441
5731563
8166587
7453547
1284029
9033023
58649
7171583
1971133
9368749
3101289
6510401
7760617
5220277
6084799
7466303
48859139
1927971
1302019
1019807
3431681
693211
6786101
6891333
8476567
2848227
9774773
127976459
8088117
178777
2370811
9220087
159799587
196549481
4645043
890311
8948501
7756303
5694311
1096199
520863
1414031
2337141
5257959
4918717
110414863
9666003
1811913
1604689
1014149
8525669
1784349
7448733
4586161
6153391
2237217
