9741783
968809
7775889
9845941
6435839
5089737
2808027
8790703
6727371
797619
88590037
5635289
9999129
1089677
8985821
2126809
626421
6854329
1118897
2669727
1016503
418807
3511753
768369
3116123
462987
3059603
4667107
735307
7504823
3017897
6905209
3208511
7371997
1753369
9420659
4872847
4913649
193635379
5148699
6423999
1837821
5005017
7747951
9205559
3529771
156812621
8592753
1260297
1164831
3985221
5109029
779559
8863627
3124219
6057787
8527307
9336907
1375457
5170381
1756301
6824423
6380009
3757943
2560817
163473
8487873
2938673
6364219
4152921
1872069
3469469
1112239
1831771
157360387
5916087
8389223
1839741
8404111
8971031
7835567
8224951
136760031
5810311
821179
9449603
6358333
945889
1077309
569223
2172529
3543351
538777
5185507
1222453
5844401
9265997
4191357
9962597
5508839
2555803
1822901
1623429
704813
2982657
6289999
1144909
799701
6093781
9896839
5963211
7762691
8562277
6026983
5362373
7297523
1972349
151099
9245543
7951683
8413487
5608993
7540523
6770761
1335267
1797503
712829
7617987
1530253
6003049
1468181
1495319
4509593
3669999
4383457
2519197
4934547
2632587
8924207
9063109
2473947
2593513
7622193
8105997
7118077
7817189
5003411
4996777
6117827
4016203
2665601
5702463
3603447
8645971
960481
5796197
2761771
4894697
3281821
3499557
2013981
1408669
9138541
5225681
6367161
9681629
7490631
3003703
1200181
7406827
121511
4263461
8412409
4790421
5298381
273891
9590059
20836141
9476089
2011741
4605617
2437111
8125613
2395027
16793
6607497
3521093
94637
1395139
3997633
6024519
1961813
2206911
2821063
4612493
5342819
2688333
2355287
4798027
1426563
1670301
6311951
7907611
7566847
3571007
3584447
2249973
3178021
5755763
716349
7313549
3091991
5201549
5679783
4671509
2291667
3806661
1876191
8794441
2184197
7784879
8329983
6902873
9012807
744333
14852587
8199723
6310399
7396183
3543743
3866129
510953
7053237
5970899
8266341
1931033
2101801
2196303
53881
2802887
2387171
2145997
2731353
3949809
4596519
3890217
2236857
1676241
5540801
7683537
3072031
7770659
8987961
4839629
2444847
2819513
2446279
8268319
4197731
8136857
244097
1909257
7967539
4123439
3930277
8200907
5951191
6617729
5058347
8337879
400027
156598507
201681
127926077
6129141
630757
3300093
3128297
8525341
2671633
1132233
8476453
7884761
5511359
6572131
136730323
6944833
439157
6984489
3193087
1393799
9753619
393037
1453801
7465421
4434247
3899299
2832373
4321101
6783417
6570829
6716949
6598253
2461823
7941149
679723
8352157
9495277
4726397
5615139
9113217
228357
3464499
9157359
3725753
8904951
8586663
1871413
4500319
8406907
3068929
6237397
6890893
5601307
1219909
828239
486631
2628931
9836927
7666873
1971381
4046993
7774471
2957319
3948297
9771059
8855199
172027537
7902483
772653
3315179
6210843
1007967
145509723
3218311
6045827
9816067
4251183
334939
1909139
159687
1398177
7026881
3113877
3328451
541227
188769
5341261
4320413
8924071
6292451
2956471
7553741
3698923
3262283
927403
7472451
9459017
4096123
2846487
1234527
7915867
1222919
4698379
9128307
7388659
727553
3683983
4073971
9055181
7224561
1248903
9128773
8027743
791703
6039879
9914501
7405321
3928909
8882343
9215041
8732597
6079739
9415391
3332633
2761069
3656897
6113013
8274463
8688131
7793233
6642473
4385419
6970129
1657469
4254429
9577493
3472891
453581
8129379
146277931
3804709
2933279
4600829
4355303
8114431
8005509
7159999
7979777
317851
1667563
4235267
5743107
6015977
3214037
21969951
5602801
3370911
2572181
7863781
4240667
2757713
1908559
94377949
5120933
5442963
7207233
9846319
9680867
9565077
8659811
6618047
9068701
6383559
9494499
5371409
6461953
9787001
1301567
7229169
5464467
8526923
8048619
2432877
2982153
3182981
6078571
6586079
3248377
7237181
799407
7173217
43899
2673653
8212711
9671297
5953689
4762943
7746617
8859557
5495779
5564449
5109501
9970781
4641649
9699487
1680033
6796721
2501727
4385987
5608767
2390311
7640409
7868003
8644189
2986409
4400623
4573997
3462659
4679989
1045177
2581363
2201029
2277459
272787
6553429
2744447
1462119
5299483
3751623
5656041
3835937
2099329
4200977
1461341
7630437
7263393
101059839
252089
7323527
8318257
329569
189077
1027173
126981
3525329
1309047
8283817
4222359
7899357
4446909
1424617
4038753
7902571
130847447
7557509
1927113
6813973
5092153
3505227
3957157
9748493
2966991
7559807
2156053
7553933
9033133
4524273
1955403
3371017
9017803
9055483
5574701
830211
9351223
5404059
2845527
7682967
2925749
1219729
7962731
8866999
6559717
1834521
6830021
6000063
5848489
451151
7795137
7448017
3637927
4084231
9913171
6769311
5542931
6668089
6715133
73079469
8032613
7477837
4240057
6473881
6406359
6197829
5595947
8590457
2204119
7662121
9482929
1556357
3770907
321947
6508981
8896841
1113649
4220649
59970503
1602073
1495827
1290673
6426023
2347141
4940577
5973977
3097593
1506183
9643243
3673477
1530647
3723169
1677691
2284067
7742469
8993133
3271187
9833933
708261
4527419
402121
7054629
4635921
2750339
1364563
9395251
4603821
2632151
8406923
7603869
638169
5686231
2409037
1002723
9853967
9904887
1240721
8251127
8780669
4541701
9631763
174663111
5806981
9798719
7038241
7257297
8917159
7030489
1977951
168302743
7419849
5119147
8908161
6973217
4279891
2188989
8980829
204573
3562663
5368893
2421517
8917637
7646421
4771473
322001
6725337
4830089
9356479
5814761
1288467
6137193
3338377
2735967
2978777
144443
9157849
1673587
5116829
9858907
2138261
8770633
30970509
6451081
1620319
5460917
4672679
2691623
5003079
9522631
7602221
103811
3424541
891103
7385683
9394841
848101
6361163
1366011
2243793
9898179
5802559
1854477
6920453
116501489
8983731
8587417
41021453
5975521
3344223
1688601
9957907
6650931
997327
6579829
2683163
7065401
6633619
1222263
3423709
8324157
5077033
2168573
8777687
7066101
7870321
6234807
4982803
1652113
190723779
1261081
6531963
5575041
5662729
2142971
3060187
994229
3177069
6575011
1983819
4951971
5731127
4790619
5973107
4084057
186496621
3630159
7936441
3440291
9649287
4498517
3412287
1654401
7600913
2408017
5664353
1472051
6244871
6420293
9136463
1484429
4517103
8330257
1263273
5092101
4565317
1777301
5841639
835731
6199987
6071387
8041271
9212517
8197601
6140653
5424157
9501713
8257443
2775113
5391661
5145659
4107073
7065769
817263
4168437
7316577
1368471
9987449
2813559
1182851
8324441
178353
7390771
6940557
125288089
7518089
6941423
298307
4662367
4004717
1825293
5925273
7247621
321409
455741
9393429
1481897
3120591
8874743
8982487
9857547
8627389
6259921
4993621
179149129
645329
4448319
5645687
1562039
8831269
6175467
6449519
2001467
3447051
7814389
7371859
5245589
