9781799
148942719
7451927
588757
7086159
9115277
6275941
155137939
169156899
7535499
111596921
2005811
2650739
3735807
66599
9799169
4919277
7093671
6817231
9579569
4796807
6767509
8558573
3877617
6638643
6949787
8465483
8201437
3964607
1894889
140618483
1118351
2434763
5340929
2814187
2040017
297891
6084519
3065183
3602857
9719809
7677611
5573243
2833331
4742913
131215503
3886451
5390153
6741929
9926061
8765471
3362027
9358793
787051
6944159
164682511
3766391
1358539
1760121
2529441
6265247
6611459
3048643
1328899
9416043
2025561
1065813
7396051
6940901
6915939
9012569
1690213
3868153
5224837
3800913
3715761
666889
5902737
9355363
3349239
9603947
8522889
650169
2254099
2159947
7598061
5629399
9428491
4743433
4134851
9927893
2641661
88184847
7611423
1654423
8689479
5921583
3788563
8355717
7775061
5461149
4755749
3711411
8951969
6404637
7216227
6206459
1848167
9427619
6786121
5685683
779661
3773519
5452137
8494273
197338723
7667397
1347753
5339717
5347109
4001971
7872313
1728911
9830393
8644177
7919419
4506141
375833
7099787
160448307
11200487
8725071
2742091
92235651
5456227
8697191
2586753
6086517
9214507
9593007
7778497
1511829
6627381
4634511
3761411
9082099
4980393
7019697
5472337
2702013
6979187
4265243
3886469
4073213
1883579
6689849
9563681
1684761
6730057
7185169
3278067
1170779
9213887
139115069
118621359
362273
2729343
514179
4062267
9676453
7273237
8820243
4084843
8573837
8174153
909957
2466099
1510679
9492857
2369021
1336003
7521173
16486307
3480731
598559
5140859
8650803
66125893
7608923
7892343
5732873
3172933
94082247
1955939
3378571
8042547
47861687
9206299
8545219
1401097
3002743
497823
7082233
2044267
5544533
2479877
8335321
8517493
1365613
8047881
5651279
2216263
6101783
9188019
6298021
6170227
43263
2190057
5816343
4241153
3559369
881269
9830187
167279693
14111
1071167
151253983
1984543
4458171
6406299
2951611
9795033
3816929
6895651
9575931
2649607
5668379
58801
4056119
830669
1711373
9973651
6810227
5835131
1615521
4331271
2896617
20759
5399299
168020083
4580969
5921629
6665323
2215991
328901
6936121
1889693
3573059
6581421
5213437
2987703
207077
3262343
4790777
3631777
92979
9404113
4606037
5734601
8662007
6869469
152883
145153907
5009773
860481
6734693
5964847
9541001
6001133
2747263
2424229
820749
103222877
8058867
3088409
8016821
9049441
343803
3086681
6459617
2282737
4350263
1566163
1710077
6649527
9689109
1275211
5322879
4816289
3719963
8244349
403317
503827
3416333
2593319
3792591
7327751
3398101
3335431
2681859
9025179
174851499
837663
1853553
4761311
3144781
8509713
920069
1686221
130508741
5585371
5483317
5304771
707221
408011
5008213
2493041
3121657
796171
8894221
6619923
8961471
9260061
4053777
1851667
4671111
8758591
7182373
9198263
8955947
5596327
4878709
7915583
5190599
4105821
6905421
6322553
8162183
1332591
190253933
8940389
2954891
9776421
6662597
5568103
2410213
104911
7542763
4622073
6242391
8225537
1592941
6779751
709039
6989269
3110581
1014097
4338379
9043691
2010871
1474571
5274807
6236897
91503181
1547207
2081619
8978089
8186159
5162431
2006559
1916617
9651897
98859063
300649
4088177
3917699
1049113
1909973
5416027
7362217
9432111
6121241
3377539
3434743
6124083
2106919
4306287
5830441
9202983
9863689
7407077
6513183
334879
3375009
6472969
1409373
246479
962751
974797
6019939
3780821
85899
8231233
9189049
837687
7238771
6448429
6231737
7614927
5361783
5074027
25058307
3129999
2241591
7726453
5392717
7742589
1177453
3487649
1413569
2364113
3186309
1308963
4183397
7863859
7694953
7645989
2303969
1316587
4090819
350979
2477193
2786517
4781837
3151633
3114687
182676097
5938129
4658737
4595799
9997689
6488779
4712137
2351107
8466177
4355241
8998831
4988461
585073
12151599
9606179
113513
2344989
8167701
9114023
9086631
7690151
8860489
8984241
4555013
4370093
9000381
549309
9628449
139707
4060473
8751017
6667157
624933
9586899
30958581
2245693
179346929
7221463
3368459
2048441
687853
4338049
7498607
225817
4468943
164471
5158663
2493539
1734729
2539879
9025361
161443751
6203659
7342129
898117
3302731
4097509
6077987
9991919
159749787
871429
8313813
4936903
4636841
9246107
7384011
1824301
179293893
3407917
6180257
8726313
1885229
9412281
6817291
640357
9830289
3494201
8411529
270341
6971013
3474301
5177051
1637017
351801
6909001
1937821
8257871
8022151
2050727
28586051
9514587
2718847
453743
116016001
1131789
4722561
3663931
6340629
7941461
7707429
3994009
9265703
9875369
6580467
9860439
4104447
6990441
2239667
6153241
1221211
4603157
2046487
7670113
9570131
8239583
2017179
9121137
41896323
5207731
3478713
9460729
5368823
7977137
1882839
4034577
7283329
171275243
9194469
7883081
2290981
4034837
9293601
4089109
4859181
7415907
8505557
3151637
9154301
3119929
5497229
9541773
348519
4635503
3708363
7449539
2461293
4595319
9832423
45905963
8994341
1311023
26413741
9239097
3475601
9413979
5742083
5839777
4006319
475127
3286589
7704479
111592361
125089563
3291703
5948297
2186233
6729167
5975801
1836739
3579779
5214329
2861441
7092631
7155961
667663
8226293
8899649
5944437
5286127
4643003
8890299
6318857
7949181
6171843
1463879
5386399
4987443
4655769
3901277
1607553
162569821
8939369
2526931
8987261
1208083
2804659
4784917
4470679
7620533
2863953
2329947
6427363
1020343
1768783
5049181
4760807
2389409
5781483
122416839
7006463
7250457
7494349
7670459
3059549
7841987
6884631
6314577
6001811
9177401
1306267
2489201
1107807
8500043
9325221
4324019
8863731
1965303
3763661
80824033
1407411
7426743
5523287
955467
185629
1200731
3131427
7310231
5188171
7463143
9058737
7796353
726827
124971961
4137297
4091883
7154739
9589133
81009
4082519
9345417
5492127
9584523
3838161
1857599
8441983
9717877
7700351
7480013
1709649
1653221
2333617
4348543
609487
8116129
1568653
6953191
3795527
944167
7362251
14098859
5145857
5963737
4602907
2998087
194261
8427861
3869507
922521
9851827
9498439
7527211
2369389
3857999
7847377
4829781
3966503
2862613
890461
7851151
9041597
3576909
9860171
2974121
3431843
9107153
3457891
1732663
9390227
5440563
2522961
7758641
2690371
3384241
3444429
7911151
6849411
4122113
9704189
70553103
1069963
5747347
7993199
5157947
2571099
814411
3888419
3465009
1447911
6551087
1708881
86097
2721079
4662697
6351447
3072333
4110373
2178261
804869
3988627
4109963
5108897
5452291
5554209
4242379
6146597
3021179
3234143
708257
4989071
9975111
3213301
3199833
8352341
9983117
8070387
6680121
9982991
9377489
6295459
9809357
1765423
5036837
182660251
7501257
