1931343
6695099
5538637
7041713
9062227
8832717
9926983
5540693
9757091
3476981
7659829
2936069
8846553
41327
7338949
2352951
5120069
8155721
7113333
9400691
319991
350587
8358891
8856941
9794073
8682599
7111983
997791
6371701
1620787
1753801
3906409
3743427
53441811
9893157
9572519
1219461
1191829
2959853
4525837
9901829
4710263
7641381
8843041
9971927
4713461
771281
3577879
9366669
6614237
4464289
135133
8325807
3094589
1634053
1145119
8521381
5974309
5497471
126866377
8937239
2877901
1470957
7771391
2005353
9045467
7082733
1734597
3711581
6710919
8624289
8592617
8702011
4240221
6552337
3174979
744811
7453531
1192043
7015747
7641623
5789407
6065427
9128359
3132437
49311
9208987
9888421
893221
101303633
9765611
7209779
2295189
119875757
5642493
1030993
8162249
2139103
518209
2808923
4280179
5799737
5539153
7797053
3153981
6016483
98132121
6884689
9658083
5430839
4904367
102221067
2458269
196421
1023559
7228163
4442503
5153011
9912073
846751
8729701
4612729
8744131
9979319
6302919
7361713
1059399
9485027
1834079
1638539
8062483
7040359
9679989
3833661
9960007
2637101
3393257
8953129
2378067
7020667
8519947
5818237
8569331
983183
8852121
4544907
5347701
7875773
5194007
8246167
7565709
2028397
3096431
8068343
6665137
3028181
9099753
7790047
8692217
2308267
1705679
2378851
7397603
5923319
3541879
4455189
9461529
9924719
8888173
199469853
3679533
5079813
7284463
7133933
9727831
1839757
4246301
84832409
5183747
3493421
2077703
155984851
1218209
5500797
35206243
7591613
4633317
7843891
8921137
1406819
362887
54837
9558651
8860657
6333109
2245597
3354629
66481973
2205297
5637833
891939
1733399
6468631
4574513
9520409
9366287
7635147
3039483
5642761
3976117
2053069
7129603
9108169
873257
5015077
3492691
5963411
3386957
2924791
9451199
5626089
6304017
8255421
9543487
3175901
6495241
7468211
435647
789229
2204603
6969743
6388611
4976323
2873549
5683549
7570321
2792017
1447829
2740731
9021789
8955129
37536793
9649301
542119
5904179
6534473
5369319
2483601
396129
9295651
182487959
171187407
5165421
1209853
9922883
5606787
9880699
69658749
8138531
8343703
3658873
6317327
8423653
3335529
266747
8158559
3636369
3928887
8611783
5365123
8174979
8581281
6339733
2911891
2538313
6813807
3877393
3755363
7088097
8493467
6907899
1168027
9339673
2806791
9828067
1910073
7761069
3058393
182073091
6008017
6511323
4096643
7394901
9403311
9969111
6558623
7877517
9416423
2264867
8156263
8769999
3028377
3695281
1309891
7345353
1072851
285261
8850283
9862017
7875613
6641689
4569933
8021983
1238873
4958037
1193197
3289909
2884199
8436323
9360067
3138099
1327017
6984883
1780809
3601503
8876353
277393
49831
9419761
9406767
7833599
8839299
2562151
4519967
353473
4870779
4066997
154016113
8183833
9487169
81098749
2977899
6308253
4767243
2228609
150717487
5035353
7075083
6026331
422729
6887601
157581513
9815939
8469579
8419417
822481
8254069
9041761
9067323
7308979
1488101
1408957
4328099
2809163
7107961
4317853
3644899
2747499
2981899
7761721
8651471
2064139
7984543
1339257
2703031
683689
8115711
1574431
3607697
997709
4803117
3373293
3990393
89602681
3964019
3770997
7731671
5700823
5128903
400581
2673601
1725509
4921819
8383479
2076889
107557389
5117781
1239163
3741903
2922221
5080179
7118821
644623
6979799
7871263
5382747
8693159
4185083
6485237
1505369
1689343
1746883
4121541
4803153
7812683
3177589
9671837
5946299
6839669
3266639
6414999
6906911
5256537
9607249
7705429
6349811
7154053
2861397
7419887
5321017
7482079
9726373
8086143
769771
2652559
1295801
993519
6299831
1250643
676347
620409
9628291
150153
230647
8474649
54993227
3914801
127526531
4791579
708059
6873777
7714537
1124939
2781191
4512853
7426511
8995997
3952661
5325763
81766461
1547901
2693293
8654081
5505931
312151
4439619
8110483
5131117
4893193
5799091
1906131
6866597
8852591
7877523
2519843
9749163
1235261
2090379
5830079
4376101
4483133
1158553
694321
8866809
194816543
7057109
1210543
9978399
5070441
898811
1833139
7427071
6889063
524987
357103
9434823
9724157
3405517
22872929
1085759
5488719
6084703
684481
8684721
1447487
9340831
6773583
1154277
9295411
3474263
4225179
7923461
6355279
8481073
8712417
1259073
6626517
234689
3463521
7394653
7378783
6353107
5947977
4815691
7019023
9071963
6946983
4250801
8052719
4594407
1827723
657469
152535479
7748789
3143103
5351351
6138397
4475951
5348887
4574653
5726099
3070149
4133041
6867519
3875971
7976369
6273633
1228099
5491921
6891291
8485893
3689177
8992193
9446853
8322237
6702071
6767989
4952451
1703397
1198539
8626467
4963261
868067
3857317
2099493
137091
6980927
78469117
4702509
2593333
1639773
2765179
6451079
5207419
3133333
2871837
4125123
2922683
4066061
7912073
5131603
947449
9178441
9919829
2157329
6363563
4772043
4438641
5567021
5935539
2152931
9366677
8728529
5320563
6845447
5550771
2015893
389709
115879
871823
6337303
4711181
1760587
2803493
260253
1720729
6864229
3910777
1505257
1661029
6335853
8806099
8722317
2092573
2682563
637837
1317641
2357893
5250007
6287491
4013251
252899
291921
8109613
3260377
50540399
5361873
4291269
8028941
5998097
8400319
5171573
3230761
605883
1245869
7779617
2334277
7842497
3415069
4887929
4089157
664879
764307
5919881
9039839
6375321
5921117
1351261
9264533
8992443
116641157
8184629
5912271
2281937
2146477
8225551
825179
2591159
2400641
1652933
1352483
2411
5521839
5404063
2429427
8410429
4699399
2965827
3536849
6442449
795079
163424737
8685951
2200873
6732889
1988147
3738393
5044217
9906543
8025393
3950329
2892131
6861427
3990899
4417427
4318427
1984137
2793539
1639009
5869007
193986547
3887669
7749627
2611091
3282767
5247183
5666481
6824781
1708917
6966239
6458727
85061
7180729
9240193
4385273
5831347
5286233
3950951
8054839
3890249
8447729
4377889
1173621
8911871
6948623
9257583
9049703
6553649
156877
971321
9078251
3142683
4465763
5717243
4768493
5130519
4731353
28940157
4622729
885183
6495291
302261
2447583
1148393
7304777
8344149
4565349
1973369
6521527
9132719
2841719
7527323
1058681
188124141
8218119
4828729
16804083
9658763
1383631
3278869
579413
3285701
9532717
7589643
6789591
3247819
8163091
5317403
37390551
6464341
4979517
1466681
6740557
4622481
9025401
6698919
9992941
5030927
9285461
7182513
94799877
593613
70933491
5473501
4395661
6687473
4911023
7381291
7061817
1414807
8431183
6769413
92685673
2791241
8246521
7079353
2274329
7822353
2186363
8445233
8706977
5313397
3736087
779861
8048219
6332399
978003
8899783
8382807
1885979
901703
3023799
3212457
1236347
