829911
3231249
7675257
8592729
5161681
7508123
95817181
9999943
4814453
4599573
96559407
4875281
3213471
26376987
7599463
669917
4332511
9109443
7802231
9610363
5088317
1073721
3250491
1430517
5072369
3928249
5584021
1551571
4086259
9847101
97393
3648131
4258027
6808319
6136211
9087381
5244161
4954697
1112641
637963
3299539
9222859
308427
6121011
7630507
45090897
916019
4206477
5124667
2652359
6133861
7602719
2705601
6233633
4933659
6055109
7425763
5061023
8208009
7647137
6039067
3097873
6522221
7809799
2313677
199197233
7004461
3088933
1508809
1102439
278887
8862139
7306571
180516407
385427
1296937
2699959
2015713
1633747
4031411
8614343
3671593
8745537
1379713
701597
3238539
6262011
3379939
6589
7164149
1189179
4338673
7782447
9007277
8476451
8656109
2665367
4417939
2486567
2899223
3305709
9403231
9108833
409163
8736609
7118337
6117387
2733659
7990089
7323889
96584731
5633787
4216639
6232237
2542473
8242149
5034297
7969197
3824129
4708349
2612757
5943349
9136209
6773041
6865427
1658107
9742651
1244783
113861
9348867
239227
5995851
7890337
2634959
34457791
99721
4769781
8046631
5920483
1257787
37703743
8402693
6246987
16211
2936023
9797317
5171409
9644397
1140171
4856211
7399363
1983301
2714469
1064071
1959497
1307381
8030727
8208789
9562229
3951987
6630649
8890869
4624507
8696301
9924049
7612403
4426377
4746737
9168089
9900563
2909881
4059559
7904983
4816867
1291259
9935183
6589941
4974639
4744107
4278729
2229091
7658203
8794487
2933669
157020687
3370437
3733163
1122231
9461493
4261043
3877643
886579
9790169
771733
9578623
7911149
5126301
9449643
4902521
9061127
5756479
43447123
48970137
7954479
1146781
2176521
8639739
4974869
5973319
1876409
181790253
2217531
7601933
7944673
3134287
3938011
1379627
6089079
5450801
5031587
5689879
9467009
9029653
5613561
8666449
8588251
1374441
3796087
18237
8848177
1771381
2842307
9961097
532827
3628557
4582077
2179093
6775479
7633733
5875147
9280591
1156777
6970519
4298647
5703043
1342517
3958827
3273801
7053083
2770741
4399233
9735673
4701473
2066807
8085193
6185167
2854361
1243563
165710483
7447021
1393389
8152057
6419263
193410113
881579
5875831
2851761
9776133
8217367
4484353
3035427
5173263
9595311
8642131
6303867
3027063
6538541
4200423
4663483
6360693
5052141
9527927
2852491
87952291
5542031
7041613
1622251
6515571
839681
3985579
5196829
9004087
1138699
5150147
4647401
7581211
8900283
8524101
6193427
4112371
9962887
6751911
6058357
1049581
1906707
5520711
868481
91624581
5592701
9414439
1390473
9772927
7219729
9674581
2878679
4694271
9194241
108435717
2314791
40046213
4979739
1084847
8603367
3650403
2677059
100159959
2149927
10398117
7030573
7181739
2134349
1292177
3086297
7230789
8723807
8073669
3516033
3556407
3083909
7602537
6013049
9506343
4997433
8677019
62228687
6921269
410553
7506517
4025331
1209501
7811131
9625323
37629
6185913
9846849
1960661
149826851
5538913
8676411
84933991
6129191
2469089
132820229
8075677
236369
5579793
2471813
2024393
75493
4213151
1237349
7569449
3112491
6769393
651171
1263281
4872849
6443957
2586991
2796581
1029907
1307921
6043191
7244007
5624879
9680531
5803647
7131307
9678761
71645839
9678229
876123
8613097
6824461
8298343
9679633
8087541
2020349
2519497
1384479
8385627
7166117
2572331
9893041
8077077
4489779
3338111
4913849
9536357
1754173
2132537
3438267
1647871
9510579
9070329
4563259
3371653
4683999
1882091
6175639
6189403
1123357
5922469
2731981
1223899
6658271
9203063
4066879
2962001
9947887
8134807
4519371
7520269
653783
9788557
5086001
9757849
2085793
4284751
6121927
4294933
5456233
3219017
5184831
1463643
8522587
2638133
6564453
1788441
9256147
4317003
2793521
842179
3163447
9501827
3947973
7574259
6305877
64443627
9535917
4717553
2272939
8114073
5070973
3536369
8767799
8065897
199513
9756411
8016851
497577
8145639
2002283
682171
117901271
6253629
9994297
5741313
7455199
1400619
5847989
5242929
8991709
6753163
741207
7318713
3506587
2350923
2536047
6773707
4162401
6048031
3044139
138145791
6199707
1142563
4965429
6522171
9854677
7904583
6495717
6460013
8405797
9401769
7119523
9743839
6731723
8983677
6647833
4944623
5643469
121086701
3261279
8463961
7069543
1886069
7141151
127708341
4893939
5707003
6102487
6002419
6599609
880113
2691323
104695391
2978861
623297
2970793
2727091
1812549
5715113
1249241
1935951
3820467
2961849
111559247
9527999
5091417
7576707
8604033
9494777
4964051
5062997
5622827
1192523
8512519
5675599
8131273
3148697
6282649
1387963
9900593
4465109
3614851
7278529
5109827
2193933
1617157
1321517
2542687
8120061
7297869
7247001
4053701
1816219
3159723
5596983
181989151
7400813
7650919
638389
4712221
4186259
2307427
7758341
6789517
6603319
9800527
460959
416379
4923883
3875549
3523131
9805723
195778403
6575981
9646643
5675109
8341821
3742631
5255183
1698003
4675403
1836171
6663477
9875539
8924789
8099761
5271623
2092651
2631717
9346597
1646829
7068067
1724491
1590317
1007937
7209317
7815699
7540483
6312647
178960557
3402047
6915883
738071
6023547
144431
8499673
9382749
5174001
3696393
9378181
3539131
614571
1086697
12981
7303689
7546907
587349
7600773
1772883
1268583
86848477
4698119
7498029
3097677
9149759
3176729
2258521
9104767
3802697
140801
3666437
1898967
706659
4434611
6113927
9601443
7953083
8134597
3269449
6538607
9164581
696273
5284261
3525439
2719283
6910529
9199573
9660969
5034343
154507253
9384351
1537477
9131611
6167617
6148433
7042289
54082833
282281
3940723
8813297
880451
161063291
5887087
1581307
4805757
2033809
3704251
728267
2141513
995889
6139973
9378167
104823
6020241
9470887
6215251
3900279
9589297
8269563
8967033
725233
9768729
8158333
5844889
8122021
3002437
4185761
4993217
3731199
1907751
6318677
7433211
275657
616773
7282299
3256861
7680979
6362277
8794889
8281363
4350451
9701521
9433393
3047861
5738071
3515701
8953801
3921189
6067567
113863
5422803
8102507
3732289
6154183
4139711
3571491
8717961
4745539
4334131
2948823
314729
4300469
5401947
6873941
7352231
5596593
6064709
678201
3191699
324071
5815303
7294877
125762987
7220511
6623347
6531971
8947409
959233
6369517
2045629
9736099
4802367
4648233
3067933
1087189
5573323
289009
4494373
755217
9407071
9765093
8282407
4627507
6190437
7290853
6973733
9909059
4375099
8429533
3008301
2734233
1882189
1402319
474733
4090193
1530193
142951959
8223661
2374923
2004911
9033381
3010893
2247761
8886933
99437
352431
6631119
4282903
4007777
9505013
918961
6313819
1265841
8262917
933519
3451873
6472891
9775773
2249661
5544409
8769899
5977913
