2719291
8399213
2271273
4757623
3280111
9809231
9560649
3490563
3738979
9897917
7291993
3701579
135797571
8968187
4393433
7272209
9693549
7269457
5353471
3896373
7378121
3094243
1480241
59971
5388283
185422473
1274527
768573
8242191
228319
9242641
3695579
5964371
1317007
6179711
3776381
8183701
8233913
4875327
3000213
8413847
402569
7158051
9569559
6072459
9203537
5550961
568601
3891033
3861607
2111737
76665283
2151809
4960363
9542741
4026127
8570153
1045139
9712277
193780821
6589093
6831881
7154269
6369869
7540229
3319929
2230649
9750493
7417193
9136101
894309
2028323
3533773
6944761
4615461
60542981
5238871
324073
1763239
1270103
777271
9676077
6885853
1126761
8410009
815603
403699
7488003
959287
1921697
4654153
2881623
5586263
8598857
3451237
9095333
9132171
1823861
2263571
2930393
6760939
5637959
7873813
3354679
1239413
5936217
5968349
9578401
6266301
5120867
5821897
3008223
6645849
8530201
9431729
1069823
8730999
2917713
7190823
1557811
5092699
1890073
5609497
6174241
4595701
7461321
2186681
5096037
6715391
6153519
8812169
6501117
2512079
9147817
177851
2567857
9429439
2841951
4053057
9414887
3743767
9605023
3552943
461173
5953459
7669143
9847319
6045249
6274899
4197249
8379427
666909
7959673
1097631
8826661
979371
1059923
5679711
7650459
5444061
4144317
6684719
9092681
7798701
1905087
6804377
5474897
3101627
4261517
5891103
21529201
5688873
4105819
5432283
2646129
5686423
1896333
2811623
5353817
7677373
7776663
7093077
3841061
7248371
3501559
9840443
9418139
2900367
3891319
3821311
830867
5922527
4308061
5961471
2671121
105369301
7391917
3807949
5804777
2726553
6786519
7527103
1221847
1648037
4951001
1585801
94494217
4692603
2372613
1153581
362521
1978001
3140847
1363517
831263
595349
8765203
3553621
8740261
5896711
8549521
3033249
1411997
5601211
8427019
2702821
5290759
41732913
2264181
138793
4802211
8515977
6641493
6704357
8978509
3004563
8609031
6292167
2899551
1388989
1795099
2603907
1927601
254693
2176107
634471
6849631
7804993
6415721
8558303
3238381
1377513
4340943
3655353
5628297
7622817
8692079
3565401
8464103
539597
9504583
4582767
4083037
4306649
5684309
7988651
5779321
6414417
1543103
6493709
9716783
3275793
3925959
8119913
2439597
3016939
8286359
5582479
2245313
2761053
9400709
78293821
78707061
63241657
808469
9943367
4445811
1116543
376931
2236087
2249863
2245613
7538049
6180951
6534053
8336523
9715247
215461
8670191
3878283
1903393
4864693
6981933
998823
1922937
4197643
4648957
8722023
7684657
6668353
2404361
7560451
8819499
2255467
5434337
5422777
5681127
1349619
2043323
4813837
1075391
1840891
1427141
1421829
4374893
8354373
680989
5907627
8518891
9011703
8927813
9923203
9001447
4961181
1335797
44306169
2418319
9040251
3236261
3416397
4643017
2904311
7324083
5279619
9713533
108854897
411997
450401
7995759
9237123
8232157
4224273
43566147
8916953
6725521
6774379
2575251
7726749
7359511
1100519
4171249
8148457
9317439
1882167
4673899
27716737
7678241
4922831
7979803
1892699
7884567
7189341
5687339
879463
2605999
1897091
37027
605379
732669
304163
6910647
6451127
5389481
7643701
4876253
1532333
4812541
9568969
9890157
3695489
2340187
79546559
4805393
318971
1426739
8800323
4300019
14593
1399899
143367
7555513
1144609
1112603
2113211
5333773
6569667
1302033
7121827
1342447
4406049
4299087
3284841
8653957
9472959
1981657
7002381
3839123
1202943
2637927
4729237
1439323
1111291
7092021
823627
8999017
9806643
8869249
5818847
7433571
1769751
1711089
3884131
2390203
1027183
4126111
7477609
6282363
206293
2469167
5981467
4856289
1005427
5354599
7530527
183434379
8689471
133217953
840513
7428467
6243811
7312279
9206613
3442827
9895853
1509481
6168701
8710917
3654997
1100961
2424573
4283353
4670053
811067
5818173
3620453
2253687
1873033
1703117
6980739
583603
1367359
2962701
9377179
1676707
8143277
5907993
8561191
4426471
9456501
9817361
3645787
7674833
9946321
1545007
3600863
5142071
8266331
3130771
2515307
4488763
9870881
9784401
90007537
4872271
3265627
8173317
9374537
171554819
8087323
8137151
9401189
8790607
7953669
6263963
1615749
4010269
92880207
136880221
1234807
6317147
250083
668691
7491371
960147
88819741
5487523
2230489
27493677
9484061
83486321
5336541
4152157
7564047
6762739
1765191
7359999
8742633
8760311
459193
6261923
8915749
3728007
7250807
8930421
4294541
5618047
4453813
638107
6152123
146550203
2856837
1564761
192459
9252587
624291
59163
9782957
7162489
2800429
7875223
2973789
107142001
1887061
2584309
9392651
872179
3940151
6211239
8573547
419209
1878179
9752131
6286547
112473
9830523
5321023
9082447
2197019
5428227
6659839
8190539
9772661
406623
8038367
3030419
8448253
8135807
90476447
4354307
1150987
1376397
4026157
183473
6524379
9124727
2467011
977971
9588027
6953501
9774699
3676403
4226643
6531751
9272013
3883039
129176899
52521
8651911
9588439
1955587
675299
3266931
8127743
4669511
5511001
9890917
8901691
7517347
98281
8580179
6779653
775587
10623837
6448109
6095649
1813479
9414781
5240273
8188853
3093113
8012921
7302529
7942593
2944927
550909
3507039
8761467
1275079
182509339
9773791
141007867
8546181
7844899
3249337
7752227
2722987
9666219
2164943
5055651
760467
8598129
6436917
4224753
1669421
3547519
4235913
768451
6103127
2647877
750787
6774419
269069
46323
2755419
1217589
1650173
4115799
8980253
7604467
2962117
1000851
5358647
9162791
2438877
5267679
5568143
4968107
471923
8455039
1813969
8494651
9080669
1009453
963599
8632343
4846817
8871127
8371587
4489081
3297761
1406879
1803397
133663
9782433
6789023
3063639
9411553
2299961
178942933
849029
3810877
1981581
9245033
2433619
2166743
9395047
1905371
7797789
6953293
6153951
6073139
9997303
3899451
6580089
9145029
6150249
1697239
5443531
5999133
8997711
7800131
8602087
38691089
8316603
1974969
8992103
8733279
5768379
8188469
3580897
9428433
2019271
4700319
4979019
6021223
6448559
5233757
4837377
1952039
8186763
7792021
4189623
6424669
6125943
8213653
6014189
5991397
7658209
7331809
8317369
7412953
7414923
7675909
7482053
8725381
2847909
8646587
811811
6391177
7188949
9219787
4655551
1599613
4540221
6866117
8564601
174831
8837507
7839119
3958663
5468077
1755883
2071573
3574263
734337
951197
7968709
2775349
624609
7306961
2574487
6811109
1953763
4343489
1401869
7174897
7105869
56643683
4623641
115177673
8088773
8749903
3301191
8678323
87410613
3850033
3689801
3323349
2854193
8075737
8742379
3216797
6900061
4030561
2053811
4999073
6656609
428919
1630397
1665573
1412203
147467
4404119
9031403
4712301
2912763
9017871
5940463
8672909
2969767
5866391
