3299791
2734767
8517057
9485531
150668207
4088017
238837
6760729
9526311
8809707
160608281
9489949
2396757
1674629
312893
5100259
6195357
8630031
2690393
6062323
524819
416637
4854077
9327551
6749577
1180461
3199573
3078471
839747
9213907
7221559
8785313
9029319
410497
904117
1080989
6732261
6562309
5708421
6365271
2041411
5372989
1148471
9320057
91714807
5970871
583273
3793287
9047221
977169
331471
3577599
3393673
4645317
9672033
6745079
9996513
3833989
3102229
6131973
2864907
748377
9858711
8732187
68198897
9789563
9906827
188724141
1987293
1785731
1323173
2769109
5882113
2888247
6870741
7231703
3525399
9698769
6742583
8725931
6236329
4879357
860489
5554681
7482217
3310813
4064839
3499429
3371839
6134337
8082253
882089
4547157
6844243
3637711
8713771
2804503
9780463
9991441
7987913
7623859
263349
1339289
5416863
5707991
8484223
5903669
7708737
1925517
2850977
9518631
2026029
387053
9269887
5562821
631599
3179979
7834571
2110889
3582139
7516949
5507727
6689329
9368029
6435887
2612243
1403847
1005459
4450697
6665929
6935919
1375469
573553
9952453
8618137
8704231
868133
5585869
6197723
106500103
4816719
4120001
1119147
2257087
1415291
5143877
5352733
4650869
2406179
1774013
3073377
9676473
6012773
2403571
3044033
8497953
979551
1168971
849169
9540103
4233397
3187357
4038929
3454519
3717943
5478323
3629529
7309391
523033
5043021
1146263
4419279
3268139
2503367
148299507
1077619
2683569
8489943
1255739
8376543
3193407
4431879
2121739
4048483
5403671
7936777
5449217
1055817
5420159
4244163
7829929
295307
9623827
8049019
3772301
7507731
5327967
7449799
2553223
8858309
2898549
3951229
9888047
5691043
9547911
8122869
7029279
5594019
8220709
1033143
9928129
4936313
9354441
9672099
8576851
9718741
5370663
5337643
9610959
8533787
5457791
3403361
6671257
9115017
7888219
1388079
9918557
9462929
1366037
9753143
8926747
6920393
8727457
7339931
150590033
8114597
4427351
3962529
5347471
6547263
9767
124176959
6942383
3269527
2910199
7578051
149442581
4299407
6481249
633063
3346567
4704121
28648529
4628143
1028429
6311643
3674013
8336933
3899787
7764493
7114321
5208599
1564091
1667811
6990587
5198199
6421167
7184821
1825791
9002653
1211047
2923493
3777087
7617219
370473
9607163
9492027
6749999
3810949
9773309
9837107
198187
4267091
3575117
8138373
78739
9238113
5296023
9716711
4495337
550947
6074593
4476291
8466169
7296173
2929857
7328989
42163529
6182517
7120729
190897013
2440331
2375777
645391
4511623
7605851
7922249
9334827
9573271
1748941
7885403
8609689
16333447
3407947
158059
7344877
2797507
1015491
5069337
837131
9821773
3256759
2723783
899207
4696429
5715063
3475363
9676177
5060413
6142313
7630861
7186807
2724053
2858067
3434831
1119849
8495521
4684381
5473083
7535539
9235219
8154667
3837647
769521
1008187
9384287
2269269
25963287
6320389
7321429
2949237
1239747
3321697
7090093
738717
3766043
7497613
8786059
9672557
2560273
25695257
8985649
6340279
2271133
3241911
9789359
8669059
8193207
4589829
9559179
2541089
2092427
2630909
4554223
160389097
5059473
6489671
8688821
3056671
6241103
8368267
1371077
6431087
9567639
9428073
4499433
2737649
4528753
6408449
2582933
1259099
6275413
4494557
9722091
4698901
7918141
6926993
118994831
8141033
6478873
7225949
7884059
1213571
9774157
2853319
2538849
7235539
4887137
4769913
5187751
9225109
7607257
8856721
4179899
120567
4069969
40679967
1787867
6007901
7553291
7043763
3735047
8337373
9466617
8195439
9606793
7025457
9836093
6284147
5266477
7006913
45563
8324779
1934199
3857403
1995139
544189
168352117
9802439
5680079
6191
363633
307429
1000057
6747911
1714053
358591
3659053
3900417
9164453
5431559
7970203
5805287
2244127
2033823
6816559
5362303
8801399
8081691
6624707
3861181
9025433
470973
5000657
9358907
120467
2509501
377991
1800911
9533313
5522441
9061041
8595267
1990967
110061303
2500233
3463367
292739
5165251
8075353
9462589
5306549
2189001
38730391
7620177
660767
9376233
8263243
6790831
7043009
3771807
8149331
9164671
9534101
7680439
4588673
7384423
9586433
3811209
3352573
768167
1101753
1193829
8982281
6950597
3724891
7359749
4114521
30832857
8244423
9763453
97879417
2723953
188380701
140737
3484879
3613889
9714179
2676693
3995189
8015973
7522371
5684081
8507
2997763
4885259
8792609
9269557
2167921
487111
9007833
7871251
8778259
4318271
8731389
5776877
17028463
9856511
40659463
19292169
9449069
3842261
8925041
5400141
3818169
5150311
148152813
2976877
2394461
3587051
8709741
8374709
6545541
5134533
20027993
6620667
6183143
4516279
2934699
8497971
9548081
3061299
4085019
7569359
4266521
6261361
4244267
748483
2285947
6672609
7380367
3666357
3473809
9135483
1766719
7889733
2793651
9877759
3144267
745797
3892273
8786853
8911143
3772983
211059
5507331
7198257
2625289
804971
5906999
4582849
8533671
119756131
4818711
2009023
2475623
3545451
6840763
9941021
6563803
2009819
671123
7269497
7025687
1963283
1060749
7392967
4386121
511121
103304791
3703673
2880127
2694939
1164477
3618427
3144769
7337727
131365059
6517521
6461009
5218643
598853
340473
1868061
5116251
771529
74988543
9747679
1581369
5855403
4046763
1983823
4271819
7329317
6309841
223987
6421499
5691083
5731831
581057
2941059
1488301
7742557
8527299
1691623
7080171
8457069
3785767
3401167
769133
2232477
2471269
7623563
7318297
8302999
196936741
7099761
1391483
6289463
845939
8267127
8725973
4695299
7562297
7731259
4062457
3359201
9622349
4243993
9313573
5148931
5331287
8659827
8962443
9043831
9970169
5404823
8707293
3251759
6643229
9441679
6859917
7011397
7962567
2386801
4543941
1521263
8033919
9573859
6636879
3390943
5299437
3868857
4467417
859603
1117827
5252281
5643119
312863
1986043
5123163
5883731
8366481
8672563
4925507
40698847
2498229
2493109
3114951
6367163
1847229
5929233
9113669
6810163
2289589
7301641
1641311
5787309
4881867
2059199
5411841
5419917
7756429
689701
7417981
2300431
6501193
3376361
5749779
9345547
894131
6421903
5397739
8920581
5256091
9412279
2738047
7859101
4511111
2354899
5002413
3063987
4517901
4574961
334599
5338927
6092447
9662179
6842469
9425177
121989571
2897547
6599529
2460051
5270563
7352173
8121333
3622673
8175567
1270549
9221603
62102901
4823261
8630207
6007223
3776727
5544211
8547133
3057437
8673281
9972371
2683513
1953937
2771827
8133183
8692141
1883421
3113797
9498887
713849
470999
5982169
3018371
1718507
7944723
1123153
1541793
1999917
9400001
3276653
20089003
4316039
4448379
