6040629
7309591
1877731
6214853
9981189
2133291
9366997
3501013
6224451
8757681
9856283
3260527
8899973
7393093
8729447
7405533
5250657
6387413
6121679
8504121
1769457
83383259
9798183
3509257
5847541
8535491
4830503
3096881
3512579
990633
233227
9131051
6599733
1525371
4685861
188391311
3598347
8220557
7492571
9157411
117920113
2432101
2398849
4616119
184829709
5835203
4582467
556947
1448253
8254307
1613063
1727773
2018957
6008631
6613323
4914347
5279707
621877
5116571
3230983
1799433
9115031
5839643
5659307
2831531
141751063
8246671
7210839
3666513
2319363
9156619
7117437
1849867
7042941
8469889
50084827
9074033
5096141
972661
4185629
8951513
166541
460397
1784103
7285389
5799113
9529401
6905283
6136307
3670899
685451
1094851
9540993
153607
5976979
4559097
185867
9335231
2845793
2774423
6571439
3902161
3865569
4539621
1713881
4977127
7615609
4575339
72559
4616231
8447181
8379467
2178199
6938299
3838829
8635287
3019489
3647639
8911781
4548159
3144641
2566577
8705283
109066433
585171
7706343
1972373
8745543
3031297
9544201
7105241
6767941
4518441
1606217
7858539
9337589
2318637
9018133
5150109
708519
8374427
4874449
139822137
7039423
9328857
4401541
905983
8293657
137179777
7378833
4998897
9131457
9574329
6437901
9321713
8157677
928737
412023
5570433
2280841
4671423
3124359
6330941
4677669
2760673
5057457
2326221
3749363
9204743
7664017
528177
104893867
7622529
392433
2156813
8043377
4809779
9458177
1009979
4127551
6324921
4572681
2050961
5968623
3091251
1069221
3921239
7605931
3364531
9354619
2035047
8649019
7723591
94957057
4979787
8614381
3425717
7320879
8605999
2278309
422599
7390717
9502441
3566981
77752181
8504661
1614489
2005213
3708947
9531201
7893571
4877377
7912827
1715927
1999919
7795779
3795169
1598369
5023847
1756997
2623867
3129847
9397777
1564051
193543563
8303329
8916929
3938819
3775519
6240309
8399883
5561733
1603
7928531
4639479
6147697
1057241
7122971
1195307
70627649
3918027
7512037
7987187
6486363
4858461
80587109
4265919
3916899
4394193
1354099
7112863
9342569
2361641
8095837
2825067
6989061
5021061
2673679
4898443
9961323
5683621
4249189
6744453
2426731
9192033
7028261
4601729
4686919
8969117
3303239
9058897
3830727
5079833
4195907
8646659
7809901
8703631
456323
5570247
490463
4258951
6369989
7681603
8891359
6278377
5879081
3393947
4625057
674817
1407229
7393229
5387897
1714783
5446649
3370547
9877323
6991907
6678803
5703083
4397093
1235841
9318841
6177063
8005171
2423207
5012287
3973961
3864203
9376579
3942577
3966333
9826909
395523
5733757
2688329
92679
6215251
865899
3935241
3265297
2183001
6407623
7378327
4088297
8797627
4577829
7054519
5565811
4266789
3061679
5652379
8039021
9268609
2023089
7222861
3920447
9531099
4984101
9510047
6433947
2196431
6561361
8694609
6910783
4985533
8236889
5465899
1452727
1428469
3166269
9991491
3229833
6753249
9459873
2292647
4172449
5772117
2571203
8829207
9602697
4091479
875593
2088829
2580729
7079757
4872499
6242619
6818647
2402771
9613747
1602737
3698379
4944249
38921
4652049
4192867
1711771
7859449
7673399
457969
212837
6450781
226003
1569167
9392211
6211977
6903751
1382251
796741
425529
629959
3116537
2420129
2640179
8252883
22167
5731233
5444113
8483777
4442679
643703
4646927
2736959
4206143
4029941
6823221
747911
122262069
3618193
678659
7363429
8325031
952423
51835647
3332223
2729697
8544459
1649863
876761
3777357
709097
4132391
8381819
829249
2298879
5925197
6180861
7718157
9332109
9376967
1644971
2378593
325749
6877771
8596839
1945377
6163651
6542537
7503203
452961
1722863
2550053
137425151
6264617
1573647
8187501
8415817
3588913
3340867
9419233
1652823
7792579
8244517
9597813
8066437
7860867
247583
2490803
4993709
8307443
5053231
189039
6335361
9936889
2224909
3727379
7357027
8970741
307061
7184919
980663
27849
4297861
1740531
5347143
25909011
412073
5142653
29516667
5936881
1066729
3186973
8167897
9345419
1443483
6348069
2815131
1925617
1213203
172073
319701
8804711
390207
651073
1355931
5677259
9861757
6065217
5709671
8395847
3165449
2457593
9679489
1848117
6800963
1437919
9351703
4574293
2032889
2216451
5645467
7401937
9850797
2753533
3866149
426331
540603
2703639
8791919
5508227
4832507
6124057
841587
2459219
9015247
2118651
5589041
3646317
8199183
3611457
3544167
7287293
9051041
7634837
4021669
9108969
5291119
5143893
7796001
1672989
6011653
8166657
3086391
7665649
2047761
7508731
5635841
6680863
4861343
688671
9808113
2314313
528737
2234073
6082657
4500333
8479459
57811
2147387
5966069
8368337
5995481
8488893
293653
3701799
9570839
198939
5561333
7718291
2220181
2224501
2486579
8341763
1116963
9560637
28169
931709
6901287
2179781
7216869
9628787
8173511
9523401
3720513
46369141
9688703
3322769
253361
2311689
6610931
1065881
2707711
2853033
3146221
2964377
9207763
711137
8537693
861191
9898493
2185789
5060917
220399
5350081
1670639
3484477
8961201
210003
3234367
6684423
1702381
2511517
7070611
1140199
5996033
1940351
2068401
9158093
2748493
2611141
5607963
5818049
4524811
1871601
2084807
367511
8149689
3056483
984523
8934231
4197583
9101703
5422953
4962949
4310013
9979649
3540603
5589777
3349021
8465043
1671329
4329043
4305849
1281683
1953897
9818409
9700279
3369857
8956161
2678621
4122693
5797669
7559213
6097879
9623473
5538653
419989
6557731
183271631
8063273
6115389
2549179
6983533
7916153
8348449
4331761
5879189
9969291
4529377
6640229
8426209
2395027
912319
1167639
4988687
1563783
3940917
195694473
563199
9031647
1084729
2864001
9885447
467183
4028793
4271329
5984189
160147
2797787
7831721
531011
6330363
7442699
3237043
7787643
7100111
6164153
9210717
4866207
1835069
8961099
7113803
2240629
3696053
9261279
1448407
523393
1260957
1696509
5049971
6661459
109823
7149073
8603101
873129
4325579
490899
7105189
2494851
4275509
8738277
2971103
9823759
196862159
8538897
5897409
9349779
2484379
3524357
1531411
9552433
5979463
7789339
2289511
5694453
8926901
2919627
137191
2672757
4565409
3686761
5240607
7746743
2464847
3860491
2661393
6195787
9892467
4655313
4430079
7910757
3047079
6266163
8869439
3396137
7395191
4216039
1668207
5837167
860243
2453843
9877229
6724229
9205717
5385543
8804961
8895277
2823707
2899331
6546127
107484719
1659489
778697
9111931
3557837
903317
1613729
2676323
2457791
5356427
3760919
58898937
4976783
114384221
8638529
8080893
7766787
591367
88313479
4329379
4195409
8637727
4572689
3844443
65902237
4342547
9150967
4797033
5367279
2185747
2295467
5907439
7398147
4728223
2303799
7692409
6435729
8511677
8916849
7232483
4948893
4007147
7891231
1521163
2783937
