254481
8824029
6286013
9443593
3694193
683543
3657709
924401
5265471
2267227
1387479
714349
7533609
584491
1239591
3821963
505641
2398327
3031137
5552839
1572257
974651
8013893
6868509
5302239
5881847
5923259
8095593
8989173
8834987
5439067
9160533
2537459
7088493
2202713
4047407
8880721
56569
9335297
5934753
7611521
4002801
8716243
8754559
182282977
2302901
5133107
101521
1738139
8440063
8417179
5302357
1773407
1399557
5231013
2330441
4349417
8364001
4834877
4994199
3571567
3217439
1088577
3526547
2366077
98606911
4406923
815959
5629689
1686991
5428173
2227839
3437899
2402507
2288623
3657313
5471639
731187
4788661
1252113
1238451
4540527
3416141
8812247
8256867
5890153
3952871
6048393
1961693
3208001
5854211
7481257
6444589
7323253
5576227
5218163
8275051
6180121
9489367
3918039
32091271
6665121
4192941
5299641
6437451
548993
8446987
7765767
580733
5408273
4675951
6422623
4000629
563743
2975267
2204437
9674517
4026139
4021697
8306437
1058959
126653493
4185281
3658749
9761687
3981463
2339627
8866283
5055121
5894739
119394057
7851593
1296759
5823763
4522001
6472837
5751209
4354143
1541181
5370431
6927397
7008933
3409841
9457293
2696417
4569103
7671117
672451
6161649
932397
6954563
2975713
3276927
113509
9027627
8509369
192859
2068999
2655651
9061479
2804301
3183083
8548719
1181363
2341569
2639247
472989
425889
371891
7061533
6064723
1517639
5435401
7035647
7700741
2899599
4897217
9951157
145610239
3504249
2166547
3883043
1597081
5902071
8792591
7743143
3510453
6768591
133183
9820803
6185343
3651683
1153431
654537
3445679
9233827
4158289
9665293
7926123
7715273
1375609
8809117
7472841
8207941
7562943
1873557
220711
9728413
6142219
5704883
7733329
1579371
8325849
7311459
1416459
4461737
4261583
5846091
7469041
5182927
2882943
7660273
4685893
9163653
7361441
1922597
9185997
8345349
5205801
8258967
2200127
2617213
7798243
8561763
7230883
1201913
2636181
4399599
1601331
8734413
1202097
6571489
3519077
1796413
6469577
9936319
1859879
4118463
5120389
3905329
1183291
3942499
8104543
2448279
1453073
3263633
187281
8212379
2964571
2660561
5505569
8543489
5714651
3795387
5525139
9050949
7230129
1244909
91397991
4148009
171410981
7041753
113862391
8652669
8038401
9330967
6946071
1845987
6638833
7319147
7325607
2545839
6847167
8243501
9130099
3335493
2621743
2060287
6734701
1121717
9192947
985061
5999073
7913739
4726797
1543227
4836979
8856177
3378957
97536811
8311497
973987
156011093
5776089
3231903
3768923
4501883
1027507
3008959
8620587
139790409
425449
6949231
5687057
6786087
3894019
8970709
9199803
4473341
1924507
5014397
6348441
9004753
8070827
525101
5891319
9309083
2332977
5734849
2533651
6809557
4288779
7888053
4715309
7104639
7657341
9317741
4428011
4882917
2266479
6938583
2472773
7824003
4671351
4468837
73849
9644063
4949257
2422709
5699231
251217
2950689
7356481
5620437
29960163
682771
6628747
978239
9282701
152206701
2947313
7265919
1926417
519733
3034389
179713
1563763
6742401
1688951
8412401
2381941
6311069
572349
1815571
2983727
5781503
4704213
2604067
3016081
6566447
920831
6512437
6167631
1943601
172249
5980079
38429307
1171171
7555443
7000101
4121219
3310827
2818909
7243219
117803
1683261
4809277
9718529
6177611
211949
1318467
745861
2009879
1542953
1978561
8579841
4118243
7371117
6560069
1823113
6804507
6239847
4014047
2050307
120156009
173157571
8195969
2596537
1553381
5629247
7955677
8274981
6799847
8365157
2461481
3497621
2901139
3928237
8723069
3481939
1809133
5750487
573919
4070167
7756659
3835019
7808917
6558727
8577321
990381
4321713
3153093
925627
357553
4749907
7767617
15545103
2984491
4054087
5354791
7026317
7865909
94752697
2262841
1130371
46580319
1974117
658781
8874561
6705251
102707577
1542581
3800579
9294013
90184143
2354179
130836873
1625527
5489227
6301553
4518117
3369451
9396037
7556397
1729011
1853719
1268631
6592467
7475493
7600741
4085303
3026537
1003739
1938759
5135709
1245319
6580283
40497
9570701
2659347
4698307
46148503
1602317
2285923
3020461
6729173
8400789
458023
9205907
7296427
9495321
7325371
4859753
3687819
2414889
6155779
7889187
8157803
2363663
6501081
5617673
2937753
8501781
677721
6831737
4264783
7122907
1766101
6370477
7924979
4990887
1247727
6991809
3901657
8774737
1834769
7308981
9343089
9885873
8330053
4373567
1047647
2517143
3027093
8703671
449613
3604539
9448141
6455089
974767
2965267
165819
9433867
7935081
2153903
6586573
2263601
1267997
166871837
3249107
3830649
508297
1990437
8491217
9418933
5615169
6018151
5252749
3522811
6945097
1202211
6941913
9476883
5849767
6560789
3995397
6681923
651661
3949407
3814857
7672439
146733601
6094073
1908897
9549909
1138837
4872767
1184329
3032111
9528511
8349239
7762389
4214113
45141089
7862461
1267129
2955733
4894677
6394301
3352467
2263117
4350749
6599729
806373
6309221
944793
4522361
7746887
2458681
5761727
9688989
7279121
38963
4868023
6297407
508427
8868053
335519
4225543
2303641
2114747
1062183
48630891
8564539
7883923
9773439
3769289
3429829
977159
9497059
6934919
120617
58958603
4934179
2272387
3743433
114677541
3095261
7723849
5060663
6391943
5178187
1948819
210329
6898913
4316133
6731739
9466141
5634481
8027073
2552347
8469747
274717
7369953
9367647
4143917
2778883
5583651
9980613
3710263
5292227
80557717
2334667
6575861
7671769
4022009
36079043
3376529
5455321
9259307
3622411
1346081
266857
18839
8815373
7010793
3863199
5020781
3457677
6330349
7205293
169904029
90836039
2381573
9932289
78126263
5895173
3769577
8302203
8518633
3803493
3853941
6606203
1723623
7162509
1266863
1477059
9100619
4995317
6743677
721517
4995063
6798421
7354681
437073
4969539
3549611
3126869
2244773
8188939
346397
8611859
205319
3692789
1726517
2456757
7351611
6101763
6085809
3769047
3688629
4423817
8859241
6587201
9639617
1104291
1094921
5318933
3015343
6681297
4840267
5135959
7513623
4016723
206641
4625511
170691
111776059
1273701
1822019
5640157
3920587
7666023
7531221
339441
3208773
3396001
5180499
6876031
2278519
3733629
7956859
7856111
9408957
9488043
9462577
3044453
6199101
9063917
8454931
6627893
7283301
8226491
4851493
8770043
7168429
4799131
7897741
5030833
2073047
6316327
96241289
7445011
2207811
4385417
3990057
7791257
60177759
5878673
9058917
3936843
43310477
2904607
6324359
8816407
1950049
527
1239199
4495111
9614369
2336603
5813681
6238363
1142537
6642241
479227
5549057
1512649
2209731
2418563
8503821
7535981
9843071
5109347
8785229
126023411
4984313
2259273
7893923
8891313
3065749
