7836247
7741769
8168093
33226037
2182083
5445053
2165193
5865389
5196921
2063201
9448549
4621647
5836431
286823
2665969
314833
3068337
9635457
813317
7345919
56804299
2078341
3684029
2567509
7755777
5625141
943067
9459887
216173
9386041
7584823
7811209
3449937
5774587
714047
2804071
5614741
5505071
7861367
1427217
3920801
144257643
4848241
7623527
4076087
8609119
523707
3685967
1161487
3384659
152553051
1604577
8826781
2128011
9270979
3754029
8865567
6541437
3559619
6441241
8784389
2751253
8686773
4140697
1688113
7259539
5407879
6009121
6180169
3650641
2472873
884209
7087307
9063641
6357939
897897
3811369
2775229
8512181
84498903
1347253
5287843
5550247
6822873
3565169
991697
6068529
108159
9334859
4473633
5674319
4740799
9129421
6660589
5432859
1299003
5401881
287741
6769633
9862327
8302719
5536937
4874651
185264919
4604921
5859879
7815451
4733597
1136231
9890527
3585039
1375323
31823
9308459
8872479
7722559
1928967
3016381
437249
3987691
6671167
6880013
166064903
3193281
4952249
9992101
5285351
6170597
7594369
1750567
9243971
3710133
5033031
1032997
1362289
4725221
6067539
116599
3225309
5939387
882053
9314101
3946373
4470219
4772331
3702071
401643
2662743
7531219
7229483
4601767
65633
127203
2602699
9398797
4339031
7507113
3892779
4660193
3886561
525217
5520143
547283
6923379
5119907
2675559
1670647
5180371
2638073
5633343
7214697
788377
2445073
6313723
2268059
470113
3342887
2924327
5340707
5511807
7749699
5581609
5200907
8368237
137892147
8620121
4229019
6865729
5730379
6117801
2304111
503629
9586703
1412367
2872269
8834917
9987347
1923849
4349379
4683591
6921613
9211019
4952709
63059749
4486471
544137
254783
3453887
8060863
64682789
6450571
5830759
5101447
6898317
3204361
5304633
7576179
3875127
3885597
6172981
4312169
3723801
442111
6788267
391511
3826519
6697779
139458647
8978451
550209
872183
8682301
697633
9457391
3940123
354877
1955447
2594587
5610337
2769363
8394423
5565039
5424759
29932101
9133043
3707149
5964497
6000539
8060317
4926893
6618269
8524071
2015203
4317681
2896563
7237651
792611
5113653
9250783
345467
2534849
9894461
3530153
7360513
9625941
5431817
7029353
3074331
2096431
379929
2954933
1306991
6756371
8145879
140977879
7225129
6110909
9584917
1704583
1876211
130493211
2258643
7246857
718943
626239
337393
8058977
7646227
27823169
7525237
4221063
9674429
4033771
4959681
1655037
9314091
8529231
5172313
9213971
1214713
291987
878953
7926793
3220891
8529509
7867463
7003151
3005397
274011
3634691
1034233
8386489
3942739
2480251
694759
197835573
1924773
8656737
90474619
6911261
9192373
9760233
4081
3085313
2230963
4983677
795567
7650081
1025583
1111623
7083659
5070223
6715381
5239343
7012559
5731581
1833837
1510227
8781051
7169059
1524897
9850509
116166721
139715563
5365271
8450111
9058237
3381861
5181441
5376513
2733781
9167033
9104081
830227
8606109
9583949
5077343
8609801
2336873
71806417
193628261
9645191
6413529
2667833
7318971
8980063
8620331
503757
6595337
5765977
9128683
111680579
781371
2655087
87278243
5393923
9288503
9171911
6307131
5809107
7319881
4849357
5899773
96523329
1547961
3793483
9918671
9611871
8889513
8093541
702109
9765713
7178461
9689861
2456627
8932171
4936733
7818571
3652011
8146093
4855437
2610413
3705503
2776883
2974161
3925451
153110899
168129269
9227269
7441687
32349373
8661603
4189967
5204019
4012483
4576127
128967
7889207
1408963
7626167
535239
3839623
7019659
2806701
6138593
4752737
753839
8696929
1167043
7967211
3715691
7836681
2991987
6886087
1816133
5843649
1752199
4553137
6914637
3726841
7389749
307471
8313807
3125143
2860469
8824557
4684013
5928971
6367671
7753989
2529931
3191717
3591157
1547837
198877
6841749
9062307
6202079
6976101
6396293
4193903
2728823
2936149
3523327
9993673
7631563
7937369
671349
7986047
5596591
9485409
9862171
4705051
7170537
624663
1478487
8601953
2135007
3903371
5934683
155920783
6221249
804109
3098223
3105211
8374691
5265177
1321199
4919731
8718201
2203891
787771
8809211
4579507
1641617
7862089
7744491
4100561
4972601
5802593
6951831
524371
180322227
1872151
9786959
8512291
1439601
4176737
9433679
2441901
5310181
9984237
2763891
3096251
7886651
4239403
3989243
133533329
1748001
626769
3896607
59563
6660481
7179537
1712953
275193
4976747
144822941
1775303
7885473
9717679
5738541
5544001
2581913
7592587
2121517
6592729
99502109
6189119
14627813
8825887
8402853
4521803
3937821
9846173
9963911
3546309
5087787
6441651
6232629
8684853
284623
8270267
9860269
7364611
3240717
6492221
4730949
2747179
68934981
975509
6503133
3276189
7637623
8191701
9048049
5397697
63053399
7451209
2714307
2529243
9372973
4639799
7565189
2271073
5403757
3826459
7667523
2117439
2196251
5369921
7629771
130022507
323121
1611099
3976621
4496253
1222913
3223497
6445279
4296013
909123
2559841
8298081
2884177
9112557
82046267
9638827
6463629
5163523
2274349
5415903
3232173
9810811
476687
2942547
4515439
3213709
7733911
3133117
566891
3517913
5881709
6471411
2628143
867521
8514631
2502283
6495083
1540063
5974153
4228637
6769037
2963103
2102059
6188771
4996367
7026587
9895349
1405797
7719473
8021233
3312891
1303051
3105493
7338227
1590329
727533
6972129
9679703
42645061
7758069
1943929
7665653
160210821
3301669
147525811
4561323
138249
2487711
6844537
4134859
3481251
8798989
4854621
2092169
188271563
2675713
8170917
1758081
6945871
9301491
6162787
4455801
5092991
4057651
2991149
4218087
7927643
6404041
4182143
7577321
3612659
7113199
1444517
1742247
8695323
3854379
2667179
19131317
5915401
6724251
7059141
6400919
2031379
9725867
2979397
9297307
96163
9755941
8968871
55121
8206247
8232013
4745883
7657287
8811353
2448179
9767163
7583253
1570443
7023219
7518221
8135303
959127
9189051
384291
9648351
184245943
3354319
6322917
66397
3408401
1293779
6283807
6088137
638677
9120741
3204171
57219949
4366577
8456661
1299903
9785107
594043
9494521
6228529
3983979
178545933
7141537
2501609
5214491
161
202051
8906811
6329467
105493
2769167
1759829
2216879
39063
5117033
4246283
2259763
8709129
