9386341
7444167
5420247
7657187
9617141
1353893
131068829
2268891
9340163
7417767
2672207
8945877
3973601
9272199
40271621
3449277
8009721
6740977
6877073
7048599
6658679
8047973
9970841
4140697
6377237
6562937
2507539
5234919
9530537
7362649
316761
6685007
5045887
4262739
8532513
2165051
582281
6293633
7074151
4424243
5542981
1218111
2613131
725747
7642661
163193753
4801609
2563163
4104151
1934477
5377457
119717
7691389
4077307
6814239
9539891
1946579
8990103
7303597
5098741
4322119
9802997
5880021
7411983
71437671
1088511
565119
1361393
7775049
9782609
572267
1007327
4582857
274419
5080093
1276449
2074717
135931853
4607381
5090047
7746771
8287317
2785289
7384893
1493977
8036193
2083471
8570101
6825863
3040069
6476511
2913327
5013401
28727517
6401289
2732907
103891
8138407
8440959
9297847
1268523
1902081
8681767
3370029
3390859
8059773
6735669
8955961
1227817
5681573
5352981
3153071
7650143
9080917
9077417
2629553
9261291
6000163
9572979
1054763
7390643
1270553
3889119
9313891
169791
3230179
8577793
6553947
9707479
5484913
3522401
9205527
1839377
6810631
7986237
743303
1661929
4505531
9198179
7307147
5647287
8498269
7728791
176899207
2191129
9524347
3246429
1084367
4291119
9848787
3853061
237477
8893703
2715039
8847753
9241757
6589633
9988971
8422641
8324817
2393097
7909069
6771761
951921
9793691
3339237
1300533
6067767
3292013
6826089
612671
106167
8110593
5085269
7278877
2012681
7921409
3043111
6243703
7053703
7358559
5926217
4015829
3344551
9547011
8410221
6965471
5858699
5680141
1381907
146304933
5279969
3450403
5557977
4123121
778929
9513411
8691507
9342023
7810117
9989419
5241481
2793101
9373749
2220791
5623961
6481897
7113961
323223
4892049
5217841
9992507
4663823
138235589
4644613
2478943
5666081
7491991
2227197
4349791
7236653
8967559
906783
8573911
8151843
5888703
8905313
1997569
6662951
9352459
2412551
4202777
8301503
5392433
9268083
260819
4035823
778429
8802327
3641063
3596227
3804779
4039057
8033559
6316611
3615083
3035861
3405697
3176081
183173
307501
973057
4085893
6066381
8469973
9518147
3979497
7703479
1500359
2977867
3922399
4762339
3519107
4067687
4813457
5415793
8605123
1848813
1938777
2829847
4344119
1253383
6091291
1453393
7809859
908333
284177
7565043
152623907
4637273
5390839
5888777
6965437
5033179
9545817
9968669
1239417
9214529
771407
9961887
314893
9188129
4445241
7597429
1269263
8403331
6065259
5731649
483801
1579593
7678907
96376631
178365207
3855189
7143629
4131287
8609207
7000903
4574219
8432091
6117303
4532589
8789013
1794649
9405897
5398947
9983327
2337757
9560381
2403573
3615391
7774413
6484347
5777001
7613189
6773453
6181749
1678209
2131841
579051
3183621
4190997
5224683
9644971
5940243
6290751
3508213
1076787
552447
6695811
8537357
4702183
3638883
6745237
6151381
1155087
223303
2283969
7432327
62294627
6146817
3382227
9393867
3534179
7745937
2682191
873523
2033183
2682623
5812049
9643557
6313289
4255731
8291097
3060301
6855149
5553169
2072693
3836593
4546051
3762371
9688531
5241403
7979151
4855577
6144723
2152187
3535581
9241921
7667681
4122493
8535527
2304543
29871159
1255519
1353011
3983247
3907519
9226281
8481539
8201167
506563
5300183
3132673
24363913
4873639
30924003
153139
2405829
4209539
1595309
9685979
1276279
4968431
598639
7936709
5260561
9840959
797143
230731
9985143
2093951
4732087
9634721
6479293
4259761
4859773
2746649
195783841
9885719
3498189
93567
8646121
9047971
7100503
4429977
3088077
3165791
339087
8771139
2256107
8174139
4248593
5064609
2757011
4399673
901191
356177
7854999
2224301
5820849
8066477
1143169
2802051
3686359
2812221
9014083
18236907
8422647
5113163
657053
6863957
3555603
1228959
5171849
7707069
8542791
7946113
5881491
5458001
9299293
6884051
19440067
5011701
4585413
1570437
6026309
2643291
3827229
32681
4112577
8716379
2652203
4207653
5172221
8264617
62120807
5859213
1285879
9883461
955109
4436357
8464903
1812801
4291143
7451149
4230733
6557157
4893707
1696261
4664447
143214659
9581281
2537019
187144429
495303
2463203
7571891
1826371
1090769
1310073
6112373
7142121
8418427
3618417
686193
4190081
9181351
7085513
6233841
4142643
5925273
6602593
6840669
9046483
558533
7898323
91131
180717861
2656347
97659413
3250749
1391633
7864999
4765393
1026647
8192849
7443131
5613037
4665331
8983687
6563171
1733561
778847
3926347
3686951
2745687
3838469
8185551
9240897
5766443
5021453
2695207
5237
1221731
6009063
8217669
6470109
2140899
8819613
1581057
1156131
4457287
1870823
930553
9871939
157270587
1462993
1149117
5009481
6166257
1585619
5918703
4816227
496831
1577777
6669721
8168867
5064897
1651823
2539069
8790831
7929153
3437187
586577
9815419
181480569
1600407
6284031
2692789
7064531
1471559
1966929
8980383
9069621
846907
3006773
4486749
5932521
2811963
7594427
8892859
1984793
5862479
6164781
5745361
2183999
8372717
2370931
6520597
2440699
679103
1592973
8013843
505087
1192919
7182157
169561
2774129
4121093
3925679
6054499
1806479
1535237
7604177
4517217
5185403
821541
9089129
9290151
2763861
2347441
7897299
3583723
8484523
3439599
3500817
5054459
9390991
6651609
6250009
5092997
4247069
4834151
5288611
9737347
41786521
9478997
2358027
3710073
6690767
6995497
7329117
1568899
5855471
1936539
9015319
5482361
2998567
8738179
3306387
5455061
1827117
3673257
2956599
2751631
4454497
6967009
124688947
6469063
3294769
46647037
1123943
679047
82697
1542731
5265133
8063563
5156229
104635417
1926217
6287049
2287167
2604253
6679737
7508249
9155001
1406697
4529237
1814257
4625501
4430999
833
2598533
7060259
6318043
198039873
20807047
148059917
3329277
2485149
6887513
73323
1071939
4020303
7633721
9315117
3200201
2388923
7260947
7786919
1011313
8309647
589639
4257779
5236617
1985367
6084979
9254391
7687801
8568991
1670759
5068891
1303191
9983977
9392131
7312489
8546933
16414313
1636737
3587633
3945111
1012323
1201241
7849111
8876897
9235763
8181319
4748759
168657
4918551
2600021
9320861
7783749
6292313
3791217
8645083
3261453
8197773
7019503
458703
1688981
7379419
9854219
1206989
1413551
1194859
3608483
4948217
3010829
3040203
2029959
8288819
4541761
4930819
9123243
7680287
2528629
741533
125763213
8039749
4567889
4349619
8883583
5669129
2957469
6505731
323019
993331
2595069
3389287
5555417
1132781
108462623
1974919
7975843
9523421
9341027
2751199
4593429
3248951
627347
6581469
9335253
392987
4178307
8560499
4560453
8509799
3860953
1605673
4544719
7927683
7354127
5446009
4253931
8958717
9345799
2076889
4969447
317211
4454731
6652683
5953451
7486043
3530539
2813727
5190833
7849777
1416189
3301703
4142787
693593
