9704907
1415961
5475671
6559651
261579
2415291
3367843
2491223
6708609
2704867
4961579
3271397
6335543
8739207
9767493
1587407
5146961
4961489
2422651
7679841
490859
5480517
149441053
8265033
2908321
4727067
7732661
9960241
60575473
8268749
3701739
2940527
3157237
45144531
8812639
7374549
5290857
174722627
4960981
9451881
3477229
4312159
2894911
167201141
1591837
2995811
4597267
9042249
4760597
2376791
3364599
4753451
9938593
7032743
3752009
47964073
9246863
3323449
172797929
1451481
4419409
4898079
2414523
5764703
1707337
9374263
7951997
101699
7357609
3846301
8471231
715337
4009097
7075577
816809
8519957
340419
9801279
146374377
6449847
3017509
4899187
9895919
8310787
1162339
2697759
1214707
3269247
1516483
1612803
559799
8556949
1812061
3283051
7125131
7705543
5628939
4094313
1630903
3964781
3154271
462929
1021123
8788549
4670987
5473291
4354497
2194861
59181
5722173
6119931
5434609
6696751
5162581
3087773
6620819
259237
4435421
3291543
9224521
8136061
3372097
8112913
9472649
2286797
34003
3022591
3631339
9022359
9584517
13294989
8714919
5966407
9984111
6725533
4732363
3118983
8668189
5200813
6584689
6156849
5656243
1682967
4261583
8778489
5715799
689411
5948483
3443259
6045527
68006129
4646691
6867581
6634547
5953721
8520053
997999
71156757
5593703
757041
7326251
524461
4071783
8304221
40839511
6485477
655673
9393517
3777481
674977
7959823
4010529
8475209
80169
2947243
5134383
823669
8570801
9146511
576313
7552169
7971143
116850631
8083383
905723
7681113
1573361
9471169
2358489
5495519
946873
8508591
2983419
5306643
25633711
5516003
9626177
2511471
6904833
5528151
2447867
8733213
8874097
6658853
4819701
734593
4713149
4789019
8745309
3433791
34629277
9612543
3628483
1108167
7074211
1595469
5382779
6692537
3676031
8614963
7118497
3424467
3255691
5765857
7714163
3176617
3133857
1478343
1317809
1298451
8622053
6637193
8546047
2611721
8609473
4128601
4170147
2681221
5860701
4065721
1602171
1489983
3933289
6795633
4843053
610433
1415763
5174511
5172233
7584571
6871827
147703
6871569
5561739
2774987
5246463
708607
4590747
4947177
66891361
6369699
8396821
6005271
1603321
3555049
627141
9070763
8998423
4306023
525987
5315333
1490491
9476961
592869
9654157
8033553
5269331
9560769
3143797
5563719
3505919
8005261
9469801
9564413
6628779
7397319
8140903
7992059
8930683
84929737
7987417
5012273
5889743
3968147
6380797
5855427
3255663
7016137
9709209
9559857
681813
4470061
8079031
6450549
2001737
2669847
2018741
8558727
42877839
1637839
5751857
2706281
8682087
970527
1747881
8809523
7485717
2548867
3308513
5058571
6659383
1688887
3206983
5018721
6621267
2219197
3800111
1935173
107331981
6117709
175364709
3959697
4744169
3551427
3332041
725941
5251091
9164189
6555627
3052773
7001171
9226083
5985213
1688121
4095557
9518177
1069413
5170473
2851481
7709683
6757463
1120979
6356343
4828543
1207789
119653137
6367923
7702891
7682691
4438663
2999127
9108997
6063641
9180549
854033
3715443
6140313
8348703
4633483
3065333
186063821
5648633
6914407
6650833
368149
3067427
9162211
1709821
1282609
3304609
9815261
1686053
2841637
4728663
1437407
935673
2165739
2750203
9207739
2070147
8221457
6711251
8692833
6352997
8770653
4422503
5159311
1876473
9329029
7996099
1450187
7530483
2566969
5620837
2788917
1256333
70197
5658957
2677451
9253913
4565513
7758759
9728449
4878997
2380577
4053383
8085237
8271513
2344469
2221429
9566627
5115201
2965427
9792883
2830311
7213309
8010563
8368057
166253
4335209
359439
1490241
1644561
3070167
146273749
4656883
7120727
194416607
9706427
2255319
1692563
1724637
8546207
4741099
9733947
6268353
6361461
8558561
3468193
7222861
4648549
777393
1670137
9261013
4856379
4768799
1024389
1837231
8537911
326837
8393709
1375563
6501949
9614269
4661761
9170519
5737371
1041387
5570411
9811033
6883809
1983411
1697291
8002283
1883961
3109983
9498679
1025977
8895077
3563479
805361
7136689
8115151
8713733
3261173
2732409
9782541
112908149
2071109
1077067
8456543
3196031
8571137
603751
3748439
6214863
1240891
9137053
7445839
3827081
6768651
333093
2402853
2959263
5488317
9825527
7627799
8825039
3705173
1285709
3821589
9225219
6665061
8737831
6016423
4794169
1812181
4150469
2608947
6195643
27891
3842989
998737
6079433
682721
7900859
715409
3991557
668189
4336299
2858533
45885289
1016083
696071
87572683
611697
9014153
4926127
8190083
302847
401541
5855463
3957457
1904799
1748553
9352711
5869593
6564021
1709189
6955197
6377131
4766391
23229
8611991
5558419
3994741
1327121
4951531
5709491
96690431
4279451
6367799
1753607
3852703
6191527
3898097
9464361
2548131
6441207
9393011
276593
7911589
5813617
94751279
801297
7435887
9347023
306933
1723637
6537581
1100473
2945777
1237941
2351127
3787119
6304751
6852121
189317
2913097
1358419
8365491
4552829
9290411
1928973
7057459
4914467
309251
945757
1229881
1344107
8707979
8599597
183989263
2252039
8834919
8389019
423279
2806953
8246359
231491
8386207
1417629
6649743
6181981
8656887
9956889
648431
5425501
7226589
4424979
1751399
290581
941441
5908633
8094323
5501601
5296669
6487391
5750017
8511301
1271167
3245399
7847109
218467
5225961
7397953
3205507
1112103
7319869
8729791
5396867
9634661
521283
792097
4476673
639411
5306679
7548049
9686401
3249309
6716899
4014833
8481303
1610103
4573837
2918531
9912071
978037
5186743
8849113
519353
2336753
2713723
4312279
5632523
5845471
415897
2489703
3002867
4307499
7519591
6417643
9169861
4993943
9501383
1371381
3862671
9795727
3240293
7084107
9766039
405631
2101041
3081441
7733179
128913677
3902217
3827319
4493477
201373
572463
6175957
54891953
7530357
1515357
1361341
5343607
2702219
1527679
2768477
7765321
2845887
7759531
5127201
6293043
3076667
6690571
5009557
4990111
5848633
2335547
4797563
102994969
8982379
9742979
8660251
5430429
4042951
1619161
5317241
4439823
1948747
9080687
7074641
4292783
5785467
8177647
6304557
11011
176643
7951319
5694601
4461351
3147629
6892017
8003213
9251527
4105349
660309
5663347
6222657
3439973
7675517
5588951
8575451
7196777
7047211
6581053
2322771
8999331
166184041
7588827
3137927
9486721
2767641
4718533
3918087
3205863
8730103
2917831
5975199
1673687
5228907
4959079
1172093
