4340517
2291187
825863
857977
62263
474957
6618579
8897103
489367
146025223
1396467
9061877
4099857
8470631
190545901
3618421
1403651
3532001
182871457
6480477
6133279
2449641
8604393
2817199
3413433
9478733
8535081
7800209
9317579
164746031
1321397
3788583
7622053
7143501
1900383
9790489
4688741
3486953
8865791
5419947
6597243
6402911
9287819
5973877
717397
8904253
2061421
4322231
9306953
8891893
451027
155303883
5932153
5424617
8226449
8087319
346963
743399
920577
6397873
7682151
5964697
2217891
4825039
678419
8229329
8563603
46209
115274001
6623467
9424067
4681201
1248921
4895729
19443669
4865571
3322771
6969433
2116777
8785307
1430837
2323651
902943
7181863
8226921
6177261
4664747
3052797
5634623
8894403
3026327
2162931
5012181
3046331
2894657
3339621
9559307
6451021
7590343
541469
3274337
51082911
3859771
1936307
63004089
6439193
627567
5511727
3861889
3009187
4955853
8616137
932523
5495161
1538647
8952523
5840403
36773253
8938673
822711
6421737
168333759
5760523
9361749
3466797
4090609
1095231
2715473
8637973
5762151
6177001
7879197
7554047
8985707
9064101
107988097
9190587
7239931
356779
4320777
1614029
4217047
4940649
9932487
730663
3807333
9516881
6626117
6094961
4783691
1342529
2193267
7991713
583523
2584383
1716679
4090443
4257629
8818063
6605133
1675593
387189
5040741
8690429
103641413
1682827
8528883
3182499
5488689
1857887
1003211
8318821
1408529
8989819
8479729
9665801
617237
247379
1979327
7410639
2230357
5639201
3184803
30846121
7786579
4625823
7232789
4685323
2630439
4558313
1387737
759667
9173949
8436103
8844347
1665851
3182711
4675217
8820211
4030969
6840987
9046839
7776177
8871931
3642157
9525499
7502403
3924991
6314409
5578343
1135151
5283467
2319329
4520787
3612941
9984859
8560107
8442277
7407577
7701457
919907
8969507
1986579
5027753
8433589
4941071
2363327
3303999
6007563
8749099
855267
6784611
2330629
8043017
7628589
4283931
3018601
7681461
282041
9894261
109099037
7107087
6360219
2052137
150406983
9295817
660411
7323371
8626999
15875273
3319827
1678737
7396683
6959729
46111931
4181001
1347447
3283757
4135807
3534021
679221
4885019
7669931
8862131
941163
2381647
3120293
6857533
89629169
171757
9803889
521293
1974473
7940787
6441783
1946299
8597557
189284533
8770791
4187683
9854499
5842949
5510879
1973293
5644281
4858397
9106621
5641881
114412633
863811
7294533
325933
5847609
4975623
9456143
2080273
5641897
516669
1490663
7816981
7722529
984677
7552503
5731229
8475217
958769
5683019
239439
8981621
158347
3647027
3778123
5979371
5240803
7722483
4453123
92222091
5926323
697741
9312787
9976069
8584221
1616739
2937299
7800039
6391611
8911191
9868253
6117851
5113567
7006699
7543787
9186467
3310321
8135503
6321313
2565567
9468413
8439821
2941501
9140461
7507031
648663
1292241
8261191
9563731
1516707
9783937
837903
8795021
1827531
2270517
1455201
1001863
644703
2927641
3512693
8634073
5087519
3413923
4071817
3482243
1790839
5910149
8477357
481811
9268367
7726477
976589
5876407
8121467
3221391
1078071
3948397
838089
5492059
109457677
8142541
1487957
3548943
5212867
8302699
9274319
79105861
3109377
8490629
2648873
6817601
41149557
4117807
9070879
7950463
3361231
9901909
4873901
132285323
787741
2142383
8257183
4931843
4598901
1313991
6107697
106348943
2699921
7721731
3255483
5462609
3537031
3427401
5619493
3397097
5892647
9185303
876021
32024487
4227219
604329
91927837
8775003
2418247
8869043
9113453
3928263
5163799
1075471
3080031
8256321
3831553
3351431
6956637
1949179
5366891
3901557
2558263
3678151
188961
112109
686709
9891777
5107699
5416093
2279591
9016409
41321019
50016087
357887
3885991
1737259
1123807
1946897
3256087
2317977
2431573
1988401
3443923
1948149
3924809
8443133
45360191
1506093
9622237
9363161
5370143
2350667
7651543
8347129
6562241
4438313
5395487
1765659
9202621
1262303
8175619
8058881
6348937
3085009
26518757
38039261
4898243
9129779
7778589
7248773
4796507
907793
122133
1202623
3305797
3943641
5152389
2350547
2364053
6674263
5587759
54989
2426483
5835859
49468471
4006277
1724041
1399271
6360313
4926831
421631
8910783
1650583
2636179
1131103
2964053
9623679
8413473
2748863
8280601
67711403
6246983
2122673
3266749
6930649
4028249
4284607
7168591
704437
722191
7972989
2163017
3161269
5189229
6345929
8499479
936003
174510719
8646431
7245647
212903
6123923
6239481
751713
8148877
6232323
2421419
4955667
2354387
600623
2501111
7920491
5147359
5855721
6761453
133420789
7349593
3743583
8294387
9594271
6139213
1154753
5063297
3459719
6187101
7097593
9457691
3685107
9246951
1352049
35518163
9121613
2054747
8011089
195144379
6667971
3546323
9476699
8089373
3485499
4426893
101261
4275079
5123921
2906667
3103071
4387989
3647593
4399723
1800187
1659887
3533017
8819027
5968749
149062789
572547
4988603
8442931
5421321
9753151
9172561
9067097
5316199
7144641
9669379
8770849
9371701
6726781
6544577
9938311
2229853
5543723
8289699
7072327
9786027
4199669
98823093
970457
31941959
1627813
8971031
395971
6973133
9997673
3267663
2311299
7682109
9422889
969947
7943591
6526033
153606051
168720169
2200037
2742753
5935281
1254119
8896469
1803857
3567779
4128781
155198117
3665139
6485803
8990139
6753053
2028389
326837
5625753
5513039
7027461
9071299
26221
8657377
1530129
4941649
3147521
313809
2580099
6773723
1803521
8147909
9842333
3650863
2722209
2286033
4282121
6712701
8005087
5547231
6381373
264969
2258267
90061
7005089
5009873
3349373
3364811
7514101
6831637
2721189
7274333
6286463
701723
1602019
3190197
640549
2023177
1649987
693613
23012557
113557
3937913
6879061
5704401
1440891
7711967
3622053
3817097
7193007
7606521
9935139
822981
2848917
244283
4545141
8248549
4671589
3284189
6205031
2103391
9266521
6175191
1097521
3387851
4615237
6528647
1547829
6637243
8887401
1198167
8063611
4747061
447063
3513247
2426637
654121
5758031
9768641
7019167
5467783
2604437
2193433
3116457
1427113
4596259
4236177
943949
2944627
249559
4413153
72153869
8204639
2451687
6104797
9207607
6754049
8646061
1110051
8608673
2350073
196059751
5090139
2457497
4688263
643427
3698819
608043
2637509
2211133
8010857
748009
125361
9566041
9575279
7314717
1880693
4462059
8641821
1120801
7887517
1278703
5509921
1634927
6405497
1185773
2481711
2606391
9220847
2508363
2563269
4801517
7170147
8970879
9796543
