1611097
4018661
5227537
496017
37968039
410721
21259
7342629
8286033
4055373
4622409
4255759
703461
1773581
7922001
7141487
4663991
2252507
4616471
3324347
2327771
6643417
4550509
2602921
6965531
1243021
948269
7916621
2606127
7708177
1532969
6301291
2100673
4624071
5718783
5114197
2281397
8513337
6014753
5459551
1855291
5965639
3249533
5064513
585741
3064439
9424577
470611
5295057
5548013
2933523
2359047
9455899
8525577
7301493
3202159
9583197
540543
5692463
6840371
9497461
7885503
6652997
1017327
6672229
3224229
9016991
828537
9460409
9406067
7835883
2595827
8040861
9418951
1876269
4281123
2114447
516729
7274783
5604961
3033379
2618489
3399633
4610121
176831649
9561753
254761
3823367
9185481
6622001
5012357
49945047
198077991
1614917
5857397
6092661
6384119
3435327
5377921
7393621
5382221
7194569
9638541
9714103
43269153
5266739
9910921
8528589
8232333
8330101
5748799
4716001
4420753
9858733
5137759
6540857
5753177
7596141
4578807
7064459
5030301
4525543
7232921
8869367
6136239
1716129
5323779
8676911
698861
8998791
991989
1967501
4672687
7213849
1901651
8747311
4351031
748847
1789823
8566699
9349437
622167
9017231
8768397
205513
1476627
2498223
3438347
3287257
3335253
11411293
5256121
6783727
5726439
2543599
5723259
6768719
3311217
2626199
514147
6674089
3703251
8262059
193341
7097963
2195959
334179
8201129
1854659
3580799
7107777
797703
667787
6774317
5976603
2993653
4705569
1987233
3236239
7844377
5137127
7454817
8983241
527531
49793891
8561353
7564391
1792773
6280793
5477323
1382643
1916679
3289349
491961
817609
9241371
6862021
1901127
9572481
9062473
8584053
7955673
819819
5807569
2844413
3719353
3719563
8896243
7845263
6871543
9456433
8864327
3623907
1690699
8133469
8977381
2301351
7263781
94310753
3809117
8239729
5232243
2694841
126595747
52819317
3137607
4733699
1892233
8677927
194741
2541659
905937
1883467
9744509
6093599
409553
8605707
1165423
6680647
1852457
6224409
7176471
79757677
8137617
7544317
6688069
6676341
9773241
3320727
34561421
1799929
9069061
1393911
2073429
9149169
4437533
7016597
8526741
1498933
7207259
7165577
5970037
116107
7017093
148158751
6319767
1351833
2539099
4121219
8023729
4676539
29151957
3187743
3683273
73669
6664607
3233559
5432469
8535479
5763241
6444189
8632643
9608407
1961807
8151869
7969139
1175331
5346519
4739703
2282229
6413859
2595383
7411693
9169021
6980177
2021637
8840967
1247177
6449489
4795961
2496187
1893399
3105077
139156311
8519557
9542761
5062721
2957951
282141
2067239
9000999
6632023
8286691
182417649
11186207
5527543
2880399
664051
5225103
5927977
8988981
5854033
7152547
3677651
3512519
5431167
4160623
7277641
4243403
6384989
7200509
5495579
3099521
4478633
4640243
893477
6271329
4771079
9477899
8817157
1499643
2940573
22026493
5134657
602207
5065207
4041027
2574147
1338203
3985231
6911629
4377811
6240227
702449
6023663
6060343
3690653
5361213
663461
8291529
348087
753439
3273713
898517
4334591
5469041
8160451
9474911
6799303
2472087
4715757
3797907
55567651
8643479
3082941
6384113
8247153
8680811
6410831
7401573
4533979
3451159
2434897
1500169
90111
1132993
7762127
9287969
102357377
9851119
1533921
7251153
3638189
4336571
7987077
970257
7367543
4786751
2693047
8854931
8050817
8574331
7715613
3173153
7952901
8762401
2015119
6658107
8596261
375221
6630173
4000279
3361033
7808817
3926477
5038411
2390321
8690837
8807809
1429227
32837
5535063
3090827
867811
6666727
5736497
1655809
193658783
44481641
9675983
9040171
3967643
5621127
407829
9368983
8285011
1343853
6262457
326949
9123789
1487131
6021331
3128209
5402581
4890587
9774087
38166143
29809771
2848297
812633
9787837
2497007
6153971
2789237
6961447
4541353
7629703
6862087
3500269
127398499
7292259
8949529
9281159
3266777
2229317
5434887
7913103
3287363
3886363
116309151
2531901
8716999
1721079
1163433
2621421
189947
3114973
9357373
3658509
1873189
9957367
9627039
133489
4831223
1457423
9483719
381849
566899
747253
5880411
168459241
666087
10000203
514727
978443
8748937
687151
7735927
9270811
137115421
9303441
6036337
9063047
136195089
13377201
6590319
2392159
5695591
9746901
6106547
584397
9340501
7519721
2444251
6348001
7652249
5157899
9247073
8231777
3577939
8663143
56992117
8536129
2211113
2506941
6526031
32898529
3845733
7746533
2057241
125761537
1198239
8988501
1707547
577399
930687
5558267
9506511
2108781
739891
6625993
4424993
503057
6684131
7108523
9704303
4070961
9907597
89008387
9668941
9651041
4409329
4447473
5970173
9453597
5084757
19966449
7320061
4560747
5134869
2479921
4197219
4604933
9671143
822009
2113967
237853
5894793
4280893
8061887
2512507
3205909
3886289
4484721
1093927
2017497
9676101
2023907
816333
39073
1664233
9298361
2561681
8550319
3740709
8149107
1847993
7169737
2143693
724981
5671023
169073
569833
9902823
8552381
3972661
127021803
2521627
8419309
2713523
893571
4223403
4276809
7340223
1740477
792849
5364877
426509
122576293
1619273
587919
3290079
1239409
1232597
9098919
6200563
10915061
9686743
466701
3428129
8110207
3969289
464951
152869
6909643
6779569
3388767
9270409
6355889
1673303
2564629
2473783
827491
1865291
4697813
1803707
6571611
3623043
4521821
1453709
9467887
2707537
4476059
9849993
6040133
2018473
9488871
8198777
6750291
2119449
142729401
82283
5400323
6221101
6193361
1534921
5675543
985727
3740737
1737309
9634991
5917763
76386053
1881229
1169911
7941149
8502129
7075147
1413889
943159
897631
7576387
3920571
3258857
3496867
4517291
2285499
1200063
7360651
8218039
8762259
5346759
2300897
6528157
9976457
8458253
2968421
9554039
77563163
6981779
8688893
4405733
3371571
6898267
6865277
1342213
2775457
4094693
6551673
119774731
3167123
2547791
5584407
8995217
6824169
4683717
2739659
7493501
175587
136408063
122687499
2556019
337901
2171973
7148661
5654041
5482533
9129151
2336059
42410121
5067783
2757009
9800597
2286417
26261523
9345929
3894289
8459303
104017063
6624759
2055739
6847017
1525539
2495903
6410131
217201
6847171
904529
9233693
8394727
860257
4659647
5496079
6558753
9159757
2955693
2131649
7145811
6065857
240299
4368923
7036371
1731993
7617097
3225057
8335483
7876951
1707269
5442089
3436279
8785053
6984841
9095697
2213967
3758819
5710559
6236593
3004113
6819421
4465913
7823491
6139149
4958931
3396117
5582831
5691309
5245109
3289957
74333
6245269
5846551
2974447
4674079
6478003
9235209
4765477
2123727
1509247
9811351
5798131
5633767
3909223
2719959
3477979
5277201
1901219
3448647
3422589
3316851
31767
9575871
8720373
7438591
9374599
6200021
