7525061
7109477
3848763
1601553
1428889
5163381
5701447
843707
6597343
36818847
6919207
7144267
7322179
6526089
53191
4279023
5027983
2691353
4989813
6060561
4515397
5194477
67713
4949133
8896179
9540897
2028959
6349599
7061507
4789443
6698951
5580907
3378893
8409499
6380437
695793
8374777
3147919
115291
5434079
8107997
4787351
8859999
5504073
5815477
6656869
8880293
102183
2799769
7496973
8219347
8521249
6052289
1092223
4080719
4736447
5105493
6502697
6548053
872739
6957813
6764809
6804233
6202291
8775329
32027577
2828781
7318337
159741647
5898017
8489613
3316347
6232653
6900361
2833701
9243403
1043231
1358851
3428131
5046209
7588561
6442083
4341817
8801773
3795437
9787183
6193619
7679053
90728973
2860373
4097309
7003397
115887591
4052331
5278489
5435387
4036299
6641759
1647773
4280081
9393723
4520109
3758279
6522029
7559709
7201339
1013469
454053
4621361
9197693
833767
1023499
7684739
3399443
5867047
3266229
6003127
8799883
5735677
4282337
421963
3261551
5363569
6608893
9867023
9889741
56765977
2264369
7919053
1326079
5641627
8126861
4709811
7679341
9620867
1983011
4175857
5166837
2983417
846199
3665727
9570753
8306063
9134877
8363627
1734583
3064053
3426857
8567897
8184687
7975307
9501291
55595899
4949771
6689713
33967
7900991
2235973
6618299
8802001
5932257
379331
3292283
6614423
9366537
5564107
9663423
7957317
8684033
6991771
6130999
3136557
4773451
4817837
8990993
3253847
1755727
9058127
316491
61256379
6582943
3267177
8959657
272787
9037187
8661259
3049393
5075951
6323687
944203
3684037
213707
2182151
4983427
3136799
8784887
3256997
4221919
2965851
4548241
4742689
6893233
5285313
183232211
7954533
2521233
1784419
8276461
8900869
69541003
5822391
132051
7705897
4570869
5238599
8883271
694481
7221357
9383861
1279219
6834931
5727523
7020449
5778433
4899307
1491267
5089371
4634219
3029707
78353
8663283
5834639
7891059
3533581
9445999
9044831
4717143
1574649
9483887
2795013
3498463
2263937
9422773
693333
908511
224901
1321243
9287201
58723
1988887
8886727
4951547
6222237
748003
872431
3309111
3780459
6223713
7494199
8546397
3712143
550101
1638171
2431337
6906841
9956517
5509609
7685933
9248443
4402117
5691633
1750747
401351
8590831
7071709
1411393
9438551
1624893
8331439
5947709
3851077
9338821
935483
2564837
6458929
7924037
7223641
240069
7625897
237209
8438691
4841921
1481219
6223767
3600599
174352347
650269
9099471
7009199
2827627
8072577
7017051
2465089
76843921
8406219
1840419
2290963
1136221
1823137
1666507
4030203
4957619
9931771
6179047
3647907
5967751
993793
194330087
3281271
6265839
9604437
9568577
5072383
8765823
6971233
3236937
5358663
6277713
7233433
5034809
7628031
9909679
1409013
5197807
175571
8517113
3703279
7959007
7670173
1819547
2740543
1293287
9505291
2044071
8468343
6573579
8855481
9047743
649193
5772499
3372857
2420789
8486917
4487893
3111031
5993939
456917
3236041
7770297
8220903
3198819
3100069
6867717
6494439
2311221
4791863
6977453
3888027
9449193
6738169
5121683
2719921
6585633
6278947
6663151
5911933
6128089
9899709
7069917
5996131
1905323
543711
2022737
6531779
5503457
7411951
2058373
3733061
7214851
1423391
671891
890501
9966043
1761397
187725553
8869683
6147301
9317383
8969671
1151431
4917967
4396763
3035209
5008369
5992017
7467383
8229181
9081501
258169
1837951
5680341
7224103
8346891
3068579
6113647
5537617
959049
2059399
9547801
5408061
6164227
1932829
7977631
3070661
8647363
4590169
5321167
9324503
7167601
3466643
2157813
4585041
596659
4924817
2646263
4246477
7069711
4352319
2009853
5109789
8903567
9667311
4404319
4243941
6767439
4801241
7023181
6498933
5273101
3307263
1311583
5565671
7499039
6231079
7080317
4353519
2126303
9469899
8399579
2405339
8178381
3564281
718903
9789271
9050503
7132933
5626737
4833879
1322657
480929
8934679
67158557
929819
8579591
3241551
1648723
6151043
4604373
6583179
5530607
1455017
1933869
4569229
106217877
8722253
8240671
3318531
3786633
6711767
6459973
8357709
4094673
8737587
7060719
4168953
467113
2104469
6916821
167299673
8354551
7208639
2214827
3906687
4105403
1541539
7003513
3796271
9076539
8131551
232609
7624933
3711831
8890163
9040117
9381587
9807321
2204823
2686993
8811111
107909417
8802181
4042873
7401479
1228441
3236301
4244461
657333
1241501
8443461
6215621
7279167
999933
9194579
4308697
1879617
9246809
3976293
7120003
8376583
7371667
94721319
135785189
7318863
2828909
6477681
142091723
3562451
6028301
3413193
1633671
7342357
7724177
2198443
4606583
6283167
7235741
7719901
3382231
5752271
2863797
8468339
9044501
8184457
112161319
186739
2945029
338217
9642587
9695647
1938223
3838677
6935223
3164499
7912701
5463829
7777733
6032283
4945867
3803147
256883
84042777
3683707
3309109
4375791
3877003
5460457
41382577
1465643
7245417
3181903
4220883
2075161
4049393
525831
3123573
717781
1651271
6962577
6670871
6391717
7261757
1040453
8859811
4853043
7194459
4788003
6103073
3973759
4040697
5264967
4556783
8616307
4173109
5739323
9173043
9744133
7662771
398049
6028277
324003
5394591
5516421
721643
2430171
3833453
6078843
6266163
3651009
916517
2122101
198460979
3895537
9769621
3117997
5151441
1339891
7149201
5804339
1570997
9909543
7494029
2914901
3551861
6326241
3370101
2737343
2630669
9050701
8279177
7445249
4902903
8706841
5495987
135545577
2602569
6683559
5929121
8860811
4789133
9691727
8065479
2608469
4866043
8036191
1331923
3201763
6524297
6772389
7289907
6621731
3057527
2106851
1886101
7545941
4929669
4476397
3721461
5291393
8027141
1700147
6085729
6035763
7041807
8129591
7844373
193729603
9249347
9725601
9764239
7088997
2535129
6367221
2320799
7684247
8807721
1992127
2814041
6288037
8580347
6856823
8062981
1009067
3163393
3723159
1928491
7256867
4139079
5749301
7095957
7287667
1774601
1701709
5234297
3834527
8160167
3701777
6752959
8285499
7417779
2485631
2135863
7977857
8725733
8200263
4567129
8600893
8471949
8936369
7483917
3337757
8611817
8429761
7135669
3090097
5992769
8416727
4332721
4808139
3258697
8689649
2659143
6346759
1275939
8694327
4612663
2645903
4891387
4496011
9548063
100067787
665117
2450319
1763933
2051313
3576951
544251
4446787
3221951
8961203
5725757
1450801
1642979
9520837
4299027
9710543
7975077
4916769
4113271
7330981
1790073
1650929
1513699
6642537
549037
102770231
7028259
1465239
7339889
1803973
4872509
585077
9606151
4394189
4362153
3636387
652177
7123693
96851
9226797
8803803
9290233
2535979
141027
5902359
6776211
6131543
8101451
9840013
3403297
9687999
3448393
2935357
8076417
5943807
6496217
3993877
9751543
