4207999
8310071
91760043
2294391
7117903
2208707
5232083
4758541
6435799
1766593
8845139
5274743
3648293
7202697
778041
1716253
3983463
1398769
5213447
6555213
1899987
6817611
9527617
2583259
9048849
1328763
5330273
7737217
3586097
3700179
2594461
46187577
3785257
3427209
5753579
6818071
7594439
6989119
1093329
6446693
7579501
8375693
6275401
4790029
4965247
6416183
3403403
6399063
2042353
7706659
4959747
155790477
473319
2995371
198247
4538333
2806629
7696283
1552133
10496227
169686583
5043413
90857
9524711
1640589
196763
21339
395541
9036433
7252037
5617827
1799511
441977
2947573
9842819
4470553
9857107
4286603
2652011
1024193
199372321
6710389
7690249
9421477
71745399
7524861
4803783
1915159
974659
5848311
5154287
4326333
3847593
5598271
2159099
5235361
2600557
1508031
1218753
6348741
8964467
124013
4004241
7573013
7413037
1775043
377071
8365861
9921599
2864083
7092207
2270487
8763849
5670473
2157659
940151
805249
395687
1065163
9546369
1859541
3757671
9758681
2664707
6857297
1924551
38711247
2454651
9743547
2002199
5030533
1311323
4262217
3151731
2470499
4238703
2668383
7805381
3989451
4804203
2093121
6280739
2211561
1562899
4126889
4004281
6011123
7281271
601481
7074191
2194117
9301487
3498567
4070021
30954979
1142791
6236113
6131959
8184809
3497151
1401797
7028009
5889807
4617477
6009749
463401
3857437
61159
4200297
9656007
4901603
5531587
5301547
8801713
4066297
6677701
8252477
5486839
7034301
6495939
353289
3303493
8767631
3035919
8310103
5082557
7145951
1335143
6899497
4311047
2115437
9086103
8758169
3013241
6788261
8403497
7613669
3443213
3475693
483123
2458357
9362573
578743
9320111
3234433
3384029
1840107
9831851
8234767
9883857
9829671
931323
3547951
9257573
4519071
128875791
8171203
4646179
1619687
7841827
4579843
7916709
2119457
5524857
6637221
4769313
769701
6698549
83342397
5182649
1819477
8013221
1408941
150790321
1089617
7289513
923999
8809749
5930007
9662249
8492133
2533401
2792543
2760363
5815601
3447961
6104051
9648407
3729447
9606387
3751673
1577597
9915533
3235931
4722703
7285089
2253407
6590591
7444353
1454181
7611413
8319447
9448709
2801391
921221
5263267
8294031
2827269
208503
3614681
6245769
2072227
8882817
5250561
488589
2479491
9875131
3262637
9922343
2230731
5627179
4136837
103288223
5055837
7922749
3002011
3406449
1364569
7157607
6172941
4035529
6552043
9632383
1006107
9531241
2366093
1617761
6639753
52484561
8302201
9226497
1971741
1482461
1778381
7207349
3393689
4864321
6926197
5730429
7543909
5242201
9142687
2054447
594409
9803279
1154843
7209747
2128773
7171899
748701
7172667
1305367
562223
2303007
8194397
6065041
5433801
29558359
9899257
3978651
9244853
9303617
5564797
1518511
3154067
8141043
8422331
1541899
9341649
1839123
7602681
4075347
3424971
152474481
3414601
4424269
8803177
98879
4018681
1492041
172241011
2615499
9908423
8478513
1249873
133010151
7743521
8188497
9551833
3772889
9405307
3440797
8481113
3178849
9008959
448363
149166153
3020669
3114951
7346801
3620433
6011137
1673737
5600161
4975989
131779
9907303
6345369
2585431
4413959
824799
157160439
6719349
9542293
203177
6128067
8874341
4056853
9930463
4886087
4041247
5367613
2486857
2529047
2152979
6177971
6869331
3605523
7060037
1238913
2657887
7004551
6544063
3205903
7103587
515073
1482553
9776021
4841139
1363201
6681037
7621013
3488813
1993191
5436239
9271927
6436269
7536747
2441261
5713601
1491199
4627393
1305967
9434691
7374811
977953
369059
2561759
13573551
3139681
5663453
4772199
29344387
6594413
3671597
3006981
477881
9756743
5304651
98013
2587929
3135497
2588277
3532889
5103451
177427729
3428167
7012157
7999769
2648543
4860733
5382801
193568623
4869863
4258329
316381
9812559
129882413
6692271
4164261
7739731
1538341
4818503
9713569
184221
8652853
548827
8367313
4532837
2752583
4036739
2779407
6229609
5633041
1019141
4771919
5356307
2640349
7863963
9321449
8871917
8911373
47189
9170229
2267241
8438779
4424963
7824747
428581
6625037
1802033
5222149
8313871
3253417
4599909
4751511
8920451
5188371
7750311
7820429
5654843
7352993
6304759
5953101
9935163
7917449
688533
7264817
870469
395539
5046313
116235579
5866253
6643371
9402067
565679
4146953
4865283
7042789
108854679
2311129
5392977
8084241
9360467
7346759
8497643
7790623
3396389
9736217
5601023
8918463
7963539
2041113
4253583
3712591
2911069
8341357
2597593
4175893
283181
3632337
9935777
8574337
5527617
5740263
1884959
135059
6519663
7639233
7870709
13769659
9716891
9212483
7650911
7804627
8393187
1900413
6711517
871167
5679737
9006701
2079893
8691671
9939417
2127381
85113141
6963589
1489291
768729
5545201
7787793
154543501
6870227
609329
9097901
3347739
276571
5423829
3847099
2939661
4995463
5744547
5304977
7777943
4547807
7128223
1932859
5390937
7362891
1396331
3404567
8964091
1453019
184997
5854207
2903811
293463
6828951
8630217
1863637
1374617
3908083
1935877
79541023
6146473
9332187
5242491
7118547
2893533
2095823
5288711
1078001
2686969
4167417
7537763
2371911
1668927
5531733
7544129
3022769
7660623
7402757
9108801
9037733
1589937
8536039
3926773
8608857
827629
4293743
6067523
1558807
648509
2575523
9438327
9503213
4206739
3950911
142032761
8643043
7324757
8302443
7273393
6244937
9908673
5936921
6685473
125321223
7851259
99851851
9502579
569637
4694327
163329
8068309
2608191
82439559
6777241
42217739
7239649
8765043
9254597
842547
9009937
4997897
7345861
8553103
3126441
7196553
4876283
124555033
6376551
2465351
100807
8002727
5223301
9999523
8689547
6198781
1405513
637463
1653753
554167
7394061
9505289
3221727
9921701
126957
5653467
4325067
8679409
6641729
8646179
925653
753073
6753079
2212511
9776303
7131839
8806357
5416539
1570163
7560943
2393741
5296271
1180089
579647
35952757
5691181
756557
9489393
86587
7750341
7361743
8662483
2966663
3528461
8329983
9984031
1065319
9508127
1807261
6001711
4482761
6566849
9287441
9491269
8315681
27318697
6517559
578123
434049
2046293
9576773
2268239
7465827
2456809
3739911
3402329
7650403
8365393
1710387
6275281
6700237
67641453
7161179
4295517
2306231
36087
7307879
3060293
918669
3319801
6327081
24363411
1204709
9618617
4282163
4786251
5461563
2131869
7570051
7054389
8557861
1201813
3938363
3006521
2454219
4118051
1083039
4557019
549843
8323087
4183913
4307323
1170689
3247791
1728141
2074667
4878641
1024001
4567719
4317189
2115273
2956721
3558477
146929497
5778243
3569947
3702723
575891
2704597
6468789
7608113
597427
177072961
3578351
311917
2569429
9579449
5526747
3801313
1018267
