3464431
2689547
7324633
1651179
6532373
4927807
1953549
5845591
3213867
9123381
114331877
6443411
2345947
4716749
4358219
7039861
9633509
2998863
7458411
4881627
7011987
4493517
2977743
4618357
2544743
8914233
4090057
1078451
7911689
565373
8828607
9627947
7343769
7948087
6062023
3950257
152962099
9112831
7619109
3706933
8007553
7316527
237257
6693631
8277771
3172019
6906233
77852907
6937119
4591781
102064761
7199843
8759019
9199613
9114343
9789243
6561629
8921343
5602659
2267701
1032891
18622933
2337713
6772589
173982183
2529411
3496329
3350651
2481561
8794761
4240889
6781137
159630923
879349
5943767
463449
7835257
6433619
6926977
4251763
2618507
7265819
3635677
5058993
5877949
6195447
6520607
3559029
1399461
5974447
5764781
4853081
5124953
6291979
5263113
1033449
4906199
3941457
4399881
5334301
1329737
3089267
28977029
9679607
409499
2874713
5150207
2547469
8931611
9365481
8249131
3612223
35913
6683269
7568233
1641651
663953
761247
5958679
3450913
7296027
2722189
6166457
3761461
3633641
9324797
6573169
5533939
4860667
5097199
9966269
6719271
5877417
7783043
5002739
4569769
3071247
665201
595127
2502141
9881441
227251
9077029
1101511
4811361
4854329
271191
2233777
9036073
4134443
7959631
6603483
7194357
8699997
4828189
4024179
270917
8231873
305903
2827813
6662669
570601
9011703
2161047
3266993
9428017
6312333
3389941
2568881
9293483
113663561
3823989
3476831
8875549
9702953
3860877
2776251
8345997
137429913
4894081
1122727
9359747
4678109
4272853
4803537
4052763
6220481
7018543
820039
668463
7809619
6154411
4606031
3089259
7316061
9957537
4142643
2616507
9198323
5864201
7047191
5669959
3653617
2317573
591789
9585981
1656307
7422043
694457
3742467
8263241
7616009
8780717
7284307
5677879
6598697
5758717
2314847
8704079
6659413
2973821
8925951
7123663
4993163
9879093
6718507
4630771
6158947
5532601
65892039
4693683
9977979
2560669
4537903
3822467
173120679
3165323
8019087
1577731
9959823
6867713
5759383
5273123
100723
4167419
8543471
2308397
3274889
4412439
147426063
2940603
6562493
9445653
2893643
348581
3831003
5775959
3765143
6040591
8105561
3633101
4929511
2944659
2991949
9342507
658509
8791949
6931729
7035149
3901209
6242193
113989
879503
40786027
2249909
2468393
6381831
1618399
2878581
2319307
6384993
3886809
7545109
1329797
2255619
4445717
4017161
5835827
1730703
6143021
7665739
4053621
137868433
5116061
2998939
1032917
6752317
2810293
2665439
6039727
1388967
4192209
9284701
768903
49072777
3396943
3218007
6918817
4833697
5187007
9479781
634423
1369677
7903073
7584961
3537161
5045241
4380589
6714493
7293763
9580673
2418657
2974987
5015011
3414157
2579989
7139049
4188603
9092373
90857
6970229
6643959
7961171
7223437
5506179
8756137
5692369
6192343
6996461
3162663
4970037
6557549
5835249
9709099
4848161
8699493
2227373
1531153
6311123
6122371
169243
507063
4183741
8699067
6451293
4453067
7035503
7851163
3634087
2105031
3505961
2127127
7324723
5473777
5644671
4734809
9318799
5276909
37959019
8481023
21153
9107873
5445559
105320453
3728461
1157137
75007
5239593
7966939
7389353
2209477
9910701
9949471
4286281
7612931
1536651
8787707
307681
7707791
2632037
1772047
1220453
78663661
9496131
2477601
9543071
3560687
9759197
2783609
1710429
6484799
8785949
2128167
5260183
4781159
1797433
156338161
8797503
8632279
1721089
3062269
5558829
2382849
7277103
5357467
1192687
112181787
90506583
1985057
9974173
949547
2821691
8348249
391673
4001103
2090351
2717697
9707413
1259321
91273951
4942773
7555721
7718149
7262669
3006939
3101681
3674083
705741
3394961
8304773
386699
2185017
719739
6311733
9830033
7324369
2333171
96273
3029353
9859103
7733679
8667181
6566923
157200963
5384879
823079
697271
4862541
7404131
3243979
9360331
5534161
2214193
1552609
9353967
4943159
9728519
3614787
4386069
8551909
840973
8909631
2426463
2748391
4880289
9849129
7089731
579551
4201449
2629377
5263387
69009383
6666437
7859779
8631
8841881
9541727
9581011
1534749
8622209
2758917
8944769
6560219
9049573
4778241
1634441
2985661
8295099
7856807
6245689
6244417
9361417
6551429
2168349
9268553
723617
7682793
161839
5705379
5960869
5941847
6491341
5462381
3794601
9998611
7405167
5618233
7467957
12619
1815031
2673057
2098299
8429761
109123029
6964921
3108601
1541053
35523
1768119
5981999
8373833
1689497
8787869
569577
7644957
369901
1592487
2993159
9204639
3001557
2337679
8719
8387163
2062523
2997901
6896127
3405541
449453
8051579
3223193
9985067
4670311
2958251
3231899
9744747
9294851
9364811
6504849
5915253
816929
3512853
4076933
2593107
2228061
6426401
1181937
3641521
6205549
2829011
169475303
2876249
2506337
849809
595463
5002523
1680397
8898461
5475317
6262093
2419287
121151
4166687
5647807
9500089
2750343
68100843
7414079
7602029
6203921
79228263
858859
6091531
8026871
3954449
175620213
3038481
4997107
6504341
2726387
7598407
4850131
3666047
894911
590031
5646051
4305099
7736691
7397133
336459
2819299
9914773
6828451
8292033
9760839
4261909
3875669
9172001
91407019
8235567
3126503
4480093
743189
2177059
3850083
1014173
4729733
3920277
8693713
3591511
3323177
9467637
4032439
256611
3449077
1551461
3710573
5653141
7205641
9174527
5112761
4592713
6035427
5458781
3428647
89919
1302293
7431113
4563063
2186069
817173
3756883
7432671
4388709
7655487
7256449
7190911
424259
6795151
2355013
8751677
8583471
9484983
3383163
7902603
3886607
6424431
4571929
9503317
1367063
3825041
3368681
7905571
3230641
3498651
1657319
165974577
5819593
2750013
5464387
8748869
4476399
5729723
3836307
5157537
7741703
2612049
7579151
9760131
3303087
6089587
3871933
9664309
5375743
4118169
67762573
179323
4314759
2968179
2868291
8760797
6411749
8494551
5818627
604083
154074603
8003543
3581129
3801771
8344337
1150331
968777
3532067
2400721
2658733
4836247
3581987
8345259
2526517
8557001
4132229
8092321
1513413
6139487
6726093
9569573
5185257
8361619
4995559
123069207
3839081
4783547
6082209
2341267
8737087
3673873
1463019
9650751
6319731
9548277
644541
6218251
8288981
2515461
6187753
490909
7019093
4381319
29216791
3096387
8460243
8944237
1330401
8954559
944447
6539187
1101693
7921977
9247091
5000257
8815209
2678583
9950029
6971489
381241
8114681
2102519
4640181
7329999
2460271
8670503
119373
1283307
3680943
455531
6924037
5348233
6651789
5701747
4897043
5277187
7324827
9405657
5191591
7767129
8400159
6945947
7563777
2991567
6130027
7440643
7559827
2248431
