409967
3240179
1882493
5753887
7840779
1343209
9745083
2439597
1824681
382943
1328047
7376983
7803893
5192791
1870169
5624473
6092869
7517039
809987
6263707
4416883
6424639
6907943
6933351
2101909
1280043
9011633
4715621
2942199
4960283
5196327
367317
5354227
6782099
3889001
5138173
5060129
3293089
7794793
5851939
4734543
6177361
6624261
3145703
5035317
1560841
9542279
7621881
2502193
6704229
1364307
9985433
9562521
6724839
8845777
2232709
5591787
65493
1505149
42715927
3303421
4953337
5067433
135970877
3924923
6477273
4343413
4831937
1383469
4330051
4382289
1662019
429109
4456253
2393133
6093851
3085879
3172899
7430307
1283739
812531
9792017
3363803
1725933
4547047
102363
2341709
7812477
1744211
1734327
3808999
1712221
1846783
9011751
364857
3682163
7683799
351457
3249693
1288883
6202469
2860241
2085303
7904763
2588253
107119
1668963
110765091
228333
6303159
1275849
5628893
7447043
3253497
9789371
8521949
7616187
6796423
87301359
7157341
8874211
3761331
8814873
331353
105582111
4170747
199802353
8465977
1869489
2524003
715223
5406119
907743
4158689
1219639
2530463
4649251
7239881
9071057
2477109
3076657
8559609
6452747
157327
7760023
1125139
4559641
3736767
4427143
1037289
6144163
3485067
6146331
682927
1275533
7628057
7486247
6822369
3809487
6431767
7365743
6091127
6480329
6264207
5541577
146881223
3705723
6349357
9732593
283139
6107421
3484511
7971599
6763821
6887463
3483009
6257917
5383977
8834741
3428791
762021
6000601
5946871
7117633
7319753
9262707
1303567
7843031
1393511
2944891
5763689
413817
1255827
1013839
4645073
1680757
5962987
5089003
1776677
2331583
5153387
519533
9451891
192730487
7141351
6938099
9472941
4661881
1366003
5288803
3053297
1582069
1312063
3017459
8819097
7583321
1011711
6604011
3961139
3807719
7357231
296779
1654459
156277
143301
5993039
1798853
6764377
3784143
7291701
983393
7450593
146489199
9935183
9337567
3722571
8605433
7524081
1577271
5791747
5237241
5257539
3316577
6649041
3693931
9975053
4483143
3054083
4449263
6110057
4157641
5538577
8447717
4452823
6022309
9482469
583203
5299371
139386189
3243867
5577197
9505659
274639
1261561
8815619
3043321
6789737
187030841
5593629
1110959
1047103
5523917
8644077
9465051
8583947
8630673
7676019
8571839
3418259
7283711
2356647
9685037
6816823
6348611
7655161
9891963
2934301
2003847
1099663
1743959
3534071
8346973
1138851
3917961
4814609
6586983
4786721
3147023
3155093
6984337
8005339
9881961
8903589
8454759
4900821
117876267
4145923
5929467
7376927
3212413
7605783
8199019
7542271
5668187
6910313
6377701
9214861
2063789
8589787
4593383
7875099
5235947
4997177
8601501
8666243
4113497
9167793
537217
2270849
189163
4602179
1162729
1843589
6974127
2813669
5003671
3669387
6463371
6777137
5091311
2610789
9341071
5431661
7436577
5378597
9224247
1168853
4985801
4329347
7959571
8259767
3448251
1471519
6094223
54363
2464397
7723371
531481
3107527
2569469
5186573
3326841
5462651
5987509
2842539
6177397
5469079
2280903
1330239
6814277
1552359
4510747
12225563
1161507
4243397
7446041
7830457
7628851
2208781
3786697
8421441
9090757
839819
4666787
7485761
2734819
6852523
777891
1230351
6576637
5742863
7382453
3988257
4681719
4317161
9865741
7691713
817839
3301649
9698399
9306833
6838871
675831
839227
2108319
6604211
8230567
2435273
3527191
116485649
8027913
9525461
7172099
8987889
9741013
7024687
7995339
2390783
4915867
3927027
1374877
6825121
3189679
9870619
6043827
4387481
8113063
2879033
1371207
7123109
5350901
2784877
5269549
13027
4099123
8078279
9998953
5673999
6762599
9256489
8689201
4110577
5579761
1463349
5728053
7709143
5317003
1524981
729547
7897269
8248343
5129607
2793839
8727931
7214927
5321673
5992197
5570793
2045239
697601
9087487
7168417
1052811
2440321
5137917
3089831
3089211
3196187
697837
3535441
7734971
1701709
9473433
137147199
571149
6187031
3938481
1589357
7738771
6073329
7546241
7945013
6634869
2160503
8421931
4832791
8542821
1524259
53508763
2326851
8562631
2097511
1623133
1807169
9609581
1958431
3585121
2147193
2377607
9459223
7955083
5144419
4524179
2397951
1291989
3775083
8805181
4167241
6439909
3330277
3579593
4612499
8716617
8941317
9353459
605807
6258887
1271041
4184751
6406793
9483987
5475027
1866303
2789137
6330881
9538263
5042119
3047413
716107
4095971
6394667
8637297
1579089
2189623
2469117
4941203
2853883
6314101
3627001
1680121
4887491
9921269
7275549
7971727
3304407
6016809
1466151
9585621
1069319
973109
2436777
2396371
9856679
5315863
8160521
6293823
5495423
5643393
4331877
1998083
2022389
5334817
7760521
1394859
2608893
4595791
4655767
69463111
6039017
7600531
5371657
3665129
231933
4503657
8159781
6924701
6916403
506901
3956401
6270667
2921293
1350329
8615567
9005897
2281971
7998231
4221779
6015479
47007819
7562563
9557811
97876979
36709639
5709401
9919713
4651657
2835323
7451597
4297947
1447681
8547979
6568981
2923541
1017507
7670317
678593
9999507
2228037
116031897
7983629
8649513
955261
300727
9101847
3932587
641443
3519277
2910057
7696759
5006847
6270383
6889947
4317473
16483029
4529153
9033471
6981549
5407001
1041239
53467029
9684739
5124653
2443123
8949443
7467331
6623757
5566429
7049813
3117511
1304663
9996139
6200693
5434553
7783717
1963241
76523
7421583
7342047
3771361
7419963
6362013
3852387
696999
1415611
6114807
7523911
6134033
7592237
2781397
4575637
6355899
8923633
7816377
1918191
7234427
6556969
8023509
5206189
2554703
9362111
838913
6652999
193869969
4793119
17753827
3752143
9881581
9366433
4604763
367283
92991321
1835637
1142653
3500027
7170391
618737
1283053
1960141
7002137
7550277
3024671
3801427
7766071
4413191
9292803
7757077
102237
4084293
628363
833113
15729
9389147
4006261
4706361
2909951
7847867
8021911
680647
7287609
9925599
8738913
2996229
7034817
2511227
2498373
1124077
9465003
4922727
4170423
142990759
4611919
2994563
6743967
1909113
7353803
2289669
3988099
6734349
2469777
4296283
2017789
7654097
5563503
7627237
9396811
275249
6109519
764491
8752777
4150517
2203639
6952243
9295053
887109
7842469
3385923
7837229
6808177
118208777
3281923
9210579
6404039
10259973
8187021
8296021
8008883
4771383
6585763
6507747
115155887
8848953
731957
2600287
6407323
955921
9486033
9342381
9586333
8663543
7524573
3273397
4795401
502229
81349513
3894349
3803653
5251013
9668187
3959051
1723631
932643
7565487
9690799
6218153
6826909
1186239
6046477
1011707
2528319
1178311
5465517
7995239
6962953
1386407
2799173
1526237
7055683
77651839
9946489
6897129
