1467651
3874367
5716471
7680401
1040087
61402433
7998939
3465541
4879607
7780177
7230591
6100749
7015707
6351627
6882809
3822081
4814263
2462513
6172321
7602759
2019711
8734737
5961517
3448471
5709179
1774443
7429561
880207
8315013
61953
6299313
9050951
705809
5396703
5535301
8787857
124161723
173881099
187988263
4993249
78420491
3035751
4108647
5107773
8947001
1877681
3193903
1539749
4067557
4448511
189713651
430569
1125729
9761341
3839509
823587
8185297
189849569
6046703
304019
8351409
7694443
7099003
5328693
1982129
9340551
9491757
4281053
9232541
149101
4099449
6549153
8601847
5886929
6754803
7881899
40627943
2132927
2062717
7001149
9806211
1471059
7354159
8453417
94759
9130499
2310633
845939
9398403
5834953
9040597
30628489
4163669
5650999
2253201
8794647
101497
3816841
9182189
3215213
1491641
4746599
6617503
2145111
1202851
7459607
2939251
5495231
2259603
8684597
3756353
5799141
2904553
6070237
2206607
446151
3023649
7255459
1869129
9905601
6074893
4909381
143359677
7183297
4517057
6437459
5009529
803767
9289433
2879099
7900731
2676821
9782513
1800159
5208889
8331447
1294109
4353351
4455201
3377637
8072029
1168431
8769401
9392099
8273363
2874019
257253
3397347
3422011
8660797
5287901
2062159
8358181
4343203
544969
9283209
9391299
6107589
969589
4120509
8517703
735147
4967641
9210163
3921547
941611
5480613
6154813
8228391
1974987
2684601
8580629
1273063
5710703
7063057
8021457
5008937
2458439
3599217
6813449
1190963
9668167
3513931
6130687
8014313
3364879
5836923
5311527
55097119
9821913
5785003
5626407
9810133
4692477
4320017
3053397
8835399
2467961
5682283
4292813
76937
1411569
9244053
9238959
4011749
6332451
4520931
6732921
9867277
1212557
9513927
2404397
9135519
3170453
7371499
2104561
12488277
8700283
2453027
9681377
1880583
3180139
8019741
5132801
3957853
1543373
1845579
4212539
6774787
8722847
6350639
9744621
4447621
367363
6575089
583151
6885129
998139
6887313
5059707
9548273
3191977
9897829
5414357
5472719
2752159
3596169
3863389
3631397
7505741
8558391
5722839
1107189
4207187
107651919
3990221
140263
6353467
803127
9240251
1337889
2062331
4960439
15722379
2806623
8810733
9430759
9967751
88682091
9179259
9577457
3892599
8339601
8540721
5986111
2847677
4890813
360101
9221829
8511671
707637
4099127
6287027
4653143
5463281
1988529
2876139
8102971
4912027
3614283
837453
7759107
9724661
7071469
4176091
3857247
3176903
2042141
8591841
289673
6827371
4317299
9012567
9219639
139846827
203507
3691157
1121179
3356661
1445437
458227
9022791
1899423
3702121
6587453
3294343
7162341
6491463
117347
6250723
5513123
5805051
5044009
220043
6852179
8034323
335413
7325979
799529
5681297
9891903
1107021
7197879
9235291
6940489
4396009
129980521
2643003
7057597
3786251
369497
5014783
9128691
3955119
3602409
9338793
9667249
5777847
2795417
7374191
1290411
4336479
6144331
548323
60853
8670901
3344399
7261267
4161619
1398769
8124839
9075467
344643
460881
4907129
6501847
9912523
6348631
7032383
817247
2776521
5152481
3900923
9893311
4433009
7712883
8391567
1265047
994577
8084759
5061777
5403601
2508207
2876541
4686149
4407717
6395107
7554123
2491697
217209
8085597
7416443
1369169
8265237
277343
2609849
7661419
3409387
2137813
2231417
7364659
5522421
7207997
4425659
1251543
9017077
6112079
7327887
6198473
2793039
8411367
5032173
4016711
4885223
8028959
7488559
7241461
5767833
8041917
3889221
4847379
1395387
1311889
996539
7467979
3421379
5000299
8244083
1617523
6015269
2656751
5458699
9930599
4641721
4032951
3834041
6665883
8851667
4424643
9512067
9574741
820149
9337203
9835759
9779137
49756549
3451721
6444931
8739199
6509987
3502497
6963983
2664699
2369351
5061411
3432577
4542111
9157953
1952873
1758047
7033279
52039583
2685051
312029
4643857
6317913
548231
6351331
7096299
8348523
3068627
6043179
3630877
9917289
7776679
95198353
474421
1153591
3977447
8168259
1240311
6419809
4323527
1753461
153783
1513363
7843637
4227311
6712591
6126037
4264213
8445803
1350403
5363377
8843993
242281
827901
7802231
9165713
6994781
197228087
8260083
1481491
8314133
8617829
2793499
8864289
7804049
5726481
280469
1826087
6652401
2249679
7968779
2969229
5967591
138519
8176141
9842051
928253
6804401
2547997
8040509
7414079
3714743
9690021
3855909
2417659
5036029
9898217
3315899
4500851
6720503
8293543
3959957
2978951
7308213
4305229
4925417
587879
175615503
8407643
4022519
5980583
8597689
7618013
2878043
4673849
148663
9477157
4469049
3107517
7897547
6533819
164015573
6137031
5667721
1785831
927743
9346473
1723403
7835671
2780677
210259
9325017
9972373
8634747
3199369
6861667
4886517
1742387
183223
4614477
5030331
7761603
7066251
7365711
5217687
8488527
6758459
8996809
1190471
5232041
8789571
6329831
5977827
9711317
9910171
4231129
27911
135367
9288459
2444751
141167
8193157
3667421
1123621
9273543
6468539
1312941
8057129
4180701
26159683
3229019
1398141
1841201
8927843
53946061
4440301
2047441
4633873
4300353
8974119
5107103
9121323
5470167
1965939
998461
2453591
9694997
355337
4290001
3914039
375079
3886967
7348213
6147397
8265227
7328913
2913061
4284081
8095411
5982291
187647
9706953
970507
933579
9174341
9355173
5382779
8452873
3170241
8299429
3846639
9940709
4181131
6989527
5658909
8278619
4501931
2705083
41383839
7469593
3201799
8419459
3335773
5177277
8542007
3035011
2173817
2605653
6287403
8704833
8143371
5029269
2708261
5536993
8183933
3838963
3413499
4013157
6208427
7717237
2638051
1861177
31572727
3839527
3056307
3597279
2606937
6076327
1266869
9897133
5509207
4947399
7792389
213493
1209219
8691837
4811993
610107
2279337
4961139
7081603
6099833
9278227
9536351
3687949
9717779
2917477
697613
2186299
4032061
3893531
429051
130529387
761297
7910251
2000753
689489
9008273
6611029
6497219
6583021
7069109
7479589
501499
333367
1264641
7162917
7301107
9395181
4206277
6139869
30656587
7952027
576631
9990101
3010239
1132767
5961019
8453579
7525227
8174013
6612063
5757591
888627
8338019
5137903
4340659
9724609
4081599
9274437
4180413
7394557
8865177
6858061
1435933
2984879
7134767
3718189
24813
1293713
4015053
2145679
8462501
9895863
7429191
5962921
3552769
6752993
6952791
7565149
7098789
2339011
7370487
7216857
8523999
3918181
7009163
4222057
3451883
3625011
5152293
9950889
8475583
3618539
9530067
8610203
2284247
3102123
8007741
7733033
9111051
5516909
9796041
8020021
8879073
8450277
1863367
1174699
122353
5017229
9837533
8891981
4251873
9561201
815309
6909567
4687083
7725587
8529199
9023511
4568537
2185231
6469233
8536721
2190409
8565377
5444067
