5803197
9170607
9503211
8565539
8106869
72787221
3492779
4663073
6702759
3931341
12780481
6227211
3460613
9699411
6736739
5948971
6241821
9503411
3688629
9591021
5338181
7562547
2593879
5556853
9053853
4059003
3764901
9767229
8306297
216263
7941173
5002969
940753
5720369
3869229
91734633
2685217
1736983
4522283
5796029
2483603
1249659
8774287
1896711
9307633
3047037
2781903
919803
1675949
8557459
5853011
6521849
7920519
1927737
5227849
163587307
992469
8523493
192173771
3297259
8876401
9124289
6975479
1277949
3650961
5570633
9316103
4865211
1153153
8736103
5705819
7479511
4188041
9289819
6015731
7554829
4593293
6149211
6499451
8107743
8776357
9052949
6846409
6618821
5324771
994539
9892447
4593311
1332643
189122547
7017477
3801999
830363
8246917
771433
5080653
422711
9449643
7425457
4719139
3492333
484119
519417
3117471
5933127
427681
7123129
3152347
9209043
7258597
6650157
2475541
9418669
2950269
1803417
1079231
3148073
9914543
4203269
199378379
6117003
9784713
1995499
7962273
6626297
6982377
4397643
39355763
7541159
1230253
8655971
945577
8760063
9215009
4734093
9961701
8116757
4949459
3347447
602491
7986741
2571089
2039719
6711249
7309729
6942561
158870187
1256507
7923869
2748859
9365217
1645289
6110659
5880749
3097917
9486759
2886413
6074297
3046827
6401959
2327149
5793507
5358263
6204777
9281099
3363199
77196969
415951
1064851
4653261
2840963
9836843
7869907
2057021
9872187
1949361
7045991
5426627
6536699
9818131
1427781
7350311
9873303
2963031
1389919
7445637
1695367
6915837
993937
3688681
5855931
25460383
7469439
8651847
4682961
6290639
4275229
6274863
3933903
6004727
7798097
7752479
7150637
492129
1378101
6326393
5667197
532727
4688347
8508841
1094827
7043737
9712693
8050813
3965597
7444381
2967193
2019313
1224049
156912359
8653779
848277
5194759
1003857
6370121
9911519
6371903
9972777
3916211
8494191
2882111
60443
2194757
669909
1729669
6881619
5517053
2805517
8373911
2644071
8739189
6289273
5851529
9154479
2666757
873787
2972239
8446477
7505023
1651431
8305469
3011067
1447737
8941051
5084907
174161
570227
1099867
9718987
7686401
1692797
7081501
5555961
6117629
339423
9140427
3416901
9127919
946051
3013191
547991
5633209
9167421
4856177
1537039
8593107
5741949
890103
1877247
7292009
6316377
7356137
5106471
9611649
1655939
9281709
2064907
1968449
139532713
3779769
382953
534207
4368647
5114579
7531569
7925383
3996211
8789849
3300383
2621107
9046737
3180053
8436481
5110161
9851957
2651203
6663737
3722407
5150641
5997839
8273391
6451319
8675853
9629803
6166107
6389723
1260193
6972989
9745693
8126281
380687
189336043
3611451
4692313
6921363
5609263
1640879
9920839
363573
54037329
9077127
1449577
5489463
3077957
5257589
2006193
1020753
7039619
6784573
1213933
5236281
5921371
1552367
4598401
6508263
3036199
1234753
2934809
6984969
8048357
1589753
5347851
1495907
7685399
1530347
1517163
8280163
7597793
7899729
3413047
6707927
6666099
3720421
1817239
474881
8932011
8284623
9470239
4375239
5530649
6894673
7053381
3905351
5280029
4116007
6152681
8432103
4095647
9633747
132389269
3952371
9111923
8709259
2108437
4282757
8784481
1704959
5448487
4678599
8680967
745041
9873221
8943893
8014791
2241637
8340967
8176107
936949
1882727
2815161
3307449
1600057
9562519
9258979
1990391
845999
5832419
29844329
4415221
7901347
2187351
5967753
6162607
771873
977319
1183343
170253819
8037027
50431
230831
6182449
6804863
5557831
9832631
7790073
5988523
6803369
7692937
8820779
1386201
2466987
109290521
3387649
8743663
4855549
3830223
2625199
7307323
3121827
3539079
8883277
5883587
2445017
4324699
5000627
546109
8453009
8488133
1741167
3607867
5671207
180872791
116219
4297437
3792043
3044591
7594041
7515187
155008937
9512951
9330731
5212351
8049171
9269699
6934763
6817371
9189281
7868259
6033669
4957987
3685493
1411371
6954861
6148101
4697141
2955197
1889
4604319
3543223
4493719
6402971
7804711
7934019
8827091
5397079
2475477
4708979
3241939
312569
4705019
935143
8422261
8016527
9242363
8968863
4859899
7837003
6858121
481531
4375853
9202619
2178149
4950403
2024877
465381
9539307
97072923
5597691
8988889
8425159
4442691
5052411
8046493
792589
5316463
591809
6968033
3697307
2532203
5628267
2676689
5440377
1849423
2862383
6566833
3998887
4435361
6708011
9428843
4599793
794989
6985349
8848497
664489
3284589
88639657
1620401
5455393
4330479
6991049
7994211
2019687
1876331
8508979
910467
4045149
8334791
9019623
2089353
3765119
4828001
324259
6938093
8814301
348127
27068703
8804561
2780031
6704171
9392731
8250617
7964913
3324479
2698243
562863
3078949
3131919
2287013
1502813
4789201
5912801
489071
6245897
8778919
3714721
7305673
9424131
8530091
5492211
9550789
8082477
8645283
4578209
4401071
6623403
1676467
9547363
3753179
1718773
3701573
8036389
7269041
3872119
8465827
5597263
9422551
1143443
6864707
3192123
9875197
57986503
2956617
4595229
670433
5450477
7548373
3074537
2205127
993529
2923987
9848157
1970681
1433403
9912891
7819061
3509549
6803
3568999
6786889
9766391
6568699
4952747
35633
4443401
2971501
743223
1720749
4100149
2480133
8425269
5717603
3204953
7753491
2368183
4710337
6489033
8504889
9309567
81601
7308351
5465873
2803331
1541593
1139943
7212437
5143091
3952629
8997373
58145151
3469727
1698957
8907457
8529861
8812767
5631393
5210603
1784551
9232939
6581527
7718997
180637
5352587
833213
92093443
4447323
8031203
6408829
712343
3781473
4313053
4772413
6673893
4844719
78639
5720407
2517169
8166013
1322857
437501
3703691
9611637
9093779
1299881
8670401
2026877
2138331
6682103
1631319
2689111
2786123
5311443
285571
5453183
4191749
4533729
7189329
8077789
2857603
5275129
9220459
7057111
495851
1277213
5088517
2711529
3405031
2898943
5087749
5211927
5711281
7252343
918701
2086363
8213529
9585411
140828659
2733023
3992643
8203823
3140339
703969
9433863
3055843
9296421
8382217
6482489
9713463
9874101
7435119
2133497
1336557
7588403
4988309
5883953
8444821
7314431
53036889
8027039
4548643
151004003
2869131
7180351
8337573
2596677
2266327
3782149
8611889
6826839
9209371
5124383
1589473
493633
56941
1845897
6706999
4499273
7227287
2356611
2474017
1387643
2863387
1940489
7307679
7513773
3253229
5814813
4755941
3812559
2597447
6172397
3104467
7185583
1105737
9108987
2826161
8063519
5497357
4488407
9606283
2261203
7070777
3186617
4825857
1598173
8010949
560421
3593851
8399199
8430597
3639717
