4211417
4730939
9953957
3789513
1420221
7599407
2314809
3558901
5188693
4091817
229879
6411637
408047
1809553
6984391
8916093
5342407
157851263
5908847
7066013
2414427
1147091
3370827
8039831
3048807
6176107
8582147
9398811
6337779
7069517
3840213
1003071
3480973
9655689
9514329
68427229
910209
1925373
3440671
9054173
4729373
17963
5639121
1564747
7704629
4244971
4168121
4634669
1249701
3559911
1667293
6266859
5690867
5164521
2784061
739537
9197997
8659139
2318681
8886117
9982729
4633189
2321387
7302713
1274967
6072891
321887
4708749
2531429
2563777
9783439
7030513
8394109
4077827
8409869
1017423
8592089
783403
2374249
8159373
3698433
195112673
6976487
3031487
469089
1897877
4466039
2146707
2195349
1756401
6693441
3761727
1174661
905251
2383179
23243281
6659181
6633711
7297361
8598773
5114477
9550027
5752049
241189
7895291
6618481
1813441
983441
9029223
5970401
602679
9862701
9841507
1033279
1820941
2894293
2582327
8249647
2730977
4355361
337979
2756987
6599297
7936827
6455629
8692837
7256479
5377239
7919277
9636799
5838691
4874191
6446357
3690819
1658753
445723
4428627
1184803
127008463
3811597
5707359
5451493
7983009
2322173
7613527
8492473
7536727
7261699
7770183
7574947
982239
5359147
3295211
4789081
5753451
6965087
7302627
1691937
8246203
5840287
59134831
9178417
165377043
8347361
5696317
6824177
429933
6442691
556209
4130759
1123771
9637977
2567061
8880369
8268163
8645993
5425327
1801973
7596649
7817119
8366063
1179763
2120977
2578519
3881903
4863091
3617769
6649593
5499313
6598623
9305611
2139001
3904399
8046937
4973949
5486269
9975263
58041
2181019
4961149
9587651
3556719
8866837
7338247
3430949
8692741
8131609
6098083
4770583
1028393
8454953
6513859
7537239
8326037
3091771
5521101
8365251
1735991
1501533
9679697
7991307
6308617
1214557
9588027
6919677
3186321
1722847
1965279
2807803
4308601
7952787
5327799
1410087
4964427
4266651
7590959
2170583
6219977
1597749
868491
7709751
5218261
3881797
4215203
4030527
3867927
5399801
2809213
6693347
5238809
4753773
2791059
3395181
3679313
7324429
7094549
817753
1908229
672463
5906297
2167881
2559609
4721031
2077931
613973
42374809
8093619
5516777
579119
84351783
3651809
4627901
9492307
8780397
2447411
5892681
1916167
3423389
9378321
85737379
179497
3318461
6684757
384269
4563111
3213209
2506001
9300731
6401981
1076529
9434427
5157021
6796621
4751689
7596079
327703
7029413
8685373
8948059
7131029
2258521
4425187
791353
261929
109489
6769223
6483461
2495457
9800189
9460227
9357619
5805097
4729747
2972941
3114707
4652177
6301249
9501933
5400757
7825219
8599083
3875437
6151663
9899509
7014011
1611203
8203363
3994407
4548037
5229321
9558479
7605543
5015443
8902811
10173131
2209413
8151763
188719
6227399
4577157
6910001
9363703
1665009
1146027
8158243
3641889
436403
3715989
9643191
3345817
4227647
7471159
7316809
1182221
1171313
7121091
3635427
8180849
9499819
1482607
1927287
8763897
7556643
8036773
4793927
8112053
9473643
5669241
1805623
791389
6039323
4432459
7533747
2369733
8615889
9484081
5448677
1155011
9469417
9271481
3189599
3197427
7739863
5423733
1502961
493463
9644779
7676199
6439507
5694911
3125257
7621717
50649
5626043
5358349
1205229
1223059
177851103
3502141
5947019
55134501
8077461
3452861
178369947
7245371
3309599
2127241
1991237
9139053
535049
1960269
8144937
6449333
6997617
1408013
73312299
5220339
736357
7333089
8976451
6761147
2641607
3995913
2738053
105291
8206681
6580201
448617
6524247
7723381
6329337
5105439
1099539
237391
6719613
141109
5982873
6866459
5267051
8666871
6189181
9528869
6854887
353577
2522921
3188751
681933
850429
5267801
1393267
8764221
4684321
3683181
828783
3704263
2640409
6041273
1641651
1061013
8372681
23880501
3145783
3469111
2381231
2436741
9690013
69969
5718899
9412027
5739791
2520133
6416233
576581
692653
9483651
5141781
5553561
2192327
181242451
48578749
3317199
2436121
1470023
3612089
6164381
4501243
8689327
5671959
5559041
2230541
6253397
8710177
6606581
3603893
7591543
4871913
2785071
4269223
2422641
2075601
6148391
2405963
7222019
2503417
8946829
3790579
2933383
17257
4825369
9346411
5805259
6808001
682499
1028407
3239929
7484359
8741041
666289
3943721
9269051
4040841
7576381
287651
6779317
8809329
8426791
543653
1659333
4550343
2837289
4498519
8973773
3776879
6297271
6512163
4589781
125216879
1509227
7941157
4274321
6852609
7344583
6942783
6636701
9319489
1466821
8986513
9744573
7420573
6680013
9307927
5168203
6982947
7710183
1726479
5179011
9032557
4891677
2353249
360401
9055373
9358713
945089
8378619
9276677
338199
9055909
7988557
807897
7913519
5626113
1566299
7143099
8998547
2670109
9216323
5641601
486403
5502009
1830791
1004737
5235301
6343781
3706329
8736277
9649891
5769777
8176217
5779709
4436489
294057
8553983
880591
4017477
6958307
9999389
3586423
546601
9401177
5234347
3829141
826023
9675037
7352143
9149517
8938229
5940599
2147077
6157741
1547731
8265757
9955649
1887327
4129623
8112493
3278541
2882083
1083531
7488599
8369821
2386369
2703251
7629523
1816021
562031
6682781
1536007
4362479
3365301
8644923
907497
5942621
1191431
9190049
9098563
3848807
850937
7497617
4388511
4724957
19899
6644639
9727551
5550437
3181729
4104249
2788411
2246611
9616341
1678553
9242689
8255737
6259079
1444083
13812967
9845111
4464713
6534429
3139073
8083497
9779593
6290439
1406197
6383887
7648227
6420323
247023
7993569
9544963
3489693
7505741
7314429
1617187
6585857
73007531
7700943
6270737
9282363
672497
55662137
3181493
1719681
3942187
8240601
3719919
323757
2053037
342327
4138531
7143293
167339111
1022649
3891673
1712691
5391579
8316593
9147139
7936333
1650399
5346977
8542881
7333987
5768897
7944767
6408731
4979691
3653637
8091599
4124869
9520077
8660243
5609401
3391493
7185127
7146681
9088451
5381657
7852349
4948493
6965159
8665261
8922361
6100417
861081
9245413
636531
128541257
225533
103180227
9365259
1947859
7133579
8601657
8617771
5003291
8747431
5403861
578143
513047
9103563
9458497
5041017
2384847
5385597
2253703
3865179
3397993
8709417
5495413
4534767
357151
838761
4774327
4650801
3020989
1329601
9095263
9359619
999627
8033953
9988881
5734851
4521267
6097263
1421813
4408139
7318039
61054933
9084119
482257
2243167
807587
9771189
3636501
5936991
7306921
1619189
7863539
2404627
3868823
74583
2833337
3116121
4076571
2058911
6584221
4533977
34657
3702043
171029723
1548987
39072311
7774841
5478443
4060581
9633989
5706453
165256653
1033761
8753923
1551519
6339303
6896603
2856527
4416641
4616349
2545391
4465659
26033
1075941
6557831
1491539
4878691
742103
8468289
7384389
1079081
4614531
5189153
1527573
876837
8211161
9037247
2483721
