154379343
5051021
8476937
2325433
9801403
6766163
3768833
6973633
2925297
8352827
153119
4729491
9074601
3196871
2995669
9904587
7488257
5981801
1070813
4530883
2843439
6428691
8350939
87233
5245131
3996769
8470033
7883349
8695809
9526957
4761699
868037
1656397
3560411
6994549
1266671
8261181
3886969
2172391
755717
8585007
1286103
4706357
76123857
9177537
2446413
5931619
3387941
6237009
4197011
4380527
1893683
9662907
1753371
5715459
955457
111362067
2456929
1702763
7868121
8690197
286091
7733469
181249
7590327
8987909
4025503
2557179
2078753
4215071
4319097
4679851
3404371
6831957
5803887
5129761
5198691
4518957
6062063
1133863
1637589
7678237
8652543
181350059
5730271
6137957
3074213
4359353
2038683
4127739
6625173
1242813
8732081
2492603
2784997
7205767
4952397
1158353
5425097
15417857
8844103
196213821
732053
3021611
9694881
5393473
2342653
3269721
2976237
4561367
1274883
9293937
7571841
844273
2067571
9461373
5440349
7467021
1036601
1513681
6241423
8289081
9336073
568571
1672889
9058067
2561507
16137
8108003
5137921
4187933
4222131
7374119
5135867
8511599
7706341
6058487
7919819
9709291
9690063
522779
2928257
8979041
2511839
8514137
2006707
1409041
6830293
4627007
1705449
1387147
5326029
5934189
5014303
9564441
1448647
276677
9520097
7519903
1844899
7717367
7961511
4960159
6003231
1258813
576681
750329
4823553
3033931
7063621
2002463
2335381
6214729
5077607
9933109
6903569
9973879
2888633
661047
7640909
8475087
1808031
9170269
7100617
6979601
5116109
156759317
2266711
4639427
4510077
1961703
4419109
3712649
1766627
9516393
718841
9884213
6588531
7847621
433477
1047531
3619529
682229
5153761
2235167
6892197
146967
1212383
8971853
164471
8785051
7990269
4972891
2250297
8339183
8118889
7565881
6051499
8757587
3980899
8268707
6522907
3120889
2270411
581673
9659577
2403461
5942703
8835183
120103603
2567327
762989
3612099
1527877
1346349
3081187
4431089
8296111
1954533
9195631
4529253
2412549
1019409
7877561
5998099
5223987
4994561
4226223
1438961
608457
1682267
1279923
7065717
2736101
8491957
4513623
4030161
1635497
7245797
2886047
702559
9775339
4211071
2132797
3573103
9024177
9386507
1284669
9179811
3332719
3949129
2498953
6770903
2499933
2730661
2439169
4382917
4098329
3794111
902391
4182517
5491751
72762549
6955141
1591953
6990947
1448747
7148981
9742213
8092063
1785819
3503711
4211373
4634367
3306207
6226689
9750153
8701251
750651
8049751
4122799
9843653
9278161
6386869
7525953
7960939
1017543
3931511
1499693
2141913
3170341
9035193
7425901
2457069
1029237
5464873
3762161
2024981
1896707
7772331
1337357
9687123
4381031
9158581
4234763
4083181
5976067
2326053
2845227
5468229
115928589
8181521
9081929
6951413
7508649
8813483
3824791
3977789
8355797
8631663
1595517
2736127
8183531
138117
8329053
9058151
69357749
5254241
2662629
119948409
1570793
9011433
6705613
6658633
2882583
4386379
8131931
6736689
1451267
5763757
4181211
1610873
8498493
2483981
2992953
1731651
2075553
196107
9078839
9154731
5331401
5609287
3831951
71381157
7544027
9057463
191705551
8937493
5137667
9064571
3543307
176663749
9353787
5097899
4750209
17892881
3630053
7211227
1836947
8853039
4553947
5103773
6349563
3952493
2938067
4030259
3696669
1493443
6754403
8469003
4425603
9128143
650737
9029359
1333089
74459
7096289
4563849
685047
5486367
3705811
4854329
285523
5217511
2391593
652331
4958289
9138657
9599473
188057847
9191059
8719289
2368203
3272309
4154207
5549659
3831649
4442887
1261283
6560983
7580581
9027261
6022861
8492929
7907157
5556673
6522673
7019517
6184299
8083999
2872741
6807763
2283143
1551039
1059631
7713513
7862047
7569843
4556823
1047007
7757043
4753031
4343539
1172763
5759093
9135359
4266293
7621919
687139
922819
1186757
2920057
1087649
7302273
4911911
104381971
5608729
760723
7501299
6171259
8827711
643109
6715723
7349493
3647037
9226007
6080591
6651041
7284019
6553171
9352941
122865807
7773613
8904187
5073457
4841271
6583143
4873797
5617697
2974859
5874247
1601927
2941573
496677
8837317
5020641
29371521
3557413
3581003
76672903
9505897
5341877
8960833
260103
5763763
4491077
3226457
7089363
1656373
3660473
1744933
8962939
1032211
5248489
9391039
6792449
4270107
2118281
1467641
7919073
4673559
9764729
9810369
3027157
9201799
6072729
6372223
2635751
34381747
8999219
2534709
6868857
316921
5115469
900733
8918213
2116291
103329983
3096927
3418599
1247289
7648761
2195097
8250379
376263
9639931
2255823
2382269
5622413
9136983
4641673
7036087
8544269
3713639
1751109
626529
5647779
9485539
1135429
1721801
9319993
4429679
8066093
8658901
157038723
8052087
7762113
4062609
2045303
2534307
5228267
8232391
5635657
858067
7904443
9439601
397221
4555717
9759783
4932819
6099733
9659223
5376477
3250257
2427641
7435279
3572301
1203633
6807557
2849177
2654053
1461177
3844657
7956713
8032277
861357
5885651
3514253
2031873
416811
4065799
2520403
151781
8102889
194417393
9110251
3757031
7062089
7860051
142573177
2517019
2442827
8555407
4978199
19417
7923493
156778517
2367747
2688351
8276657
9927411
3450127
7158811
8363567
1592111
7666547
5730341
3701663
5820563
2603093
9007967
8132247
5262153
1224779
6537197
6329689
1189489
3354693
1544293
3177693
4752397
2059507
5680357
1264247
795449
6867959
4724141
8594309
6570897
6350721
5909103
5172709
76087931
6254969
6819863
4881039
2203143
5642513
8591267
5208889
2847617
2901729
891211
3523091
9579001
353717
5595667
6908411
4179051
4838861
8754707
1027677
5593747
5895879
8090247
151954641
9249413
1011829
8327747
162319041
8140209
9876391
2685609
68299
6078421
6713369
8276231
3035571
4101841
105600421
5003237
153398203
266917
8231441
8297699
803131
1066471
8217207
4754867
5070101
2592621
4426261
3382933
7392111
4588727
587341
4858997
4959737
2298669
6503783
3627147
334713
9307319
1092487
7881949
2566379
7042847
7114503
845413
5011543
2578011
955689
1319673
4461027
3345767
8799069
3207667
3444763
3604383
7598317
4537411
5482347
304213
3454279
171737449
7799057
1978451
7108719
4543267
4241893
4308257
9285393
7982649
1902337
8555381
6875403
2264613
5359181
7256999
6494973
2613117
9301191
2641331
7561531
8065777
425151
9394229
2407591
3591797
2642813
2919807
9068417
9095163
7205567
655987
9959739
6511599
2781447
7644049
8933513
2876401
5629943
3420539
4813197
7284311
8160267
21039
7925453
3032507
1003873
124967413
