2589141
5276221
5307957
5898209
1514591
3466437
7955273
6515477
1643903
3632457
1488783
9144777
8909589
7286899
6066981
8148929
8649997
1446443
5835263
2083047
344917
2493019
8212657
3480817
7407283
5554053
833983
9204237
3090921
6098801
3359593
6397081
181087
4292693
69583
6475139
5958811
1476471
575079
8793587
4052451
5713159
4298991
6922921
5490581
7932013
7582401
20151451
3977939
9757261
8597811
9414557
7260463
9180991
5230221
7707117
9116931
5290661
7390297
5069657
6972867
1564639
9237801
9227713
7264807
1819023
1818287
7569223
4008801
9091319
3472463
1444611
958323
168733
4062901
101069
4888131
9316389
18725129
4565399
1551251
4277289
7677111
9785099
9395291
4109663
6429579
550137
6685413
4592657
1331937
3015837
6705873
2635503
8345807
255607
180115793
568643
8249651
6350071
6804121
8920941
4176517
954299
137189317
5724737
7754379
5550227
6793239
2058317
8630941
9465189
4537659
6027583
369801
262401
355349
1640437
6893281
9144701
9418789
9342903
6803713
5052691
24143
307013
9373831
6716679
7125229
7055749
117726213
8701157
7927423
4196709
9838883
9890211
7821841
679779
5025881
3387597
8454989
9944103
8599581
1122953
3023487
8618597
2719651
1420819
169804603
1763873
8152477
2946111
1980751
3125721
3367513
6747421
1869443
8259233
4321317
6392693
5407347
1855283
4405703
7661577
3957851
8636891
2611959
8218479
2533069
625841
3188987
39830443
1117897
3921301
5674621
2324431
6962069
8770807
2162977
8196383
8439751
9411433
7952069
7754219
7826747
5886069
3634139
7051061
357539
6434981
2971331
9151349
6875927
694393
8155791
2083873
2520411
1424511
9818357
7976843
9845971
7832239
1356711
2331713
1079329
5138187
7727293
2180223
3896417
9865051
183622923
3003113
1326287
7774891
7868707
6647437
22756361
98125803
1076639
8549079
9129579
1453971
839123
3872967
8300903
2237233
807333
9386203
4718899
2438957
8817221
5846587
8056099
3779757
9000019
9775843
6293407
1719649
2021921
267493
184390137
7185257
9540929
3849137
1713399
3956947
9317597
53077
7773329
6337601
1475139
8234481
12719413
5393361
1158209
1469943
2457663
5506409
257727
7907441
8953589
6926899
4065329
2770607
220697
1804811
7649373
2397633
3296253
123083363
8223157
525831
1928871
4193791
5101159
7704143
2150207
8759521
7752677
4351719
2593181
5269091
4495897
2554753
8181431
5860901
4109907
160890377
6712923
7789681
9318033
5312497
2585423
8707649
247873
4733993
1930139
8355151
3377997
7674999
5991509
7112567
5214343
3532583
6150517
101445727
5277727
7210091
7624491
7835141
2922969
4524841
4777513
2819417
1207319
3360589
2000389
9473327
370651
8912599
4845861
113057581
2906551
3761853
4891647
9210347
8778861
3811601
9520291
1518633
1177309
1884021
1047899
5423631
1077977
570237
1163669
55321
4028309
1006757
6064313
693823
5194507
3538171
545761
8077063
4094253
1831013
9385109
5440603
1992207
8590171
5210339
8796167
1756129
2925427
8187953
2379449
6303859
104601943
3077787
1548981
351441
4788267
166573
64819841
7805483
1794047
9633741
6384623
8027797
2224371
9692061
4413899
5068607
4472867
187911821
5426013
9958209
1066413
960533
2197779
3119521
716407
4372097
8881361
543293
3639547
1624071
381229
4166511
4813559
3481333
169088339
4564017
5672847
8489769
4237539
931079
5944053
3566103
2046687
9199289
7645581
928887
8329793
2869781
1850321
3787251
8495147
18001663
9821399
8707073
3953461
6072491
563299
1459991
3163933
3435201
8259479
7599721
2902257
36129
107644379
8871339
7498067
999603
6076221
7893153
7476313
1769099
4746179
8714567
6811617
7697021
37653
401117
5914363
4895951
477217
7341873
8068903
6413167
4725001
635673
954169
1796521
5085201
1720061
7849423
1989663
9731219
553661
1319199
7882589
758627
7000137
6094711
4743089
175200441
2772603
177602997
2507753
3858099
3581151
2663707
1149709
1789009
86818043
4148671
5981959
117881
6085329
7408369
6560069
5397253
7220397
7342439
1004193
4859843
9631309
5460899
6399319
3317477
6506303
3458651
6378051
1739101
6920971
2550969
953409
3583737
6244147
5290561
1074823
2948059
9725947
8988967
4589497
3897561
1346403
155815999
3092613
4646901
2331433
4176601
134424877
9384987
3811831
1267839
2626487
1326147
6843117
6865727
2846437
8446669
1154411
4566619
7526201
587027
2992973
4092733
5909667
365853
6101773
6605179
2441409
2225489
8739599
6098961
4649521
8658837
7479057
2939037
3692397
2195373
456401
6078221
2369289
7493903
4356853
2698741
3331209
8857387
76208497
9997381
7636913
474819
2650323
4838207
9961329
4553341
3664517
8583071
3098751
2519011
6723861
43011733
4622901
9585731
9041863
121363493
7025299
1566509
4299609
1244671
100393
3199367
529747
5630899
4418967
52885143
807559
6427387
7739813
2758667
6161311
6036709
6716387
2509437
2471549
4938137
9510629
9068641
3538213
9119777
8354939
9056997
2728177
400531
5628057
6637207
714957
7795493
9253889
6988761
2555873
4283803
49863
2959253
6708959
808629
5612991
3708421
4431031
4264337
3972807
7183123
6316131
651063
617463
2458749
2094663
2422761
6668473
5167979
129809
3492549
9185731
5962521
4054423
7439447
4683043
9316491
3966263
7281101
6569491
3600573
7538567
3638487
3402073
106005451
7840803
3058517
9841913
54917147
9775497
1925051
40733
2700393
1179737
2806689
9943373
3202597
7568687
6096859
33890811
8953837
8258719
8417963
841651
6926789
1148563
773919
9984537
8178709
1518169
922729
2473701
7848489
3229483
9357689
4739571
5331887
7652643
2743161
4122141
9875467
7980969
7289703
246189
6633249
7906723
6923873
4150201
2578483
8435581
1966441
8638959
4889009
2930641
6672371
4981113
6069837
7636893
8672699
196737
5640379
9557631
7895769
1269423
4437637
5445287
8230801
6621619
7168617
4652943
321201
184861177
6458599
2730581
2697481
1502971
2891463
5216869
148814433
7650167
9383989
9247489
2305719
56323349
1061769
3754323
14674729
6079149
1935761
3535703
6587877
3617867
3892729
652967
7521381
5244791
2435517
8645767
8102077
4983381
4927953
7180553
5645241
894353
4892079
5048797
5759097
393983
3333089
5314527
9045957
7380573
4226647
3772519
8481353
4163397
2875559
5019969
4080257
4744387
8713281
3502483
2689003
537511
5269991
4802801
9639541
1025363
1641503
9547187
5763211
4149547
5338631
4165271
7951319
1420707
1434193
5969439
5506043
866401
1822947
2656737
7643597
8696349
1946593
2763161
34116049
5848523
349097
5820917
2625191
3124767
6932663
14145903
3287631
7109451
3162177
