5598253
7720637
5837123
6259007
6207713
9243323
2015549
73025011
5486681
2640757
1363649
7280247
7820061
9474213
947631
1844379
4390023
5703819
5603331
2000147
5954197
1750467
9292369
2514607
7783183
5965423
75791
9108191
6892209
822227
301273
130261591
1799251
9637437
6751143
9215387
8398189
2403461
2805593
4028253
9680753
9281981
9814949
2348797
2110643
2986799
2346337
9564523
6828543
1419203
2958999
4518959
8342213
8434947
1260303
17248019
540511
6446241
7099973
49225269
8645807
8623499
6371371
4443563
1072497
1244367
5704027
1144199
1414957
4400313
5434443
7496071
8751443
2167267
511167
1582899
807003
190394187
1274269
9720519
5524099
8739121
1973129
4190231
4214129
1369053
7227547
1276857
46309
6106567
5926921
8617261
9388773
6033357
4578949
287443
5907283
9028937
361707
3933489
191433077
425341
1624721
1105061
9855561
4491599
4325789
4271509
9817029
1619467
113116541
6256699
5301123
954557
8871123
971043
5082427
2399247
948023
2964481
4886461
2045923
1785541
1159541
8482253
2348983
7962279
8916769
7338527
5139289
170228957
5730889
6653429
173057
7018573
2625563
9272039
1153753
5521679
4645769
1366319
9218669
3161409
6041719
2183631
9086607
6724719
9892973
3575653
9397539
3919159
1129759
5313821
6221337
6739897
4645201
99892539
2392251
8188397
7700873
3332161
2345381
2574139
4240073
2520399
1126759
3080303
5634477
4768721
3509449
3024897
4019261
9735403
7891177
7444141
911797
6644853
4489089
2584673
9983581
2626761
6807149
291353
7743649
6491533
5986373
6055669
90412183
4967469
9233671
2033919
796691
224787
2634261
2911829
3161363
5231207
8717397
6494003
935929
6924883
3808343
8480939
400699
2874113
7284597
1572707
2245059
2281837
2710923
2697457
7080053
1810387
4779791
109407
5224971
7051369
5024937
178787561
1941581
2376771
49691
8711931
3676623
2800919
3230491
6251067
8805227
5802007
3422079
1655017
3178631
7737497
5074601
6767119
10700393
508919
5680639
417267
4205511
2810981
7785303
2911171
270037
7724711
729899
1576679
22930731
8758869
2404023
8081601
3563451
957217
4347513
7454083
3302299
1580177
7836751
9413547
6545651
1004927
346461
1172913
7681817
4358213
1546819
2167197
2009029
6862671
4910281
3769897
4991887
6880139
9321503
5446101
1974911
6084563
8148037
5902697
5751779
4733961
5555581
9854629
155791819
9056107
6068781
8786273
5775393
6358593
2824247
8209331
1108157
7254369
9923327
9668327
8333847
835137
8497727
3818889
8339183
3716683
4111443
2565563
4193771
2408411
6609211
4099409
7657037
8071299
7890843
469997
1599271
4888633
8073793
9865907
44523
6075693
4041249
4465009
2349201
3306979
4817817
5606883
3410377
5026089
9780303
173047181
7651043
9333293
4750913
9861919
7837361
2311821
4821289
764619
5670587
9817473
3213913
450723
2458493
1953793
105475153
778333
6083783
2838289
9216787
7022457
8778423
8813517
3621737
6555917
4684723
6001133
4728647
1948389
2161259
2686933
7340789
1404259
1301693
3811591
4563607
4405173
34914811
5110381
1832143
4870789
2370203
5903841
409193
8004913
8550461
1487763
7015167
6427637
8614231
8069821
3216809
2752791
8429727
4813323
94909979
7988829
8897087
9179501
5260311
1888277
104942837
99305523
9935407
4469919
5716431
4858753
5131159
9200631
5864271
2411447
1429349
3255289
2447559
5762689
3555779
1832217
651171
1994129
5010367
7502901
8825479
2040861
2195207
5790633
1864263
2232253
6566873
8620843
4095373
4418361
4900159
1531959
1157897
9294033
3963119
4639679
994913
117677537
9780777
8932161
8364503
2662421
3106611
1264173
6545403
8239781
6808959
133137881
8010467
1777371
6414689
3982989
4498317
7604561
2174689
5535471
3765619
9816749
6553021
1641887
5013313
7636199
952599
65130673
176424431
466637
573583
7188001
7715299
4947421
9677159
8474767
1057121
238697
9918709
7579429
2725467
8845111
1235399
696509
871121
7856693
4061297
3558671
6601611
66889857
3459973
3183363
8176383
3120237
135977
9851257
3709517
5597007
7929669
8947339
9335527
115442869
32320959
9659229
2083881
6386841
3147609
1829921
6331403
2657053
9788959
5503661
4071839
676927
5193857
9892441
3551121
264659
4645587
7951651
3931993
7909693
3742263
9618229
2718427
3801957
1621967
5963923
2233197
8604237
234699
4451313
2186381
8120863
4239097
2691699
8134353
9358769
6153747
5172583
2288637
1494161
3678067
7540909
4328797
5477497
824081
87784127
5402277
8183737
2824893
6893693
9395539
7707517
4133593
5565937
3762057
705459
3966771
4373929
8838027
6059983
3802969
7945723
6687551
6054983
2669129
5777189
4136259
4206861
8223923
9197979
3529733
3641489
6334727
2996147
2046191
2083071
8331427
4528051
7955169
70891743
1853289
5845969
4333883
5229903
3405317
5072771
2766873
4719581
6485863
7330981
772739
2286461
8824543
736301
8300091
5691009
2163463
4660427
5781869
1010153
3897253
4999091
2308907
2132741
4838669
2258471
7065641
7612859
2664181
1158279
3950431
123245703
4421581
8280877
2917347
3169371
5297327
9841403
8190523
405703
4754973
5878951
1625853
8709383
7323267
5938669
7300433
9721103
8590111
6507631
8316653
6955483
1282617
1366743
1738629
3328523
6999681
2614849
4045103
887627
5702963
99140039
8835603
2389577
179477949
2006567
5134177
9563377
1013177
2156143
48117
1310479
2383161
912689
8121389
6248169
181886929
8058941
6236849
5587141
4393857
5914519
4274689
2102147
638447
9519663
634703
9699277
1544837
7724491
2887111
3189713
7175331
2531847
1368279
6831289
151114971
612609
3736649
6422607
78355201
6730037
1106487
2313897
1264987
9165643
2121927
9536103
129863
826233
2949517
974707
5890329
7537897
9190253
9403391
4008571
5360689
4293281
4826843
2986283
3424287
9342761
4000817
3129621
9898309
5991083
1157349
5980601
7124653
6343673
9567891
4007803
8114077
8258469
351307
7837417
5900151
4337897
90880469
1452483
8543113
7886373
5876051
2448667
5087689
8341861
7424661
3040581
2685727
5437787
8029497
5628571
7228593
4704081
2374387
2171143
4647457
1762699
9422909
169677
9072077
5924933
9286527
9012931
3612207
1002613
968943
9305537
690851
9903213
2513389
9649127
3085047
7744397
4357047
55498641
8579913
6705779
6909893
6181037
540683
2963261
60895399
1750599
4206839
9612963
3208573
5677833
8541587
7123489
5417889
7147673
5031319
7622917
3763509
8983359
7303753
5071097
9812941
6017143
6059543
3927523
4177397
7587307
6645593
5816573
6212411
1901477
103138209
1830049
945917
4125243
145200917
4856757
5060451
