3842359
7622863
865399
1753
6755443
8776797
2225771
2498769
4733629
6304641
23265671
4635713
3541097
4735381
8716481
328747
2944727
6883773
2639503
1665579
6459623
5649799
7152679
7247191
6132637
3612079
600463
6925053
2561719
4823507
5676421
2055487
7630233
8900267
3336889
1708647
2400519
3491121
2162781
6907907
2544087
165927437
5073967
5730027
7208311
9104149
7517417
9697297
4724467
3415247
8570759
5823071
4032701
3522767
1035837
7102363
7088993
8070263
9918239
9507613
4302371
21563
9963689
2318209
73143453
3944859
9876073
72297101
5841307
9893741
3699091
535727
8720889
2866131
1042157
3882821
102048493
7381611
4736541
8426813
4678323
329617
5973491
3573417
9627621
2541361
1367427
139857
9130147
166937171
5277083
191189057
9107443
9974357
2668687
5485419
1886487
2287689
2899269
6820501
4861557
9998967
2789027
6522713
6514343
3725491
2287333
9022117
6559419
2602707
1068229
9057587
2718751
9263771
6656251
1228559
4393667
127972537
2441691
1175069
3965933
1229747
3751009
1062963
4011407
9747509
1636347
197539577
6262563
8013097
8721299
9750653
3473123
188330797
9881461
4296371
8016403
5690017
2514321
125090137
2153223
1427107
4148373
4941633
5570349
4259421
6969893
670991
8708693
8147329
9137139
7135717
161898763
3153801
6433911
4255479
847349
3479519
7823033
5090353
208419
6703051
8011471
7070163
9291873
8103497
7627277
2352807
1837017
6617039
927921
5273273
114697053
8197239
6424211
7710873
4451681
3869327
5875589
5619613
9983991
9575111
2770821
8269023
8172859
3241897
4006277
6212117
1903163
5493089
6880519
4585661
9511031
413817
8260567
4268947
9421897
8928003
6013151
8027989
127206293
760327
1661183
671069
8372943
806201
6901107
3569779
959221
9507309
6816557
8452873
1413479
2473467
6786589
6558621
3729817
1084279
4147313
6477023
4180297
6897817
2659533
4085539
6864587
9110367
5074703
3568241
2264849
1405233
1598421
5971787
7518903
2638841
5359597
1961951
7476151
7528727
3582353
3815209
5235007
3073467
1521151
6065951
2183601
171579
6442237
2780197
4373387
9066681
9162833
4257063
5811929
4310091
7973253
3117889
2638961
1278093
1977241
630161
4771047
15117
1250721
7944409
2799613
7374421
2128151
9457551
9514863
1111063
3284169
2376859
3725491
3106223
5231821
5346893
530981
1719611
9509343
9802093
5473883
5227151
6982661
9186417
9954791
7373031
3646847
6637587
8389881
8959523
6452883
9883661
1364941
2143723
55621409
3518159
295589
9546049
8012647
6337127
3976927
2653981
8794427
1153673
3417219
766107
97233793
4642861
5702349
3928673
2806171
6717131
137037
3801859
4331523
2804303
2330671
1830429
3543163
8988099
116649913
651513
1688021
2400087
5486819
9871351
6478799
4115147
9717161
3005119
982699
5112971
6151781
8259261
5301339
3957663
8293861
8351753
5866313
3676069
6405397
8178769
5887229
9846119
8218689
3276571
8784541
1729283
3590251
7468007
6853973
3387099
4837277
767421
4657401
5023933
606861
7045577
6059843
757279
9777141
135668971
6677671
2005909
972841
9116883
9885407
6991957
3278983
2163463
8692841
28506873
8605571
2601847
231041
1404329
3199301
843147
4722579
837447
5265891
6850073
9597819
434831
9270941
2560133
73196913
1121739
5150873
5269661
1632017
144231
2261457
26506619
7711003
2875749
8793201
3423951
5779893
163753
4051947
4382097
1835833
4868731
8148503
4460631
6308949
9504061
5678687
678589
203987
7680213
2747963
3383623
1917489
8804043
2312513
2098411
116291359
9357823
5401177
3986197
5572677
2014833
8516233
4130113
6120417
559801
6596991
6721031
6597061
6524161
6398479
5901119
6482409
8336871
2959087
6901993
9641687
4256083
9260873
308179
781913
8825951
583107
7488867
8425023
3923153
1683361
2579239
2643749
6471707
6630311
2393921
5781151
9888049
6437867
2311173
143360341
168929911
7303197
6191613
5087047
8179277
3874939
47425949
1258139
7331031
8731389
666727
9968283
3213739
2641123
6197869
9026649
9313711
8907133
4366157
823333
1791327
3930843
2541181
7007293
3504203
7826687
333663
6644929
1496379
2262689
5070211
1073587
712077
7105633
6123747
6356371
2620547
901223
4842653
6837953
5966273
8145837
1836503
4495171
5793957
1053713
1004157
8215229
8218929
4322831
7401949
6122161
16370917
8887169
4314419
6645463
3249963
2903723
5779319
253189
6276291
7940349
1972781
5417163
4292163
6104689
899559
174831713
27535999
8025743
9853263
3912893
4644133
36643109
3073679
6275771
6089057
4945863
3956913
4281823
4912297
8352869
9379647
7166299
2390087
567089
6565369
2091843
5142299
2099897
3160501
7025349
4348707
6010799
5548249
2908743
9923789
42483569
7993067
7937033
2495001
1106589
1455333
7715667
1747311
2860399
9813093
4116459
4439009
5269703
2906601
688777
7403169
4517577
5880851
7734043
29488093
8102479
8559529
1805923
8166073
1362343
4257957
2717999
9273779
8422773
8964573
5124521
5583647
8416337
3689331
619509
2309677
4153561
4052617
1398299
3592987
4029207
3801499
155035797
151320911
3792391
8397719
3493933
5389243
288521
8778473
5484139
8977389
8159447
3663981
2190319
6665519
7850669
8603921
4441323
9363543
2748033
3078243
21239177
7112609
4194043
1180349
1818157
7701837
8484581
5265007
8481113
643653
2366413
2995313
5658949
1782423
4925701
8953773
9922403
7220251
2210099
8380339
5572829
7621413
5233069
6831149
1052867
4359821
2265103
1081289
9102799
173893669
9851831
2474167
4528967
9216671
6483251
1827419
358229
6409357
1256073
3213501
4566353
2140699
586713
4396339
36696601
603419
204819
662673
9607241
8065819
7979241
71949789
595217
844479
624869
8363843
220157
6769047
7496147
71552657
4708387
3910747
1583237
2429593
5087861
8201487
1811323
7286853
7375981
16064671
9389911
2556187
7616751
9385679
6323729
88870113
7482827
9388211
349259
7932249
6821713
2023733
1453383
9847839
8166701
4310123
1429267
5800493
1787421
2243107
7344301
6071771
2607507
8232551
2373731
4393121
5855351
8136927
6454559
6705557
6064907
2392667
7942583
434261
8593723
9747633
4760723
2316003
8827041
9388809
2181107
2914647
7653959
114357103
7602817
6486717
6362561
5021513
7043921
5628273
6034699
9835333
7168849
6605697
2675317
6324107
9069767
6323133
7258989
3904847
3977489
7316393
8719789
4624727
2837927
3488127
8009163
9628363
2537093
9758283
91141
7604159
4396159
8613559
9500613
463411
8902649
9552913
38574683
1084213
9414827
4024901
1819257
2338807
316593
5057681
140588441
1643279
1520187
8124189
4331629
9796531
997449
6051019
3427917
6057717
7591083
5456089
2261097
5223537
7428109
2352073
4210753
981791
623809
7861813
7565323
119637663
7604259
126279919
6845103
5312047
7197729
4975159
3514553
1094437
3722151
9017781
4147547
1193119
6303753
6415693
5678817
1289207
7991187
9906311
4259027
2326297
2505643
4445977
9782899
3378609
2222907
8764153
4292851
1916669
5140279
3446697
8544603
3331999
5397439
9291071
2717353
7941931
6429009
