176092903
139864513
20965139
4594051
5811517
4308663
9944973
193504977
14333053
2435539
5367969
6933169
612127
6464997
154661779
2273263
8159237
9737653
205077
2482567
76060433
5910871
7077061
9894343
550727
2476387
8963013
2815159
913439
2425207
9876747
260997
3919577
4169157
196005689
4365097
8556111
4922413
3665471
7901069
74693411
3845353
4076511
3748291
1003121
4059077
8355163
7326381
7742459
9284247
5276683
6328917
8779649
6471169
8503391
1962769
8977217
459129
112287
7972347
7023269
8654943
8651217
9892501
6497257
7965283
7266399
5794051
5216627
5292279
1280641
6340017
7514339
7291297
3011509
3245129
8586979
7743741
1709957
7205799
6354221
6883193
8905319
250187
8847641
4345373
109087
5767207
6406793
5035767
3359557
1545449
577469
108217909
4995857
6398133
5431041
3224861
3626863
1921611
5432621
6799731
1494209
4913863
7351287
2001539
9687519
2332479
2976433
8423211
895449
47539643
7738787
7734657
2586301
5984119
5339399
4900951
7036783
9352851
752257
4308863
9973459
9374227
9759819
477459
70457813
6721851
5774737
18808391
5585959
6478919
9280113
3700501
8230413
3799597
1269671
2400157
7733759
5087167
3656229
2376757
8516293
7346627
6233547
188139
2600367
9174061
7546939
7544771
7753167
6818259
3299969
4001643
1947761
4999399
5493583
2987139
6809511
501359
5710991
9327621
5238439
1151973
8194931
3293977
7989323
4822751
5875309
4651921
4855449
2342353
5811269
7666153
4798849
5491679
1586293
3979551
270839
3011079
7642933
5418417
654449
4260583
7135611
8766751
8902633
1642079
3917799
9937839
4892753
1049659
425437
6138847
7694947
5673939
2278137
1525339
2576123
6700529
7349439
8975693
9530141
182802433
8283887
7290209
9278799
5174639
3929621
2243197
399921
2729253
191279053
9460557
88329659
5841583
6575877
8388959
7079319
1897863
1185821
5496203
5694499
2901077
7803169
3390171
6550831
7703671
7115343
3336917
2118571
6958857
8037289
798757
5859721
7605787
9682619
6263119
7813077
4630717
131020227
7547431
1657443
4080629
591681
1426879
346109
8318551
1352153
360533
5858783
9818307
9346951
5371733
4737097
5870119
3498001
6742531
869813
4703321
6004931
6109969
5855981
4361377
1689407
9913939
3986873
4495501
4141229
2645361
5335521
3257857
2029211
6647507
6002949
5814333
8759733
7171639
8179707
1160657
8997451
8269331
4955849
9454119
7482623
103142517
6813141
5067087
8313471
60082993
4905843
5526909
2100859
3701091
3458803
2148803
2593193
7585827
9650977
6108247
3077623
3187819
3000273
9895749
5375749
5887151
6098827
76270151
4489527
188631529
1540123
8775719
139343
4958699
8966813
5955837
4949699
2456351
1516709
3304457
7229003
83756257
7420851
4472551
3241519
5631049
9290119
8915333
15155509
8813681
93614607
9047087
113619
1202861
164841039
3791701
4610551
2052439
7303801
3479707
2572827
8253601
6921027
7198851
1452673
37335519
9560489
1308413
3440933
9859481
255971
6588747
4065393
8827969
4707967
1791321
265169
1222007
7717127
91399161
2421211
1091251
1643359
231641
153002821
3423709
7488331
5223919
6058413
121685489
2159229
3228781
5706137
7649801
91834049
62851
7621473
6896629
92371
5582917
6852133
5759489
8586139
9997911
2109741
6500209
4549097
2029431
6819149
3348533
5133103
4942567
1732467
9404413
6558403
8752047
8554871
3836403
875923
3926339
7021363
9743087
1740411
4178673
6811881
5843867
7579431
6627861
4676167
7633013
9357519
7675861
3586443
3315237
1770169
6066463
5703417
2905987
7015447
9963379
7682459
8015557
7672759
991793
3632783
32436869
9536811
3278251
572453
2149807
5848231
456267
792553
2025817
2078101
9570749
5082679
2040181
2136823
7978737
9550061
1821739
55982421
3979539
3747131
4488147
1870077
4871003
9766681
770299
9316393
3183217
6916827
1170519
7262047
4351757
9991197
8840649
6113503
1263211
7706161
5776169
4896521
8174577
147778481
7900839
8500207
7059433
746139
5723509
6332507
9396151
9733159
9857133
1523367
3863823
8290647
9489161
8721881
3581699
1179971
181824821
1588791
7644281
7578027
5242879
2875771
9935797
4205943
1012751
2317631
2158067
4294783
1001031
5443343
9117113
2092111
8638183
6144251
9922899
3339071
5557983
9408297
3455147
8565209
148319981
7599709
9260791
670649
4717021
5678227
5722431
6479463
8410949
4628869
3849167
2311607
6230081
3154613
8295083
9712479
1183377
100445031
5035977
1650529
956849
13833
2657773
7674391
315131
3914739
1078121
4353103
597811
8540051
174896399
9508851
903297
5530247
4340323
4560273
1644149
771883
4227107
6950529
7276819
921057
4774557
7565397
5810983
6628581
175729
9905243
6914973
9158847
5301981
1868939
7883059
4895579
7118637
4424629
3901759
160319033
840147
7141609
1632153
4509011
1968419
6665223
941159
7692367
8338097
5870167
4724513
6795747
4072753
7313551
445857
4797441
8800197
2433941
9053141
3324983
1955509
5344917
9421427
6434207
88853
1807929
2505599
9491259
69066537
8306177
8283341
66021
139275557
4526917
6783317
6760003
6659599
4706697
7384727
4234243
7089507
86756063
9125071
337389
6158533
166709163
4693297
4093001
7096779
3624861
7060701
8299869
1299779
5372709
9930541
9289663
6480017
1418183
175772921
1749167
3548439
7110711
2886911
9676631
5362919
4305091
2349747
3798773
3207049
8208351
1086071
1829571
3988391
5904107
8134687
167371
2007099
7173101
7492951
2546227
2663059
4657253
1665411
5393361
286401
4217053
9596879
7496887
9716087
4603031
1520703
55380197
3811481
9507049
2404269
4024461
8460109
6604393
2355217
8699387
6520871
7727351
8789151
7291213
3808587
3841493
9412431
2176571
1319151
5683293
9016311
1853231
9292939
2863667
6717781
7146979
4305311
5598201
5278741
136939017
3087941
1439173
6180937
63477837
166323
4891153
3810759
2418361
9987411
5086447
1141193
397381
4514399
8769013
454201
2310759
7068907
5533061
3769927
5426219
55360203
6054157
7214129
7806519
1142541
5707881
1670583
7370277
7570683
2126631
1592171
7103059
2936157
7959937
3307559
5723783
109447313
2740133
297893
7142151
5088473
9599227
415789
1416871
417599
2990071
7398637
6732151
7537949
3113449
3499279
529961
7477391
1331991
9744009
1638403
2461573
205321
3994447
7928597
3023449
8869933
2820301
1395859
5163311
2199637
7696777
1309519
895617
8040709
8194603
6421529
5208039
2820437
4528629
3022221
2723943
6451497
233051
3768201
854091
9779743
3518643
6339869
4660037
1668271
5088671
6406663
3379067
2812561
1321161
1345299
2030621
4483709
6751577
9147487
4781589
4131191
301923
6762521
1207617
3575113
2468073
4462687
74317
2882873
3912271
5802863
9343971
9399373
9372629
9390821
2416909
6852969
9045493
2973631
2598457
8100607
1499251
4652911
8711557
450617
150639917
8886229
7492833
133493
4396479
90890081
5564531
5754291
2089751
6691551
7044401
5895739
