4825127
6597799
4966951
1685399
1693383
9023479
8794959
5381997
8968421
6907057
9431851
5181933
5692839
170556339
2399277
2010187
5345383
4520157
2143203
5106559
9494171
7742261
3524817
1727183
5571001
4437783
1526069
8217083
808139
3530663
6493741
5801571
4123067
1289541
9838723
8105909
377371
7842159
4749601
2187597
778297
5257259
3751079
6349093
7240113
6372369
5033207
1369759
2802123
8040287
4069197
7929603
6879071
5273273
8921233
72628701
189579477
3699997
7471789
2780287
77459
9572147
9347553
8082779
2136727
8297497
1724221
5869247
9257603
8903067
9409693
2453651
1387329
3131111
1237153
2917703
5396349
9538751
4670419
8206807
9799563
23297
8616301
1012307
9922771
9891667
6203163
119279
2686733
8251467
2309453
1253149
9124939
163937797
8889459
1038737
8540543
4019767
4917927
300161
8777989
574421
6322309
4953829
9797827
1357467
3042749
61453
3576921
6380009
5746321
410683
102804467
6179411
8327757
1111633
3424741
2360253
4647629
8969961
8091749
4473869
5036379
3123599
4943177
7425591
9723863
1706027
1722527
4264529
8963907
147446709
9975279
5099571
3520451
169452409
8115201
1774349
4788631
5060123
3057193
4198277
186448963
9927353
305873
8095577
6819387
98538383
2119009
6423727
7646361
9876133
2630133
4430489
6950939
6274787
4561539
114747
8759391
5735407
4697027
4867981
143163579
5117699
7014573
79443369
9890627
3863749
9359099
7909403
5136429
4457001
9022147
5111853
5990223
630787
1281863
9813677
7065291
2953301
7771207
104151683
260543
5128187
1107241
6749
4177233
4236989
4575173
6621553
4295203
1425293
7331307
2466819
2033711
9611707
4852489
9695519
2782217
2778223
5993483
3928091
5794197
6776347
7818483
6626261
7782961
7037791
2463603
3628513
629587
4068099
5664683
97846149
3746023
9660021
7289427
4667057
1496307
32261497
6691443
9481411
7876579
6535819
7991127
4495003
7926199
4090279
49457
9141423
4471023
874033
3612779
9196837
6593989
4538933
1291293
2027763
5374223
7746431
6690691
4171209
3976901
8755001
2967003
2942059
3961453
808807
4946389
1161969
381347
4396691
4043643
4733263
64097
9043763
7813447
7441077
12211
173027
7255263
4788433
4524127
5597791
3352361
6603781
7404003
9491347
7609721
496677
161969827
3077337
8069303
5734243
5164497
8200457
7827057
828417
3997123
3318569
6323851
1969981
2477351
5172661
2073811
3156837
7472711
132023461
6041547
9622177
755913
1159613
9103879
56173
1426283
4810467
2238803
1174511
7671843
4951661
8545759
5722719
9049797
2012197
9364067
5567231
9652267
4518073
364233
8568733
8503901
55167751
8745797
334983
5843249
4368393
6685703
184393
2154707
6791459
4470779
6045089
7279371
4721703
162814331
7640221
7722687
1410147
8696289
644183
3273269
190078923
4693437
1999321
2681451
17676073
75409217
5866241
4173991
9849421
9052939
2409677
7640999
5705743
7545557
7459843
4173493
4590663
4531161
6886261
8897497
5582791
1545219
3848271
9151017
1495413
6377847
1856747
173517491
3970677
6298957
5293219
2931229
2667157
142394531
791773
5662479
2965053
3953393
9529457
1418817
8695993
6657881
976393
8554233
6346371
1237049
3936789
2792253
139045259
3800033
7149307
7756193
5560369
8923353
1490247
8362759
2632743
42471937
8214563
7470011
6964403
2522163
7082367
6665683
1554209
848883
9819691
7843423
4880857
6351633
5208029
17483419
9535897
9386107
6657869
2268517
5868647
80281
127453353
4694411
7429711
3537329
7318161
6607503
3633173
1005403
8034951
79625217
3267773
7568193
2776869
1621651
3694531
1042849
9788511
9047583
2674053
9119441
646187
7850143
196951111
3819731
7814097
7248507
5548159
217447
4944639
2381139
1302007
2396727
4258081
7636849
8166477
7148619
2070189
387063
2879679
6840843
2603499
9961887
3115409
66668681
4003507
2193091
1459389
5992549
3214373
5320249
498551
3378747
4743821
1095117
9563429
5342283
5995197
6507919
8823459
4294617
601711
4292687
5280899
274341
4123933
4748111
7164083
9099647
1793781
1914963
1771939
4079479
128797273
4907191
2823149
4056001
6820847
6114657
9500363
106838799
9298739
3441871
3092231
1044471
9250361
2187619
763473
1266779
8449847
3256961
9595169
4121903
8164751
189238273
9366217
4834179
7836881
2744403
648531
8930433
4411577
1815923
7361927
7380423
1453529
5607807
9897549
7112503
5941929
5004101
691781
8013533
9084637
1673749
5007893
6186611
89059381
9981833
8278441
6018447
2800501
2305269
5423829
7174839
2116713
2368667
5931153
8613451
6371703
1246067
7430797
2706197
4091167
7874851
5560837
7781683
5569971
456631
1912993
7049281
9366669
5130717
8772727
4182059
90871503
4888801
5657651
7711079
2327169
6462023
7760033
2600923
4659021
7327599
6746709
5428287
694763
15981
7274719
6193967
1535853
6637587
7165013
2375289
4022407
4550737
4030177
3042347
134223
1001057
740139
103977
5190749
8878733
2684969
161356499
2741489
5178239
8422151
5943031
4895687
1358569
1605229
9486557
4216283
5943497
6096949
9419283
1684027
3050979
9042521
7829383
6431961
3850863
9881803
7630947
4780269
435269
5616869
7371727
2754717
4311361
35149983
1056481
5861053
8807969
4071721
4936441
4176851
5500539
5500547
4628763
6409081
6105479
7129211
9178069
6323263
6372037
4666271
1572407
9173989
4253503
3388449
2106907
1936313
8856301
7967727
2728777
6985471
9915143
4108231
1589707
2327331
5391321
7550871
4675641
7588957
9006453
4468851
186278929
1539107
4896091
5051137
3574309
5494307
2509049
3649301
6850293
1533283
9703153
2097081
155045557
2511529
2425519
127505791
76509643
1716993
8647081
1225781
9795597
1820303
2607257
2790419
7255813
7755921
5376481
4894273
4157823
9185283
5870507
4824967
7428037
2464773
3308781
1939021
9014923
9255089
9669789
3337167
1696301
4170867
2500487
7664661
7364431
9453569
8610679
1434577
8989579
552571
72873997
1880181
3611873
3639657
2781543
193249
3410297
1313351
5469041
2128419
169466683
6257777
7210901
6271467
1229739
890501
7537491
2800023
9136887
9239261
16775207
5738153
7164189
9468677
2076579
5478621
5864113
4795351
4946239
8354881
2802067
8214683
7945389
1727687
1282827
4780151
5743591
8667829
2319421
5844627
1209409
6765981
8374199
3102911
77037
4669657
9568139
8183503
3306851
5949383
2061511
5449573
1994953
4330827
5048477
607941
565003
5884271
6492751
7538669
6082921
7947133
3883329
769977
7621487
9647841
717027
1686027
2802861
4228317
7789581
8395267
5839241
9995537
636677
2208891
1478031
5620527
4094551
6438481
9891559
7812009
1458131
3540033
7860779
3429229
5706407
3734003
6349417
6355431
4497673
7344587
3961719
9145147
1135713
9327719
47375687
