6748191
885163
1234001
9336517
7943323
4025369
4959223
346501
3416089
5525453
5002879
92881227
3081803
6702083
97948291
7438019
4197519
4718011
6264303
7478909
9706731
7059507
2805911
6349387
9633391
4503121
2227629
4584933
9718703
1122107
7481753
7657683
8401773
6924777
3619363
52119197
8512847
6604733
6243383
8380133
1229569
8970123
35371
6337891
776671
8288579
3976317
7999259
7719191
6991961
6849671
3363113
3330501
5665883
4716383
8377309
195861699
1929141
7911233
1055963
540297
4849289
9498491
127453677
3287351
4586771
122260897
1258123
5739209
7409731
6349671
8059097
1978267
3618847
11951
5627081
3374603
458347
497359
9036097
5639503
8775623
3534143
8393651
4855639
9546131
4602171
9639801
4582769
2468907
4473329
44760709
9612719
4135271
2782771
8291743
8404341
4896779
512213
3131827
6483181
2310841
7456969
378449
9574517
5913811
9744161
63881
7413329
4899483
2154497
3792751
7201121
828011
5277923
664557
3345081
5446571
4897467
8561951
7970891
684039
2389201
5174379
68635219
3820613
6282057
6181379
2720019
7820037
74669
3892819
6200197
5541291
6244877
2191343
5820917
9975803
7707941
52817
217061
5546187
5755699
9183719
8744987
8736451
8586811
9358803
2454987
8195657
3171009
6093811
2450403
5014943
3170947
6134177
3436557
3115467
799819
4216189
6576951
1442043
1318283
3840821
6736217
784033
7813407
94033
6689947
9505249
4226701
9828621
4044201
8957659
119114307
4715763
3431401
9262689
9934837
5151857
4882281
5900643
246027
3767219
1273171
3542669
6241797
988101
3420579
9231849
428099
1522517
75006577
6008289
576053
9984073
4216733
5645661
329017
3998851
2806009
3382113
8313659
2585213
412189
7526097
8889711
5171729
2569291
8547407
3223371
7067553
4023499
6313159
7737989
6314617
6824009
3623997
2788423
4094381
7751863
7382407
5265459
8037009
286833
2397107
6564749
3586759
9891643
6153189
6685961
4982463
1964259
8336711
8855363
3108473
3164921
5918159
2744241
6603981
5635331
3533419
6626791
80490641
6476219
2177693
5160997
6243587
3101601
9714251
7586107
171899537
8802599
6938483
5119799
9059359
1198031
60570609
3632083
4882891
3868021
5377117
7710193
6343889
7965961
7726919
5612429
2887599
2325031
1953661
5937639
1538691
7017723
2903031
33947
8968503
5683841
1789403
9592517
4545293
1660011
8018163
8024999
9258693
9549621
8370123
4243493
1448313
5085853
3287071
2028389
9030411
4666843
5862413
3133057
5523331
2016359
758129
909219
3190141
8070171
1123549
6161103
6324381
6578893
8182909
3687331
5537003
4046131
6721393
9036393
4122829
2560557
7079643
6909361
7470909
8710793
1141301
7419851
6873007
1068381
1729409
3653923
1347669
2960301
4157819
1009263
6761053
8174543
484483
3483691
6730967
208207
6696729
4601841
7300241
6920921
7244069
1286877
2457373
3908467
3871029
2475969
3265191
8610697
7099623
3402337
7989649
1667157
5186287
9157013
2266353
9430757
3476611
9738713
190531
6540927
762411
8335473
4745173
1077079
8461513
471069
7076849
3582551
7319361
1417517
583277
7861623
9272267
3252767
7009653
5838801
8528199
9980131
8666577
3325559
7153613
9519041
8329003
5934623
5475037
7613321
3111879
687721
7952549
2243319
7577651
4434497
1841933
9094839
1733027
6101903
7379743
8785031
7444501
9953101
9049259
1173123
48573
8856217
4339743
8724213
3647281
8999731
9411627
3128743
9501489
4089807
4492119
8059357
5854993
1412893
5784893
4437857
4280039
1271197
5050053
4253047
6852857
826719
4266637
5619117
7910207
1220729
8171069
1997017
8667709
1565859
6133181
5308617
5905867
142194609
1258531
2960261
5473759
1282089
1887461
1023353
142828759
3415337
9105353
9129851
1305809
57650119
2653337
7229083
2050023
121829
6876639
2865609
1987973
2688803
7147827
5050071
8979637
7576509
7547589
1088863
6519543
8651407
7474131
7769171
9704959
3849409
9117253
9365217
2412457
9215031
7887439
5069631
268173
1451081
6839351
4847331
586001
992757
9810839
5384183
8611513
6896909
1028599
1819373
8316741
3264819
3651837
7063821
8131943
2590323
8367347
3017301
8631351
9496543
1340461
1420357
2015459
3495111
8424383
7338819
3508537
2806881
7637091
8358937
1163983
682903
7876603
3670547
2951639
5048983
8532611
265539
4249607
6741419
5515153
8031399
6476413
5684289
7345543
9544727
9931081
2880041
6110673
6401711
675779
8834603
115537
2402989
191445873
1323761
6741661
6987919
2505639
5126839
438659
9817517
5818073
3398183
272731
2025961
2753473
720493
6054853
8588517
319791
5685601
2394097
6607149
3701457
8647157
7339751
985987
4616633
8311251
8924117
57341
6459787
3057071
4480589
2892653
9484357
631881
8304789
3603697
4246403
3691623
545527
8528567
4183039
8885373
6037367
4233309
1970591
107840879
8496069
3740017
5586567
6914619
628159
9659907
4655591
1570317
3696383
4610079
6109227
6683973
3737777
7649799
2930803
5302723
1213917
575281
8046413
5234403
1545353
8874203
176373
6685453
6503479
9439837
6687929
7512099
8055437
703229
1026429
7960191
3172267
3170367
454727
6285193
68028627
1066409
9122631
2346433
5727827
4957953
5960969
7272957
7556737
4133839
1321551
4393361
4463571
22824011
6473929
486539
3143479
3287337
2460197
7908051
627961
7344709
3026511
3969581
5440739
1220167
3879481
748977
169447
5023687
4149351
6590511
2546751
8534677
5386931
7954633
1978587
6308203
5458871
3300871
4301819
2900059
9856173
4721753
9927577
562011
1848199
9328531
2977069
3425999
582177
9090563
4672923
8208337
7368001
3127307
596179
9164347
4281987
2313433
5886723
5325643
5963681
1472517
1113579
83959493
208183
754273
334351
9225499
6514457
5127161
8774087
4934049
8162871
5622991
9533023
387313
6158453
911559
7999583
918617
926719
5900251
3007249
694201
3226773
9278233
7217517
9234321
9316173
3451441
94589221
9008411
9090663
7885363
7574821
952893
9216981
3850813
5594423
4900227
1274973
1017589
3011067
3970019
8318853
9026807
4459917
9643107
2445667
7578159
1174911
7949367
6226629
3388279
5123937
9316607
4333801
12881
3225241
7459807
4414519
4217889
3923723
3830551
1546273
6125893
1432497
3783863
5939541
44037
4139661
147313
1345043
150540407
1908571
3417249
6688941
6596671
5377663
7252193
7898857
7658653
5220081
2861847
4680027
6771051
9371581
4046597
8899363
3616429
5417299
4575361
8413191
8736969
5897581
6959047
5596619
6455517
9234657
9177221
128498577
3173317
9449291
466009
502001
5834757
3452393
9898353
9710921
9466273
5660033
6702387
8447157
9679231
591523
2526413
7299947
2537159
2485373
7363157
8468083
1550039
6621453
3610079
7100503
8578681
546617
2080409
4506133
6697091
4317957
9647189
8664201
4512063
4374527
9226021
5018437
248173
3524179
193009051
6792291
502727
4384553
988631
1632599
6665691
178253
8628547
3800353
4761041
2207049
6111367
7731013
6985471
821547
6691787
9560409
79680899
6805311
6447831
2653627
9859733
7494299
2326289
6251529
6202373
5706261
4461969
5704269
5920343
2114293
2875503
990481
