3463007
4585803
5455303
2087717
1130813
3889821
5202741
5932807
1523869
6244987
3766809
6897949
7158293
2537173
3305827
5354669
676283
8579339
3747067
3766213
7961269
6014089
444901
7296827
5967581
8048853
3026377
1709721
5021743
6071573
3889787
1831243
9653803
3638231
7331869
1056051
4709919
2172101
3112499
5971021
7931161
6000601
2249739
9321343
9992757
58556597
610697
1143721
3956111
7957823
382037
8055143
6475833
55283021
7167013
6806361
6071607
3141763
7724911
882713
3176663
8927507
20701427
9838311
6673579
2182041
48859
2544989
9736969
744579
5337031
8139147
117345749
7319443
2343659
3061643
218719
3849383
8525303
7120497
3636069
1413513
9586553
59071
204599
2479229
622089
2916857
2215321
377837
1293233
5806031
837507
6542343
7303953
9590283
4046679
621219
1062743
6658897
1629837
744303
4851057
119663707
5235063
436629
9153079
8861583
5723339
8773257
4187397
5547823
2248731
8986957
2952843
97039821
5613669
6089563
4433477
3056657
4009299
5486707
7375061
669819
208057
9218349
6081703
52107
6735507
380749
2275013
9399823
5983893
8318463
5154603
8138093
7916549
7753653
4083399
9429827
3553033
4237347
8471993
4509339
14279349
3206087
3025407
2517859
6436073
6473913
7673221
8789499
8130579
8237971
5439603
2014823
4610299
6225403
2154829
8283547
1519453
7850207
5319923
6339911
9766063
8766619
5316259
7019197
1670629
8139511
3537777
9976841
5071701
1714947
7417991
7274767
4674499
5872043
8082717
9104843
2205681
3445063
417799
8388317
9412723
2483691
6780013
6050323
9248411
8091589
56261
1518161
4137489
7620829
2087327
3756091
3784383
2956361
3044807
7553021
8595193
6566043
7733349
3901393
9381069
5394031
3030381
9404919
184587887
7036347
71085451
7937087
2429921
8426723
3482901
3625009
6580237
6183871
2795923
1399551
9410927
9798793
8296999
5166137
1676973
8790187
9189637
7123369
2268897
6999531
2031483
4723249
5082857
1045329
6561103
85537
2915679
7009917
562911
1760209
9787463
9015941
4817291
3317523
8151287
5918091
3808851
9112381
5937757
8414931
1907107
3513907
2446493
9035533
8668587
3246631
5207489
7081691
2706381
7889619
9615031
6557491
7136313
4084901
2450657
2747987
1741877
1922597
7524133
3508017
3151887
3035067
3251499
4414807
1902991
8277743
2832023
2796583
3574927
1977699
2152751
8145931
3430103
6731347
7952439
976303
932489
7952421
3574779
5748589
6423609
6245007
6810207
9037467
9959187
4681733
3161053
4600923
2217543
1099201
8219203
7173349
1636767
1808203
8198281
2227183
9955117
6704403
3801703
120499189
3022043
980483
5274989
8761817
462041
7123853
9330699
8448863
155383793
8868151
9027337
4840079
3760927
6303443
6305071
1535847
7879729
4282069
199231009
7884353
7469037
3828681
487017
6024761
611349
1926839
9886849
7317427
4673967
4691931
8010137
1351833
4588231
6219227
8956947
8332277
6437787
9057247
7434219
8559791
8746311
4189581
8943529
7322343
1325609
3010519
8591469
8883461
4044421
6052111
9453981
6777493
6091057
2610783
509527
7382371
2106721
4452951
1499273
9404173
2641863
9592701
8941283
7207237
4077419
3223271
6792113
5027783
9544333
1065911
2068191
4594181
1508733
8846111
4422053
178509537
2725509
4787843
3078753
7675191
9658531
3445971
7351173
5885273
121455009
164990963
9595763
9164287
7131993
8800779
7519331
86171
906011
7591153
5497001
46889
9194457
8991307
2607473
5552223
9626077
1236877
1243187
4223867
9390587
5997451
7448451
3165173
9671033
5179181
76009231
5876681
7079939
2667073
4504793
1049849
1333379
7820781
412153
5485549
9531279
4811481
74053
3449897
5648023
685803
5518753
7448237
2584081
3788719
842831
6709389
9850533
794569
1308407
7735067
7460039
4779037
1789319
2446451
8132487
1564519
5891343
2859433
3297357
5020501
3241061
9556179
550891
5817941
9851551
1684247
7851351
1796787
8261547
9563389
8677377
736663
7407513
7981839
191692999
3787139
9442643
70400769
7209499
691167
9635477
9491387
8247239
7026961
5662007
9472991
5616493
3301143
866651
8616877
6854501
151322873
7793961
257381
6147677
771649
4535693
4520619
3875157
7867467
3111507
6748489
7926477
1454453
1680691
1733001
6095407
5309917
4806221
7120113
2719361
6624857
3923671
156791
1856777
6073753
7272649
7945387
8484947
9806081
7075809
9668543
433569
3901267
2765503
8275481
8750613
1919779
8059607
4711357
92441
5015437
8737941
4790247
5673963
857461
7762733
9626959
2839221
7887207
6783887
952503
8894539
8751183
5288661
9036587
7215189
4464341
5861679
6705261
1308129
8073489
8112887
5464369
4763621
7968639
3811843
156207621
14946957
5467899
5771213
1645689
427309
2349563
9418887
1260781
336343
7335323
7961867
43189
7763859
4947503
2784637
8677503
8545211
8331847
5794821
1257493
702951
8850053
8850087
2726551
166223
956141
7080371
3397403
4518891
3842531
3995059
8325021
5196107
4302191
5089927
5080663
643491
4020207
4726583
1251873
92632343
6551551
98144739
9084997
5276773
4967557
2584091
6886631
9677337
8981751
2435453
1029049
1705831
1642493
7942767
3051923
9131793
9271819
9345823
1433237
6101601
8951431
302481
5753743
6231159
6121891
3378951
7668277
2261409
989217
6975613
2846613
281879
2887867
4488773
9385031
4146699
9594037
3206767
59833
4234303
6175639
1646457
4406877
8618967
7621993
364013
9352589
4101891
127046027
4967823
3871829
7487499
5424527
7164747
5798909
5949781
8118083
5864571
5275299
7976617
2429151
7403143
1406241
4997289
4934017
428437
4530969
9048231
556493
5561637
684593
483369
2050939
9264429
319121
553141
8209791
2415247
1155963
9641989
6054957
3944691
935653
9886289
6545971
7588709
4209699
2618127
9064987
2657791
8733077
3609549
2831009
669789
5965873
185071909
7269023
1534463
9810247
9530731
3723601
3345997
2077167
5611737
976213
1762463
6110299
6490379
6183019
8902119
2573579
9293561
5504661
5964889
2903823
7384669
3669709
1396749
2205637
23427341
8754941
9642197
28937299
8369889
2352359
5504933
4395313
7100197
4146349
9446733
30248507
5658851
6814999
4998089
4945927
1211241
862561
6767941
5766569
286321
5589503
1514559
1475731
3963497
6059357
669777
1373157
979777
9209203
3293481
636127
4288951
770443
4544537
2278609
4443959
9217831
5037757
1993951
9371603
7798903
416439
8076741
871717
6918349
9550059
9556769
3822589
6992629
4632123
3509437
2589353
1372483
7658373
7993161
