5771643
8699531
8994013
6859193
3465277
7257151
9056751
2338001
1307149
2904759
1121733
8334727
1059829
3744467
1974671
4531669
7128331
5324707
8581577
6761851
9616071
2153247
7493819
5480521
116969107
5566653
3940677
3941517
5980273
2711107
109086347
2637153
467337
7246049
4838853
5130247
6290643
4428051
8454447
3495703
4576027
6198219
1208109
72929537
3179921
8670499
3271867
8881089
7011671
822567
8993683
319601
2066067
2131697
2552223
1286729
3156801
19932649
4205949
5270961
2865057
3455717
2559587
9619299
6526383
3080699
6271271
6868887
6114533
4828399
2512857
3362967
2770219
6046933
3082279
8471977
5522573
4021481
5339647
68430733
1173583
2002987
1990031
3789713
2251873
9122991
62793281
86173
9604293
2220433
3345427
9277233
8888923
7592881
1072723
1309837
6211031
7271489
157073
8765217
104446229
2792561
3582587
2048799
8427511
3383839
5771691
1384459
7756809
102912973
9343613
2504941
5005443
1189579
9969289
8740789
9467719
6047281
7335703
4597113
8756799
5854277
6119047
3572979
4979609
5216919
6017391
6742803
3731497
57411
479073
5418437
4166823
6671191
2328369
4542927
3615677
2927011
6916643
1697131
7497153
9672593
2332791
8719227
9918143
1149241
9796941
5962083
9187433
3309961
4415877
3842751
8633453
1764773
3561663
4927729
1823623
7994507
5146167
839767
2815701
7330671
2930623
8057353
2969713
4330367
1842647
195328819
433279
2713031
1393273
9243253
964217
5734689
9152319
6433029
9826029
3013977
3626341
1965557
5051117
6568819
2157343
4724459
8019787
5970029
5491311
167457
142319
7617167
5368491
4068923
3652933
13207
868331
2857907
416727
4573421
4549513
8763449
7847367
9871989
5025597
4147139
3710493
7855629
6121897
7764367
4266191
8204581
9624299
9760157
3899371
1859773
3680789
5020319
6522791
5465249
5723641
6707239
85017
4942073
7063347
9259791
292383
6371219
4956047
7032613
1100819
3362881
2818309
2981271
864633
2470979
8484309
8190917
496417
835807
7228563
2505907
1645447
9519319
442617
4963539
5756711
2130311
6041411
3066519
4765453
6172559
5408007
3360059
2956177
550321
106005859
5923481
8773379
9857911
3711721
172049
212677
1309571
9398831
6046207
4701629
1132327
7723937
7226797
1708997
6244889
3804013
3739621
3103633
9874049
3669809
7904937
4508111
1302213
5829987
7107333
1363029
7708019
4946619
330269
5265031
1479189
5112301
2927359
1542953
1930811
7087097
618767
2759089
3784301
2387717
4659783
3745763
7820227
104349089
2534563
4643449
7301037
9377211
7792301
7146389
7390309
8362807
3802839
9914499
2469237
2037517
800671
7211469
6053783
2557841
9425777
9885011
7401431
7990781
5139981
595491
2353299
62532233
7023869
2877879
8353417
4204353
8394837
2519437
1050403
5900909
118853
6429047
383373
4723669
9615791
3019901
8788263
9418077
1913997
2578003
1910259
3397211
3643377
7467591
8190619
966627
6583477
8707613
8612507
1870319
1006961
9706999
8887157
288793
8309373
8251909
4690197
2871927
3461907
8035539
4335169
8882853
9089923
9921217
8111461
435037
4832467
2593597
9066983
6073189
3614707
39801877
2771703
9137803
5717547
9878509
7625439
296567
7329551
1801093
5482547
3729197
8820577
4046777
3644613
2605211
5546461
6735287
2375239
8339967
4829801
6908409
1524559
4289047
8355983
4490429
7649923
3910347
6874517
7902727
6169217
8409469
3920597
7724493
8013867
8890911
4240937
6634499
931127
4778139
8396713
6899527
4534831
1663109
5621859
2120197
1289787
5790941
515619
3684067
6399799
7837093
4187459
7188103
9879361
6663981
4405553
8120897
6432849
2550419
8237213
626279
1650117
740123
5283293
9984803
7179419
4970407
4983839
7157233
5119141
9391803
9764569
9453727
9427509
606683
4973213
3478077
80376441
9273411
2319339
2125657
9474619
3348183
6410543
1155453
188538839
2998901
9224437
7349031
5512969
1456737
5572611
1335327
9945301
3507233
8005819
8400821
5321111
6583033
9476211
9002633
2663937
3722709
6998029
9547989
5811239
5734749
9392011
4192969
9413347
2425639
2825983
3040709
2496661
142031
5820671
310941
5312163
2927117
7496969
8461179
2615463
9626269
8771121
699221
3336167
9909791
8821929
1719661
9560429
9036679
3217273
5679907
7671177
6412531
796829
2088049
2608353
760021
9883399
6990617
3564769
6142691
5129797
7935557
2554117
5767169
6080689
6154509
874993
4193063
928971
4993127
5867511
6910193
4140779
5003773
3290781
8559481
7693203
9996709
9599829
1276689
4326437
5427121
792397
2007043
7040829
5373467
1060161
5875961
2697757
3222459
5136967
5097049
2665607
3034281
4238959
4707407
8784967
9532231
7235487
1015229
6819573
2194989
7375543
47793
188116753
8359633
7802619
445513
8633837
7739339
5393813
9777701
2395381
9809853
59858383
4755433
506883
7298099
5621433
4464133
4145119
2096263
8662063
568643
1437887
210689
1141011
7055373
8745163
474613
9222979
397591
6607873
3589017
884579
3950493
2403197
4000363
9434907
6855457
389497
7992129
5641889
4382737
7888453
4491443
3281237
5762157
8878131
6596467
2404847
6842249
6906283
9840423
76845191
4174603
7305767
5684421
9046511
6404351
1058339
5609429
5360761
6072629
86420027
5015443
4810343
9867161
5113907
6010117
9918287
5739181
2682373
8315163
3183541
7198779
4513637
1663587
9171609
1261069
6446369
7336789
3447609
2670673
2748269
3987179
8162559
6510297
1978003
9706577
6277653
5593451
4231161
8065239
5725823
6580089
1384969
2064779
2640737
752147
3894477
5072267
8017557
867473
3246757
1446753
1049597
6698237
4927659
3417909
6340553
548463
361767
1733633
821237
7009463
5382757
156702043
199790559
2669873
8067933
4687473
2685241
5235197
8034891
78866817
8317833
6313153
2820799
8700339
77979561
7400593
6018377
6235829
45263
4131817
5491481
6485567
4052279
1741811
1147357
9880707
4561097
3427483
8041553
4386557
7987061
5078361
2582593
7006387
571737
4909509
6292501
6840453
4228253
284709
7411857
125100477
1412213
6381957
591481
145726239
740721
2647883
573977
6565337
2915857
8453283
5824193
7105147
2171527
9513927
5843521
4910747
1677409
4970607
3302403
2375741
7447293
7913007
6486441
9432609
2367519
2808057
5107663
900669
5963879
3107047
4495483
1477103
9612919
8631247
5027483
6646271
2080659
6922559
3909599
9417693
6166047
986177
34845421
4481591
5662903
821461
5194929
1344493
1776989
1486731
8868997
1426069
9998937
895471
6816517
2895209
9262309
7960963
9769603
3085039
7104221
9698441
6456871
528083
7464617
1332001
3908769
6610931
9615883
4832761
3862333
2871333
8589603
4247031
4107427
3807981
171756273
115345323
6094367
1340497
6943107
2791497
6311671
7426713
9131923
2845709
4975441
1325879
5955627
6396977
9285661
3980109
9168627
7892463
99693037
9630481
5045351
181106653
6957343
444483
3526279
24933259
7396869
107753
8021099
