5975817
6098657
7359551
1783761
6314663
7144119
5873651
4962163
5678841
7651537
1164981
2413323
4503659
4093561
6761543
5594029
243873
9863609
7458147
8441301
6390433
4996627
7515689
9529797
3710039
9948167
815661
8581473
8627043
2042063
5258331
1873971
1034169
2775747
143624781
5941277
7206189
3173003
5093673
6713643
3532607
2902759
4436583
5394311
8722687
6989681
9439103
8468493
5402553
5002237
4510233
522287
390343
5812737
1793669
4805683
3156703
7966687
9018229
540739
7412769
7396739
1791677
135514847
6543569
8138543
7958661
2721731
1998973
6301069
3815291
7265647
155131
3587759
2730581
6917381
5617361
4308891
8264269
2105539
2867281
6300727
7811193
7058349
1447261
5064617
168792329
6266057
88847697
5453057
168750697
4588877
7173921
6893003
3139477
9525503
7243063
6758237
9136187
3824991
8214663
8604263
1788113
4757639
4171741
1117761
5747987
7292789
9448339
75080457
8323119
2051493
139723
5389127
2564429
3868309
3470367
541967
4435301
9019061
8946293
4396177
4582277
5759741
2516181
8423457
8693727
323719
5392577
2752949
53610561
5406653
8145333
5028467
4193467
2445811
8661439
2794289
1076959
3754737
6874039
8733067
849183
5807201
7577499
1525469
4137913
4507263
6899341
4444689
4407959
4837941
49601771
164609
22447
6893249
1322833
2897533
9323871
2752069
5880873
3255533
2121267
3552057
6250999
95057953
8711881
5795497
7967323
7009647
467629
6145807
2597881
9146309
7678269
7713779
5418551
4879279
2331053
4874613
3943163
7761751
135361
2474629
4449447
6407173
8154389
1633087
1934759
4745211
5455857
2677489
547639
1610493
9943951
5281157
5975943
2773067
9697977
9290237
4487447
5372157
71683639
2923067
6305309
4727931
1444651
3018911
3646881
6540677
8287857
2835947
9356561
7228931
7430513
1184273
8157007
5969203
116506887
5804759
3958039
94812637
2949449
9033103
1748587
3746233
56923
2590737
925759
5383753
633063
6856463
424393
5307379
1118869
5708931
1825223
5472651
9597951
1356051
3345579
2417477
7668217
8402911
177997
5582921
165662161
2028787
3331697
8274317
959933
9292141
4851031
923783
50022683
1906297
6757641
4438067
5690607
7706497
4591649
1761629
3520507
3806233
6282157
7583189
7217
3457579
8076617
5317907
9036563
6013699
1884537
6692103
8619073
1418203
1995191
8428819
5985527
9053321
1800091
4493679
2347871
9979407
7135423
7253003
8019623
1591347
2045151
448097
3916917
3178137
9323763
4263661
7845009
761047
3395699
7894069
9532421
159454639
9802823
5375951
546907
9815233
688717
8964173
82673
2161073
7383467
832753
2820967
3183703
180041
5839867
2027851
4427159
192367989
1387281
153752047
147987
389639
7921187
137088849
5077997
1671569
5757799
152809517
5881839
9826127
3207827
5252117
6965497
3324353
2918281
1975629
3352789
6781373
1423761
9046119
3741703
4058827
6592523
532287
3283963
1547561
3630399
1145417
5591207
3378281
1272357
2403611
1871723
455051
1251259
39458103
6676333
7348531
70027
2821293
8834891
8314829
209757
1045693
104071947
3689197
5396657
1305753
2822423
6948339
798019
8519657
1768969
1785677
8742191
3120639
782919
8786629
805509
3937789
2884307
1393413
1564611
4932037
3564469
2076327
9554531
3894627
9528503
5171767
7112083
6251637
3750983
5945941
6489119
2026107
9557961
1594847
458183
9617311
241913
846221
9861343
806959
4967413
2027319
1042707
132877679
6623727
2350917
2620277
7800983
4196993
5799893
3667373
69097067
4670781
7027383
4902699
6041223
8180753
7546887
4833677
350481
4129417
7887387
408107
4040137
8260087
42186341
26851
5550627
4800493
975263
7819709
9368601
3495471
7712821
9283203
8692521
9069237
6372183
7010263
9164097
8388833
4974507
2854783
5580203
6413433
229421
6365519
7328051
4218907
830993
8687889
2169157
8506183
390591
1287499
6190899
3727753
5360403
7906441
6305017
7000819
6435597
6431389
2604423
3787749
1471261
6961807
6981541
6591049
2103931
13079
1589553
7757077
6568633
128573791
9907901
47055461
3837293
33733
9760683
1933841
849307
5217609
7437783
1929309
8975851
1475749
2117601
120114653
5264829
1565459
17709
6631389
3857549
4944851
8365317
3760703
7320533
6154939
6214261
3254759
625617
4012937
7584287
1808873
5705153
6990861
1587071
899947
8687481
9594157
1710817
4586079
61279623
3983601
3713
7445527
5616119
9646899
1073219
466159
1783759
3069529
7538989
639211
2649083
8360119
5404181
6539821
8410379
4026313
2873787
8125159
9483723
4498807
7893057
69151
142646793
3709663
5982101
3759071
1268703
1099099
2807999
9923589
1928411
581819
8166917
9366793
6348587
8644999
3746107
8991221
8254947
2668749
5826103
392207
2195423
2250121
1954289
9446519
13469
6397659
5155019
4795471
5590093
9898453
3301447
4412667
5804989
8547903
7860063
7735123
4910309
9383399
9593787
8020807
2239407
435189
3976463
138127
8983839
581697
2388503
1351503
6275061
5207083
9277023
5057311
6248069
9433437
4854429
8133489
6097097
155215957
3970533
6785221
2800661
858799
2911127
1327997
3422669
9880549
6880299
9285311
4387169
4090273
1071103
6146133
7087033
1317683
9214323
6787741
4177569
74587521
558889
4133821
4063233
3446877
1925623
1000947
9600067
4725007
148963
8610741
3025807
4916283
3558453
9074399
7439661
168218211
8002713
5616393
1560569
9708457
7776851
6578963
24426909
117953
373071
9101647
1316371
4378829
5335573
926713
2880133
4691433
3482383
3334973
6893609
1337271
7046869
6480139
2558327
69427897
1235353
9149093
106960809
1588457
8777627
557227
5570603
8581133
4748233
9844881
8952689
5084059
8458647
4212507
4161719
1528341
4499497
6299591
3815721
8583069
6746813
4990011
1232371
183504383
88500479
2747033
4710941
5740351
7346871
531117
7465171
6003167
37733767
4763027
5751141
6669311
560607
4537463
1853427
7638253
8403823
4113923
1114903
8262943
304989
7553387
9287301
3711533
3931191
9953449
6354691
147817659
3264601
9880061
3989591
7678717
1196737
6715297
7912053
8836179
7281513
9917639
8789657
4445349
2140063
8700047
1871169
9243251
3582761
6465283
4300321
2850279
9118529
97953
2134689
7705827
8069281
4858149
4719659
6312893
3354239
4171253
391523
2812101
7041549
7190779
2745673
642649
4088981
5554869
682627
8644877
4267827
8140233
3042357
7860843
191522767
9348031
4100573
175847163
8812707
347557
6033651
95554439
7597039
1673883
3523821
6526207
362157
3170731
6735411
9644743
9178053
8536651
2297793
7560923
182341641
9953979
1108827
44079283
238891
4453099
8686689
2128269
5649139
8289181
2133057
118272189
5412689
2858517
7286517
877437
9728423
368891
4858777
4655039
696691
2673003
179552287
790483
2795627
8072951
9823543
1827557
5735293
2713559
8110753
9646073
8132621
8718673
1546651
9180587
8799849
1697309
8647883
9497921
4464323
1033143
32797157
9046973
2961899
4198739
2936707
407249
1981147
544507
7724743
