8248593
215353
154713429
2109887
6673737
8543677
2727983
3116553
117967413
6959257
6721931
2664489
4197209
6221299
171073169
4463843
8888739
2908771
185963
9524157
9743921
671637
8986729
5761609
9119729
2479177
8228113
3187639
6707097
7448941
107053501
1848329
8336533
6958823
9009417
4496011
7230373
756861
8413001
6350179
7624991
2124039
7850567
1406667
4201897
5730541
7367131
9762137
3226731
9284249
6628573
7397729
131271909
2276631
5908403
6333589
1024207
3450563
3260639
2941831
1382263
2308193
699333
386923
6151679
8353173
6896447
1240443
995219
3762709
8625631
6753083
5606557
589679
4674667
2807327
6777129
5796521
6758887
151800897
4918869
6011543
3146903
44109
1901827
6572469
1137091
8621093
576847
5466431
99453913
9697453
9091489
7912059
6727147
181208773
9630941
210969
68601
9117867
2861207
2633601
8187733
1190391
66799
2944759
4485611
529789
8441813
4413527
4092623
300357
301419
8034711
5337171
1474499
65339591
3524083
9082129
5771901
9604667
4748451
139871369
2970049
8215427
65626519
160773
3178387
9851497
2280639
7479003
1368889
3184537
3479107
6360401
8269901
492389
8069403
7570163
59402583
6671469
3438241
3317759
6695743
7921397
7217209
3840497
209909
4583241
50256537
1030007
4632051
3057431
8704497
159227
2423127
4203599
364121
4181743
5602877
4436439
2391321
1812933
3982547
8854249
18813799
2690227
2411463
114918461
3140943
6405669
1169161
3693053
3644973
2470301
4908741
2753853
9467421
6254753
7026947
2582359
1332349
3119933
73157583
741467
8450233
5710771
2876593
7020507
5722679
9268143
7965991
2716209
3722727
6117823
8464667
6515061
1507413
3853109
9293057
4150307
111420903
4376907
6870921
6627099
125539
809547
3332621
8352463
1557087
58803
2731629
1408957
2669687
6543207
8006777
8890859
7084533
9273583
6029687
3332623
6783103
9699581
3084933
2424487
8529157
9205671
2442251
5992181
5674831
1267413
2303223
326287
8569661
185955401
9594753
4064237
5442707
4699523
9215379
396399
7716937
6848773
6193373
8255041
4538743
6892889
2666479
3412029
674871
5523617
6701041
251181
140989
4552567
470067
9580447
168194123
7470179
1156819
6270177
1450401
6671577
8089479
416911
4140713
9208569
75090391
1393049
4770681
4853427
3298889
8481923
5265653
4157307
8331663
706013
4561247
6151863
5025123
748297
8264651
3475547
7120659
1206247
6728831
8661293
108651883
682431
5343099
3484939
5328073
6710103
9804887
9723461
229319
8350121
6993831
1008527
9874793
2419053
2181439
7099933
6767201
2363421
5252703
7861067
1143151
3692137
2287657
5120901
2457209
7784777
2349281
2489439
7405471
4416137
8900303
835393
2952287
3065677
2861719
2268157
7281431
2303959
3280449
170681317
943491
2359163
5700003
7959867
45540561
4839967
191339979
2646083
1009303
2656761
5221533
177802003
1997991
2544371
3213651
9233469
3197099
7620931
8535677
6944841
928937
9597897
1649183
9744961
2086977
142797943
4209467
2523589
3048659
2280843
640729
2118527
5131679
5112613
9171081
979153
9525591
6332369
9539927
5811333
5209169
4056479
6381377
437047
2741853
4629531
6225939
8146983
7604209
3259837
676509
6777043
6185847
5649993
917037
8970797
7951009
5084173
1633551
844683
9327267
7117773
2507371
7054191
8325111
8852247
6187689
6298571
9190861
9198001
4601719
8479397
4586721
6443121
3440743
2998059
9890003
3972503
3528383
3931469
6660279
84624029
2986003
4831829
2626001
4395403
3764509
1712393
5039487
141177571
9943877
8159327
2100511
3059331
6194667
7499919
589683
7946649
9995137
3489397
9420969
581567
3989277
5062349
8990603
3496753
5780683
937103
2432299
5751877
5807751
8082141
6275171
6763483
873153
128981
3020613
8615407
103866329
1974107
8325241
1600711
4762173
4901237
6470909
6423171
3727471
7311343
3319869
4774479
722649
3950627
5514671
5121907
36133817
7919747
3135403
5128357
1545083
6817279
4900551
1072279
1227869
2657399
8345671
712819
337323
7055599
4347953
8263179
1881829
4882213
8626959
827781
7840869
8993307
7614697
5769117
530801
4200147
54599
49500991
101079
7253857
8170123
3401587
7847153
510871
35489
7272777
5111049
5047887
9346899
100643
8508247
3632021
412171
33848433
2958211
15558753
4475089
2229471
373121
4196991
454393
1836041
2681407
8934449
9482041
6847661
2587989
7458997
7167561
2757333
7457607
5921293
7629477
5880153
3300149
8028739
4948029
4501501
6283219
3619753
4352499
2620163
6803249
5334453
5520901
4375489
9902203
9781129
2704863
9615791
3551353
1727871
3575737
6144069
4426479
1075869
8635727
7115697
6487067
2127843
2328959
159372257
88164587
7914453
4368497
23017
1149273
3595087
5932957
9835347
5257187
4174741
3296989
105583
9979913
3693521
5408707
6777523
4202797
9049723
5122091
2936773
1601389
3417739
6858359
9961399
4877949
9656093
1934683
5703961
9739321
1499201
7768079
1415343
9585783
7754867
3109127
6328021
4911703
7304053
2509663
147675881
8990443
5616303
1492441
6980367
7117241
9259521
4718679
737851
4604633
7507363
1864513
9165307
2704979
9279481
4585783
3091769
9792099
2827951
6635769
179343
5589299
1711633
7529523
2989091
3078427
59121
6097799
3807839
8038563
9298551
8865677
1862031
2311029
8701889
9427093
8720503
9214799
858363
79325047
5996011
1308929
188598487
3771149
7777503
4312087
815633
35999
3872057
6703263
7744157
6726047
4805057
4089813
5812977
4238119
9413227
2850831
5920811
5475933
1029501
665189
3524151
9720303
455861
8044857
3343467
7401599
3715979
5094111
5847433
4903313
4274723
9195547
2571119
2634859
7710661
8776471
153810757
9844369
7779361
1876217
4284373
9169647
142172279
5014697
384259
5131181
9410743
682617
8923149
14021
6255719
2636799
963599
281871
8712701
9662459
8198619
1878823
5938153
9475503
6179393
582837
2516867
180866759
3351371
7446207
5302419
789463
9564439
5074549
1987179
5851771
7322403
8312833
4882237
4137417
1162611
6982049
3255773
1400657
186413893
7559871
5200943
1793597
2645681
8374179
5938711
5486889
4369393
154263
5669911
4603387
142730421
5908603
4496747
5256163
944917
5341731
3337981
1291451
483883
6144261
76286257
6613899
6662367
5946149
8704897
158331
4746271
2609261
8322401
597687
135243753
100562949
97630101
2419943
6550853
3917571
2175713
4156103
8432559
8235149
2156587
9468917
2181219
4122907
1964039
2323199
5626339
69160707
3976507
5672027
6830423
1823239
8008047
9724079
8373439
4325963
1943929
7946943
530301
3296469
9439983
8106203
7172073
2810597
5921683
4576111
1593629
8670651
3589767
588487
2812003
8465109
7408893
6646671
4232291
7626277
1965139
2247159
9202001
8202143
93936629
5299179
9542493
9168443
7837333
2012273
6818577
4494243
7124371
8047927
871699
7602991
1874159
184026279
8709751
3820643
970449
2727421
3729583
7753129
6063569
5394111
9514589
4615283
8354391
28797
5664659
1217919
698961
5414237
2196907
5625187
7377317
5476491
9289323
2926997
5420571
5619361
7573089
4896469
8632039
2555049
1045757
5301783
2225859
2631001
5535069
7477097
2340623
4628487
4942751
9463189
1852037
7653789
7155403
9296121
