2162251
1195361
4346607
3013461
1026489
799527
4894543
7242007
9306971
6462781
5582537
8515541
1317913
1014763
4657673
1017497
3703137
4346239
8673433
3292479
4275989
9464841
4703481
5627449
6856619
9215143
179922383
3400779
6055627
4186951
8196747
132806649
3943523
2252687
5261039
4849629
1125839
1648979
4839213
9674863
117495609
8571333
65367697
4862111
1777361
6265789
4863681
598637
5149481
7424319
2269733
7724739
3235843
2415203
4051601
7896821
7571119
3579
6948507
195074093
3726469
4572841
3297207
4454739
8173249
4840243
6470773
2483743
9205717
5960087
3111053
2405767
8910397
5901753
3524311
8965857
2866619
8367269
712743
96819689
4303207
2384979
8190797
9477543
2759939
2288293
3577829
438341
5116031
6597501
2707339
4895121
6995251
9860651
4434301
1982619
2323857
76217
1703219
6313059
80913867
9665703
2940867
5120587
1872801
5040099
577311
1068533
9416107
1401507
1827847
7702719
2684793
6478467
3510081
8082781
617739
749781
2390329
495091
8919527
4891191
9888809
9979737
9049179
7024181
7403647
52261931
6059217
2062517
5763713
1568193
1803401
8226003
7508997
1356449
6844139
1582321
1226279
2171229
2537671
2558619
7617597
657053
8046543
4616817
2749583
3456601
2991451
661979
9914823
2331779
6609897
33189
3467429
9269341
1218769
5805263
19897757
6031519
4154603
1023161
7984119
9470339
1957537
3799569
293527
4973133
1000197
2184771
3206011
4337177
7766441
4689761
4271209
2575357
2879639
3016989
1865319
7519409
8326579
6903287
4519051
1010579
943419
9878747
1613169
8662671
8122543
2136671
2485647
703979
1579693
2268861
627831
2572657
3165903
3320193
6391823
9742497
2523473
4608799
2560403
3627403
210961
2263277
1712037
2266453
437167
6883213
143409461
6702107
5398007
8556243
5963579
1379631
3775091
6299157
5343337
8613257
1299201
6466093
347251
2414321
434947
4302149
3493653
1563981
492829
3422047
1986747
2809563
3896459
1878069
4387741
4696309
6291353
8710881
823903
726017
4821963
6628029
4948957
44235233
2585701
9303117
5222189
9029109
9229941
4144043
5174401
4550769
5423161
9365391
6161107
6613449
3108149
9887143
428861
7266153
3487613
3720707
4906541
488127
5731059
5647797
2955901
8484337
5486679
9244739
7816939
9493391
8471971
8900739
8125071
4701227
8036663
8812601
1982357
8771137
9493871
6158689
3850083
2317507
9730601
6433379
3852017
9812847
4670063
7243967
180337
8848233
4643923
1810123
6633523
7918203
5303893
9186329
9556339
6623531
100552611
4900453
9536731
4718673
5355007
4373053
2872209
7194521
3402001
4635387
3898769
8815743
3958499
900643
4087607
1451293
3536283
7279847
3929819
5980733
791337
8992763
7417293
196489
8014171
5144903
8017729
8935937
6635507
7647279
1459657
6799537
8677397
131273
1183367
6628919
4318641
183653317
2420401
3748989
457887
2000213
506061
7670447
5385121
9964039
2155967
7734863
794621
6624017
5199187
9547423
118643
2756447
77362083
2670033
3889887
7133081
4904311
19257
8897341
5503633
457009
2812889
105929
5031587
7853973
6551093
6969309
4405077
7397249
3799343
2959763
3593549
8615907
8236969
98888513
3944411
6385653
9949301
6181151
6577143
314433
880733
4340723
151943
8645963
5673419
8624981
9919339
4070249
951041
3130601
3297789
3443023
570331
9493369
5369083
408239
3033463
6068417
1325469
617957
1610227
5090433
6976191
2278123
4313227
7893571
6734637
8623587
9006149
1913041
2394907
9322757
9499491
8215773
4362389
6236803
4432813
1740939
3216911
7330371
8365747
1244193
4624301
3908799
8737973
2961437
9491307
5890779
1867531
8018593
8678557
1791801
8011259
1944427
5797099
5308307
870433
8791143
3316057
3651999
858309
3027343
5028591
7215259
9963299
8576039
4039769
6411149
6027097
7231879
5913867
1809499
4729719
7144253
1834681
5388833
6119277
2207207
2042731
496623
3030493
3369887
7695981
8035639
8946969
8627257
2786677
2601697
9589273
1437327
4628153
5299549
4154319
7324129
67941
197335729
9833273
9697293
5576277
921779
7689941
9578153
663707
7108087
9921403
6416661
322901
1559117
5312099
3453579
1627261
7430593
1425681
7512619
499083
2397
7159997
2373039
7154343
5159407
3743983
8792851
9449913
940349
9796497
7225481
3094031
3206293
6058661
9178851
9437639
5947199
198271
7703577
7227643
3773429
9613641
1662897
8887543
9205109
1719199
6408249
622993
5816941
2392373
4014133
1325749
3254749
5831169
8496497
3465741
5664529
78012109
5847887
5813759
9177713
983313
9398219
492837
2829081
1594903
2585631
2526407
8644461
5776679
2633497
8176041
8385109
9114953
7454947
5039049
2365723
4453973
6660899
6029099
5519047
4719649
1407111
7369567
5036003
3345631
181095129
971397
1630001
4935553
6928307
175066353
3515481
1708993
1635981
2125653
106612239
3226947
6324557
2797459
6566109
9355527
1714729
5930441
7151589
3337513
6350389
2490639
9561509
166597067
3263869
5946787
6028147
151072673
9318799
3954629
3797
430813
5273561
7321297
2456953
9172071
3451293
5160381
8954537
6162553
8032929
3736859
7714631
3558863
1943021
3304469
8867359
1720513
8414459
4739437
2585649
2921933
7387323
5948183
1888579
1851577
8407861
6640201
985379
4865761
2898193
7797139
4100457
2311353
8445481
5007213
2321887
7622523
71933
6059913
9575409
3139861
401677
7545707
289009
9829171
4091333
4955649
141891333
409643
8971197
9583579
1302423
7787113
3334059
8765021
7651747
1491701
93739469
8309601
1161579
6789659
6762693
2444789
4708229
66054471
5659591
136169
9396219
1784703
7622839
9223913
7556559
4109329
4796047
5292937
1991961
3850897
2087191
5274407
321707
4932219
7085181
667901
9365603
35904003
9410799
2536933
4695653
4432969
3855963
2631863
7508619
9385727
801513
3807747
6497793
431037
9350549
237457
6880927
2389793
670677
199321
1244463
5621143
2810233
2118103
6589909
9670529
7996249
1183663
5383049
9891801
1150323
5674279
2048247
259551
8835589
7781989
5025263
367101
6421673
1075293
4870919
3065889
1514497
1271131
7961787
830431
1548207
3984889
1665587
8350471
305971
57874229
2775913
9710259
4763877
30357
5704931
80357
8403927
7871929
8580739
2438207
7369689
8730303
7438611
132188341
6911889
3107551
9432637
5437199
8544391
3790659
4217631
4808419
9768953
6899011
5259491
3602887
1847693
144649387
9990451
5347693
2746717
3647231
865759
6655721
125058623
3559713
7408061
247351
2386401
5029153
3966803
1834837
9082413
3127873
5052143
850053
6005209
794951
2310181
3939249
8268359
6592063
251913
9175003
5667399
4327443
4779303
6718151
2826491
2157819
1533433
2736999
110984129
11438331
7064829
4561483
2284543
6890171
9527233
7472609
3054149
198173
1617103
2176571
1285001
3807303
7434139
6492033
5149057
7833009
4683407
4457197
119050453
2371461
6077997
132793167
9440617
3570443
