186937743
3350951
2098897
9067863
1169357
6784823
1624969
7636997
6055429
4011653
695579
4848761
8072741
7278433
5303839
7099899
1504199
3243351
4215079
185499
1176721
9768353
8320849
1843853
3621457
7590101
8295701
436739
658167
9944051
3884287
7139933
3857131
1873513
184977
2261493
9198887
2698061
5790503
9973867
6344269
93280209
9271629
9221371
8421993
8543173
1544743
7239643
4234087
3998903
6001621
6401763
5278227
6829369
2527237
7666089
5832373
4308687
4226427
8047461
1440181
2326653
7483373
7725799
459367
3660719
5606521
7105963
259853
5184423
1810849
8265841
6160229
7254369
8257931
3877313
5642469
8361571
6556881
7571347
5382663
573427
6462367
8869781
5824957
1339591
5104387
4425453
3055477
445879
6169987
7266277
1209451
9167173
5617467
5811573
8228107
4729701
5062657
8858681
6989043
9438479
2780871
7045727
8381511
6205397
1044077
1530771
4811361
1544297
1951779
5664623
6856709
3885977
4126539
921791
7996037
1745143
3257779
2112089
6499779
4402189
9363723
4720657
669629
9089893
8484509
3008297
5810043
880709
1406219
3999493
9971573
159363
9456301
5486453
6585237
7063227
9250319
5788179
8306133
1138743
7263089
161281
9017353
1234257
158398223
6580563
5787841
6993389
559803
5378319
9213861
5012583
822977
6973707
1067039
6417567
2095933
799827
698997
52189437
2323973
7852569
7198127
6638617
5537017
3534461
9970439
158313467
2567247
6255131
8156847
28634671
8583389
2344897
933999
1699331
2580839
4787331
4609469
9785289
2023941
4678423
6318367
9524611
5578197
7147701
128041
6654443
7526923
9679901
2288331
8909533
4708473
1581907
4281487
1483557
7571649
8624591
7237011
2433239
4792833
8867443
2922337
9665863
179088129
348581
2944897
9220763
1797083
3047821
7420381
8589759
1464249
1530247
1338401
594391
6038039
120239457
8394129
9161579
481181
8342021
3910957
85957111
4955731
159709
5306013
6664451
8864587
863961
15225129
9619851
1023851
3930569
5103817
1070669
8007599
3638731
6242679
2876881
4417967
1476919
3401021
4705181
2344927
5095793
3192827
4582969
6677113
575027
166180357
4913259
8519289
6853139
282971
5325237
7412693
4042531
7996233
5156203
6482233
309303
2709519
7664399
6298479
2349619
9206417
8957991
9309491
6150053
198029851
736733
280487
9145567
5774057
8479659
3894361
889603
3549879
5160443
2288237
1415821
4429997
5196129
4450359
5030653
3355449
4279193
7185283
48745817
9875079
7503627
195480861
4937203
4657141
9391447
8603421
6819539
5001769
2657097
5971923
657717
2314293
4217199
6212251
8482809
4778907
1145083
1501493
818727
6345549
4167431
265881
3547329
8243051
2160029
8914173
322201
9811361
9028941
1584337
4867259
5053949
9581863
1553427
4907991
15020961
8232309
129919693
2563079
3579731
149507227
9457277
7316971
5133167
4415213
2465341
5767753
7282097
5475869
7820143
458121
8255179
2444849
4776271
4567823
1581311
7950877
7745681
5070263
867437
6552167
357067
9727777
7745621
5979867
5345991
9349131
5595213
2403321
5216037
8919321
7429197
5334647
1358859
6831287
6435929
7435177
6539667
8124841
2417121
6994611
5590571
5132793
1091643
370871
7525339
2384821
5132099
9859181
2170699
9688589
124063
6208237
9228513
5807769
5844693
8328813
5034269
6533149
3305729
717761
398359
2388899
7916601
9687589
5927073
1096637
56581197
623813
4085559
2956913
6932183
4604939
405037
4012511
185333
9393221
7503721
99137
5951927
4234447
7366547
89832027
108358311
4814649
8854441
3125071
7378757
3375701
3269003
5846703
5082157
6314167
8837729
6513647
7529591
1112129
5474977
4726469
5327153
3150941
2345947
6539871
720773
614801
5712437
9374519
5492899
9119373
8155827
7268047
5143571
822339
3313099
9227613
4597759
2916239
2674779
4153817
8067769
1564573
3888261
4596513
7588217
7657081
4576903
5224219
8131139
6257761
5684529
6335299
4323827
8859239
6894409
4662883
7703221
5376883
5066951
8326097
531109
7725691
7028227
7524437
586317
4439889
5876479
3873037
2333927
6902871
53959
9382463
7557873
6409347
64177
4579559
2069469
6173337
8545081
1073177
8035031
4063083
1752451
5061663
6533429
2386477
9431687
4074177
2682509
7953411
3018201
1206763
6603539
716211
29219107
7125681
7097993
6332803
1677237
145327
4830407
491441
5282111
7710929
373007
4467893
2682939
9331003
4141727
1356901
194278163
2961409
3617469
5892747
4164651
6486289
7635753
4440387
1035461
2868029
2344261
6964307
1269753
6525957
338873
80311
7717613
5964219
5335171
3108889
99873
9569033
4728089
8323689
4843709
9340077
1396519
7867869
1005161
5831233
7664109
2033403
8510351
6559711
122663
9095217
1128863
6706383
151285229
42415467
4046357
1014597
1211397
3631469
3415917
9557897
33393801
506723
7253897
5235207
4069313
2305359
3309659
3579389
9286709
3756359
5658133
8353659
1679679
6678831
8211751
1531411
4542617
2153261
479971
7226729
7875701
604677
5346997
5263999
7111813
1716233
3560523
7421749
1148911
4068227
1943351
7955281
3945861
8031101
7312031
69715863
1681731
5241747
5448991
6354039
9624661
8687559
5819641
6274091
9194253
8071427
5535493
1297403
5876247
622077
2733427
7468933
7617781
4141347
3532927
1810569
1017681
9164911
480389
764039
3283309
70417659
2001923
3825039
4572481
9913789
753861
6761897
8827931
5270951
3769219
7361007
958611
1667773
2831041
502157
3278989
1498611
1320629
7724641
7692381
24005441
8515009
2002153
7738773
4615581
9693169
263049
6596017
6317821
6692523
1545779
8591563
7408067
5228141
9787729
2941223
3553827
1599903
91473
9462179
8665303
5428431
2960359
72743
6075351
1362273
49513083
6878373
6306551
8223093
2568747
5351381
2842333
8751993
7721593
869063
3603831
7322003
6867783
1292477
2523233
2623601
8412849
4187901
142045501
5530933
27199559
1961787
9710547
4441149
6356139
5200183
4876493
4990199
7406761
634537
6378773
884841
8195491
1544339
5729769
8740487
6407639
5143689
1727129
3586789
2543593
3512099
4149877
7057147
3983851
2599227
1968521
3760387
1436781
1897289
8757553
8273043
1705697
1413723
6094869
6891691
4977581
9592093
5083867
4972997
3700429
1310089
151839623
9027611
5823457
1166063
4099453
2545833
3181657
1316839
5855169
854203
5353247
4171069
6172091
160226263
2222353
8093749
1261109
83241859
6915679
8696981
4882533
4395177
1459939
3547961
8345963
2056213
7315483
1125641
7615223
9493437
8404617
537407
9019199
7283897
1967819
3330341
4654989
9904869
9225183
8681069
1106367
6159991
3702279
6262377
6824981
155916143
6142161
1232257
1478017
83439
193463777
1247717
118647
6427347
3819951
2168681
8601911
7083121
3675473
4534679
1290961
4194391
1681407
3673587
7118957
1542719
91980713
8425129
9971481
2422671
1682277
3733163
2336851
