5571923
1028931
7654199
3610249
4756539
6277683
7158703
1326123
8315879
5839153
3553709
8697133
2377091
72067
7394677
5416111
369513
745761
6882211
7753759
8693689
582317
5784047
9992559
76897523
8999199
7507429
7223271
6798137
501943
8066553
4026059
4833433
4803899
4028989
6466693
3112789
4785587
8999289
6665293
139581283
826127
199968183
8578257
56903091
4921391
9807087
1824927
6473339
5122549
182609
6911483
7293769
7670401
184596081
633207
9958993
1832873
7620373
2812887
2481831
9899729
5649031
7236619
6518083
1463149
3997957
3893501
3834483
584527
9505211
1234567
1165201
3253321
3059051
5356641
9572543
2466593
486137
745143
3423397
6250241
9194641
8727039
9302667
402539
4033797
6167117
9884071
9794817
8356201
6573621
6550329
3674929
1168951
2525161
83184079
639663
912859
805733
4966409
7015279
3682837
6007917
1082109
8717381
3212063
6706473
1000053
9216939
8389819
8219099
7900333
5567381
7827413
1131857
7872809
4659313
5568867
5353963
245039
4491497
9953481
5477083
3845089
704263
40573
3895317
8199681
3029457
4202823
7178459
6775187
575279
9277859
4000939
4376629
1130713
1931361
5036011
3106461
4760271
1668991
1792439
9025533
9548189
1399201
157362753
2664231
7548627
5717711
7542067
8011599
6279721
8241479
677129
3753951
7888449
7510149
795253
2436833
9640681
8525547
3884551
648783
5626993
2076391
5296851
1795577
530207
2713819
2734889
939393
9260051
2437361
1883523
4318519
2645717
7575393
645561
7775463
7792869
4547841
2269597
2309787
379511
5568651
4874367
7987769
8753029
2531041
133402683
130709443
182761669
7631249
8727431
2503061
1062797
2910551
5234273
4369647
8694273
5409399
180781
3793859
9172533
9314783
4183149
6101397
1286347
4801851
9550261
5511981
3673601
106769053
1213901
8823931
6616613
715297
5334121
561551
2766423
610077
1596987
7764343
2645227
2134241
8856711
185686671
607047
7083297
3084423
4420769
8410077
1533153
9457021
9925417
9131713
3068871
2866059
114429
2894611
7069701
1273093
9093711
1283787
1616347
408937
4407121
8043791
7965511
119695533
4445551
600201
7467083
3462991
8204449
2886093
5358009
1174943
2472391
9734857
8583793
152970113
123217
9521129
3937291
2783053
8163693
961621
6970757
1270839
75453997
5112003
241163
4877211
2514367
2178377
7975749
7507521
1212651
7765863
5962507
5483441
5947423
9898219
7201143
4142239
9407487
7828577
953139
5169227
7642159
9803741
9415129
9538367
195444323
6708939
5829787
3187063
2275479
4989173
8583719
9784169
7598589
168631391
4634553
8527949
4158629
670301
9595983
1102107
3038827
8407083
2145897
3517117
6712653
898123
8804541
6327377
4630219
130807
8567151
2500873
9840507
7803587
5177047
6498311
497581
2629123
8165609
8604479
2391543
8655963
4052267
5488783
7227069
1227931
715417
9142497
798891
5145779
909111
8553859
6179493
91433
8277019
2199937
3703971
647409
2419079
891407
665877
2203601
6248361
105288157
9570469
4727411
21973
3360117
2000623
9105369
197858757
46078907
8495459
81318459
750569
2466927
6098171
6476631
4519603
1368037
9076837
6916601
4232023
9044329
964751
9015847
9119197
1926089
1021303
8681111
120533
9934767
3580193
495027
1452331
2225597
1046593
8371697
421701
628041
43719
9186853
2265887
1184667
3640069
194906863
584419
2741649
2763981
2740889
7035959
607547
643643
78576397
2427743
9384147
8752407
9827947
8300171
3476383
5824863
4716989
7489529
8851321
8246799
3989929
6341613
17311199
9330263
4836639
1302381
3107701
7760699
5975179
4812507
9377839
3642141
9535481
628277
3345269
8186791
7157519
3692249
66199
3618677
3543039
8179777
7668941
4703803
5961943
418737
120112831
7480657
152063261
4470907
3628201
4686111
9837931
4719371
2862137
5107059
4308837
5495073
661221
9809319
9279417
5718171
2015277
69897
152303033
4875401
1144849
8936047
4789047
141633
4770023
1662897
8428651
136701
4410611
8490411
5545931
1108529
6723873
3786351
7869837
7080467
3862567
5650029
4603613
8775161
7774397
560657
5579423
8764993
1209543
7215821
7554893
1224591
5383619
870539
8485753
5453109
2290363
9811103
830047
5791537
6211767
4076527
5663273
3004233
7180397
5334279
319901
3262873
1229763
5727643
9962717
731517
3912151
7675643
4414413
3718533
140315159
3921619
6688101
107113697
1401293
3326781
6344373
2301969
1895183
7294191
6460203
2975959
2765151
2493547
7825713
1751873
1936821
4416711
6909581
7846447
6009691
8454513
1084219
9832111
7996657
8334401
2544563
9517189
2843301
4923443
4271641
7161429
6449799
5761853
545139
3937729
7539311
1604291
9240899
125433
8622843
8510443
706881
821977
9865863
5253891
9623499
2712041
9894523
4479801
3036809
4858209
4145469
9866083
1225549
2928409
4751651
5643403
4256667
3542277
9005759
4511573
2853517
59462343
6551641
6005767
3872511
2710757
7499709
6976201
9847279
8865441
8163741
9503843
128127283
6948311
6679381
8888219
6815619
7579773
333587
7222137
7826813
4368887
4368833
7556799
2100543
9049517
159863
5708349
6509641
4182383
2068341
8729427
6866313
6083773
9668717
9100937
97557567
833709
8683497
4422627
4001003
6774211
2235169
8638917
6185299
166383969
4762113
143866111
6030257
900323
3523319
5303293
5174339
4143737
1588133
7003197
9517967
7321589
7603417
47695067
851597
9866143
1551557
6281619
1912637
9140141
278469
3703933
3761191
8873133
4113361
9773421
540773
12733839
8454239
3218473
8395339
2039553
1322271
6812527
2109531
1659769
2318449
7982511
3200601
4527277
3189099
9964957
4882741
7195819
6153889
1182089
8127109
4382227
3983949
8955923
3999483
5351403
2594637
15699017
4330597
3657743
5423807
9346291
6979331
73578639
8375293
7523669
6988073
6241719
3784087
7322563
1710691
1014507
3323011
5708443
4052833
6338437
5795559
9380863
2744773
9506727
514023
9880881
7972323
5316609
4052799
2119009
33088899
7624721
411963
6371819
6946817
7435747
6386271
7407921
1731537
1193893
5277187
9252721
36907
6324557
9844007
598883
3110611
9485291
3987877
119645291
5262227
8115991
7516349
252383
2221603
4818541
8181427
5020607
7477433
9037247
5211267
6353947
7299319
4897867
8376329
3660231
255771
4330337
8208873
5224081
5276829
8342727
2045213
1824941
7638871
9415779
2411253
4695093
3102329
131249759
7826379
5691843
1456319
132419
2865397
55988703
5348521
8185831
4514053
9357179
6915453
8917541
1636319
8497901
8236853
5150399
4123489
9558551
3121539
7568609
9724587
6070317
5838149
6026047
244619
3011791
1237683
179722669
9834731
3713803
4606431
4105931
5927777
178530957
7293569
149104701
316299
141779
9063409
7409137
6375889
6333741
107433
9080741
5353427
776811
7110221
950823
4256683
9988609
7957401
3296881
5971007
6269079
4398959
8654991
3706129
5079839
8619643
6820529
6257691
6343423
2272817
1200931
9347791
3330677
1892021
5614787
6316527
9532903
