9755029
7687951
3920013
830683
7114849
1946573
4907473
118181073
3580937
4181919
3156003
4659491
3828469
9103349
3667643
9590701
3777233
1812141
9510127
871043
7847809
3751719
3843923
2565569
6929233
9892533
5534999
3947917
15291801
1294321
3018667
813509
2316093
3726989
8705031
4685623
196267913
5572219
7805671
4585361
9138349
413099
6907773
3904481
3511069
1559209
5998641
30357729
3323093
9317877
1524509
7744841
8752099
4815723
5817787
3591491
3182093
8729211
8591527
4709003
931003
77781477
9661961
7494741
4981673
4066349
832771
9279369
9990941
5796977
2455487
6179283
6876939
2157959
2327207
8302857
860411
9113583
7081497
3269283
8090363
2123797
775607
6825049
1227781
189283531
10333671
7533317
8110781
1498571
2000537
133523381
5782773
8251443
5573441
1842399
9927933
1850951
1581107
4516211
71139
8562689
2734949
9785221
4738951
4689513
6135581
6559157
9496987
1689413
9918363
3597439
6274751
2159577
7920353
4184661
5007441
7858891
1867999
7081757
7793271
8715013
2049467
9639639
8232339
5599437
776299
199661
6099789
2725887
1680757
7532459
3195523
8973829
4084953
6995657
4728501
1097237
7932681
641601
2082109
8424089
6433813
5877959
7132081
9063691
3991813
6104469
3379841
3857153
6947237
5367377
7280997
37849237
8478219
1702943
9636279
9903621
6131247
2322493
7827189
821547
6017947
8650193
7902653
5178337
5269269
7815969
8341249
621739
5942127
7883413
9736653
7108583
421333
2049693
5628247
8928301
7287379
3218991
175768941
8666419
2886923
2621647
4237059
101196071
3141877
6895263
751589
4439517
7793753
6684421
1459361
2543231
6594507
7511839
1836793
8666917
2092499
3971607
3654199
475397
2499639
6263369
5149391
6318033
7964163
6515417
4383807
4493499
7449029
8324863
4043259
5332149
6880011
2111667
3685301
4271119
2931487
5874393
9283503
9034479
5116753
3110799
1368749
3388701
4754461
1036117
7463357
9209527
8300819
7039403
12223
2316427
2523249
132456387
166451773
7114583
7320351
713099
2465257
6200919
7090789
181350869
6146863
3073429
3046591
2020193
3688463
4973027
9138159
6463157
1769687
7614777
8916121
960623
1562491
397689
9908839
1889581
3111699
2112399
4383753
7473433
882937
5016411
3768231
1297139
9411237
7647823
1512753
1251717
5836799
6709127
4621517
9140627
6515931
2554847
3709989
5586551
2550513
6465141
9697937
5032991
1629107
1053533
1703229
7673111
2554299
1442207
3365401
3093117
7225127
1414039
240397
1595471
1266871
5712677
4509741
910349
7422923
4265963
6502977
3452693
9958349
2083109
5948903
4282921
3021409
142602927
9691897
2171357
6668769
3567773
2837023
5604789
2496253
6879009
7840961
3239547
1490577
9074231
764619
7405757
2680229
703169
1388043
2134523
2435989
7724761
102527197
6923527
3892083
8326397
1666847
1278681
6833273
7849521
8959473
8663683
330869
353101
5927683
4659389
1796393
9084399
5683347
5675869
7949163
96427461
4846233
7027981
3827123
7027947
7881707
2563271
8198273
8729067
6639083
88608179
2580137
6523837
3857021
3752763
5048547
5694953
5931143
2924577
3633539
755461
660841
8660841
8500217
5316507
5049967
1156359
9422301
51990333
7880593
1495807
3240903
2423999
5913481
5204967
522577
5085697
1442377
120405579
5329401
2705077
4129937
1981793
3654273
8259843
3367017
9232983
1744381
1129207
5595509
3583341
2745751
165486183
820549
3381611
4292393
2574069
8048913
1459337
9545111
6611351
9674847
4063963
2469411
1355751
7028357
3692903
174851331
5064019
7504293
7125431
2344513
2495547
4151517
189072369
9884203
2890623
5342193
159461
7356139
5111137
6960753
4032471
3386373
5099517
2045621
3986569
95133769
2291287
7081073
5289847
8415201
9804027
2663969
3385597
17433
209687
8679409
1709567
5169813
5074911
6854743
7068339
8637191
1593577
1430009
5839909
6512419
1296067
22961099
2492903
8852993
1725997
38512731
1183933
7015993
2806693
2436431
617333
4124663
1233273
3432119
4103389
9294171
123048541
3398311
3790071
1667033
574121
2539297
1264899
901437
3120811
3617907
8771823
46959
8288421
3740613
8055403
2412311
8829691
1870139
112021
4010847
2111409
4899707
115163
9482447
4095939
87016957
3518941
5859203
15897983
43009569
2940723
9800843
5050389
6573713
7036659
9857907
1457703
8059957
5073423
6662123
2087543
7321437
441201
8106651
604323
6450471
4905819
3165777
2018661
9663381
5529823
3163113
7919209
3171051
7616703
2935951
1432111
8267929
8582871
7360209
404547
9460849
9821323
2842349
2818229
7043359
2972541
6376343
7100053
162039917
4309017
9481053
383619
3045477
1612079
9831887
4266099
63018121
8517319
4069049
8928879
158791
2168259
103229781
6479039
7036489
3137897
35649
8187103
3430577
5129957
170327341
2693559
2061289
3897701
191496479
5786073
9140947
5447213
1005783
6755469
389513
1220867
1798843
7454793
5054989
1239303
1610697
67423
7936347
4094421
8734957
7279677
7534721
8598041
3416293
9438737
4532011
2379523
9052749
6545199
7675549
9746401
2470131
5653453
1599517
9252303
3323061
2037371
3658011
3254353
3747059
6706301
100669369
9201621
7303217
1105647
5860749
9930717
4721601
3666729
5606341
3704759
1882293
9331359
5308997
1997833
6751137
2595481
2134909
803677
3388283
9071201
7260873
553883
5109901
7195361
6681177
7822791
6012811
8759641
7722367
6826509
4093563
149987583
1172109
3130327
7958017
5779859
5060379
2862099
4582937
496229
6775591
4089513
7566903
320457
2924933
8301167
1709707
4672509
931989
2907503
2110381
8686219
6058929
4549163
8121197
3215599
9607927
9302187
8062649
9091003
49797
5462791
4221623
6626999
9200229
907361
3004081
4116127
494273
1655111
8660081
6889083
1167707
3985483
2586093
7766503
627627
5452563
5516233
331959
3443797
1366193
531187
5420113
7893817
2421157
7979519
8327851
4396811
5094569
2167731
7808687
3430271
1244261
4193233
5625761
9770443
6940777
2804267
1723929
154151
9635381
3742619
5428853
116055661
627923
5484177
8843689
2760527
538903
7052457
7146529
2969027
8010119
7128851
7647547
4585033
4259003
8778363
6803671
2576649
4077451
1242581
135565713
7388389
7362811
2039547
4883437
5547871
6571691
2048297
2756413
5796601
1433707
4282131
2439099
2497471
623029
1384361
151238359
3293241
4018387
8007119
1053101
1567159
7859169
6802263
2913349
5083791
7651721
5790823
3651403
6156821
1155461
1992303
7576579
9402437
9952259
9222433
2074567
5499863
5906383
9404169
6305257
158355037
7485709
115274447
6244807
6756127
2564249
6291997
1087509
7231139
242729
7868023
9930379
9808363
1441219
2613297
7552171
7108003
129556669
1215921
3306813
8965643
4572763
7298581
6875667
