6260519
3616707
3009597
1110541
9694127
2667937
7956789
2750317
134164811
6963033
9402949
33153991
8062819
4370131
8187629
6451207
551767
9143851
8319183
2719569
7547117
2851029
7831011
2478259
2088179
5234687
7959399
7438051
7910231
43105313
4569057
1883843
5587647
5019793
143055781
225369
4271791
137588521
3101267
163971
493517
650461
3736261
538687
3782511
105187701
8279267
720747
4358147
8074609
5995409
2584953
5203017
71491
7033359
1364191
8684241
26270111
5083171
6150763
2239727
7839591
8546361
8281011
4614841
500319
9786863
5788617
5204341
49595039
9260179
7645617
464167
5218923
1042383
1791329
8357627
166799
6701107
2593261
2733603
1954749
991799
8394009
591107
7588559
4804093
8723921
662783
1779829
9044177
4734089
6749417
4483513
7894681
8019891
197989331
9938753
1726549
7487253
438629
502941
8428761
9663617
8487927
8861999
4079939
31345833
7579949
6225003
6234899
5579143
7046031
2498003
97093
2949581
4683659
6339769
2933897
3732041
7993309
9563181
2857361
8677099
4535789
3981179
7838939
5489903
9333469
8254029
5395059
6844929
761611
4064919
8943943
5547103
391101
457787
157019
4846803
8419737
5349601
7591673
7505251
2085257
36181
2492749
1734277
1469031
7857527
9432001
7810233
9309419
9396239
54133
5609799
4222313
8608623
2665993
2180179
9889551
678577
6150107
8818669
3908171
9009143
3864949
1865877
7372193
2269991
2050873
7986283
3219083
8115293
615837
7741757
4917141
1231801
365649
220923
9063203
6553969
9302243
8143413
6688109
1715551
4034651
5018139
3756849
3990419
2976243
592199
4621771
6285069
4756347
184927407
2442313
7356541
5754691
6530857
6651519
2240907
6226751
515859
3546581
164757927
4714843
7085827
2608041
8381919
7261031
2147213
777851
7951571
1048993
4249823
801333
8955843
8967023
2671391
826571
5652591
6319189
254209
3720399
327061
7229043
7128901
5097427
3609587
3053873
9434481
2460841
8423739
899199
671867
7794611
6831323
8838161
4850969
3021137
8046499
1036811
363133
135565353
7803037
7927589
5685699
8020261
9346633
4992113
1870339
8274991
4632961
1488347
5221213
6823509
6086219
7026099
5177883
5144281
5754591
7367619
9826947
9181817
7434533
5617471
2533683
3756567
2459179
8373153
7508949
481041
3865169
67507
6751073
5750263
9738331
8871189
6667399
19757
2050497
8116707
2855841
2655723
5918203
1368629
2850229
6520329
1996749
1687873
1997291
72919509
5081233
1424341
6608887
7482009
8211031
2940567
2142349
836073
2317879
7613581
3069449
6584929
5189433
5790433
4169971
165387429
9695323
631837
8344621
7278603
4441019
4702791
5452923
7103317
5059043
8125543
9051689
5164583
3066947
3503109
5118597
1217533
3521389
1131661
3337353
1961033
8667707
942377
4330379
7660497
7809373
6794081
2462071
1610457
91943997
1414813
6665669
1958047
7083213
1472023
3766029
5842659
2467503
546483
3039147
6140601
1969077
4008729
7514441
1325473
7619419
4743633
379277
4802579
7295857
8833633
2038927
9123629
1220979
9253931
3894991
2221027
9793961
6403327
3087113
2887413
1632627
158004539
6417961
416119
1737213
2618737
5572683
5119003
9879477
4451039
448317
1139537
8473779
4921131
1856703
9640041
1436403
5551111
1680549
3407919
802689
5436413
9121537
8296021
7181649
5870781
2786861
7447387
5345301
654451
3648473
6217707
5335183
6633711
2952469
3677677
5093859
1193303
5216717
3809813
9687549
2477609
8129619
1389333
2306273
104437039
7802139
3775883
465143
2728389
1008531
626881
2502419
7481511
2571957
9877649
8233841
1850079
3771307
83129
2942667
7824521
2413273
7833747
3570827
2414689
5929057
3191311
7197487
4090143
6568041
4799443
5989897
583081
6225237
9139017
142982003
9140609
5435379
3042403
537823
5812397
3206519
9847229
9742713
4272957
7674919
7207279
4317319
6974329
2200223
3444709
897497
6917931
7884491
3479947
5951111
3457229
5415971
2924923
9502047
8230323
5906311
8741243
3088013
8868513
8577537
5515781
1031649
8631111
152237311
1218187
8891267
5804051
2416979
5129491
7167653
8073671
8895041
4693851
3158577
3298769
9175189
18444653
9477741
5766403
912811
7992617
5540997
22575793
4691001
4640063
6730687
9970453
4629533
3219417
7880957
40833
7372247
9747989
6686949
9912413
6118843
9784631
5574733
87698897
2290159
811069
9511169
3738379
74791
21597453
305169
25927
2166781
833219
1528359
9180241
2768869
2688753
9195083
6242761
4716251
9412811
5148391
2529633
8526019
910077
4975299
5715033
989653
7725373
91101151
8017323
2088127
2508747
1236943
2423831
2953413
3678037
8814557
5513593
5186849
4293657
7619313
8878631
3969967
8814837
5978527
3859867
3701677
9909211
3530771
790737
4125283
1946559
4523529
238977
5331503
136513979
7255109
8136381
2774739
2459771
3980393
3407553
3152203
8519859
5768467
8610277
1791881
2640157
8208519
5450911
873251
9733317
3977603
1571133
6571379
1508963
4486399
223297
4842791
7768161
5137201
7876357
115322029
1291463
7810057
588081
222871
2410989
6575797
5854349
6728929
7967023
6336071
1221953
4902873
4990531
5246973
1714739
5981691
5556297
6772873
2212553
1700091
5631219
8433323
1731211
8234107
5939927
2730969
8605119
6307739
2277387
8812917
2398793
9140983
1652793
8705909
5923103
3592217
116317
4497123
4247307
6634641
419421
9945867
1478331
286023
6674659
7197937
2035777
9161481
13496633
3052111
3639619
621713
2560369
8903069
8121447
9174597
6423973
338829
5174401
5540609
96397959
7239531
3487557
4786973
9703933
4848823
7920253
5463493
6724041
6405081
1456417
7990791
1937277
5059079
9396599
267177
9158857
1091711
2747631
9926197
297279
4413217
2843151
9612367
95223
169864877
2968999
9456143
1013229
5841467
9501371
2283603
8464571
7367407
5601441
632181
1335793
7992939
9892891
9063993
1284899
5055131
8606341
5684551
4525201
5402939
8507683
5624247
6907037
5437251
6467037
127679597
88971413
3059067
4409887
7514153
951137
4339861
6911921
6091159
3627743
2451219
8194477
3260727
4545609
1771477
303197
8022717
3620409
8973827
3987911
83684667
4790193
3406199
9502129
9566017
6936359
9600091
3357323
5691459
6513027
3250371
3606869
1453061
7015667
1383389
353497
9693553
9171647
6241811
6458559
9258359
3770477
554813
9338127
5165959
7197051
6861229
1313821
3392389
1247291
112519
5623301
7164709
1328171
4135399
2263931
3300487
6786243
7775463
8384703
918687
110345447
7407037
8553893
5503127
9175497
7016631
8550271
6459759
5901463
153259069
3762463
1665639
5806161
75781
1482103
189051523
97883
5150047
7784929
1352327
4019711
8488257
