4436539
7148643
6018669
3170721
1156953
7139579
1922953
7295971
7745117
7491917
9003209
4786453
7839091
8390101
6830153
8413851
8030537
8916929
61777
8214081
1351251
4333241
4809233
684203
1602071
3590463
74737947
4265489
7365739
8243647
3358021
4572143
8983467
3681137
2202173
2087813
7466157
1561361
8678291
1899611
189288259
1469333
368901
62233
6248629
4575881
8207641
2447959
3551111
3486489
9978279
2363301
8762391
1087717
5281721
5198111
8295623
65779
6949089
9846777
8608737
5132041
1723411
23280989
3061087
4242063
5741847
7127849
311149
3888287
1343807
7824717
2156947
7533919
4151329
2237079
1427017
4570317
1492123
728557
7897619
1247231
3578413
2876727
921801
7067253
3303741
1362919
4884073
8291751
6348851
9683281
8604461
5555509
8618507
6102097
3668957
441529
8289889
3907141
2751403
5239801
4358503
23505947
5180699
4304171
3384179
141143273
9884299
4025129
116348671
569319
9215237
8257313
3999327
672771
1911367
6449159
1032011
7948751
4191027
5942253
2010661
6745281
5678307
7442087
8269067
6565459
1144649
506921
1162773
5092299
7300403
3608141
6598249
5326339
657507
2531969
7374077
156723
2981213
2705721
6437319
3185059
7439483
1403227
9881871
8953861
764997
921397
9265349
6787927
8171269
1320103
9440181
9305149
4956489
7504941
7165197
2207593
8589909
4624749
1454513
3205531
6126641
6646349
1482401
217947
142409981
2901919
5336759
5237269
4984017
1574477
4411999
9809051
7743219
850621
8050599
918273
9336657
6999723
5949567
3094793
7950641
2587243
824649
1714499
5853963
118597
6453299
4556851
9244151
205853
6383287
131790407
3946439
4414527
55587077
26894313
7585619
189433
8115321
9098897
3131017
4777633
6763141
1066693
1731321
4360293
5113007
2285849
7987549
1504103
1150701
6169997
7936447
6933781
2661101
2689443
3601759
1450709
2026769
3231127
190236043
5244097
8893797
4752451
1813167
6221369
4463073
1305849
6179421
896531
7058747
2145339
3598219
5038851
119565413
9769191
9326253
4333667
6054899
4381071
685693
9856113
9225357
1126377
3150149
7151371
7732681
3425007
6046509
9065043
4097737
6096969
7659389
5548613
285449
9461649
6290551
4978819
8646887
9134603
173227151
7538019
2920993
6555079
55603401
8148659
6178853
8338029
9287691
2242149
6304107
6319611
9564107
7235111
4531663
1042967
4457323
739517
5408573
103311
7710979
932461
1718937
1773837
6828177
197214693
3693259
4637321
5962333
4892841
8877387
4132601
2022613
6362239
1670361
8539499
3189239
816433
2396567
194341
3471293
9587889
5039939
5232899
2384027
9913731
222329
7746611
4625839
4258767
6041677
8769481
2001151
2601333
9993847
1374261
5018273
5695697
1589627
1487743
2932507
7309429
718879
623783
655561
5486413
3728717
493043
4125543
3903951
7258561
4447581
4469303
1461229
1031029
8830067
1060253
5364993
40018881
7783301
9314253
4455149
8774649
7659939
8518357
3827111
7851029
3115697
3562153
7774823
3800593
6841363
3997541
8493271
3020931
8346957
2820073
1683797
9426773
1615023
7973787
3438137
1091259
6743537
6600979
3797481
640777
7690933
7876067
2828471
6896023
246931
930777
8124781
558027
9961593
6916993
87096883
6488671
7560461
8568001
2025407
6245027
620249
3143749
8420649
9650769
8770907
9610523
4769209
7670729
951807
591293
6357507
988989
8643173
157067
547067
7041193
4932447
8055419
6857281
5233979
8902661
147643723
789197
8156413
2990371
19537959
9111241
4811809
7062403
5023569
8767303
7021959
9519067
1837939
4008573
3893473
6646229
4794499
8275287
7063431
244719
6815193
7549577
7331731
1141367
3071941
9162011
54274011
2853633
5227629
6197611
5417679
2738157
9178729
6477471
2623133
4179573
8040663
8137183
256257
184628343
9418071
3956909
5876763
2774251
4083131
6503411
4080781
4396329
1038879
1081371
6921061
6145903
6195487
686421
6022457
8658923
5470489
4294947
3971019
3580289
7239159
3356147
1687863
2778893
2574987
7053491
3820841
1762181
502539
6103907
9184007
4728757
6750161
3240069
59203
7438479
7493067
8661933
1412941
8408141
6586439
4346911
4764439
5598239
4191507
6526569
5387513
9917839
2827481
3009803
9692003
2253323
264391
5769671
8423759
1199727
8693683
6599823
8470157
5438483
442599
8839109
3364093
7228287
8613953
6953741
4182121
1048841
1306629
7620229
139529
3087931
2617059
941947
8041437
7677469
4182079
3119141
2101903
4245509
8377893
3460413
1017753
3712729
8001711
56551597
5337701
3992347
6911139
2340327
6275899
107119833
7177237
4563023
7710483
7881767
5319471
2646787
6977791
3460717
1308863
324197
8303179
6275781
7206673
6838677
197969067
7520239
8467163
7356843
7697681
1932517
9103513
3730887
3165661
1644551
9392969
4192163
9901601
4670189
8456213
522519
6916839
5210407
3778303
9466349
5618057
4150983
281013
7669649
6532229
5352213
5398163
6767029
9181163
3968051
9048761
2357831
1577011
1865979
5323741
44808563
3444003
3140199
2686049
6292563
3550221
54123
5251983
2459839
8344259
9821449
2422557
5098159
363859
8761461
1898971
2777093
5353291
2814473
3606127
1019697
5788669
6183229
1064421
2785069
2957787
8878743
4930861
149317
4477629
9194163
9229023
6761867
6081529
2679323
6155413
3970659
9346363
2720951
3114447
223363
9494029
9385269
1969083
8313321
5417117
852219
9169323
5409121
9371063
1796341
2857559
1527473
6043797
1080499
6903
8742067
22203193
5339583
6040297
84199047
3832337
2036399
5419647
2322087
5476139
8376441
4841319
4054351
4867139
7774607
5711193
9362679
8798651
1326973
4207511
5711517
7813539
45603833
6325553
5228967
8790499
2131147
3063803
8592451
4094173
9925431
3753037
9098403
3519431
1624291
1630733
8132971
7213653
5869969
8446553
1799727
6289953
9087347
2451801
4930189
1884597
9041627
7902253
6879617
9310363
1374349
1647631
8453151
9595229
164490551
2162827
5938647
6659479
8461411
5147963
4868247
7108363
1544211
3059409
4395377
5080033
938469
6104741
2807003
140699539
1556423
5681763
8651087
783237
3357917
9227463
2741109
262439
9454427
8083213
9420159
9263049
9684809
2694301
8629553
4201947
744521
6309053
9728109
9816797
2758887
1458697
815381
216547
8750361
9041859
5323251
3412637
1061057
116589341
6522881
946447
1910421
6771711
3322247
9877273
7001971
7149357
876653
3668793
9282183
7584729
7386179
4990413
1453767
4534471
6948359
3767297
2803401
6244289
1858657
9002101
3453973
3955359
2673861
869751
7273001
6974347
2897437
5299549
742153
60987203
6353301
9111539
4199937
31216259
9761991
104266743
7981849
4650807
8516547
142801
63834321
