599799
4203309
4820451
4727039
8962799
8941383
3112647
5083637
1546609
2491853
1588379
5359989
1079167
5952069
4337697
9531427
9784561
1636181
8324037
3383141
6577433
9517057
4470851
1723997
6862003
6185183
6895599
2630467
5501789
6838327
580139
9112181
2125903
3057611
1341481
8953019
7932751
72633
647207
2067989
7584613
2267971
5521903
6055133
299447
9207643
8700437
7746887
77689587
6348997
3967741
1874797
6426653
2030973
5300683
3580197
7725397
865901
4415959
1977203
5545543
9452493
9448569
1533127
7635699
2696307
1085293
7465151
2767153
1302219
2004821
3035607
6550223
5160087
168517
3939701
8217969
4337231
3492731
1458829
5511031
790981
6980897
8130841
5003191
7789537
76539
89472243
6371947
222667
742153
2716601
256427
1356523
9955923
1458999
7269269
142360427
8350733
9303821
2232553
6795093
3070839
927099
8774691
2888801
6248807
7507823
1574979
6363517
2089079
2069489
1561827
3324139
8326843
4963437
120586081
8237463
1946457
4685947
7365457
9377011
564951
9215127
5486969
4310709
5258203
2449523
2539199
10740191
5131587
9769131
3262483
9643457
115461381
4205511
5919829
2942077
5843391
312453
5905539
1414137
5938537
6431643
1027207
9613039
8100501
2488173
1706973
2031413
9261573
9189743
3456501
5932051
9563127
7509709
3668283
9351093
7836383
82916911
5461469
1240849
1995503
1167389
2957921
2898161
5285281
7918797
748457
1399461
1065101
4233467
1131723
6645473
37971147
1604639
2572961
1537907
9202401
6727861
4822189
1782851
5355733
99057973
3598377
5433031
8760739
2484587
4492061
6267803
4821451
7858777
5515517
3955769
3543599
5774663
906627
9517437
8355977
8666383
9277531
2150767
4939247
105727033
8561939
3104037
160908999
5055763
6754683
196372713
193401
1908641
7332331
7107119
6448703
8036637
8355277
9667839
3544161
9969397
4601801
9394679
1055877
862539
5777409
132860839
2883761
4639767
2635557
9719901
7790729
4933583
6270383
3846287
6936131
7709063
4240473
4099661
9632297
4774549
5142837
4545957
4298647
3215767
1252541
1142533
4271783
7133897
16616121
8525151
8428319
7491967
5989033
4149969
1946773
8583453
7219663
2324427
5004579
9189413
7254953
2285897
1952471
7988981
3914837
6816107
8089211
753599
6621371
4450257
1652531
1080873
3618013
1027437
4164733
4268079
7470457
7799237
1240133
1907467
9855817
727187
3444733
6099299
3895733
2442293
5892509
7020451
865271
3830339
973797
1455933
9623711
9277347
3981791
39167259
3949651
8778963
9960611
2255649
2504133
4816293
823499
4450967
7067877
8246481
4633649
4780509
3371621
5435163
5190931
6131891
1051339
3040831
1008371
7486343
4354249
6070739
8903653
4328369
2746659
8333281
1153967
4959589
1537631
9093739
2097751
6147741
5552601
471961
1605251
627531
6453777
1582529
331649
6586703
6488839
69414137
5140099
7174563
4765703
9078881
6282669
2547297
9769663
1177997
64373997
55979813
8759439
8782251
5617043
3418319
7054877
4396531
3131519
3834919
4343759
9831023
4301729
6514973
7145387
7515659
5120119
614013
6000461
2224973
9505039
3132333
5226409
6901557
88422401
107741
691911
9123507
8454761
7108697
9494639
7931191
7625997
6869
5068951
9367887
8911359
1758713
6852093
9965327
1417247
7648397
9748937
1604757
1187503
2798167
9946787
7499351
8620307
7933487
6515829
213767
7749923
3460517
9345823
2115443
5610131
8525197
9099283
6395569
6632399
8120669
7492487
7636863
7275483
7481709
1209717
1814857
102691
300979
7406489
59453
8948483
3333631
4816423
128074679
8470867
2750837
1218189
5689273
6842669
2396619
243103
5970989
1375873
3481403
9894211
9681683
3576163
8800313
5199673
2384719
8395531
5956833
3165791
4525333
511901
3815411
7123087
7228029
4520091
1155091
1522579
49180211
7823809
923087
7315357
8171943
5252267
6288843
9872193
4996559
7132447
2459227
6486423
4846437
6948583
9042423
6069401
7672057
1983643
1249633
5389819
1856109
3343683
5580919
7903651
3325227
3969179
7568363
5382701
8071121
6703487
3721313
5013843
8953331
8653623
7799201
1313881
7368089
9274143
1295703
5333561
6765097
486627
5968987
6843319
4871771
2880963
63463391
2059023
5379261
2304607
9127947
9654879
6085509
86908929
3275277
6482021
6816769
5274569
730209
9356037
8726257
4831631
1734173
1211229
9569191
5271319
3526423
9086311
2043767
2405043
7524107
9166003
48297
7490081
4458961
1259223
5350161
9329851
1337033
1896231
6005121
8788301
8182071
5280077
8575387
7501189
7112063
9148401
7926619
9505431
315097
9494783
5900351
5545953
3237993
9973089
8733147
1462171
3715989
6433309
5810241
2646827
8132233
9410661
3801037
3374749
7445549
2526967
6055459
1238123
2910177
5304787
5407113
1270777
1529011
3039523
8759693
9646679
5842999
8516953
2392617
5126659
7542349
9025321
3943277
95149243
7600111
3773021
9880259
8051061
6844019
2600061
5395207
1045997
3956527
9922439
7986119
597481
5232961
2713973
7091897
8012011
6519711
3733037
3514609
6055097
2630357
6918657
6127033
176945251
5416257
9297903
6286657
9415359
141552657
3559363
605829
1951329
2882371
4283501
7736457
8749433
848281
7239379
3449421
6670073
169980397
3323721
6974879
1029693
5182319
125666341
319323
50966939
168174561
7357509
3752757
9166409
2520781
7755273
4456549
5380711
5064617
8639107
7776119
3077443
656173
1950509
1718637
8199059
4094803
6955647
3555801
4877667
3856671
1062053
6035077
2533209
6117989
5548881
6169559
1696537
85634697
2169603
6800587
5050051
4389473
1205119
3144787
9444371
769099
3864461
1685983
178711583
598943
2166527
1341701
9463641
5810169
1542263
6778097
7682973
8618467
4212889
82138217
871771
7562969
8653851
4544003
7672541
8824857
56599
8920411
5058283
2941851
52797721
1347231
6275521
8873587
1880037
146360381
3630413
680021
1304261
5287001
9058301
8460061
1564787
8358963
6004087
2642777
5480761
6580987
5048817
452301
8735297
87983359
281139
5720883
1185079
7256897
3235353
3847179
9829169
4500849
9278441
6960509
378121
9849631
2431263
238913
490037
3590541
9362633
3653413
402639
585201
6518389
1552807
6092873
7906311
7282033
8427117
3065531
1852177
5072611
107241
1295733
5472537
6952797
9560131
2786257
2395851
9526053
4549467
7961021
18841
5212491
8512199
8322343
7682957
1120829
8850377
6413697
2099861
9704893
3472541
163240971
1246559
3624183
6949551
5067619
3684801
9019279
1329313
7940099
8179177
186296077
9108233
1411081
2419511
8540161
5846509
9186653
3959073
5899703
3742233
1759411
1724087
5556019
477287
563643
6838889
6827169
1087183
669101
3136831
9162537
5576949
6479103
2356239
4658341
2853639
5260903
5051309
2213469
9140101
6016157
3274327
4283493
5067849
