5147647
9239361
7934427
6126033
8690847
8826473
2259903
4236853
5266937
2911859
5987151
6357501
6390003
4034961
476427
148554531
7059879
1573239
997727
6665381
5424479
4968847
6484889
8345241
6817511
8709069
4052003
7807693
9262691
58973
2649839
4689687
9401049
4311181
3109629
6121807
3951241
142724471
6925193
7667733
5092477
7725527
7527709
4469739
3619051
6554803
4319381
8350657
3389599
9053131
3424273
8481401
2304971
1318041
3428449
4689769
9020007
772253
1029151
679157
4298507
5623579
190316439
6818589
73331377
8712043
4836871
4377951
9193699
2255381
1406479
7169999
22994349
42007
2455997
4384617
6082983
6678897
5054837
7696781
6503773
9914493
6847639
2579379
2109791
2822917
4233239
652203
7489847
8200181
8308383
2551601
6734753
3247693
2313673
6730769
1941599
2550609
6426027
9582091
7371029
2024831
2244497
5056569
9348901
1215017
7680711
9177663
5597383
3084547
1210233
7257369
4799113
2258527
521701
1560223
706733
8990443
7656799
1395149
510617
9977173
7432207
5901231
5986111
4347659
27819189
4491037
7145539
9905999
8404021
422833
6323351
2129891
8596923
4132279
9688453
8735361
9772903
5591057
2962973
2714737
5665837
20999127
1228743
8234671
7106239
660987
853229
6354707
9902699
4191413
9548299
2292399
2742343
2942321
7454281
2402033
5068357
2857269
6659711
7466507
8036133
2056973
3288309
2948241
9132789
9633147
6566499
8864137
3866147
153142363
6284239
739261
3618757
836079
2237807
38967
5238193
3569901
5516067
2110783
6426561
7423001
1849369
5318123
3707467
1063131
6625769
4642759
1249611
8438853
3777351
7941559
190567813
1388467
551587
2321819
1244653
8971791
6572339
8442969
8010707
3767661
5514367
122495241
7927461
9081759
5462109
990223
8472853
9013873
5042031
751999
1086363
8659511
901907
7921693
3441533
4816891
9563663
6723751
6107829
9569989
1541563
452607
9275699
1546957
242939
7022009
9187693
6459413
9823611
95601131
1578367
2425587
7012231
819267
1721841
164109
3703011
7913381
3382951
6626079
8846287
176984337
4808649
259107
8681737
1642141
125490871
3429347
4606083
4992989
3644483
5248969
7014469
3782229
4001461
1048939
2733327
9491697
9056927
3019711
5189941
8410631
3393991
55922691
4293773
3566947
7348601
8373669
1088889
3525127
165794447
4595303
5674677
7313471
4906351
4266757
6237191
157777
5452489
1734939
1289049
2036281
7375563
5045503
9571983
1185567
3317577
4230473
5199467
5009951
2457111
7456293
8838911
4309439
203649
7004921
936189
39068521
6542693
9576519
4207783
6871933
905927
304251
9787309
8445913
3244893
4928201
7385471
6423211
30830071
2847529
1132591
144507
1886687
4098147
4361743
4436807
3561623
14746767
3047073
2460447
7424409
509383
7808623
6166333
7026811
8396373
28581
3783599
3067653
53922523
1798731
732051
8389353
2569111
5728629
8812061
7731017
4122527
2107927
6963813
4272711
6228309
230193
145921247
188043113
2799293
7993219
7822951
4305873
5044811
7147893
3590299
174893
7256121
639971
7165883
7067637
1998797
9351781
8006437
7347509
1212883
4526331
3547663
5770617
4769833
9270239
3758093
6112361
5342633
7803211
6091281
1268353
6520601
4717627
8640031
1140423
4018933
7369673
3442817
7504607
7237191
8178159
5034427
9110409
2808081
1259851
8308767
2357287
5566981
7795951
4288189
9650159
2152493
2916337
2440229
6403427
2152709
3495891
5271597
3305859
6439633
9596997
7196249
4973053
9340789
6984071
2614379
8507683
8864883
9174387
3856659
1412319
2549069
6945451
6907207
7259909
592547
3764557
4609759
2057579
6391513
7861403
4270969
5688029
1407711
6430311
5861801
168501711
88473
37215567
8258453
1295063
531609
6363113
4872183
2449239
1446221
4124929
8614079
2222789
682361
8385013
5777717
6473441
200231
8786273
4668139
95554551
7092417
1827453
1996201
5087501
5030747
1608659
4559509
1491531
3015881
1569317
1118351
4877471
5471753
4463617
4914301
159690587
5015603
2818563
5497297
790819
8553847
4888693
8936093
2311481
4751539
7503979
907723
266939
8184027
7507991
1521979
7895701
5565423
6731821
7025503
6280259
3204877
5982623
450057
1656889
2577519
1851979
156026113
573103
6124567
476279
2826593
4810447
5981429
5348741
9709811
180166203
5139383
4119939
6918871
2766591
7060381
179485073
1369827
5930983
87143
4874579
1076697
9223471
4656641
1862597
2747493
9969401
4716299
3464493
7824611
4717393
5191741
32573
7915231
2625239
2403793
3018307
1962551
9083379
6560771
7551933
2035617
2744067
3798349
729159
7748529
2669663
7457883
160093
1255347
9151267
5592209
6392483
492913
4911307
5400427
9317703
4535839
7059257
4927817
6181381
5845411
8506893
5836499
5962421
1120731
6704191
8684857
6342133
2263967
117925797
7591213
5201207
4137081
6525657
5813057
8365457
6411613
2799569
7862573
4475523
2751149
3501303
2298749
7805277
1884983
303341
3438283
5934677
1822761
2185061
7638129
5278067
569741
8167971
9651843
8260511
9959969
4294799
287907
8323867
9314207
9106277
1592189
7427351
154187
2237737
1640469
77869883
9402763
2141503
6418731
4304291
7772077
2141523
315213
1644873
199009217
3264471
5687981
2738049
8162669
525661
5097669
2153701
260143
4518857
3010717
1010119
3952707
3466459
8293467
7882827
2763457
4990947
1381653
5909477
6806097
9578459
7447739
5126801
5387567
7449599
5078673
3528597
8818519
7256953
6826483
564781
4595253
4429221
8469289
1237491
899231
2455067
7082731
9573133
5491831
7002827
6196993
9866963
3544149
1590563
178100093
1032307
3449413
1358089
3687897
5404133
1071507
8218717
978003
5285311
4963801
806511
894777
7454581
9407271
2678417
1315989
151489
6343897
5922393
1335359
6027151
3944141
3556127
5125047
3053631
5036153
5838411
4985341
3478853
4272279
2851529
4745677
8787187
2705063
604781
3517199
1175121
7432377
8903673
3261317
7738053
275517
5643
7562431
65602461
9899883
5591697
38610049
598897
8290789
5460663
3580213
7546041
8172493
1167713
1971507
3271541
5889011
6194999
5723409
1465591
8140393
1768127
9558299
2738037
6333781
1853137
8259371
3548603
8840747
3639037
6638779
4719851
1094259
3702429
5041807
2612947
1235929
7137
5241263
9054489
8079851
3711093
8049829
1520951
1930093
7231391
1904809
9462461
50183
3155873
6471917
6009213
7473819
4486397
5938339
4229637
2121447
2869877
3748393
2948361
3665377
2187947
7029157
6656673
1654389
9796457
5182873
3405621
5308533
180321
6358269
6465559
2701861
846493
3518641
246467
1757201
860449
8777277
8342457
6331531
1243923
7751823
4886781
5189113
426059
2474273
3753439
101358573
5546063
5176793
8798629
7533103
2891841
7755897
34773
647637
4431857
