7061681
4542669
6558923
853739
8570203
366189
683697
3266511
8312501
2387377
3041539
9358963
7533549
3806821
6414341
8006561
4558207
5202269
9291089
820857
1300337
7777041
8848951
1229297
8836169
9503883
6391481
7824661
134107399
3269243
639621
3436011
2975327
4602937
1639359
9517909
9556943
3852747
2099221
5649927
893441
9706317
169449307
6192537
3708717
868033
4827659
4451603
6957253
5016883
2086461
4116541
7064321
7680827
2472453
3136049
4691553
5550751
6404927
5307371
5199363
4514417
3833483
9515213
6401759
77583197
5537591
8934573
2364907
1435301
8892823
6264023
330289
2252979
3404127
8079751
1236891
61551
5444507
2434641
4149133
8259313
2667591
3043961
4140173
4765743
980833
3102179
7989399
3490563
195863373
189971
3942497
473167
7525193
990529
9173109
7614519
19056677
1937453
4211733
6093561
1894977
5890587
89061
7953
3342291
2166379
5360193
6073049
5501741
1370083
2299083
182706653
4903763
418639
141897989
431197
112913
718741
1688707
7379069
4214573
5195803
4159577
115882483
127809
8652213
6948871
8753193
9003173
5051239
5854829
5808599
1086401
3958993
803859
9317557
9972671
9338221
2755559
8292759
9804991
2142299
1793237
1445433
7377783
4517137
6271597
6155573
5235767
2791599
5725561
9267369
9552389
3119003
3463553
6707817
417653
4683261
3611013
5459941
1040709
7130731
5370251
9842277
3841039
7414393
6647339
152026019
1646987
3396131
1755607
5983987
2874803
4787249
6244523
7204803
4532479
9295063
355623
2019613
1195831
6972231
3794551
4847163
6536671
6565987
167390321
9389581
9479413
5830353
6317363
8817379
6990869
5813879
390861
3621417
3622589
2137663
8053521
7302077
7830547
1117577
9989047
8504823
5673853
3837063
8777859
149226043
4732941
6149117
9203679
5029243
8737893
192086243
8824757
6724889
54755419
7781719
8012783
5549073
2383251
7315811
4487147
9642137
6704081
5738371
1634133
3663229
2138081
514857
6460969
3671593
2699181
1225121
169783
2730519
2595583
987777
5750533
9989989
1426473
8114737
7507807
3848463
4418463
8936577
8632273
5448737
3713887
6154923
1821169
1369601
5669923
3974219
4705423
5626221
7827789
768357
9029149
4598551
5983803
179327
895267
2260669
1220461
2666197
4569631
4895847
2239827
4386673
5183319
8603223
2343933
4935191
2245931
877413
4591253
3516457
3553189
8604849
4079161
9797433
6668303
1072843
5281979
2331509
198244111
4395401
6212409
6569071
7958261
8785501
886813
4985809
2737009
78684303
3182607
8480307
145718279
193535519
7625449
7909463
6220303
4325733
329553
4668031
6855321
5733197
9136197
4096561
164003
3225259
9561133
5999927
3574359
821949
125885669
5180707
7614547
107749987
7554243
5259487
1846019
2253981
2734789
1759879
1095183
5870729
5775143
6634777
1030411
3499257
7778807
2470339
5640601
7014847
1807029
1458117
7813141
3154179
5681613
1274493
1529991
5944281
3880263
3854007
8109721
4176259
9887593
9154687
7223919
5603837
5379811
3955011
8680249
8455069
6319417
5615013
818553
7050579
112129
2496249
6490659
3970701
58907313
1111377
8316149
196174809
1636159
6061203
25984037
8315903
9665387
8976483
3430747
2513723
4868113
7302919
9351707
1732801
4494051
956331
8014753
9251789
1860769
6473727
9877209
3286897
9061517
42873047
6337831
4062147
2010093
8543801
7040207
4764649
3123651
1154423
20456497
2451241
4322469
6503579
7967799
3254633
25527321
9983509
3461617
92231081
1431311
6338821
1846819
9367231
8211703
7053323
3914949
8272123
1474587
6812239
7543799
171023877
8646669
232037
1742927
668259
157131
6157359
3566103
6703883
606717
5402427
3911399
5618947
3506601
1608489
6665229
2192499
9470549
7665717
164616219
9843051
2423407
165149949
9428497
6816321
7021413
127451
7558937
5912473
32963841
3661927
8515767
2462547
604317
9859937
8511773
6859003
4474097
2624973
142991031
511969
2588549
2091037
4582933
6181119
8809989
6164177
1405307
1100753
5715691
6633989
3089487
4330033
3345521
5996609
2580389
4841131
8196921
2085877
8811549
4706931
9231643
4519051
8480047
243963
1427309
6004963
2184911
9597411
7949839
3108087
5321471
8874271
8650791
2513009
1852381
419321
3637473
9961087
4105827
9452259
4159087
965349
1348483
3749341
632043
4535171
6129737
3533357
98884417
4323159
7337267
1855983
3760641
5911021
7286929
9922499
3174517
574299
8161181
6039143
103917581
7997619
8130333
286871
6755127
1422483
8605363
2054983
5012471
2352203
5540481
5231979
2466559
6165431
4279599
7267751
7139717
2118431
6963319
8509997
9300053
6419527
3621981
2141347
352443
8932419
1950161
2274409
2254867
9843907
2662541
4983567
6292361
9174023
3821139
1772929
191970697
1828191
4859407
4747979
5029417
7417839
2268573
2334189
4633231
3446909
3535151
6809329
9703607
477357
2394927
1268021
9560421
657547
8091249
5790077
9918859
5582551
2573703
2989207
5745513
766497
4997491
750769
8090081
5054749
4483149
378173
7992683
8337019
4569397
1237677
3767233
5759119
1574379
4201387
112788453
141768097
263197
8117151
2825243
3033721
931451
7858839
7165533
118964999
6655209
7809247
6226029
9936283
1481491
1658141
6538029
2138907
1660843
170798979
9105251
2241361
6090373
9387891
3363343
4466431
5354369
7640727
2405607
5733211
8659839
9573881
3482383
103891
4833441
7893833
8524869
4755897
8933273
1226473
6662497
8429517
4967617
5655393
8323939
5353981
8542833
5033151
1363423
1840041
4356311
635123
7309857
9568317
9305857
4902189
7255813
2819477
6580983
9203263
1177683
6188863
283283
9375937
118088241
7382139
1491009
6805009
127179269
460021
7128753
1699191
4869121
456003
8582961
4004811
9742803
892727
1174523
9468859
5343763
598203
2483959
7493511
7490771
174611973
8574897
6858761
5229979
8265811
8390323
3664943
1930687
8564603
9927051
3529279
996593
23181391
5602361
5100309
555971
25531
8615881
184780607
6170647
8923277
5668763
7272283
8399103
7803043
9344219
1511213
1263563
8364063
6410389
224729
7117409
304251
6763139
9458441
744413
6655153
6549301
9088107
4168901
1854327
3238449
6416983
114481597
2594613
1201367
1368359
66356737
7791599
1208413
1282897
2413773
4733189
180590433
2320019
7529791
521037
7369221
4840149
183405041
9695677
69660389
7588619
9289061
7551227
3307821
5695659
84714827
3704523
5845489
8282021
4860161
7755623
1849237
3317477
2744973
62717051
161981843
8972353
9529913
17616331
4910641
7902279
7093371
6420751
4927387
7169129
9627247
3925241
6975539
8642813
8596413
4778471
8483371
6871741
6270319
5318951
7234527
5887441
6514301
9528269
5163609
4801541
1223673
4979989
923487
114181909
178058527
3945797
6522043
6115627
7968667
9424967
5380743
577633
9871861
2698853
8934519
3045557
2121089
3101183
6378197
8550419
6144007
6178359
7217953
2399619
7800727
7869019
4386101
9302383
3293379
5756607
3427389
653773
3794043
9951019
4526093
