1621109
9679743
1161807
476487
5490923
7548467
8147331
5099677
5812887
6981737
9953533
3450097
5348923
4885073
8831761
8586757
7661181
2870339
5321751
7384103
4089603
9346423
1629391
3621233
160660483
1450307
3057751
8242253
2550869
4327911
4412191
7595691
1887117
5844939
184975689
5644867
8600937
9219537
778071
1049139
148006119
8399479
9260153
7476549
6044469
2207909
8229619
9816259
9442247
882367
4944413
6375491
6031189
9530983
4577557
344647
3922463
8152417
5835367
1101889
5311787
5344687
1267389
2955151
8007507
6818893
1425039
1873721
60816917
8541417
3862201
7149859
1416649
129663
2751243
6948001
5887503
1706439
79199
4882367
4082019
8347459
3578341
2731487
7198681
9587319
6613843
3788147
1993821
5055163
1192177
7642209
5088177
8013991
192197
5992169
7722271
5922913
3826579
6388101
7970807
8339307
359861
7295031
6890847
716883
281183
3098723
5584121
9018369
1378163
189664477
2472733
4306241
3932469
4177937
4318993
2170353
4803573
6784411
957769
2793117
639529
4121629
1569989
421553
2349309
8644719
7914057
6415259
2749799
1351249
5399843
1553087
1520101
6465719
7946951
5055783
7327821
6884711
5554299
948633
7464151
4083287
7288501
2637537
8535549
7240307
5051533
7584419
7108889
7720067
3188539
3273101
2166091
5695631
6856117
5214661
2133797
1410641
2022877
356947
7522511
3166637
2355677
9654379
307289
2358143
9051359
2664473
1479713
9537469
9299541
8459869
1893191
2225537
2785339
4993401
7449909
1910569
7399359
3956149
6243987
5038699
6182339
4610699
2704831
6068867
9994197
7633439
2797007
6803133
8284997
6101247
2065067
1923097
4753379
141177551
9881063
8713063
7456379
555699
8797089
2931489
9732821
853539
6688353
6420741
9588057
3625649
9924983
615239
3269849
1753873
1167191
1369933
5972527
33604533
6935507
6803571
4201259
8519643
5617633
1599649
9745761
781701
1269677
3413511
1443937
5916221
2354631
844617
8989569
2706059
2735379
9045719
1178853
1223863
6158113
304837
4026599
363449
4924887
2745911
2492143
57125121
6930247
4731787
2692987
5229421
7962061
3294269
5286791
1678133
4275057
9970551
6065871
1175159
15740491
9025871
6774911
4225169
8694353
7353089
1573441
7435607
2082443
1986087
8101639
3630231
3986767
7206811
5834027
4289873
1411423
5682589
9481607
7295179
9588533
6448911
8612429
1237299
4046097
6985063
7957013
3982973
3384881
1799679
5712489
4573707
9526657
5606121
6007189
5836669
3161059
6470433
4310511
1695407
2733527
7739559
5481311
4269443
7431251
8567301
3299371
18039
4355439
3170501
9137949
6407067
4987471
6815737
7837711
96483
9100823
3554791
514353
53091931
6270673
4869433
6605757
362961
5895203
1184281
145934101
2568673
6418741
1384373
3991679
5385541
5151169
1888073
2224389
5867593
3582893
9872019
8208971
4277291
10925181
7857051
4083637
7413667
5756381
726151
4623403
5979771
6410423
9836787
5111303
7251611
1484659
9954967
5063477
955711
7191139
6396949
907353
5433483
7462383
5404297
6369323
5271827
709829
24478633
4807337
4849983
8428409
8949887
7452291
7555793
1012059
8583991
1607583
4368129
3181419
9119609
5569633
8716249
2042071
9104547
6907643
3454181
9279581
7132449
3804817
3633947
7273677
1893959
2495247
8178713
145912653
390789
8441707
1652819
8307677
2289223
2775569
2420441
2577481
7656157
2344249
70423641
4762499
8015121
9960783
2090077
388201
9740803
9569259
5722047
9715143
8173393
2147051
7982649
5236361
2042407
490349
5812337
6326329
7247047
104603231
5217981
2993803
8722143
8345751
8926529
8765567
5557287
4520553
6712423
2625133
3978363
9709179
3020951
8449699
8113413
8652049
368961
194671
3684623
4618329
5663973
8652859
6892691
9576037
124470709
5643609
75741
9581051
15371
8950167
7686613
4821909
1559567
3629173
8904491
688017
7105317
9391401
2650247
8616327
5342131
8423189
125063
6744521
4708699
9495317
3203997
3345191
8976839
4474141
7928497
3211639
1843359
6235283
9419731
4431641
13854569
9538571
1475587
1642519
2285483
7340801
8019779
6958811
2887207
8115877
8626871
3736261
1988441
8305487
388341
8440887
7940319
12834917
9807689
9681643
8454239
961637
525917
6657533
9079349
4805829
329697
2089971
9591147
2587393
1847569
1117273
808173
7517587
8844843
1934869
7409661
67452673
1469659
5512149
165496887
270589
5553219
4818509
105083997
9302811
4456769
2399119
308003
6798403
4254681
7773899
1631301
5635449
2955183
6029499
3287279
7407077
6395091
5777621
2265871
8659201
8169023
8941653
7887577
8451751
2051989
4498877
6084329
2179507
3139339
356731
9050997
173132121
7872331
576801
8263947
2304421
5435651
9316253
3853569
7623827
6018709
9785487
9114343
5209717
1694701
6460531
162347633
40496351
2620087
345731
4537117
6465599
1715241
6637983
36089717
6994399
7585037
6896717
4737609
800979
902267
1780251
1320563
80593713
117335301
234517
2201481
2766599
1378591
6037173
4028597
4792297
103611891
4168423
35307
3569817
6814993
810153
3575727
7678409
6391629
2263187
83207603
6360471
3311819
2679539
3479089
6822891
3618661
6857973
554703
6458651
6721911
708807
7564157
5215797
5396863
7735407
6451727
7096427
1686103
2508651
8740223
198929311
7939171
119093
2736513
8702627
36391923
9016811
9309839
1864093
736931
102230309
4225373
8489739
182658631
4062963
472883
17209
6920241
5874431
4404707
8891897
1177021
4677721
2517061
97439
3353193
4696171
4218529
1485927
5536959
37368643
4166329
7441143
2357873
9166621
7836141
4759817
90491
4893823
8823489
7795361
2592521
5139873
2448893
6391927
5335783
6104071
160911
1939449
6402979
6914621
4008253
9462353
6343243
1664837
5721871
270247
26722501
83441
3721827
4615813
297843
2325719
8457767
9333781
5185657
142016943
9708419
2689331
1154367
9196001
3966109
1814789
5426139
6906901
1659441
8056003
9408831
6985139
7286827
9117821
9894131
8018989
1745809
2933341
9839381
2770247
389753
8508239
3839249
673219
8601987
254053
2520507
4476257
2577387
9452409
5680101
5491511
3772909
1824579
5692959
6820359
1191339
8991359
5113671
6986473
1261603
7280973
1339967
8298053
2696797
1839687
5585853
4355051
9922253
7509997
20301
9137067
890857
3382469
1883487
5725317
139777449
334649
2084147
3894623
3458051
9510179
811467
6180847
336387
194975781
1972171
3865267
9092499
4534711
5451013
356509
1861683
5781437
3575257
7780791
6012107
6633181
2200913
7672327
6402097
9630887
7274137
3811777
6050849
8148107
8314819
1836507
747343
1789859
9386769
8431937
4983767
8422831
705337
4454703
3778949
183663
3669393
1200479
1738333
5651491
4496459
3462071
9053521
1109697
8641503
1920541
2020713
