6679941
3104283
2851121
6419113
6054573
4827611
7910049
2340659
8037119
1343829
4522563
8970899
8527111
2954969
192042479
2865201
7537327
6604587
87009029
5441257
1726479
8963253
7764057
150502037
6386829
8952853
8654283
8143371
6926019
7070767
8276243
6613927
7809341
8324771
2277791
829817
7155619
3038139
3199719
9565149
4899241
547867
7915763
5724433
1584609
1156311
7527089
5419651
1852623
6091121
149933819
178667
6521879
1659503
3799689
3230167
4626471
8686257
4124101
4024289
913299
2533179
5071417
5086923
171440443
3900909
4736857
7222849
6684123
4569923
4351043
7840343
4266677
8847721
7656653
460381
2037383
104230403
5382243
7515997
8519003
28953
6630133
498891
2617179
9272837
2299339
8394561
6224933
8858807
5450721
8611207
6872007
271673
502143
498613
9933591
6225379
1941931
2410097
1996723
9192797
46901
98360133
1044993
2623801
8990559
4833171
2525601
2053957
4705007
6557443
519337
7880691
5808123
5186677
7430513
3091851
3586971
5768053
9561381
2713863
1424883
3126053
7886631
4188093
4277877
3749213
6315743
8137167
3666203
9508651
1530471
6957693
3291503
2233619
4975481
5298241
97787661
3027507
4327717
4167671
8708797
7875439
145479011
6629393
1118019
765603
8133637
6547591
5923993
6929819
1246217
66381231
171380471
4678671
7593693
6131113
8237647
337979
9692669
8424241
6674171
8591669
4383469
7127149
6712617
2275979
657113
5961947
2379659
750797
9229159
6133467
7192137
7651001
2709829
907443
2965353
7512847
9954659
4693327
4711803
8743879
6281683
1521017
8480283
1640791
7746039
1577477
4675953
8660763
76431533
2472293
8043869
7413249
6032047
4241669
4059971
4023187
7251407
3392527
121189867
5631373
9551699
3851593
2893577
9196561
6565317
1938729
2076049
9996821
4533169
9285029
2246273
934439
4090281
3214537
7133569
3535609
26279007
6546009
6693749
8975967
2221139
5059901
3571927
3989971
4772099
8535139
9354707
171480753
5991209
673891
3748041
6258373
201967
699549
2195311
2513777
6177011
8514183
5959477
5586163
333379
8985497
9274321
4770447
5707343
5986471
1880667
6643193
1826169
938511
3658317
2721809
4437083
8152539
8911921
1523221
2475491
9121937
3055997
8274853
8053199
6386307
9845331
8333321
1240069
3259067
594627
4258433
3802733
7215707
4452251
7337839
7035651
8657991
5601373
3978619
338307
6128143
4574047
7529667
1382157
4805679
2616563
5189681
255653
4020373
57808147
3378659
6520787
3828557
100693
9643857
2644337
6022003
5907773
8461921
2153197
7230891
1139273
1848217
9365491
4873379
7358471
5464619
1413319
697069
8912123
4030483
1425337
7335723
3796619
3566431
7972279
9810061
2808927
8924171
1245467
134299883
8992781
4037699
483053
3110001
512117
2464983
5832823
7293333
1877553
85201349
2837379
8420181
4971177
2523143
3518789
119936007
5412211
30633367
1476331
5873099
9004219
1815107
6677393
2768491
1843451
489617
9137321
2867247
326939
2730231
177310381
9313653
6876697
4652163
365369
8202887
5196009
4893667
2945359
7463961
6619327
9394557
7339427
8923231
1416827
1671803
6033759
1174073
4521103
2041139
7962149
6472439
8586151
4956161
4708093
4928747
4283103
8301643
2401877
2780309
196172003
3264273
2395359
5770291
6393589
5388931
3218619
47803773
7632987
184299
9968369
2378161
4072661
38674903
1576013
6628213
735823
1724921
7147131
3827801
7305679
7249991
9201049
738501
4627557
4090309
2653197
5634809
9023357
7030349
9023967
6376819
5863953
4815077
5378931
3035349
5398609
121173661
2555711
3257421
23119947
2900831
9647603
7561909
2108847
8539921
7148189
2396617
4601843
1734667
3987709
2391893
8599647
5641131
5196911
54700631
269169
8643167
7026289
7248519
6996227
5286901
2010551
3145737
7654357
5617833
9881117
1238337
2831741
5279751
8138863
1736719
3832931
9531119
6705849
7395037
2841791
9416133
353401
8059141
3819051
2008337
6564723
6277471
2048599
5719317
9198659
470003
6351287
8200401
6348167
1283967
155619139
2962543
3520711
7673983
7610819
1638737
7666427
6398843
1292031
56230361
2307267
6325437
8794361
1451249
4127287
1138969
124102359
2164247
4756141
4207407
5488961
9368841
3143883
5335203
8039263
6286067
5044367
3753269
2938711
8314507
9567629
9882619
8099911
8418487
8386141
9720137
5282613
6433203
505849
130683
73883
7450859
4426237
1958221
7272657
4101053
4070931
1760069
9942049
4400517
2688593
2535823
138223
90411779
6875573
7371739
1672119
8031323
7951251
9181579
4839911
8063203
9902619
92037
6401551
2143771
964737
1145217
1185127
9984367
7352831
2563203
9793751
2709973
2088813
6017411
2105057
9342821
2884757
135069893
8209609
9953291
4649627
3721069
604491
5791317
5260893
859993
9867849
9645979
61190497
7244261
1723931
4421987
7992079
8866621
5024699
1120369
4351961
6053949
1938403
4777579
6174911
7299879
4945611
4371769
2513361
2865447
3199897
1223687
3121399
8089867
1899657
6908449
9962561
5134021
1420767
3367687
6002677
2525953
7478603
4760829
8142379
375179
6814519
6416217
1978821
46152247
68047
9356693
1681773
6280989
1645517
9088633
1763927
3606641
9325161
4411727
1701103
2385429
8612407
6850159
7742681
1387913
671193
9751407
6338709
8171289
2423571
2127209
18595077
4423481
4458337
1195671
6512641
6538951
1534167
2158781
5094131
9574687
7758133
6790613
7854143
8714777
1579059
8813707
154282849
5007589
8243207
2096393
100549
7329717
5585307
5349003
3552769
2654059
5652737
6986231
9549083
5092567
4500793
3393413
2813827
9128733
3142797
6268837
217089
632939
129001
5088223
6459887
7177477
5809637
2653017
3748221
4295463
7760979
2847449
2493199
7777899
4451857
4255303
3896043
7167499
2528577
4667403
8084299
517171
606767
5548509
1938809
444539
2128277
9926023
279699
249777
2160253
1892841
2325729
3185631
2187397
1440051
1112709
8997623
4164227
6371673
3855713
5939743
3122861
1191827
9133611
2076199
5601839
9890841
6257997
4615619
9680199
1210631
191956797
7315409
9624633
8649249
7267727
6750577
1621819
2772791
2336969
6118963
1615773
4576277
2058287
6198279
114454811
8788443
1767153
169317673
1371869
9217991
6222639
9493913
6866761
9748991
431503
4801869
266171
721717
5083857
6227043
6018241
387197
8731089
5734341
2546813
8551919
7845633
105637579
5928867
6440577
8085351
2419097
8859863
3573781
2354319
6528917
9115667
1177879
1214883
251757
719979
2835191
3941649
7518913
481771
7373869
3272317
27596281
4991993
3707001
