9277073
5418681
6700833
9115017
1639603
4062389
9070851
5701897
4745929
4490657
8265927
7964567
3561631
9747001
8728307
8794839
4145933
8474213
3668417
6578769
2961827
4451181
8378177
32847
6945997
6134569
6533011
7769673
2270059
4278793
8829073
818681
4586029
9172499
109
4948801
6862111
170961297
3516451
87465847
3946219
5672579
3140563
6850153
4028987
8821197
1524761
6552523
25629
1698921
5315263
6869807
5651483
2186059
8016327
3458479
436237
4537521
1345563
4278021
721867
7154387
7626549
6417563
1933811
4135647
172021
1489067
8257341
9442181
8941899
114092077
8454759
3542981
6605387
909531
437607
1379569
1078963
1453647
4263589
1549971
5533469
4286111
5049743
5432503
5111723
7239767
6094217
9397961
5768223
657619
178330527
2364709
7651407
1051329
975229
7507873
629803
2057331
380109
9315249
3717387
1982611
3879441
6923963
8591809
2612957
67891483
2693121
1841931
8772711
1511743
7217487
916493
4323391
9490667
7219911
115152047
157267
3030049
1302879
3989231
6785167
4470867
6186741
345507
7812013
59425263
2808961
6282291
5970763
9972149
4898549
9056061
8423529
1481031
8074479
5593667
9677877
7607437
876113
313847
8982703
6684193
7186273
5166091
956199
7616237
5439853
1085379
1408677
3911949
1573661
2360077
2304443
6588583
47247
665747
8555243
9934973
8829263
9666179
2145097
724813
6781587
7643019
8594529
6064677
3122387
7252159
8413027
8790033
5401889
9744039
8071229
7021963
7398343
2286391
3289379
7205799
2107961
2955253
8295243
3654307
5435399
119091079
8699341
6686049
6655927
5329943
2505001
7637923
114966127
5979521
2425571
2972681
8925123
6130133
8605389
584571
3942253
4442923
7084053
6446173
507823
3268911
7767383
139680163
9942073
6641951
9104381
3997513
1784133
5306933
4588007
9152739
644411
8991901
782473
2780619
7556529
3257043
4935849
2725993
143091
3643999
9395909
4248857
5877621
5653009
2356757
3265397
9750343
6650087
3681059
2564181
7443683
2626269
6913323
7833889
4743603
6550409
9757291
8918203
3882057
8164367
1006123
7574501
1584147
3431891
6208519
832081
6856729
6047589
3092109
2151679
9061811
6803011
54091
5795529
6537229
972121
83926677
3791047
6252789
2297093
6238851
5874057
509157
23069
7353531
132579
3020747
9611729
964921
2257291
3717453
9755673
1503637
6407343
8231601
1288807
8879143
5032763
7235711
42913
6374297
3485473
3033497
9319721
9992247
2909173
6999347
4054621
6273493
8553497
2935067
166539137
2809677
93921133
3054143
3624351
32284169
128994363
9269613
5967533
7296467
9343153
2882809
8777393
9057659
7484587
9589421
4343807
9770283
1503447
1391851
7927681
6424127
3296101
3908751
6892899
1738033
6440349
7355213
6633657
6276251
5628503
1519847
7697377
9081937
6855979
653599
7862687
7594363
3355101
1526293
9421623
2371809
125386583
4533257
3470347
1067983
6420891
5710463
3238693
9707091
4412803
5036463
73942957
7627789
7752343
6987153
2558671
8834287
157268243
7974487
8756439
1269383
3670049
4255399
4447201
1902031
6008731
7108287
6912089
6553447
2692333
7902693
1356613
5786179
87852067
6637089
255999
8073039
5394529
132013119
1977369
7913803
248723
1913637
5626183
1902313
819077
6289199
1189381
8550641
9073839
103233409
5799859
8587761
3648171
912871
9834999
291687
8763107
4586987
6302049
6761669
6338273
8538593
9207349
4907843
7360299
7100721
9755659
4519621
6962673
8539689
3476901
5713993
11201451
4112819
5720549
7099667
3432517
8170587
8723091
6932963
3159133
7878293
6227793
4703383
4956577
4321583
5131461
4089589
1594271
1698347
9214663
866531
4449007
7891641
3530221
7038927
7488301
1201907
3022397
5139083
3364419
7174571
5159819
6641107
5950501
1504379
9424183
4520551
140427
137755823
1047007
4155469
5130989
2043311
7756867
6563093
9641751
1558439
6192109
8370537
2371103
5541957
9003359
9452227
572867
142599239
2046357
4529713
9645757
3601223
9618817
6016181
3502269
4539469
6635481
6069127
2564609
7790629
7499593
2418953
556287
5600359
9399891
5734933
2999779
1856221
4590753
2026841
4164977
5471663
8958683
5913027
3276441
5614747
2504429
4110007
9319153
931521
3993729
9483721
9752129
9436229
1258363
4758603
7497461
2946119
1397933
2106983
9033261
1846039
3898867
2741543
6892859
1786309
5809227
3318447
5613959
3666343
6364007
2987991
9253329
6383
84043521
1256141
2595707
3578429
8621111
9316631
3391667
9230551
9315211
1341889
1924217
1378417
462163
4689881
2488973
6718091
8329389
1426567
5281037
610857
7385593
7387359
4936799
9912319
6810541
9528517
8971749
652221
2150123
7024949
794983
9046497
4901489
5279893
4325669
5945403
2677719
557667
2529487
5497839
8943759
9387937
5918117
9864521
6402271
9700721
2491911
3489603
3184083
8466913
2170899
9487893
528771
1272969
3701799
795691
9632291
131001353
4306623
8488743
5478969
4658709
2411297
8428419
7214201
8393829
193727
5514839
6335399
9141059
5849821
8714909
7921699
165897919
9708049
4345631
8557287
1207221
4854231
6391243
2793643
3336037
5718563
100170371
3430701
4156751
3177781
7503863
1615927
383111
2495569
8411921
2428263
5769887
2931549
9825429
5046789
3124517
4830191
7035699
2447187
28293
7336333
6749101
2519557
50183909
5631529
7959313
19697
4078587
5721239
5192969
7750323
8352931
3103379
7822977
1864729
6421161
9640797
4603067
9050839
7761501
8035239
3648957
1484167
4411059
7866381
8408219
2779301
9264923
396021
9417413
9162327
8616013
5303751
2837221
235899
9925197
938431
7607133
677927
7133091
4075511
6173879
7780561
6335003
7030719
7921679
32028109
8050483
9027999
3728587
7650727
8285047
8548941
1553951
5565459
9188933
7446629
9868333
1177873
7172449
4404753
5613493
2792979
9755853
5916851
6132791
1118921
4166203
2068011
4782601
4759241
7959657
2125939
8487641
4223751
7397027
9422371
7806107
4848169
9046689
7526973
7529731
7180227
4166769
8671383
2046787
5669309
3136001
4130427
9013321
3844389
5736901
204903
9823937
1556467
7320169
9939997
6349319
2794921
6774789
6125349
8450083
8248157
1122169
9915509
196517
4694261
6965333
575143
9684599
8881889
3296013
3212871
2952933
14741321
5839489
2410777
1085659
3542963
5513433
5386963
8460759
9695967
7391349
6511057
2512131
6855639
3453021
9174659
7331283
6577769
3050721
8765213
6086871
2270141
1886763
1164753
4115167
7700679
491913
688597
1923759
5232539
7127207
6665947
9595751
5212519
5756759
9922131
842209
7159139
2227597
3358607
5839103
5053917
4761401
131179139
2623339
3600349
7872941
5859267
8914747
2446047
2568283
3109411
4334253
8798081
4919463
6598857
2865261
7277643
9369951
7765099
9174001
1981283
3700901
4061411
4414611
4526927
2765893
4329251
2380991
7973797
9781661
505879
9646211
