1777067
3034973
7624501
4958123
2778691
8510377
8096867
1440843
4921379
4739793
3169443
9303921
767451
2672749
6755709
2946517
1345613
6650979
10279
1070513
1123221
6689337
7119099
5453449
9776597
2969161
1258931
8217149
2486747
1398683
6433693
5586131
812119
9145169
5831489
3103231
4326801
7063597
6247769
3906231
1096811
5793813
2903041
2167881
9230529
122355413
4721869
2728397
3107787
6870191
5590753
7260893
2579299
5976273
5274713
4315851
3862693
8367781
8058819
299799
2180099
7344489
5283837
8943827
6603051
1183227
3730173
9517409
4060401
7155897
6697711
9879419
8216857
6287
2500791
4776383
9333403
752997
2885113
7484199
7315693
2688299
6903939
5857451
2832679
935861
5110331
5888083
5612897
5668991
600769
3889409
1343897
7554147
5363461
8357207
6143121
4551287
4547949
6952539
5791979
3104919
5446369
7137843
1129127
9030503
2644167
6701469
9555293
6960149
7471511
3545649
1132387
5680259
2025301
8365769
8502877
466977
6757577
3135747
4815499
765513
2977241
7213259
31739927
4935841
8899031
2449367
179111191
5282247
5195251
5737283
3171377
8505223
4369419
127941173
3634461
7679711
4934109
3165477
7593227
152053
6647627
4272369
8035919
9820543
5110229
8447983
383859
7910059
415719
1782071
9667463
8148603
7872489
773887
2679283
4055209
1758819
2520259
8506287
4591947
9157901
3210823
4663357
142064587
3782939
173503477
1153263
732971
4434723
7617817
7977799
9362339
4825273
6189339
9992751
4927069
5087177
6307161
9863541
9643417
2591811
6309871
6306343
998487
3218487
5226361
9856277
1601097
5989889
6964591
3968471
3879719
9624697
6144419
3566791
5234529
955073
3245837
3328819
9936921
6527483
792619
4412223
1353677
121958019
494063
6439073
139940733
933361
5429903
7488349
7272737
8148669
3021871
7553423
961407
4566787
393207
8172157
223601
593221
6059623
4625657
6801033
1227477
2626767
17610827
1342269
6495413
5296317
9897297
5298637
7731203
1384089
6432927
4859827
7379277
1133323
6726213
8818251
1227141
270267
9893767
3880721
8358077
1232737
4307193
5195741
4437049
4103513
5693317
9599947
5189407
3124701
3395767
9115127
1342897
762791
984487
162197
9554447
2134483
110788301
9500701
2997869
1708559
3453909
3268149
6943381
1343813
7611273
5115517
4999451
2817459
3130869
3556367
3063819
1306793
6799367
1558721
3828417
19493
7385011
106119
8028781
2311139
7209329
3789777
3052649
1790669
8889941
1436639
8610783
7303973
5674889
5219657
40855451
792583
788749
3321047
81043
4901547
53653
4784871
8287559
6845189
2249271
9341403
8623821
9515969
4192757
1006929
4577083
8576071
9916849
2295317
7932779
9870387
496867
7473321
5614581
990789
9659543
8685869
87761977
5649009
87257181
7227059
1902047
2500809
4466809
4810039
142200341
5931601
3344683
7324747
7970391
1347883
1983623
1707009
7869419
8475603
6382619
9495311
7588377
5278331
3738633
13769
5918857
8430511
5025673
7962017
680131
2327387
8758921
4147029
2750629
8929117
4810883
2364181
9292981
6201479
6937357
6563727
1479381
1286513
5273449
3526539
3010181
7341797
5103769
234697
9121583
6871353
3465461
1540191
7000619
1534517
9786333
1156673
3303141
6002863
8408247
1913523
136469
7970259
5906841
2713697
7782953
3223389
8613683
9074811
648527
2440887
4755947
2815831
8882477
3912799
1771213
9682533
7303041
6450777
2543189
3431601
7181363
8949861
4959693
9279147
2716127
8562243
9010837
7726233
6384301
5985029
4083519
9364973
5356449
9598619
112540457
2002681
7562067
3878663
7294729
9340839
4783673
1808407
8659899
5447739
5708097
9125277
4398453
3674683
7982259
3902169
4422523
5050717
7320349
2251049
1896621
5500207
7009679
2362719
3741089
2996559
4208633
1307097
3960551
2229789
329293
160614757
1260047
8465891
8787749
6310699
5820737
743441
4091223
1985531
9787749
3459567
814911
6877819
4921423
9024871
6827967
6435651
9662813
7532191
6366711
2855849
7953341
7947763
4199937
7365809
7637293
2201307
3670391
591919
1016131
4349671
3075819
8955169
606937
8669761
9989071
8381709
6478967
2394461
6631399
1487289
2052789
2410909
5567527
97134437
7504009
7985709
2565501
2853233
5719761
5001709
7214617
365757
8355399
1853767
492917
8964717
1676481
6181927
340103
5115241
5589339
9048781
51154079
636971
3992269
7329129
7686023
7398817
2601913
3224583
94942523
1902489
6701813
71861153
1996309
2711981
9237267
1548763
2084607
1617471
3159901
1864433
8449833
7532519
161589311
6114493
8134909
4591993
7049167
3341711
4455297
3669661
772441
13169117
2604689
6999527
5400951
4226767
2193173
6692699
8158211
7135603
116000003
3947629
3030311
8800351
4535323
1205871
2201171
4829289
6921193
1520681
1047767
8723683
6467133
6261517
9584627
6385151
5897457
2953329
5461707
9331051
2182717
8579817
1626219
5255153
8269281
9095239
1883267
1053253
306449
13017879
5878601
9501807
2640717
5734703
381197
7269529
6985793
8916489
90767
2060183
326801
5368227
6730307
4873247
8152781
2297243
867319
4119829
6419097
2587489
1327119
9515411
1933519
4350523
2129741
1197531
7344969
612983
1116937
4941847
1853559
8677147
1215277
681547
5136047
9923951
146829757
98128749
1246191
6554067
9862883
57848221
4478493
7774341
1843443
1457381
8357649
7964441
2425969
8254001
2073137
6917677
1280037
8583601
5906143
7137329
6018897
78407097
9336987
5145247
3269061
65221097
4620823
8627533
3883671
4030279
8441031
3120877
3930239
9926123
792283
6189049
2909887
2121693
565513
5698077
1162431
2143263
4759557
1205351
7853349
194513
3327037
2501207
6924493
9692683
8225891
9934239
7053349
4381439
446079
5771103
5489947
8428431
4110913
7192663
806983
8989011
3914121
1693619
580003
8692983
4808109
4036057
760331
7848521
7589531
9983329
55027621
1599297
5938107
2276061
2163937
3080441
1277821
7000157
4741709
1742989
3006607
3153721
9400791
5443469
7445143
1453987
5846019
1316119
1820451
6894943
86858723
5420839
3043973
5741253
8596603
2480291
2146887
5172627
32937581
2492853
8538763
3506259
2584189
8536559
132481
7291187
9201647
6407343
1435539
2791697
2848289
1003063
9277571
43591
8652103
2816813
3878659
1165943
2652527
6141149
752513
8782157
11967
3074529
1721817
3264791
1023229
2076659
5361557
7560781
8827163
2401343
4227777
5436009
6704339
5280829
8449851
9882287
5550963
6856963
1603269
6904753
7081111
33901113
4603323
82812739
1412631
5685969
2397169
1900413
124327801
3785909
604301
8588329
9454771
2489957
9072011
5303449
57790379
149349961
3221691
8827203
4749137
2986157
5822817
8323213
9754999
311897
1168709
