6722877
598779
9352627
2020391
1393843
6891627
2537979
2528911
535939
4577291
9392753
8364863
4866529
1091201
5846083
7036851
2230273
8593943
27791837
3176261
3680327
9138819
1009681
3300541
4951067
4991359
2974967
9816659
96190471
6453487
4568583
8194451
9159061
7746291
4076883
5483817
2023097
8477591
6590557
7709773
7258921
9478189
7629733
1221409
8505879
2380519
8725347
9654483
3802949
8096267
135662921
7112631
8541627
2416473
6195399
8157983
8729961
2192047
8475397
5722633
4326253
851117
9297933
5962979
9038053
1663773
1484887
3880599
2776489
8393723
5584693
7539921
5780377
3582367
2680891
187803897
1439231
9497911
3932939
3466981
3782781
4314787
1679239
2446183
6410371
8788061
4212319
5075459
2734649
1388501
9369801
3433211
1439423
378679
6687591
4975267
7231897
1526793
9009081
444909
7394999
2520663
8265457
1631287
1628373
2458557
9191337
8677423
741857
7352393
6768143
727303
9177489
3396679
4750207
12741
8347277
3040099
2117597
746441
3576241
8825783
9480961
9589297
5007823
1945711
8393877
9205469
383941
9166493
4738929
9036213
4469033
7575801
6868691
6744999
4764469
85309479
9173079
5328743
7189447
9612099
7148817
7444249
340263
8542691
7770847
6818661
2275063
9202953
7993797
8682959
3091677
6282191
1640519
9643731
8436881
8358499
1194323
7853207
7267211
7490149
3828059
9034301
9895927
3613461
2513453
4009779
169594649
7763999
4083983
9356641
4651151
187873371
4851099
6270919
3701109
6111503
7704263
9644187
2686543
1581723
1834021
3440481
3818047
6282621
2764679
2892433
2804531
7836813
6103887
9617709
8761443
6454373
150268591
7535621
3555243
1094441
8316359
874019
1060931
1524651
1675469
9337531
2434753
4853847
6752559
5839213
6574609
7435859
6747303
5705253
1741671
1542373
8860421
3605613
8095373
3900619
3401039
1988611
3660601
938301
8171917
9780069
168191917
7639939
7845639
7234243
7534889
9954319
541853
206953
8311819
18701
4412449
8475417
3165697
137826101
1499233
4768757
5170481
5738653
2355773
9774037
6207051
2037929
71939
9152183
8659809
6199709
1518581
2327291
4075393
2941643
8060467
4413529
4430093
8403671
9747009
2475903
8592789
84283631
350487
6067113
9760203
5883699
2574023
5433913
4091103
5632159
2385939
3590983
5682647
1471169
1444389
7351899
9164399
2945747
493151
1999253
6646161
4686473
9643413
1044401
13118423
6641527
2011843
5647167
1009459
2266191
7306873
3491451
4648979
4451931
697879
8625261
9611537
8917951
5028789
685007
9188131
2661327
9116031
2176411
363303
4448349
2383481
64933
3814303
3294717
5116741
2226807
26973
5446681
26848453
3633519
2520043
177242449
9898981
9061621
5480359
3014351
5266747
927023
4020467
5408081
5228113
6646829
8468481
3889213
3315319
3220039
1939867
739219
3186121
7998887
4102927
7383309
6527097
5742483
9639601
7193737
8530161
207419
5182251
8084687
9893241
9272367
5039293
2076781
7618911
5338853
1815503
2759729
86185259
2525719
6117569
1084491
7688649
2868869
6285143
7764207
8407001
1809463
5025247
2255963
2028847
2661631
7927033
4365119
9262837
4344863
9626961
2703573
4932453
36608709
3824319
5961561
714499
251159
18563417
7259923
30427219
6426921
5535483
5588533
3996001
305467
3390353
9124849
3642759
1516133
44282333
9075353
7012491
642983
116863241
9559123
8039529
1982457
1454267
7205273
2368997
5018267
1633509
4567557
143549
597671
7905701
2661127
1656989
912791
4007563
5574151
8449201
748813
1891931
5755869
7387213
1056811
168805617
8606323
8896001
6681641
959069
3796969
4651927
687307
2919809
9644203
4857947
1707883
9961911
6950803
4353527
1688967
213513
8046573
9862679
2725583
3107397
3510021
3270093
9197279
6106461
7814787
7224957
3294243
3421553
6029943
626633
7594737
7367027
156507263
6109083
3170601
1445999
9595107
5744071
9630737
4002331
6430653
3524053
5556389
9140497
8427253
3795821
5157013
8709511
2194829
647167
4674899
171903933
6612243
3575287
124769
5026649
122109
130884553
151578291
4405181
7478359
4935153
2888813
5816057
6237023
5970243
8673919
7713959
2582383
9796369
143706849
2861321
3916873
8392981
4959217
42597
7073227
7630787
1664401
830207
3025803
5344807
2377157
9175003
73501091
4225043
5318077
2480711
7235691
5050721
9999497
5000799
5299449
2367619
1228657
197075609
5315253
4555717
341959
9349389
8896351
8572421
5815141
8644019
6173531
2411961
9009139
5993679
4816151
4964401
116586593
847167
3028569
2046843
8286983
2873101
2081683
4625453
4051389
9736539
5033223
6541259
4518843
5719991
5395893
5621563
4838283
1694397
7124177
9818567
2266299
2577767
2858677
52821541
8720457
6334969
2810883
2705151
8870729
731657
418681
5678891
7277829
2640521
9002429
5024161
5057849
3023979
2847723
3603717
5520939
1119981
6566619
9509159
3622837
1201259
5792631
4600921
4876423
3105887
5181771
5307901
1558997
1100611
3183657
6464183
3161801
2393903
2649787
8518161
2413739
150643
6251289
114037517
3514359
8275379
161721
4539383
1442209
566889
355711
7826119
8071929
4075129
1904039
5618549
5371181
1036329
2385413
5472017
49940353
1697619
4900951
4627439
3558259
3412187
3343787
1311571
931649
9224297
5309017
6196869
9943919
2075887
4980503
3592987
31147421
2923903
2926373
989933
8511343
1964539
5849091
7548917
8670373
409839
8676897
4086703
3287999
68487
5738303
2615623
4325813
5819491
3747517
2567453
7997299
7089257
6034321
5475997
1750931
5492771
9485453
8137913
198413
8125059
4752451
9863963
6141573
1822983
3681231
342581
8520129
5792993
3598449
9703293
8848571
950243
7065933
9576859
103870773
5072157
102642873
5169131
4355189
7427773
5400681
1107731
671529
4803771
3960689
5606753
9343693
9955151
3885079
5378459
2642613
8564267
231309
5580249
1536513
9499669
7658891
690487
2511047
7918689
9825771
3268029
4401193
9855457
2523079
6358099
591397
125559577
5816243
6479329
8665239
6809183
1187309
3340973
6386369
3342249
8237367
265731
2757833
1814437
6946219
6790523
8059317
2201613
7121399
4826201
7878657
172833
182413297
880887
9282013
776211
3558929
1028971
7207831
6166697
347153
4512023
5465949
9722671
2643163
1038219
3218359
8866083
6153753
9638151
8052787
7590023
266243
338491
3424241
8474331
933559
5955003
3131653
4010541
9834269
4710651
5563371
4946477
1304333
2311153
1297131
2646681
4837367
5189201
569537
4308751
6517129
2645159
2888097
1403279
5650021
2368099
8608113
9228667
8766493
8002837
7007451
4390459
2825917
2448847
3593803
9289169
2673927
2018029
7839961
9700009
5369657
4070097
696923
5828429
7944321
253729
5333953
7854247
19683559
6919297
1880333
5526597
7690437
391459
8530057
3318217
6181927
5420941
4599821
9598607
7729729
7168171
5542273
