7614349
7926637
4993477
5760577
8466901
4765121
4022863
4875149
9218669
1437009
9286683
2475691
4167771
526527
4040803
1116733
4562149
2371673
193544589
4783983
177791
8404827
1092869
5275649
7626419
1752717
3092551
8123821
4799047
4156861
3923379
6397109
8447539
8146359
3447003
1962479
5770203
9688543
7623527
3609727
9115127
3267401
6853613
3609269
135299
3521631
2534387
3815017
7048407
9212887
5436407
6370817
5726073
8657129
409219
5233227
1154837
8999349
1122349
4401991
3442193
1873419
4897541
313269
2392399
2281821
6612493
707753
195533
2165373
2050217
1799001
121894493
4878381
2743039
8907351
4940697
4508579
670187
2298889
8062887
1092243
3043713
7671099
1725229
7961663
6093259
6965341
7748563
1490627
7955337
8520371
6228177
5950573
3061181
2394167
3879841
606001
3234543
6377931
7765079
8430891
31581
5417059
2483991
5610353
2523431
5561157
9745783
6553199
8336349
8727769
4337979
8157407
5630853
3415329
2737331
3485039
533807
2051233
4985067
28078603
9111749
5019309
193679371
5274763
9298441
9235547
2279557
9311653
2045429
7138483
3874113
9252209
528677
2481919
3300751
95502137
2934811
9545251
3496871
6254701
753443
9643597
7650941
4338231
7641279
8242047
117153529
247819
6214403
5959267
7828037
4878273
2185317
6640933
4328591
3218007
268383
29129957
937519
7905979
7482009
5101041
9969303
9183329
9788861
4666663
2121313
1203543
4639261
8911117
8835773
5523973
9429463
450493
2307243
5645853
2726229
1162337
4851391
8969611
3051931
4814591
4798061
2477279
7023379
9364433
8657149
1805349
8798993
3952389
4117059
1453279
3606993
3886951
5848069
7105671
7914627
1022269
3772933
8711819
3700643
9401431
1950851
5614697
5774433
1326061
3321423
6037133
5180081
2521203
6559363
9061303
8727069
1737967
2047893
2082739
5145083
7513891
239377
2487787
4036739
132483019
6102933
7537881
6443773
5099309
3652291
1101323
7324311
6744547
4003111
8585051
5415451
9677699
7406841
7501509
6727611
1105249
187808901
4852773
1233921
5687647
5683453
2615613
6434999
724859
2196023
7283939
3937939
8861027
3145891
2981139
5631587
7826953
2526339
1395307
3269817
2356533
4771933
7917761
7610939
4000913
38829
2623967
5724303
9833817
1580423
8463723
419019
7036733
8281763
7664149
1487821
6437807
2026713
3823161
2903061
2120049
178187
6923647
8537441
3518919
3820351
3271977
4037397
3563171
9570363
282641
9757383
145436027
3111961
5517033
5459273
1327723
3788439
5952507
6838053
3189391
1165659
9819743
3437369
8679941
4477417
424689
9073309
9489111
3434381
3598139
7623117
8253467
3560143
3034609
1432087
3008933
2847023
408823
1840531
1009129
6888779
7830217
1191559
9488171
3850957
9204313
90589
2599897
8536817
6509649
7935429
1922517
593917
5835337
7306919
3641277
9690629
3838573
2654669
8778377
1874157
3858657
1764333
9486287
1729097
1739893
9710819
7524117
8797727
6766357
590967
7933037
137247
6935807
9042507
9876077
7249767
1533217
5362739
1371943
714603
2622927
1704633
5511673
2288207
7489433
2978707
3955311
334417
2392639
1158653
141107807
7387271
1230147
2767103
5797749
31033211
1265497
7689199
5640743
8620779
8254819
3394749
1564567
9181191
4877521
9676273
5391009
4319819
4562989
343399
5477741
999083
5520829
2195743
6270393
718953
1248039
2825213
7985343
19963983
8883789
2509021
3143961
89321951
6733197
1492341
9176437
7881347
595523
6882701
236141
7857311
9106369
7736261
9797669
3941383
1259907
1242169
9479107
5781911
9061063
7030621
3639953
591081
7650757
9733487
9146149
439429
8671939
3627903
7698607
9689701
7114919
8018421
5440513
132532811
695429
8537357
3550043
2001677
894801
8857907
9493051
7049499
3702831
5750557
1048619
1537689
1974139
6927453
6996693
1273543
7701869
3476927
2297433
9123629
7999951
9955767
2701727
4332057
9105643
3694147
7260081
141633763
5397317
4000351
2608769
2361011
2619413
7688823
2550411
4284577
2948891
1982423
6798609
5966871
4020729
5954129
1210353
4412529
8911513
8440017
3536587
2724317
7426693
1404491
5608543
4956879
5397947
7426981
2715107
9661861
5955207
6225941
48328709
6797277
6116547
5513639
3220859
9389119
787103
5055661
6802847
6737579
3349051
7326387
4973873
5414317
6288619
9198069
5896283
82010669
2327563
1855829
8190747
4144983
58604247
9653163
4138681
3986217
288637
123565593
3739293
2746319
9018209
9560809
1382121
8563311
9128339
5670787
193547047
8788629
2510207
2357799
1888683
4063989
6894723
9790119
3827433
5118411
1254093
645681
9512337
8509659
9827371
6347409
3083091
9227493
6998001
9071237
8141029
1539543
8201679
2598927
1893381
4242771
6559807
671431
43547
2221363
1385961
6225237
4638841
3054227
5027239
4359747
7352099
3417577
5447229
2423261
3331321
943657
9305419
3903493
9592501
2231103
2451031
6233313
9946069
2138219
2395641
5014459
7182121
5752643
8460377
4247899
3656713
2037711
2083943
1419533
6156829
7609607
3032259
3488609
7715221
4286791
7217309
7279417
2813623
1657339
2292121
5858429
4615547
2726943
7663493
8944983
6603337
5314369
736973
2874253
9054049
1540801
813329
7257389
5481399
573121
3038223
242463
2921509
6773509
3685673
3852007
6526113
2764227
6221451
7916287
1991019
1657803
5796943
3965237
7532769
8931367
2656513
423379
3889663
9774887
8574027
9856591
2263353
3431819
9532461
5295597
190617
9849383
131328669
1976741
7162901
4629821
6209021
3247661
9527649
1389129
7192097
2176581
128121
484383
9061559
2722519
1185781
39801
2148803
4760209
6129201
567017
3838287
9139137
7232697
13770939
9973963
6167749
3935523
2130441
6134227
2698003
7011523
1605299
127891103
6181619
2707097
7201489
5664583
9662061
7406847
2363157
6845471
6553241
9640917
8810981
2285941
4316973
3524377
7305667
7050337
1456819
4568857
7965479
2478437
792679
1908303
8182489
7618879
90195211
7042067
3806049
2857359
5079269
2638521
9183129
9411533
3271027
3670529
8419231
4880749
6548889
2663011
7125497
3691689
4500259
1235231
8168923
538231
5649817
6352383
4231239
2539447
5346487
8775783
5277117
4484759
2632397
9836669
2897917
7382019
507519
5458351
4713603
1234049
2111697
170686321
9057343
5023013
8939869
7374317
1954237
66086997
7316779
3617717
159393349
2561491
6526993
556213
9966469
3003713
5876727
3400811
2405761
4710251
5699851
9117299
2091341
8478263
6437909
9824527
3829491
1780519
713589
2780771
2892247
6866683
8288727
3257981
4590787
2015819
7688047
9862713
6839031
7395651
2424993
4373829
5869243
1134929
124053743
1158991
7711023
8646103
3858427
4177037
5622393
8000727
6037509
1887631
54357
1638463
