425921
7518537
1754951
7866137
1040357
6579097
6596339
5442407
6681437
1322319
8782309
9781341
1090373
7881327
4563991
1282937
7685933
2073859
4918837
2274123
2899031
4659169
2128009
2946359
131809173
2453063
3255067
8350499
3890721
1234021
6853181
180147
1459039
7262859
4326593
4228129
9566587
8668627
6983181
4698153
7439263
8214121
3759437
4388661
7695327
6910207
5188417
6520337
35841719
9859389
137224809
7754453
1246813
8538353
5733581
862007
2826917
9535797
4497379
18806971
6601923
2931563
7335977
2839169
9596523
2942527
721331
2193101
1665127
8470647
9428117
6215667
3258677
9626821
146840761
6675529
1174367
3055879
3736099
2686759
5379141
3830943
5920743
9622593
8110157
6313009
87208277
8642331
1840481
3160867
7538257
3087957
191696319
7600737
2306831
6446803
3015713
7693073
4534401
7208967
5019921
5383729
2564999
4867181
5807501
3245547
9864077
5843281
9122633
3005641
8270677
2452029
8523481
3079579
528791
1194863
5632041
6403
5844581
7501309
7770157
8289377
9526797
5220309
2736519
9229459
2663647
8687669
4400001
1505811
1832791
4590547
4371687
96918511
9282519
5090449
2342897
9501049
1240757
1388359
9033749
7046509
3181421
5824533
2968687
2026841
7181909
3067079
1197671
4298927
260687
1123159
9296441
2105267
3100121
4004661
2001747
2566497
9360747
5008337
1552439
259923
5192599
7039017
489509
3016353
3257689
634659
5863701
1559153
4002829
3641967
6671703
2369241
7646761
6292337
3038729
8232949
9865143
6235613
8759811
2101883
185418029
7219141
528607
5359133
4986843
9552191
7530319
65990921
9533527
9154793
7680197
828521
121257
9206539
1744789
9513273
38773
6697159
5505031
6890937
9716679
6535233
5789141
5913499
7770349
69708029
4374813
9298673
8166493
4770557
452801
517481
3562133
6309001
3850923
231639
3750109
7398717
510831
134627
5981311
9703191
1721109
5007207
3658811
9362883
9105627
3883307
436949
7699151
2855669
2314061
745559
5206783
9510333
8296939
4702701
4401477
1024469
5290131
5708087
1870469
5028457
6768821
1500291
971731
8834379
9072223
565713
5328467
8852497
3536923
97193
3461747
1072811
2727549
406241
9948777
9068553
3504537
9018321
3663039
450653
158895349
6126039
3680497
2120879
1763847
4171843
6573059
8618597
5889071
8283101
7675407
532493
8886531
9765719
5937291
748189
9246697
5510793
9351189
9006697
3716009
6117057
7224057
6686261
9562897
9957829
179017
1087373
7698337
2727159
8329021
567653
5716013
2918671
6893727
9802353
4369491
3776129
861743
3882093
1900297
6270339
9269543
3828277
2932897
2314731
8006937
132315149
9229819
3248929
131785317
4167477
7897899
9229803
1498303
8233231
2289501
9880733
9272607
551637
6297549
6683637
63833247
8062933
7377449
4822673
3411391
5195583
6387989
1230753
8907577
8643607
7270793
4132751
8329023
7476239
183613
4824287
7668459
8191709
449929
5444861
197097897
3185811
4307621
5933387
4588199
6802543
7574393
487913
16699
4517657
4842737
8798841
3333661
8901773
8523493
1609433
3833433
337743
7800593
2541017
1921161
1504403
4578651
5408987
5811269
137166887
7051267
5239499
5452233
7138581
160830903
4566699
4593487
5396819
2219269
7873163
1100307
2311751
2248299
4028253
8208873
8408173
4896109
1489003
3775917
6840553
7151779
8796183
8308943
7729073
6043271
1075437
5002033
9175171
1068699
6115443
6019949
5929117
2165037
1874817
2889547
7910933
64941403
8886687
277827
185477313
8643147
1632517
3578309
916581
154412697
128589131
1196271
3968497
6229471
2747447
9298923
8956603
2334373
6290781
8503109
8145887
4075067
3921259
1767073
7125091
7234601
7613367
9499241
1976577
865131
7917993
7611881
7710627
5651313
9792233
3833239
2058387
2303779
5936977
7227471
2345073
2193373
1726599
159459953
7874749
535073
9104493
6618377
2627019
7972023
6328151
6863043
9792479
717377
65631379
5080427
7300559
50263529
3192319
7790769
7641819
6723981
6073111
6097717
2896253
6884599
98080373
1785419
2838493
7494207
8351123
9543107
8832657
9844009
5921473
4317269
9359973
6320329
4781179
7629991
2084459
6602623
5612363
7540889
6470877
578031
3783579
1119623
348871
9437599
2814741
6130297
7200911
2718227
1887267
9929943
8028163
7141263
5252111
76317993
290209
8279197
8585533
6486023
9804577
6716111
2422391
2912149
2500431
8292517
6157069
6111943
573679
4328051
3971971
920819
4115653
4070321
1694173
2842393
2041243
3483891
4139993
2692689
5753267
1742923
1481877
1893623
74721
765221
4542933
9887417
1724593
7792591
9119777
4408159
2730497
4909869
9096293
5944397
3228687
4915171
6309933
2360783
8744469
6951847
1173623
1829
9285367
8305179
6578083
4658949
9950261
2824493
1372183
6158673
1055983
1040993
6919467
9175727
3521247
1215259
3095569
9558067
3608627
4547523
8071343
9957919
6892711
938061
9897901
5351227
5255709
8430671
351779
7847529
9818929
2851377
4061349
444151
4609481
5639167
3361793
134746797
5737387
8567751
4249491
1804993
1523807
1477651
6921111
48053
780669
1498653
9749333
7574931
94247
4534453
2625277
794979
6963063
4248121
1140231
5157433
4867153
8895037
1062093
9372653
530757
1469553
6140611
7634531
1593109
8164801
8875909
1060717
1135711
7434673
4897901
4436947
1027251
3697497
9410143
2354867
164853
5439787
3146901
1921591
672643
2497801
4307667
5952131
5501773
131
3212929
7272853
2147283
5707387
5469269
199123053
9968097
7526909
1445113
1192251
2896859
8566729
9776943
6718717
5075193
3381299
860761
8817681
1920209
6399503
8670409
7898127
9221399
2341761
141637
9843563
8271567
2142257
5974123
865641
9296163
179268693
7146661
6339641
3515527
5873547
4670781
5175117
8491287
9109981
9609579
5800219
5247551
2048727
1558199
1112647
7535279
173857557
8398493
3014341
8609973
9388863
750823
7230277
2422083
2171553
8289591
7186041
6078103
5138089
2343811
3063153
4891539
9876487
7532781
3930881
4167227
900937
2823541
5249969
2140487
7788543
5476201
5202851
9488869
4546257
3367367
3366867
6930407
328531
9547963
3539527
2335701
1987443
2913761
8320897
7667593
891611
5354321
8563187
2958367
565321
229323
9135507
161051983
6767877
6876719
4451261
3942013
8731899
3893863
4638777
2202189
4103921
37179
6835923
6823303
3846329
1253133
9899789
2713179
5988011
9566091
6218203
442013
568311
8997993
2984231
3404793
2191751
8514659
7014159
8333263
897513
160261399
4912899
5198403
3079357
8529789
1275681
4263187
8530111
80887363
1102579
9650537
4915793
70585991
9057073
8689893
4657909
