9923379
6133107
2160917
2049679
5907159
49519
6738309
6609407
747357
8974601
2973081
317811
7170227
5169661
1539067
6996467
9326717
900303
1970371
513659
1808877
924199
7731367
2696157
5814093
6972777
3249891
2944271
7608147
2602941
9889763
2903021
1205109
9052123
2841329
681833
5590081
2504677
9516083
8053477
8176557
7536727
6432429
3611327
9162537
125106739
8831527
8858407
5678147
53061
4148297
7658533
9308409
206027
9652451
5532133
7511567
196770561
4257473
7051679
7466671
6027859
2062757
1117171
3016601
2582183
2420931
3003069
5731983
3121597
2774051
395377
2504639
1688129
1209877
6476469
9602141
8853087
3827301
3738511
5862737
3677213
6721101
8432151
8275959
171111
9894661
9830617
4336211
5917841
833081
5424297
1916001
9535741
6544749
2514423
2464811
8861913
642199
2743321
114742499
5818347
2380721
5993189
465759
6449641
5581229
99281101
5100111
3041571
9258041
104594167
212819
2995821
4282767
5565867
9491211
8907043
1597587
4478173
1819767
9008047
124657
169413561
4010439
4202519
9902183
1553699
1120553
5020097
7547767
5887593
436059
5490089
3794399
6516107
7680427
6171297
637311
96029
778129
9551209
3195681
2039353
183834769
6499191
1250809
528579
1490733
7177617
9698461
9020681
736701
2502523
7500687
2330377
33053773
5795591
5560631
5121641
1544103
1871951
2848899
2930099
8992217
1611189
257311
8668549
9364579
8785297
6727983
1337877
5716271
3483147
9576637
5470573
162533
4672653
8321109
9285179
4161739
9216307
535769
1830059
5919873
702761
372843
4608449
4453201
2927687
3145359
9561467
7447261
9133213
4936527
5063749
5020257
7916237
5097457
3583239
8160177
4589787
5946847
9257187
9256839
5446509
7501147
6021229
2298663
44748631
2758389
8005181
149520097
2515401
947931
8888217
4441889
3949399
9637263
9838227
6102529
4927573
1401611
5665919
3198637
8876553
1808623
1936057
5957523
5690611
3870877
978881
2790847
2511283
271671
8693989
8066929
3277879
2534037
5518121
8736737
4383253
8438643
3392623
9151873
1576963
2056439
2388861
764563
3404729
8827047
6527331
2887067
6117939
1847393
4854883
5149753
5011893
2875409
9804491
6079299
6674963
782479
7022673
6655443
2556067
4412067
7076793
3580283
781931
3338747
8421109
682859
97456739
1907643
2424183
872007
6919639
2886001
3800191
1947047
8806433
9512371
8866581
7781697
1032781
1285843
6764381
3168261
3582271
6862759
1293567
184432101
518847
2612227
7960061
4407213
8837571
6779717
313243
6449151
192038667
3241273
7951771
2547913
9034473
5540381
9266107
9230917
319903
6566877
4680467
24069
5939993
9470239
6984027
2358153
8401021
9231447
7484263
7785153
4937847
7343127
5877169
8293203
4622651
1823933
3866627
7500149
5265469
8869307
105174643
139232419
977391
6839491
3347233
7724253
6786143
421317
3642179
4311019
9812879
6716647
3641987
3078937
5370173
87634277
147069
2090531
6140779
2757191
7260393
5240593
886101
9238633
6960029
9998543
8225311
5039449
9683319
810889
2599769
3935091
153966747
883887
7615017
6302039
5996377
4500837
7258093
3586299
9062689
3228889
2296563
3218661
2405863
9994281
4307469
4159989
128681317
6692029
9755939
8104463
5641979
2331119
67634787
7680477
9074801
5339643
9617007
8558921
1811871
4788043
6436753
8504673
1660641
4337133
2036739
6089483
6761923
119900907
3693643
2272391
6530827
9659507
7750557
8130101
182592993
1614513
1858751
3096787
6140191
7933807
4560657
4958037
3449697
1080273
526809
4048941
2262223
4827261
1118071
6541807
2579663
9355927
1520829
60703
2609927
153552383
27377473
499349
1770267
8854841
5186897
5022109
115847011
5149901
8243051
5247597
7669239
1921033
878629
9265517
8721523
9518961
6463193
3934771
9386711
7922103
5523869
4883261
9195463
3687529
1729391
178076083
2657951
46491541
2025843
477489
153750361
8343811
3115311
2742431
1350763
458343
44115781
69019497
6787903
6484689
7351257
4587409
9592557
1666983
9959037
2932437
746421
1212831
9269481
7633469
1549143
138520749
5735807
946737
1840897
8322451
6162971
8293201
2487219
7552981
1487023
6497613
5431071
3381397
7477243
9984603
196892051
7296787
4201409
4931939
4635341
2699099
991573
2658783
3094927
1168157
8060871
8766851
124128007
5809013
7052697
3114451
104758363
1960893
1082881
9758433
673093
6137999
836219
5431809
7791569
605731
4396013
6510763
36200393
1713411
5150961
8022887
6928359
1459091
558461
2481489
7780517
3217781
3567993
1747483
2002611
4065831
6210613
6384219
6059701
8133837
8103133
5657611
7016087
5682573
9731047
7022881
9347733
4381179
9595219
5107133
1526213
7931899
1557451
2670631
5905479
6246579
7795121
33134063
201103
2049921
6135363
2358009
4661723
8272649
3541537
4516677
6920133
1706287
9375901
1885467
7057801
3827551
4113059
8346257
4969109
1737839
5654817
4742451
5384157
5836373
8255627
2254799
3478837
3243423
7252787
1556573
3717801
117860591
2282153
4180831
9884391
1624017
9165797
2957351
7665581
3787969
3115893
8240673
7301397
2967933
7462527
8757921
4279799
83501163
4148843
1305427
1565017
5627957
1285781
667929
7880931
9196007
8388989
2818293
9509773
1990403
1464669
2029769
7486563
1583567
1460107
7475163
6324623
7989737
35400649
8964253
1849957
207709
3868271
9100523
9262107
80233051
498023
6965649
175990381
5275137
8500303
2135587
3363139
2593199
116974823
5001483
1408237
5703471
748853
1279787
85493
5109287
9873439
5073981
5918167
2090883
4525689
8695843
10437
3001279
5707921
5949629
2624317
8501663
8606419
5267009
7941073
9234633
337843
3950063
3261503
5235683
2528219
9092051
5071891
8522717
4388041
190446407
375153
4972849
6383239
9212659
6581667
7360127
9425219
4727837
4469931
3966181
3287033
2981231
9559491
9684127
49444627
5407381
8533863
4390197
2365849
4586537
2419991
8326041
9929791
5945289
9746637
8617007
9437871
7628547
6117837
1841297
7984151
3499581
9637729
7310261
5022559
2144409
4513563
7494741
88013763
3491853
82358841
1642869
2462147
4657811
8390133
44131
2157419
6575671
49518661
6596511
2058579
5234463
9936593
7475483
7375491
596239
1736399
9111539
7220341
2940911
7435857
1372271
7683561
839887
3602647
6513671
149909
3998417
6645081
8306381
6200519
5758391
5268517
1548621
7271311
8188107
114464401
2390641
1310673
2225423
6809621
6610727
8315621
3838727
3897791
7805311
6160709
7352291
8702051
1005869
3196977
6649103
9164039
1213939
1058187
6074487
7540481
6751701
8521553
6963563
9352837
9223579
107657
6878531
2681263
7767849
1286581
7129953
9167537
4266679
7411317
7019951
9405951
7629597
549813
4018879
9634273
9654403
129388171
9659549
9309459
4236967
2474491
5598977
3709227
9171733
9993421
1033257
4392239
7439829
6680933
6593677
3612441
8670937
8597709
