121037
4992063
8600827
6847073
2345891
7519263
186323
58559
92688287
5577333
6964827
5528891
659017
1830643
1406973
3823307
1965323
7714693
5314067
7759431
4403649
4080141
3194781
175881
4916257
9476377
8061909
874243
7620219
3985861
9712979
9693031
9514229
9067291
2157829
183664813
5340561
4128201
9423439
5119381
8718349
8205223
3631087
7242613
6345781
2739459
8885207
1669583
3951779
3098041
3265807
6292107
6219979
9983983
6140561
3421277
2037189
487967
776469
8060297
3657143
3795721
5286559
4233673
290083
5118907
480571
7531857
5189107
685529
8479469
4473997
3302537
70534461
8686411
6733813
2313721
7601439
2620557
8487073
969443
282907
6573921
8675097
9283151
1554127
5477093
6567777
6097781
1784883
1481097
4131061
4486791
6145303
3299587
2673203
324433
9309067
7454273
4997747
8415747
5508371
3602707
6945043
752443
2991369
7002293
1942789
4155539
159008169
6985707
3789781
5585953
2246393
4948113
6063367
5006599
682733
6079131
4631167
9703197
5618977
87819
9145103
8498469
5636483
9942557
7195119
756061
9680759
2107969
8987583
4853839
6023279
8100779
724899
7234261
9058693
4104289
5259187
6838019
9015713
5422501
2304447
257159
424513
6457027
3077881
2440457
4074141
2397137
5094663
90822817
1385329
9315181
7348121
9507219
5900221
2640979
5292801
5946589
3665081
7602373
5001737
8557679
7047683
1661141
347641
874803
2826337
1560033
1222443
9491631
146778911
6102951
5566733
1864601
6818127
7646437
6033337
6793339
8008879
2121451
4874561
9532839
8074093
582803
9845249
9905827
7177197
6478337
5701453
5927283
686961
782933
6891553
7255143
5013759
8711407
8572573
5887603
4640999
4535943
9114023
5480427
9062867
8501757
8397127
8943403
9384917
6810199
9397933
6219443
9994881
2140479
2161869
6170961
5554191
9208679
1861711
86097
3211301
19700139
4874021
8433029
2855557
6983611
8534171
3467341
1423939
9517723
3262209
1637111
4100159
2076739
7630037
1955113
5006431
797533
4405839
168964013
9010649
7483241
177844021
1264681
2486219
8503771
1614777
7988313
4734083
547441
613103
1661717
3858741
3254321
4371021
7467779
5832343
3813809
3478489
8669581
6244943
9503467
4314999
4091587
2090217
4419221
9587551
7417597
9546739
5666637
403599
7058401
8823061
2200047
61401623
6947639
2589023
7810277
3883111
6400097
8351089
2236067
8015019
9395997
4671021
926127
7050481
9809333
8996381
547459
1720823
8529457
6878621
2573179
2729069
4003639
3332131
2651209
3782559
7001533
6362949
152744467
4768507
417743
5921711
8778173
3519797
54303657
8053689
3388207
4393477
8718597
6778689
4911899
2666947
3899827
4729479
2098779
7189437
6260041
5823241
7250779
6515009
3516731
2896603
1080151
9396757
9162777
4927877
2416629
2385997
7303603
1929189
1596277
9465183
5663881
8594321
3188451
8079199
8604277
1961583
7494427
865593
3905951
3995567
6548309
1286647
7249007
9204253
3441403
5168847
3696381
9030861
7006747
96430299
4898953
6533543
102599753
6458891
9109857
7452981
3084697
774247
1321213
281357
902493
9168121
3153221
9167801
4310003
7035349
3436807
3791649
8323609
3487979
6928873
3254981
1287543
393133
1139701
5239259
5750239
4117221
4833757
9790391
7713123
8596527
2458437
4846109
1952951
121840713
2893363
4477919
8211597
530319
2712189
7103777
9849399
5539869
7036273
2331313
7555517
8762959
237069
4608867
4035231
6430577
9416173
2941431
2248241
720981
7547307
57277287
4636151
1309459
9782549
1971789
84702041
3401361
1425231
6652179
9396967
3298521
3762563
944681
131077957
1044403
6997347
5690579
4289243
4787703
2062557
7871061
8221459
6216849
3049717
8831003
3612213
2156637
8360877
8775111
37487
3300381
5980203
9683253
5751753
625061
3151067
7168009
929553
4168891
9707737
1924399
192066063
1125989
4983653
6921821
6489913
2672353
9735113
7353269
7258641
3765077
668793
8271689
5067741
4430717
5649701
2699089
3614441
4574893
4361353
5904457
1779533
4698849
9643713
6557477
7291137
5043493
1733381
8874769
5804717
3660569
5643151
9386559
3140467
1110947
452201
5724619
7064993
5082859
6013871
3612753
7970839
6831417
6259641
6451369
4334853
247437
6775773
9791793
6289369
3095729
859471
1497093
7993459
5823979
7246241
6385941
3550083
6219607
3521919
6649553
1359213
595897
9682883
9556497
6984423
7782051
9775771
9842323
5145001
7220849
6854177
865853
6423941
2128469
3986433
2673179
8142813
9453593
159863
7736509
114521
7188527
4281521
1357427
5855353
117771
3064487
4674017
1651697
3269297
4727049
28439
3968357
3205857
7223521
3662311
3787419
9553091
591497
249273
1421087
9422611
1205417
2474133
8320697
8153659
8931371
101737889
3871837
3382319
8511569
8939969
4911003
6876677
9660729
8615417
5843541
1261137
9934929
4879693
12017
4246589
6880777
7159299
9368791
3287757
7267721
847097
3044871
2431193
9206257
6913201
4184297
5103033
2823963
8580939
5087371
3003037
3144113
5054081
3444607
1850087
7914467
4846201
3174519
91517577
2658083
9139809
9866177
4666049
5935969
2348723
2237543
8968847
1896089
1391321
3564501
79393
6796717
6068237
6149069
668891
6916069
5542773
4569007
490887
3604721
6912601
7920379
164378263
259149
1471017
3114637
6361629
6022157
8974267
6332039
3193113
1333927
1890649
540179
131837913
1209121
9580263
6162609
6190129
5834513
2522397
7237439
2568551
3802731
3089151
1936343
3295443
5089089
6326287
3954243
8571701
1306709
216259
5123651
5928167
9073051
3331827
6725803
8229967
2276309
1973397
8654457
3940257
8247341
151437347
4186209
1545027
4111997
5846209
4058079
2855137
472953
183123
8081469
9805497
2836627
5583819
6782551
34802431
9896063
3459697
4825107
113213649
5128993
1506633
9421957
2374087
9034333
2504949
5481993
7495509
7300853
7984427
6432217
9170317
6702613
762091
6511659
3533447
8510019
3594529
5173847
466901
4913541
9227323
1886797
61751561
2921501
1486411
2504371
1542091
6395519
1411581
4830087
6381489
8713121
1636563
9345573
8056317
4378307
5349207
2734189
6482139
6062373
185319
4034749
4865367
6845943
6087973
6563923
910293
1994053
4297293
2801051
456061
6584007
4624677
3465771
5076783
7753237
7125661
2663943
6639459
534461
171035357
121483
253229
2369057
151101377
110841087
2943567
6607899
5504717
3157371
2018853
4143867
3360583
9078749
7903161
68838213
2653139
718319
39591989
781359
5273513
2514341
4352507
2226211
6797003
9348313
5361451
7498931
8604599
3985361
2436493
302599
9122337
33721
1191697
3105413
4677693
8345913
9205221
8263043
9608831
3244641
1418829
676613
5128569
2453279
3205461
2722917
3259573
8065551
3371081
9405977
8934969
2182493
5678409
4962529
2794311
6889341
1340687
8770917
63200851
2347051
1309039
6248233
8205339
4112727
6615973
60342109
5331789
1428401
3161207
7643451
8018329
7547827
2684669
1766329
6781677
7643581
8443507
7087099
7824099
5438427
9891281
7970959
9388993
5953139
984109
7691067
6939031
380147
4411773
