7963913
827691
4606029
2047679
4918539
4107029
3159307
4189381
140563
3982781
7260727
7422947
3125677
107575283
3446737
1415927
5340999
1306037
9441279
8629753
7192219
3250139
2792311
464521
9594993
1456433
7358977
6194343
4098767
310023
106107
652043
4807357
6129259
8291843
8049323
8074809
170721
7552383
7332483
3987617
5621689
5712091
8742909
7403213
5467721
3907261
6776977
5805741
1369337
2061343
8647153
2064199
3771643
5326443
3497481
9566671
3254757
8877973
9353227
1529693
6734227
5452217
9579487
7865829
7257293
1543373
6765423
143223
876533
681631
4252713
5351861
3208659
1077551
52649
2040333
5922979
6169867
9133129
502613
3032871
8769877
7698997
9391407
4398431
2469693
85876683
55343899
4159791
4582453
9159963
489387
8851463
4530047
6272827
3352317
9599761
8551367
1116191
4806089
8316541
4900599
396303
9801959
9415039
2048707
67840771
8512759
3541719
6907407
4599443
5664467
907823
6893277
5775043
1118629
1475193
6499769
2726581
694357
1297839
1918117
3718113
7659317
5890363
2520239
2599329
3139917
5027929
674641
8399691
1878617
3567861
7161699
5875333
8396443
7866647
8789371
819981
2848679
3696399
3349983
1318517
7903171
1548631
7834021
9536127
3539431
8105417
832597
4923687
2901681
6545127
8938687
3895109
3961573
39990639
8475837
9449089
4348109
8776107
200749
952019
8728389
2841473
8146271
1715451
6802221
8543347
1097677
6084261
5377983
3831217
2355587
630069
6997281
5389317
2674793
7767997
1390717
7066483
1314529
1310929
9787243
8186397
8790223
4183317
9481151
8571807
5792137
9968493
9950161
5527873
9309089
8703427
5785117
6544073
6950517
9654951
1155891
925847
5372817
2927539
3597739
141096743
7281043
543303
3553349
4987189
624843
8292449
4916699
20209
3773051
3261329
6957933
4317203
161059889
7433517
2400441
7045337
6577271
9660829
7074461
2672127
6914633
3892507
6357421
5758877
3746877
5293497
6812783
7420911
4808001
9228797
6850237
346049
9478437
4914261
6464027
4286949
2630977
8407253
4775393
8297411
4014983
9401591
9125357
2839763
2733851
2196149
6508597
9966469
5653897
9998431
3604391
2620521
672129
9675163
4600823
7179071
2615631
1701249
995819
351617
1707609
3862029
8857077
6525647
3547549
7907631
6153711
7501023
5009443
1926727
9702793
6936129
1422633
3047241
9641939
3377917
9845131
9790057
6245681
922339
4390433
8118107
2112017
8068867
5484249
3724211
8551347
8397331
7649883
4820221
5508579
1041947
8338767
2775589
3746899
9941431
9888451
90322699
898147
114170239
7239089
4519597
2768777
8413407
7851549
8669123
7678831
184550301
5209313
6353223
9590507
2607817
1911627
3546299
1731439
1393047
7021789
650301
3415167
1850409
6835689
9158069
4556087
7159729
2934447
2991521
4358289
3008981
4919573
6511503
72167
5610227
3377561
1157231
4005599
8764959
9947201
212143
7265919
4853333
3199097
3624151
5113307
4646921
1232887
5669979
4450071
3035011
1436219
5122519
2379281
1980727
837809
5306647
8036141
5824899
2623083
7058443
6735621
4343059
2582711
418121
7790629
8152929
342913
4443527
9982593
9255571
3609371
5177641
4239593
1728129
106320367
4553281
4445251
3237361
8354249
9087701
4596527
578749
4899261
2201279
8577119
9482031
2986657
8073041
6833607
9302363
7710951
6332239
1920383
8946769
5606447
5872561
8596813
4864363
6314483
7899169
3377791
9533109
3042913
8521351
3067637
2873047
7289851
3446729
1863407
8720919
1873673
9682189
8320831
5624167
41187257
7063807
6658617
9020701
8687239
681553
40087539
163187341
3820229
1628971
9265277
1079317
2852979
6241463
5851321
3288353
7203717
3009483
6944373
7264283
8777341
9205807
2727999
5189181
9462291
6773021
5692299
3416229
6908153
8223371
6827893
6650593
99434779
5289937
2504429
8508589
5267837
2707397
6397821
6458871
408769
5355779
8219643
8855141
8746641
8169519
7110119
60202993
493031
5057329
7814601
5049409
686989
5198927
1332791
6795431
4642051
128042183
2296649
8076351
8933357
3237071
3098711
4105603
6166471
3117183
3331291
2798171
3584067
1027529
7540753
4087579
4844423
1642453
62259741
9674581
2822803
8472323
7668591
3433059
4772687
457391
637873
7741249
5172723
1660887
6019189
4835323
9418673
8874137
2050329
3936567
7216117
4952681
186772291
1247377
7355751
9190553
5917929
2072547
1884209
794997
6808459
4424991
7921513
252893
9437459
85147133
6035841
6177339
2315401
2705689
9042499
8071029
62810957
7164403
6145789
5132101
3384321
3102891
87022397
7784403
3230257
6080761
1694579
375043
8729717
5491687
7594117
3284437
23607537
690761
8247029
3645249
7250549
5798759
279801
756937
5412847
6048811
102287789
7520869
6576797
6235803
1873241
4515301
1396353
1728391
8218279
6537693
1575841
391511
6343799
7231081
6834413
5945223
8171141
58390279
9052263
3302611
136723501
4686167
3791127
1879531
3575603
8706021
1583223
9918681
7716241
9620979
5750073
8069083
529317
3471511
7680297
8644607
61606713
588043
3077467
9073383
7309079
2789461
1540281
9536313
3190027
3410781
4848281
2674801
9590771
6072479
1235369
7868757
8156553
1051529
9386689
771831
6077023
1443689
8924487
4913861
2624551
2359961
7898169
6427409
7786669
7690029
8743617
5492041
4961781
7027121
2052571
8506537
665207
9315069
9816867
5283613
8669043
804797
3105951
4012203
4135093
999123
7464391
2566937
4747731
7469889
5801489
7971287
1356251
9290511
5331263
5426419
1679589
1527193
2304009
3012659
7233349
6071587
9079489
927427
1739507
4594669
2833773
8145157
170541
6279133
1574889
5846439
3102733
7206569
6454523
3898599
1892991
16524517
5932213
7339531
4107287
4161439
8105263
96565427
2244753
9637457
6724901
9916277
6912607
5180707
2114167
2376471
8649419
1841217
184467597
7661157
9635547
1530259
7193379
2465627
4966039
6709871
5185757
434349
4888589
2544687
7645311
3684481
4554049
96327
4804811
4789761
4591743
3491001
5847719
2561941
1588441
9027611
2712183
6644501
6334997
5293447
7496397
305683
5291407
9937829
7540867
5068171
8622281
6526507
9215547
8284607
4883441
1214509
8084337
2381673
7660013
7831153
9604359
4864037
685963
9418193
8760123
5919189
7813239
8950723
6138041
2843691
3165111
747981
5778677
8445491
7631669
661651
7930287
472901
1880623
4412059
1719041
5510443
4941577
2684713
7659309
4310767
5384511
7752091
8276017
3341951
8169053
3968949
9195957
6386119
8174449
7911173
9572273
5155033
369433
898891
4331199
8976493
9444683
673443
904807
7841759
9914611
8480323
8554709
3961583
8714209
9063583
9636649
2838499
95598537
1868563
4743513
155781563
3613443
9374847
5483973
5508713
7504069
9411073
6224147
8092559
5361767
