543791
4318603
7666171
9293343
7263593
4774199
4150663
3418187
8076199
7645853
8267207
1446301
612891
9236937
6216671
7972139
8271927
810187
9161909
4497567
1020227
4984759
7736089
3141069
8678469
1374393
9287477
7238197
8229203
682917
6033233
1954757
9128019
7573479
1721187
4062211
2226641
6187137
229147
5568251
8576039
4690751
2240943
4846059
6735623
5962973
6345723
6010463
4027893
2598023
8479821
9271411
5080293
9544663
5529239
1958883
9894281
7077863
5541331
8790531
6016429
6781223
4201521
9955487
835083
2431541
8202029
1566009
6837099
963151
3033861
4305497
8812061
4783257
2334129
9314489
676967
1795217
4156903
7126709
786153
290439
5741677
5203041
281103
2805191
9690041
9475539
6287477
1346721
2703793
6822863
3170143
7051549
9343703
7019641
3834733
7720327
1821017
7955179
3115237
4537197
4271411
8453887
2833929
4980189
2028701
2238997
9403013
854597
1237767
8532961
2566289
548061
4263111
8034467
2434089
6807497
6744349
7936629
4471727
1644727
6658941
9387099
153632447
3425703
9466291
7872463
8099527
4367921
5780263
7376577
9799947
5972507
3791789
5940179
3823537
5010131
4810179
1205201
3723531
3769059
8712061
7377839
1842099
8564091
5454987
3165417
6155047
6826847
6227977
6234813
9401197
9628809
3053599
4543547
2912783
1677891
5518391
9764479
6330119
1746893
4308021
6641263
6869437
629597
2341179
1533237
937579
515549
7291091
5268019
4011347
4945439
9584137
358823
2458563
81087
5015191
5262909
183667
5902031
4101059
7565159
5410291
5807157
9322169
4463307
6728383
120313
314079
939027
7612899
5369037
3257947
8825261
6703111
3131823
43191059
6669179
1915233
9649167
7513099
3555547
1907739
6388021
3882401
6400639
7011687
89348339
1131773
9075697
4167719
7120681
4292983
4076489
334809
4322207
8521119
4077047
8385719
9700367
9738103
2414531
8763403
297747
4997231
767891
75815481
5015441
1112273
9813643
4661209
7400041
6622381
3581937
8448871
961459
5456847
8519923
8187643
8850847
6043797
9278879
7244803
5410699
1060867
3246571
5898529
176196483
773107
300083
808833
4425609
9650139
7416531
4645787
1702783
9541933
9378179
3253587
3503409
293557
3794943
9294349
7589039
6109619
9059779
2948003
3597473
6636197
4547993
5251349
147638223
2243017
628517
5361887
4426299
2949719
756811
8792043
1258619
2074847
5362443
1361859
8701079
3895517
6760503
128320939
6641957
2591343
137936943
3250779
3434543
1709469
9763101
6462231
7369953
9516063
2090817
8387661
3024807
1046093
1218787
2638609
7264559
329333
8707839
6071409
270557
7824413
166889
8225127
36074227
3207279
8748263
5667273
830913
82826113
8462399
3427
8073197
3797827
72354803
6752069
6296747
1000211
2103197
8780303
1634563
8989981
88215753
5742057
1093161
7882633
3611927
5241119
8679219
4387263
3051093
1851207
695207
8148147
9666667
5591373
5494979
8594617
9581121
2599033
4043973
4646187
2645459
4770069
155400807
7989677
7917893
2239539
9850323
6174241
6914569
2050691
1001619
1839947
9328423
8651181
634883
9378479
9478057
6011367
4768279
1854697
2991569
6793139
8424649
62038723
9903299
1744211
4225867
5808551
5331309
1311307
8053669
8471297
8470549
2136463
9350241
9243783
4155471
111791
483081
491169
2996491
2835547
2392877
5071793
1574233
5727489
9775529
4390573
9158531
9891439
3002023
6453479
291531
1264367
2883717
7219243
8334739
9168221
7325791
8826963
6051427
9342761
5685493
4848347
2094097
2899967
188696339
5936071
1111873
7414831
1787801
557713
727673
9274099
8662949
5686103
8034361
5767087
945921
22083
6168223
8372443
7431961
6388283
6286099
5752227
7420167
4687383
7959189
9572919
8642813
5452259
5827341
4361451
4423333
292883
8836187
8707527
4532627
6544369
1079003
86361363
3094993
7192707
1429889
8418161
82654859
8060707
6653289
4810573
2984381
8645083
9625247
7035127
7771319
1696053
618609
5873039
702579
3919817
5155659
8255097
9219423
635031
9838899
5077151
2675701
9412459
3157287
568903
4022569
85095097
5702141
9156359
1078671
215659
1665433
7624477
5917309
713131
2368411
8179057
5338417
6960041
6253617
4702177
6775789
5083093
9416467
3258637
3089551
4219409
7302031
2785441
7592977
3131441
1580671
194043
53503
8910159
7235913
667561
3637431
4983791
6004187
189206661
139661863
2340201
3717963
3549643
8650573
8779361
9427829
4846911
4617811
505431
196690641
9248101
6790151
6519599
6416621
2714857
9718249
6337961
4751973
9889941
2361021
7923293
2624109
2271671
1683853
1886577
8863339
3710503
2638067
149727877
3176273
6774133
851951
5926659
3051767
4269831
9004891
6409337
3126279
5024771
9405741
4885769
2998041
8998219
125357
1379973
6630967
4251349
3431093
238293
5379133
9985107
6127193
7692643
1251451
8457483
8398199
8811733
6829779
434269
3919227
2832569
9208237
8240927
7843699
2367487
3285803
5800163
2143709
35043
8268719
4650779
2201109
1953137
9528979
3103459
6431459
4456259
2846483
7590629
5376549
7137977
3772049
6626099
1071459
7350519
7421373
6769361
65577761
9146921
4278219
4214067
6246567
9653727
9679443
97871
5727089
4197913
9349583
2960503
7813419
2437287
74613007
8053281
9757943
5063617
5412201
4652683
9176617
4461991
4199443
5344039
147559
3343533
8652041
3481087
9442861
7006733
19540589
2033273
9969247
6571727
9380377
151111
6518301
9958177
7165009
2048563
3958783
1956757
6014117
3885941
6489811
3991119
8860109
2831759
4387577
8976413
6915769
79613
148941553
9947179
23628641
7172393
4291591
5639439
199039801
7202409
298601
7650147
9539919
199545203
1158047
9080931
410201
2393357
188521387
8393511
6555783
187035329
8358249
2948861
2273747
139446861
7938697
6939393
3703683
8219893
6811481
3545041
4152883
139480033
2036467
5667723
7219949
1593753
20714373
3848089
9766373
7061251
4539259
4517673
614963
1156883
9542311
3070521
6550393
7835791
2823483
6595773
2380587
6926603
2968729
7280287
8950551
5361931
6230499
2891889
6215941
6489489
3198119
7794261
6166657
736511
7707091
7508367
8825279
4822337
3069073
6090019
1273033
82702117
4991957
5314767
9148693
2360991
1350741
3328263
665933
7903557
8019441
717921
4333731
5405997
212829
2920399
2624321
8909393
103043183
173937
7926529
318429
6272737
9729501
7198383
1401461
1674687
1501439
7871321
14711949
9039533
4055859
4700229
9555697
83831111
5035201
5097677
3810537
7308269
286857
1209309
2418893
5534669
8991029
62070477
7454113
8033591
2908041
6299293
7548067
484649
1647341
6942591
9348803
7782761
1582007
5301721
9524371
1459013
17985649
108640203
9886641
2321933
5221893
6161571
4367031
9444003
8084687
4471267
3110277
3922797
5426027
4282563
7778883
4616299
5090837
6277417
6822677
