1049299
170463349
5609743
5506093
7783531
36769009
6362019
7705109
5345331
911059
143294139
4847969
8571303
9681179
1725309
1645257
9884053
57645303
8641069
230309
5359193
4855321
94579251
6002951
7755961
8574639
7347859
3026533
422497
9429277
8589171
5585319
152275243
6324077
2601813
5475163
9283141
8134383
8678559
6663013
8993537
9186893
5665057
7432841
6831697
2298353
568971
4966233
7174201
2357413
6976881
4966759
9983919
700019
5854871
6556111
66306789
5083513
8864443
4749839
7000463
1566279
3847697
8026089
6318433
6074541
4250917
3477533
1765173
1138033
5911599
7677833
8445193
4868497
8991589
6406113
303757
5803657
7882743
3678549
5644171
5282309
5302589
10429791
7500291
936899
6110513
8599759
9445951
8120187
6554879
5822639
962929
3867901
4877003
2834423
2981517
5690501
569733
5833211
2905321
5596629
4581691
8332433
683781
16593507
2323023
8775227
7956611
6370903
9620361
4097401
3291591
3123131
1601441
3719051
83792153
7737077
6633381
6128303
4807987
7799291
953571
149759
3798943
9814469
4430929
7349067
930817
9617637
7551551
2825177
1812619
9173871
1711631
4666979
7468357
5138441
1910969
7087199
2143047
3398973
3213199
4154929
9299861
8526973
949971
2446817
6535839
4377937
1493797
3213871
2472717
4002043
7557533
1830023
1366889
1911277
8646581
6838007
2462243
279303
4036833
3769607
133657459
8145457
4995721
7116687
425927
6935383
8503079
2824727
1624841
2385869
7646343
3551921
592849
3355871
9146801
9973233
2471617
6794127
6587673
2032301
5054609
9837017
9821303
9410617
978237
3580107
1991363
2692523
5837561
93543
20692197
8500133
6350777
400389
1081129
4989611
8165131
3919733
7064999
1120179
6618359
6757499
7746591
1818671
4307479
2673201
6078659
8663557
4096821
5594487
6596151
7430653
2070941
2125179
1803999
7258273
8111171
4116577
9476671
22233
1583237
531011
1726841
450041
7569831
3991769
9458841
2130853
630797
6149991
4195827
3795551
903199
5812511
2854867
7845689
3128743
4275431
4597143
3087357
3947959
7665619
3129499
1936927
4508569
1261209
3919881
8084661
4645569
7147551
2130987
5238291
6542203
5746891
2164871
212637
5529217
4274689
9824487
9808519
4238451
8133839
7992297
5764759
8042379
4920199
9943373
8289073
3734497
7932333
683893
937893
6237611
9453609
4944461
7966937
2309879
9676789
6110037
5031913
4815823
42619
9624557
3261839
993529
4764449
7615139
7649453
7856887
343641
9263801
7637033
7122277
4388819
9576931
7140703
2465633
118086009
3178231
707817
318793
5572577
9662847
1801803
1003793
8235321
9895519
9328489
1361559
6202157
3592297
5620813
572133
3757897
284081
2936929
6338129
60065983
246899
130541
1645637
6117293
6670683
2906153
5768343
8557453
6420223
6585361
9393871
386437
9705981
4946183
1487103
122537527
7013499
7986437
611147
2486337
7593371
9081009
2055651
5542011
2259411
7895693
9183913
4893447
8644953
8417687
6066511
2777181
569509
1698291
9912147
7920093
3616539
9765323
7707249
6558473
7189691
5304741
2794429
6135767
6988719
6666297
4766123
1866483
9219231
1341601
450079
3497947
2190207
2192569
3800329
5558219
8921119
2722527
1791243
6331499
5808067
3567829
6390823
490687
6625903
9552263
9731409
2295107
6559917
5190073
1090527
5942921
1814459
2014639
2484523
1293739
7032683
4251027
4917601
320341
5554207
9477697
1837249
64445061
8154341
1183371
7893139
3429759
70105837
2353239
2268867
4235277
3120237
7320487
8512239
5646091
110564577
1441359
84479159
2583617
7583549
9591947
2156203
4978691
8742471
966417
8278771
6727941
108166153
2357923
3273309
2339399
1853487
9821179
3742041
101440103
5563729
1393827
2403687
8662139
2364821
2404757
8437339
1112159
6106373
7326171
4310209
3386079
8687193
302761
6542241
1696697
148249119
6233901
7483353
8212227
2338643
1061393
3711843
1694333
4661743
3205119
3910147
6744489
2699363
3447441
3081149
7862153
196820299
455159
7349457
1993149
4631541
9332103
8645239
2196881
5190721
9478983
6108503
2363333
187063921
5465553
674327
466801
7183849
879089
7736351
39621767
2155169
6410533
9678829
535477
7490497
3920151
7917757
2156939
5746859
3878757
9394841
7949917
4770719
7253737
5607779
5754697
7327591
2581103
1467311
7809949
8325237
9264783
943419
2841517
8173153
440993
7250139
3640037
1805847
4747787
2793069
1966491
4905319
6655357
4876111
6549033
1367249
4557263
4383167
5596201
6496421
106844279
1375283
6227663
7326801
1066071
551863
8741959
5529563
8482027
2664631
8093891
7825699
6250777
2841837
5294377
2180209
5421247
5498803
2031151
4496581
9006657
8721627
4843427
8469201
5693847
5156587
7555321
7581371
2417107
750789
9487967
210751
5860893
1851763
9286833
8060359
1914039
6910757
5274521
1840939
3215513
2223731
9274877
1468303
3784191
6609793
8472403
734239
7220529
6066633
223511
8757841
2418913
5663241
8221187
7920913
530299
4132179
3845877
3561587
5312093
4543287
213851
2890023
4708069
8454333
7222819
9967039
8024977
9607433
6731421
8147473
7927613
2092481
5043621
8082939
7570859
5809181
6994831
344929
3934177
60937331
720813
7914111
7091287
2405893
1106709
857539
2087139
1618099
7167189
4577063
79085379
5659391
1382147
155892387
3097733
1172521
9871511
5540851
7363741
6224163
9708219
4272403
5849101
59110941
1230397
4232837
9904271
8601411
4310053
2804481
6521857
139790127
3886573
9770893
4445771
8880679
1335671
4671591
4834927
2375599
565249
6892479
3257567
53836553
3653371
1946441
1606593
4092681
8269097
7653311
6110071
3208541
8641771
5598437
9025949
7862891
8841531
8079861
5381563
9104763
3885727
2386861
5120383
3554943
3542367
8726901
4614727
2139653
1533133
120337067
7851903
5616007
592029
175140113
7083999
7226633
5216703
9919957
2792243
301261
5530707
971111
51951
130949
8212499
3505411
8056291
3816951
89001381
53837
5417877
34344699
982331
446441
5917217
7857247
3479443
5921241
6218657
7393483
68215857
2604607
6234271
3535399
3621323
74664203
5851619
8581899
9840989
560477
2715183
7539367
8373143
5411739
6408133
4050969
4858269
6097477
1894957
1127219
9465749
185564741
5756487
57183247
154583
8457683
4623877
3213357
1223433
1124969
9701101
9520001
1029183
24878961
297263
6901407
7933083
3636881
8745449
6595903
779051
4974917
6829129
665273
9190141
4932169
6254303
4969817
802089
2014963
9411317
6739837
6536501
3303101
1286623
6524761
9878359
2569473
1889419
2268497
6767379
5871911
6108299
9288357
7035971
595801
6823157
703413
9228563
3741013
9784961
4034511
8433761
6873249
5212561
1337641
1095561
7079333
6514647
4588727
93362223
3140627
7877763
2560107
8652233
7852289
4965617
1738053
503699
6571783
9712461
7342341
6583509
9113921
2224167
7046863
4807113
9434771
8618747
7627793
3497651
7977367
3038003
2825309
9451921
7644891
3130053
6659493
2727721
611693
6269389
2461839
5016759
6206011
3142899
4949129
