1503559
185672049
9076871
8493589
935873
8693593
4150771
3346781
1447477
9206217
953117
198576911
9827053
1875707
3103691
8381029
3338421
6870577
9293823
4178673
1162057
4326621
9940873
2202083
8348833
622777
709041
4582183
9623309
6582389
9462843
814169
2963443
971577
3514239
8350183
6988127
1066761
3323871
1921107
9992247
337403
4491381
1431219
1836593
5451063
3846873
2054227
5576383
4964491
8455549
1203103
8483769
3255689
2655481
7109899
2363923
8234563
6653941
8446661
6973331
4038579
363501
817797
5774211
9081813
6050389
2519733
8711319
97969451
2260899
188016939
4737133
7769797
7219597
110375251
834237
4005067
1812361
367737
293911
761027
6987773
1473293
2796861
2456263
8068587
4779229
4067113
1637911
6505689
3906443
815879
9877067
2763849
3521951
9313913
3219239
5630267
8734059
736247
7164807
4037653
9565703
2616203
506777
1613953
9908513
8826081
6769359
9061879
7678903
442211
3531317
163679
8972221
2182953
6573933
7021389
2008389
1971901
116741703
4971663
9938843
3486257
7673879
1297693
5503213
5538509
1486237
8819363
5190421
2330823
463181
8802121
4220009
3283567
5266893
973701
113588611
5610239
7651903
4978049
9452211
5612869
1678809
7127801
1772061
5988869
8940869
8330673
8921211
5849273
1139803
9251957
3585339
259593
3120121
7450931
24430433
9885951
2704277
8359097
433359
3234129
8201499
5452481
2407089
1628801
7148319
7460787
7783409
56049429
6011619
7587501
4556609
58238963
61872663
1093139
2365489
9371439
6303391
1622319
4772939
5392129
100337
1085237
107339779
2758733
8321799
573133
7412893
9024389
2317987
2783401
7697569
7579711
134837
6718537
9834001
7791717
2820859
3113681
2057813
9144871
2501711
2885537
2510321
7880447
8251191
4237329
170551687
1262501
3473111
9195611
5845609
4727633
763687
6379117
6704377
8202429
5358403
1241313
8666863
1781913
7430011
5551281
2197591
7325521
7301199
2753629
9482987
5290603
9720573
4795431
1748747
3680607
220183
5048993
2674411
6973159
7343831
8993267
1686843
4121571
7963293
4344307
77169
4933779
4457503
2696779
215143
6926311
8421149
1342391
5796991
4533453
5291707
4791339
7230621
3480089
5560459
2701433
85551689
2964649
107887309
239279
3708731
6401081
8563857
496317
7738069
9291457
3928401
9014789
1257271
507417
7878853
4558377
3631519
2918583
572207
4635003
8571111
4345731
3230727
7503737
4362193
7120449
4087277
4479673
15523657
6513949
3279019
4199969
9490687
8419343
35840677
1320431
9836143
4168859
2330943
9563763
1389933
2958439
6988723
1067691
7564949
1098237
7886313
3523883
4722899
2595747
183199
8163987
8288081
1281417
6807917
3297647
3842473
4227641
8908467
3686503
3720501
592377
2381607
7791897
8074533
4071453
9388939
2053779
7620863
421549
118666971
2330539
9168479
345291
6201087
1772741
7198281
9475607
4347723
4600799
6759211
1301831
7018863
588373
8597857
5912217
8540287
4363551
1565403
3442099
1349467
7200161
2435741
6652969
5754419
45407
9243627
4239061
7728539
75419849
7004483
3305041
6637111
1141651
9035999
4633303
8764743
8449077
9388537
3386769
795939
944693
7868961
9025207
4840921
9029869
9965971
1477851
2644637
63649653
1304229
8912103
7587021
144782233
910669
8022583
6470113
3293001
1017793
5317573
5411407
7480993
4078941
7156983
5387639
9773347
276707
4623679
4406783
119878479
1564449
4118779
4741797
6583721
2049643
1230017
9476487
6480171
4685651
7289659
4945701
8968669
455963
7470463
4144543
3974427
4379289
2635331
9442431
5448931
9174429
764711
6363517
8468079
9606253
4941107
21067
6000771
1439819
2596567
8163393
5475023
2077983
9150097
5339169
8992031
8813169
6034269
5115743
5499721
25532969
7442079
7797093
8230243
5967321
9514289
2091671
4061673
767043
1581603
7097207
917877
6023297
4525741
446083
751533
5292313
1363139
625537
7541763
7522859
3553051
4878881
696611
5625991
5224873
28289019
2369319
6242017
2246901
2001767
7443397
215743
8877987
4477233
1227713
4524017
5409373
5122829
2900467
9930783
7818861
7041013
7904567
9633557
9942029
8900679
7128299
2465379
4609587
9285589
4480359
8652519
9872791
1665613
155453103
3589033
708187
882321
4463319
7355437
7813807
3764891
8799319
2533371
186348651
9683379
5179003
5075111
2468107
6725883
5036303
2991457
5363111
1813043
6423959
5105741
2232653
118879
3955489
7565301
4565833
76677821
100630901
5489191
158111
1816063
2588907
9526931
7089663
506391
836157
1283339
5751241
4636133
5541771
18019251
1111087
3425079
1418809
4987853
6242047
6193159
1536353
1807569
5792407
1936023
9246851
3472277
5049917
154597019
7861269
7127257
3020371
753863
4695267
1177509
3267343
9982141
9030739
1666921
1319873
2664629
875017
6598589
2771967
3830163
1579831
3046417
9877379
9434191
6558567
2162373
3740759
5449847
6396451
950577
1736487
9949017
371927
6668599
2233963
4259199
2267789
2311063
8797657
5739741
7032537
3089759
7240973
8075869
2518777
4560913
6225563
6708091
2201887
8011333
143919733
4954587
8673537
7287213
389573
7000573
7433111
9264839
4863599
832787
1432909
208697
8249609
3893141
9153767
7813197
1559423
9839721
9071371
7698523
3998367
3243497
815827
4223551
2875703
9365607
9758081
9841349
1457393
7921207
2981819
2384201
5947803
1337857
280961
307089
2139749
1558297
5424413
592783
7184073
4885113
1031729
9625693
6354047
5449227
4408989
8629163
1799379
613251
7623081
9818577
7367861
9461497
1799079
3415719
8432329
399557
673247
82645197
4231481
2036733
4241957
9175053
4395179
1242949
5895703
9625981
7848471
6534439
5646543
4873393
322823
9735843
753789
9501009
606883
5916887
7254149
5882269
2357223
5921119
7579497
4047211
4497747
5297487
3338257
7555849
716067
5273703
223777
1840279
1108269
1171837
1982719
5856907
5577061
8726109
107139457
199610589
8813631
7205779
6234373
7291109
9107987
3011851
5215569
5450931
8522179
3998613
7392411
7527261
8597589
1320343
3996679
9785743
163967907
4655069
8274017
51063699
3292809
8288709
4017767
1360321
42269607
3565299
2270693
9941883
361939
7729003
8338317
32633963
6795223
1346059
7260747
6755587
1357163
5996407
6293063
2915899
3231421
198954993
3609477
2984529
6563149
1674531
1940609
8763309
8590593
5342243
6916871
5776961
1136669
5224127
4705561
2313409
3258841
2685659
5847901
3022397
3679969
2454603
1240669
4350529
4437397
962811
4387797
5712591
2928491
5392451
6966967
7393767
552783
6775393
5782549
8881833
6631169
1184999
181377
1009819
3668053
6309011
136752939
1924451
9697083
3835983
22229
5910977
8679317
817329
6924259
7801237
9180501
2531567
4385211
6475207
8922111
3886817
3529449
882397
8644373
2588509
6816003
