1546423
3253819
6100829
6441723
6591697
455737
4963919
7219487
7071669
1572861
2848591
8526807
9022821
9112709
3366809
481209
1331401
5302483
8660129
1938589
1143887
1474167
1160129
9894653
1362353
4615189
1688737
8614947
3808633
1385277
7553941
6010217
7336471
6937033
3033121
5380039
675187
8193713
7134651
1163517
3126757
4661641
3759243
6110059
9824561
9281147
9221549
4310743
9341043
289677
97339463
4877381
1267541
3094097
193091
2070573
9982749
7971159
6009583
1547033
1421059
5064799
6713683
5472417
8251749
967793
86218187
3494699
4695333
6851103
9114109
3315783
9934377
3333537
864681
7667551
9995629
2781791
7539521
508089
3510247
4139567
9881581
140112021
9534471
5181769
4901887
4199197
6029237
5810773
3708157
9994079
219573
32695239
6349353
9895703
926839
6864681
374489
3091177
2423501
2940521
2271829
7689227
7035659
3451917
7761379
426351
3830427
6324991
5995377
54014463
3189537
9655539
7246143
106459
1621269
7564023
2022291
5944247
5151959
7993753
9908577
3555741
312137
8608569
6708923
9116271
9818591
4999013
2824677
2976799
8336653
8225173
3687427
6657147
7277539
2851969
7675661
643067
4199429
1922529
1843793
5310131
5626569
813041
9051311
9487433
8777967
4126553
1613013
5975743
1838387
1810677
7772097
307407
6612251
5601207
2608367
7619661
8892441
967203
4064077
7501919
7613521
134054751
8238311
260531
1055391
997779
1708877
3427817
2664183
2272187
3350051
119333
9651777
9161619
8110557
6477737
7624119
9310049
39769
6851953
8906847
5353513
3523819
1649257
9638393
3366911
8515941
7561091
9852443
6567717
783669
1545679
9592907
3889551
1175227
7861071
605463
9633461
3610537
6172259
1870927
8384813
7946019
5933147
7362321
83247047
9502593
8633399
180377
5079819
4929907
247469
8569311
5963203
5261007
198021293
6707629
211489
4958649
226323
7440331
8325267
3562751
4829977
5923379
69952411
9078267
7201341
8165193
9145259
2445973
3931863
9881647
3037411
1515959
3932943
4739649
5584649
5821719
9680047
5991659
9902887
3215131
4557541
291271
5916673
8710629
5921959
4646963
1400539
669301
2149189
3401267
601697
7824101
6887349
3543179
8815121
229083
8555339
7597801
6416101
4457701
5406529
7524557
9561611
593869
6965819
8675971
4489843
7591339
3994487
6668669
8657483
5063449
1516039
3423483
2441511
2529963
650811
4060901
8757401
1082871
7006457
2656917
8960009
125197
8458963
2580621
2949247
7730653
6782891
4237823
2260801
3306571
6682787
4350341
8080861
1489497
4636637
2627927
5420761
3762271
9041179
1809509
7910221
120470963
5507079
8155873
1274933
2657279
117944267
210663
2957337
568333
6417451
775319
6629299
6411883
3491331
1616597
7366697
4816157
1576209
3042117
4602801
1301481
1006303
3497213
4143951
5905943
2829043
6487741
6691519
1461591
432621
9623583
4641979
307311
7283339
5827503
7937291
7232043
1651609
4423983
4456709
3924877
8127021
5087071
159413
7367819
2512411
9434117
4763537
6484551
6383937
3369167
9991981
6562573
5201301
199284451
1054399
4804779
588191
7063083
2328843
39643637
5368109
3185111
6981061
5103667
479191
8918253
3517969
7525679
6807013
9836481
3079861
1420097
2941847
1084251
9592629
135097413
1320283
8192281
2023373
7046701
5146619
453569
1527609
9684363
4786823
1357933
15526499
9304627
8690623
38908123
2240787
523969
8773023
9895593
1177997
3022991
9403159
5254611
2712657
25653467
6247923
8945977
2671939
2833319
1661243
9770443
9803489
99293487
6787197
2828993
7401503
111652451
4443309
5691577
3663817
5891747
6270869
8082527
3897669
9978783
5776983
6880897
60897
8753291
4966997
8612409
2081569
2612399
58693
1742529
6213499
5565011
1876717
6596723
4740269
9087121
7689863
751281
7581583
5800363
1938181
9022409
429767
2265267
9125431
120314247
7832777
3897453
5241647
48905171
4417167
6151269
7624011
1567679
6291043
2384943
1422593
1131451
4495977
8667869
5189699
8587053
1262299
8469721
262027
3608957
2212041
8536173
952223
2440543
1230837
776811
193221177
817249
1216281
5870163
5126169
4952287
1395191
8015529
3134187
8564157
7546693
8626073
9387383
2161113
100934383
187741
5762879
1262961
7903379
6616241
609961
10549319
4332571
5779921
5285309
82311237
636319
7849363
77136721
5739129
8677223
6416219
3723089
9675753
610159
4331507
5549841
2453037
4149907
9664191
138923391
8580673
1943103
6370687
3199517
4697899
9918119
8754597
5587231
9514601
5808823
1307347
2419269
1578671
128030777
3819577
7945131
6824941
3474507
6813437
1660639
7190457
9429853
3705939
3007743
6047077
3954569
7526531
3529719
710577
397549
8020741
2033843
8294093
2547519
9131617
2582671
7972083
7205193
2185861
7276839
1273993
2425917
5016167
1451677
786751
6099881
7137569
6057093
6305191
5746957
7788507
2187299
181980701
9555513
3167413
1375399
7638923
57261977
363947
6019601
190496919
8826423
1506007
60970477
3533373
1225267
8297213
8380471
8461613
2398223
771187
2411727
9014079
89669269
4224549
2741467
7856417
3195011
8607193
8094999
61950631
6067759
9321471
9200009
8306193
8680547
143889
2127147
4819637
5445949
7899973
5291729
5154297
7450631
3779613
2150981
4246123
5472329
9420461
31051
2320697
5796041
626627
299617
1571453
5489103
112918017
9974837
2256421
6107421
8078689
7324561
2687417
2883051
748849
9715859
7369283
5465551
5162127
7217961
4254871
7674117
2760257
6933917
9414657
1914681
8334479
560743
9259771
96044351
5656181
1183531
7433597
188674427
4827151
8002469
2441859
7542523
1017161
2623791
24597251
9600667
177871691
7284463
9203149
8568817
6969811
5881083
9569677
2316477
898599
4526511
5040659
4690517
7498417
8475073
4709373
5439043
4440007
7671429
4043181
3944737
7718609
2025579
9948507
4697983
6477673
9029241
4843287
4009893
9178103
5253261
4578067
3970579
914099
9163
6837979
983601
9544813
1666703
575221
8918541
9697657
2570611
673409
5564773
8537923
9328617
4588523
8091153
3736663
7345901
543669
4338881
935257
9767453
7378529
9968771
3773317
8787547
5925433
1443917
3885383
120289
2205349
3194761
7564929
1652343
8201823
2125987
7945149
362907
123620501
8312037
6529591
1627851
325743
9920843
8564729
6795387
4018243
1445409
8401829
4375607
764591
1696321
7668531
7633857
5332301
2520609
1323139
124828997
3585009
4306157
5227651
7939953
6465309
2644797
857479
4809703
2910193
4339531
9618237
3936279
9289081
302147
9610927
2010217
5834901
6705479
1435277
958669
1777341
6539117
9065419
4699591
5700157
4815861
143249897
1564263
6493907
1225463
644203
6138467
311621
4887349
9561841
3458781
8614771
2183273
132313
2179571
2475521
8930089
380443
7847413
