6085167
6727639
1127129
8134187
9535501
1057357
5587183
8473327
9931383
4965899
2989411
45485239
8426649
8030037
9250251
7662209
2275457
5663487
8908291
3066723
7016483
247167
5134533
9155547
7511147
3892059
341111
3065009
5755609
1431003
9432783
2800353
4073189
7025599
7357597
3250071
6952533
3773009
2580859
7179057
4929533
142739797
8134813
744031
163621401
5705931
5439921
15230829
9348437
1076257
5701311
8143929
1546889
7068641
9241423
5833897
5028051
6939499
9652759
749607
1415103
4311591
303003
3157403
7442453
636559
4638501
7541747
9073161
2096379
2162309
1703907
4187047
9870703
2782621
1925359
6431929
6698759
5341321
7329031
1037979
334279
3948777
4597723
142341
5900187
4856867
3204831
7245967
9709761
9800283
7093093
6668603
2597343
8459523
90055171
2376133
9722083
3398743
6460841
6707763
1172393
5726737
504679
1945627
8428471
138424143
9894973
798173
4166243
6971527
737591
3207161
8195267
3422603
5682909
7994547
2169271
6836417
7430209
1431177
9417027
7660499
8280413
916747
2801041
5875459
5082707
9033769
6225391
6113079
4193607
3441427
9453009
8074717
135866007
323547
7995223
6697853
3560657
72204013
2128397
68845371
7109979
6435727
1552517
136799
6536897
7931971
4711357
8003301
2466333
5287531
183671
1420651
6907069
6995663
1697833
1283319
7183279
7305877
676287
7057257
9046377
1871731
6158709
4973703
2875691
1452879
1657459
1875011
8935059
4315341
4440267
3192169
6780639
5596861
8329157
3605981
2336119
6088577
1204409
5994893
1214457
6410741
4463941
4456297
171663081
2778671
6332381
6849453
5621457
7450309
9375791
3810579
8655989
5815671
6090509
7672709
189770603
5033453
2705597
2367011
1007189
7696617
8588977
6604909
6622947
13785309
120168007
1010243
8744223
4356853
156450259
5669479
4743597
191598337
6981253
4753529
5932611
8716789
1766341
4471909
7892813
7942383
4436189
268541
7927279
7931159
4310657
134288679
8597633
7891597
7351211
6644063
9136741
9914777
1675151
484203
6254129
9506861
7315989
4513847
3432589
7066343
6261453
9326641
8004081
5689419
7260447
9277089
2518159
372881
2021299
7248741
2735773
9118753
2871287
7635827
3382997
7412623
7408659
3164673
859619
7064457
706433
8419769
5358719
8514079
8060927
46750581
304873
9155201
9249309
7603499
901283
8342063
4259307
827427
8428709
4877361
7378879
7733767
255943
2924061
9405903
471381
4114159
8107843
1557111
9609573
3287143
317933
2672367
2448557
1488033
2157031
606509
9240261
3807103
4881463
8222213
101521963
116067827
8972227
3836171
1511819
8510121
3286467
8192677
2499383
5241647
5552381
41965539
281987
2829289
5790401
4684139
3015361
775741
4045113
2539713
6343127
261639
3340313
7872563
6360217
51900039
52171
1058291
1147347
4058163
9758023
6573759
4024333
4531757
7509101
1849233
3445297
8479283
2115883
1482297
170921249
3282443
4605843
3194967
7372307
9063423
1857189
3796497
7344719
4543251
9711511
5103337
1486429
5857929
6273399
2401887
2621671
6195551
2377203
8390219
142333187
4006057
6185803
76269853
1798209
145989
1574667
6422659
6703497
2399853
6470131
64965963
3140379
5541193
1689877
2018673
6369501
7053577
7450671
7304437
663853
861323
66742423
6135119
7842281
682883
2058949
474099
6595977
5420181
1423147
2000523
911351
9851227
9508421
2308237
1446471
3015711
951817
1961299
9754323
3779963
442659
2763713
5434291
4186227
9030849
5580771
7633031
4410163
5471609
393711
5661349
3258223
7660397
8853943
9764623
6487543
6137467
565273
3448933
5509969
9534433
9573987
9132309
156122989
8506207
1432773
5906203
6940047
3753849
7985091
9241369
7972973
1156609
500629
4428793
5928647
1115753
3191047
308281
1902331
6698867
1036691
2618787
9316693
5165649
3120091
5092879
195753
3148819
2652777
8518229
6585687
346877
9989099
5982959
3747331
4728527
2942577
4057853
3208649
9643053
113891
1774313
3592687
2361607
3066347
7991351
3597279
9447613
8160649
2121501
7431041
3523601
6542721
4154821
2185113
9265657
3391999
2643733
9986229
3286353
2785467
6314161
29251043
8678873
7291667
6123013
1060859
5947583
6838019
2065961
1378143
129225061
4756097
1385157
4758933
3131167
8099699
5151549
2135699
2207243
6040881
9375093
6405967
2240847
3967423
9645093
9511999
2533927
6571413
9707667
7553649
4117573
524479
3156037
7989861
7585899
4499691
1983289
1578227
7214139
5790303
1417479
5921091
8289427
833799
3229461
6799767
148637431
7005557
9945423
9105563
8158047
8004671
7649247
2859929
8910537
1111869
66408617
4437543
5324859
3398689
5563727
6877483
1895723
4034279
1767213
6288303
6288881
8627117
3632437
7717717
9589181
3006697
2931521
8976913
925231
1183807
7012643
5982891
7356679
7012827
735171
48832463
6953583
2408743
4979969
4246241
1033573
1252079
1524963
8949201
6661391
6693397
7652609
55987
617277
5620073
1063343
7254879
9353253
6097149
3525677
9306879
932703
836859
3819197
1023213
3595127
3653013
5227897
1039609
2792799
5656541
4877109
9268303
4098143
843863
8518239
7797503
401017
167913131
7768099
8903111
495351
9787133
1284601
4591731
7041093
6457997
4435137
7541939
5651217
6755761
8832233
1994519
2840311
9330181
6624871
6874769
2344027
146085099
4568093
1205099
1056373
3776819
7238133
6756529
2920531
1965651
9964803
164957113
4383313
5399949
1283753
891429
2258541
5337057
2969927
1470141
6243203
3490019
7245369
1513291
6211079
184107493
2245297
3689999
9486567
47639
3059187
5233783
1763921
6024213
8787449
5361673
9669911
9650391
1605927
3406509
5427163
8451141
4845159
4175861
2452221
2928827
5908053
613109
1994641
5008887
9465977
6443367
6195451
7399
571901
6028757
2577803
9489171
4760271
5262961
8100689
9754571
5133999
175743167
4351783
5472933
7664367
3756811
2524359
3777427
23099
3644027
99820387
1737439
1489707
1128573
1255613
4860201
3775761
3718363
3124869
1319441
832937
506579
5972679
6163347
1967689
956747
4822391
1373487
2441297
3015787
7049169
6730867
6034337
8815659
2471749
2790373
7237817
1067721
9550789
3038411
1245451
9487151
6158889
2468387
15349313
3360259
3094529
2400031
6699677
7676619
4966403
502949
7637151
7830747
2423547
1021521
3708341
8369147
9996109
6877157
6484639
2266171
7912899
9607033
673827
9009119
117991739
6893471
3415477
7059851
2235409
3366919
631547
8059277
9378281
9525793
2754123
8468301
625789
9200007
8839609
9940891
6710667
4104533
1360959
4754029
4942891
3171579
909017
4367593
1636401
5645957
1701721
5424171
2439553
2275291
6996493
41876127
9872667
9747759
154253933
3358867
2464379
2751221
146275889
9109843
244339
8398649
2721249
