807337
5672459
2631379
4839267
445663
1666397
3244773
7296583
2842773
6781997
944077
9872913
4656893
3657247
5856037
5443771
127421351
1839273
3335257
1572331
5055021
2017083
9944163
1717069
2084879
8141381
9118343
8671231
1722581
9243249
7816957
7828049
3785813
3085017
9855523
7416103
2306271
8967169
3070753
1857727
3902313
6077037
1481503
7113759
9823237
5475319
646461
8282443
5624431
9805253
1710937
1524753
122652611
2298933
8647479
6649937
3668899
5408589
3080137
7562971
9771423
6060793
6426707
156359547
8885983
3341137
8957949
60579283
787637
3487703
6232023
5573923
162867
4903961
4532101
4962409
1272781
7492613
7463241
1272083
651757
6242263
106485521
9237509
9285707
1308621
1558129
1751089
1706723
7063753
3282477
1987667
6294407
2500441
878713
7386591
4720689
9456291
458781
7994697
3190721
2384671
8790867
4833483
4169513
4987857
904381
2468197
8843523
843523
9939713
3745371
966527
1238571
324429
3863603
9829763
2086743
6802899
4365111
6100731
141338611
22797791
2073571
3995247
8913599
812161
48533799
4442633
9620187
7147267
8436449
409691
9589963
7145651
4582149
1182871
9888857
8261197
2134049
8611433
2001179
3295231
3571739
6038013
7587427
9981461
8720853
7162693
5341937
5002969
9034899
3112757
1658581
1518767
131234737
188440901
8971401
8844313
2385191
9024201
747369
9340387
69739871
407371
8177839
4543809
8455167
4634123
8370367
4408677
8652853
4507641
2898019
6563553
4601629
6599439
8490247
4803277
5592091
1388267
5055693
650629
6754041
4038549
625443
4055683
38787
9277219
8446539
3574111
771591
6182027
5879841
9880857
227447
6372207
9800429
7986463
1863249
8879761
134531587
2345643
2394777
5599889
8430161
1310977
1253137
3779477
2905351
8711057
7982607
7443901
68217487
7467019
1188473
7637517
6400203
1721507
3934891
677123
7952969
2797179
4683447
2479763
7481073
8559217
9078763
8129889
8782397
9539431
8781427
150839499
828831
2038281
6299351
4993311
5311061
1118247
132633
7196777
4532737
778497
1190411
8914063
3091719
3360647
3846159
9073591
46189917
2003627
5374389
7522417
212177
9829001
5249747
6774763
2591327
3559827
2989197
6366171
4509761
8405703
3821231
2290269
7932989
7133903
2273913
9416627
3380223
1991801
3989107
1883039
3983493
4565159
70573
5293949
8536167
2517479
6270601
119908617
5201519
7742433
1405013
1820593
1806683
687473
7986061
1192241
1277173
3737403
960973
4891769
8976937
7408347
2949349
7814053
1025363
4827229
4357801
9463619
8516209
8810119
5476951
955037
2655553
3311557
3356887
6126177
4209983
5825499
5717887
586023
5794717
8666433
9329577
9481641
4977453
9438781
4923719
7461299
9132487
329373
7760337
1582133
8332321
2445109
5492437
969007
68291583
1951919
1678899
4163379
873179
8568951
9722339
2877351
7766577
6102013
4417421
7275649
2413069
5554541
8866373
1961263
4406993
6771047
977543
1071817
3441023
9349529
4926091
4480891
1689269
6455579
38829033
7955587
1409883
7195621
9984493
1736779
2953629
6194713
70299
7564023
2676179
56888521
3809399
7542437
6325459
7943539
5380331
6907609
1794669
3207717
2120047
4250647
9541603
944637
5794103
1336173
6037949
2529337
9041113
9687107
9354203
8502789
4591597
9038023
4338377
4524779
8560521
1915369
7951719
3397937
196389649
7548273
178989
673267
4533381
1909659
1082229
9049241
118651
8210233
6735139
4582099
8215173
1864111
4854401
6314907
3285027
7238681
7408409
8472573
4932329
5454527
7792631
6575863
8595909
7447977
1363049
1486443
5348761
8617919
5408123
7122079
8485989
146207
9112367
6913901
7081893
6751377
624507
69311361
6675469
643779
1892869
1234651
152151
6670783
3565131
6307667
3491607
3802123
6344923
3119251
4742811
1625821
3810187
5350603
5159299
3324339
9181317
2810787
582799
8252079
92967
9641513
8970483
777149
8476957
8782059
5696171
7406347
4762999
4234743
1375537
7348883
2993309
642653
9011353
7769961
9050543
8124897
6227753
8901937
9111837
3906683
2089831
19764367
8810207
3030503
8733783
3408813
1595469
3719829
6941381
7502169
5452421
7717123
8401281
5185291
239721
9227897
2518649
4390503
3784671
2942317
1635149
3844011
5205877
9035437
6686367
5600553
8131823
9355861
4901731
7629993
3517673
8311731
7453549
1534987
7988049
8561691
5599763
4693161
2724437
9988921
5110909
4081461
5560209
1395843
6544547
6974991
2245531
2588693
540099
1689813
5464407
3687177
3992839
6865283
281593
630759
8425907
133308947
3162291
7344841
7275313
5466329
7652801
9594561
191056367
3905301
1435131
3257341
3597261
351251
832023
3302469
5325579
3701999
6860371
4998343
5817571
8146561
8184509
2719389
7299259
7526229
9681193
5647337
6243299
2061231
2484267
4936771
5122631
2799669
7836739
452657
1267329
3733281
4207029
2032733
3694161
9587157
1009821
6223479
910241
7063507
9990613
3650839
1148017
2179069
8842671
148343493
8303941
8645091
70997629
6327013
529223
7988751
999207
1264853
5996657
605073
6391187
7220611
927573
2445119
7662377
9097219
3135249
545647
2765943
4981597
6713627
2795013
1379977
9546651
8899313
7309983
1098087
4607391
8167981
8807779
6981331
4116547
9650541
1062461
886303
2272279
1148879
1854687
8577507
8449191
136483913
8047017
2680857
8180029
9166501
931559
3616313
4602429
4728261
8819143
7991521
4978753
172696799
9610801
5547387
4695447
8570403
1996829
177419093
2253219
9370663
4366653
6894457
1399559
9682531
1429067
2969431
5277371
9763723
29523481
1108079
2097771
5141639
9960683
7627161
40888279
1350871
6829803
5900421
5999401
4907431
8900967
6978059
9957069
2558419
74207509
9532163
8885247
6419383
7575299
5744691
5176139
360637
3886047
3923163
3703757
573441
6478327
2497213
9361409
113251
2734663
8702011
8527899
3593061
8237811
4459557
723543
2788227
1626561
6080667
656761
4076413
178889
4174693
6467193
4296277
9285417
1949401
8153283
7790629
6281141
8603151
4840783
81395341
5005307
5563831
8631317
1599679
98736767
9548623
6491453
122303
2567757
3557273
4205139
7595639
1113803
9227511
4736403
1961287
2035089
118777
210817
7849929
2398949
6019143
1884031
61238393
7224569
8495369
1897553
5965657
3717753
8590589
3985663
8165763
4531677
3453201
3132811
9329153
9406177
9324569
9205967
6122853
3037559
371947
1508143
9748469
5278369
5574893
3757341
1055179
4230643
8972319
7280969
3722843
5889639
8224961
6194383
5700483
769973
891899
7131763
6189283
6225129
5548433
4351101
6451473
1596979
36608177
1189899
3578849
2530847
9093591
5417531
2725231
137387907
3721333
7092771
1312943
