284901
6699483
7756683
321641
7052217
5658223
2040919
9792453
5010883
8376231
1814817
8379129
9663091
2798991
2290491
3064339
2544361
2216369
4695577
3076257
8420207
9603887
7803993
2866383
5879641
1265887
975971
6128813
5745627
130016339
5067839
8145431
8080127
5700243
4459473
5911341
1026317
53092411
6689923
6190269
5929749
1844689
2625343
9820109
6992493
1248257
182016153
991743
4739347
8591151
1274787
8709543
4005201
6002819
3805557
8142227
5436023
4329801
2156429
2723257
4768261
4816951
4583531
6042607
93367
1840999
9700833
1293053
1316717
5156959
3995307
7210411
8121997
1620447
5565091
1842151
4541917
9725551
8663637
2315261
5527823
133090817
4946481
1673999
1353791
1709731
9991173
8738007
6152143
6249569
1615859
2273517
3958849
7622519
393709
5070419
7245221
4514987
9494939
3786091
105586459
6236591
3124431
2402481
9707577
7923803
2939023
2317493
6880133
4886413
1547203
1708773
7728571
6024813
6579199
9016329
5971631
3062653
5014711
4940623
1652953
8499681
7131597
1704903
6884539
1829553
5584477
9603503
7069481
1640027
5908009
2958723
1536323
6834061
8623049
6726507
5669309
4999453
1818873
7292219
4854757
7182643
6985053
6114039
1557067
1445273
1534071
1929967
5660817
6680361
3692671
491179
5642911
8355971
7900067
9753961
4080131
158281801
4115201
2046537
8526333
7038319
2745991
8762211
4167457
131114421
1726013
3433107
1082383
9158997
1652969
4696947
3041793
8251717
8329541
4091611
8153161
2214903
6010647
5097607
1699249
342493
138311
6634513
3767071
4547939
9434291
7274983
5128347
2396131
3284761
8374101
2203773
9096151
1732839
3790663
5459429
3011393
9769047
1351097
4709943
66893
1982759
97057
4653019
4285651
8129849
5513859
2325517
7516789
4120479
4954409
6929999
4320327
7426881
9603619
7803991
7498541
2703449
3764357
496527
487087
4861393
1152727
3429319
4479009
1770797
7761581
4265021
5079707
961251
4247669
615393
9660891
85781349
5726613
3746987
2438321
8974911
6342017
1782589
4362753
44605437
9011243
5552177
6285971
4325147
9183261
2562187
1279719
9057753
3146433
3341091
5872399
9906119
9549241
7615137
7820473
4541473
1985187
4287443
198032223
5456661
3179177
4164161
2630197
4122713
2199457
6033431
4879703
9405809
5281913
9242743
7639533
4184177
1593039
8154379
7074527
1010421
2495629
1783257
2200793
2957593
9608673
7485043
5108357
6813519
8007647
9180421
187335183
9357769
5188527
2109663
9742693
166269
9683261
6816327
1525057
4655827
5429237
9349783
2335103
3981867
2840249
1299773
5618609
3219871
4280313
8030229
7876143
4463179
1638749
8435127
3595267
9877873
8777373
5832623
5293851
1371273
9240503
7745479
4909393
4621489
449677
3724437
4089079
189443511
1494079
3648607
6736071
3544781
8952083
5957101
9187721
119943717
9467421
7903637
3799061
3527403
3113881
9605697
5216797
8985671
9098639
734689
9258499
2648841
4209927
589623
520051
4362239
8213299
3194117
3502389
3092049
552581
8342109
5312653
2081889
5418911
8427577
1288009
8874947
6842211
7649599
1585229
8703413
4317573
9784979
3352573
3693607
5712199
2830861
5452581
5055313
4931553
7393893
1837077
9633731
2316659
6393627
9590731
4283729
8194067
2945017
3799607
7524891
1699221
8276589
630641
9606293
8293437
8791237
4914391
2300599
9073287
2899011
147431973
1396283
6853239
5661059
5649239
6961899
3468187
7433979
8600003
6722031
9510277
5983813
895013
7197619
4429317
9108667
738163
2617651
3601659
4819519
3255267
8859251
1159523
8283069
5316429
6539521
1474409
8401413
9651659
7012403
8967437
6619809
454979
1781471
7081757
3194827
864017
4397669
6625129
9052723
6737139
190251
1461281
4911829
3414159
6223607
6531351
4813273
2773787
4915549
7267989
476363
2451017
5538519
7477419
4744431
8813569
1600963
5331643
6538257
5416461
197470229
9351657
91851
6125543
8347169
1259819
272257
2287183
7670909
2734267
8958281
449639
4299007
3149853
7832097
7575779
7471587
6202499
8943179
8879327
7696777
8719309
9449313
3313711
3541539
2545973
9207747
5198871
5396121
7412273
5076073
1388827
4614873
1469969
6804093
1081849
8477869
2172043
5075807
5612491
9776113
9370481
3056513
6533031
106587
6932467
6883991
4291823
6510739
4145477
1772187
489669
7888273
16662001
9774123
1086897
7737197
2417097
440367
3933883
2841901
106063967
8707727
3826569
32737047
551153
2302249
68874219
214413
172584561
17282789
66850259
1981431
538823
8990351
1526533
8057057
6684723
1663683
8555071
4547909
2024227
2768011
510713
2034227
8428201
6564623
1709281
3159307
2897611
2320889
8420773
7004111
2232909
4239551
4238717
6710669
3539423
7698917
3808967
3747453
4933109
7130973
1855799
7286321
2193721
4448643
74832491
304781
8263127
8433409
30845161
4842927
2441269
4896951
45850449
1166171
4840661
6033669
9426601
2567997
796873
27227129
954253
6581729
9223127
663987
5699523
7694329
4903701
5387301
2582033
3751747
85779697
5740871
6505239
3140753
2424217
3386973
418271
1532603
3932347
3001261
5985973
64079
147403
5194707
3825303
8094191
6338463
7127301
3853097
5946187
8080883
9809061
3421837
9933887
4187481
4715863
9388859
8683077
3346593
9330183
4642261
1051063
3900649
8162171
3476147
9650721
7127633
7249849
89094879
4544811
8585987
9507749
4955459
4582291
8885633
5479039
138050509
6584669
1250231
5059543
54173
4589669
600569
355603
3723899
1796619
2813473
5158917
4995419
8213643
2915091
3798703
9729031
8913727
472619
13513799
419477
5283641
2337547
3464921
7008251
332409
3857623
6373001
1466863
2297637
9446611
3888579
6441063
3078901
7044509
1964449
5467341
3331743
2672347
9579549
84628467
7537553
1427273
8687073
4185967
4369811
6126581
52509817
1092001
966779
4676049
3330243
2860989
7526033
3097899
3774399
3728817
5373243
7531531
1183637
1323009
3025087
6986553
1604299
1662691
8641073
3597857
5592593
189999451
4735083
5671537
2463181
680669
5510301
3967313
3389029
19567419
6654717
110363
658009
6553359
3904557
3780233
7598937
75183
1934401
9375181
8008759
6480333
3770843
778039
6801811
975657
5163243
1500071
6510417
4819619
7471243
3262921
1545287
4475851
8444589
174209
3338703
4932893
2601063
8763723
8219069
3702223
3311233
5725181
5442233
2318117
1044993
8587821
6621811
7722111
6396981
2077753
49531073
6485811
2911473
8887963
6197081
3778159
9137213
8961767
7335841
8392311
8683141
5938829
4478273
1103367
5751719
24410183
5793399
5816461
6300959
9473747
6428689
621027
5003819
7391149
7640689
5114283
6481761
3125941
