7134649
7425921
5620219
7614003
9764257
703919
4912917
5367121
1450171
8552679
116791289
7467707
4514187
824869
4393893
4280459
6390309
1394643
61887461
8517563
7981881
5566257
7129961
2979549
71424747
4357371
166491643
7816037
51009
4442049
9623569
8972659
6389099
6135907
1063079
5643471
4374517
5675763
700023
2372439
8809619
4671059
6849299
3736309
8743523
1876087
9085431
2746293
9617407
3100031
3973419
8964281
7141497
8022281
6562093
2994621
8574653
6710989
7947397
2017161
8748553
6483703
7480999
866887
1610279
1483223
8163163
5601161
5780571
2125451
1277939
1061117
4858853
3452089
6204339
6416579
2737273
5047633
9528539
8922679
9884097
6559399
9288117
3108957
1340017
5728421
4456969
4096199
3488431
185023947
3949791
3069353
3425129
3372527
5919347
2765927
1471183
5455311
6807851
8510617
9002789
3523013
77156783
7208137
7786507
3306039
2565279
1462129
3319601
5986823
5575787
5805489
3808733
5357623
9185139
2222727
5905229
2846059
3948419
5378309
84083697
7153663
2071057
1056861
2135991
4110281
5595573
9866631
8453977
3397941
4518873
8438957
7364013
8238563
8334071
6804099
1414689
305177
7079867
9612169
8630273
414689
3531431
7608849
8395283
8158767
2672447
9401783
2602773
6599927
2642223
9345337
5518251
333783
5264059
197867
9120063
3906029
1034751
5638773
6759667
4718379
2553743
8604063
5388557
2727773
1849533
201353
3820509
7111961
7620311
1605087
3393431
4931263
6653927
8843411
5986223
3350113
9746423
359027
4702283
1993771
3494367
3876133
3243247
4813307
1334459
7221743
6558541
2599347
5782461
5037801
3429679
8875517
7922981
4756121
5402733
9445489
7218801
8565473
1119549
6877761
5007479
4604491
4218803
7307439
4095783
4842829
1134137
3947927
2180097
5515923
6227377
932741
9961011
92582029
9579803
2031169
7651069
4873093
161506367
2775609
3401761
4847607
2989413
3118563
198716531
1063937
7889147
7525029
6425607
43136979
6898633
250961
8941187
5632831
8749727
3526217
186704061
4641157
5686981
180035399
722071
1123791
4460093
2665231
8470057
7718623
4759511
3140417
2466697
8176853
8139997
6678337
9600931
8414517
3678851
189081681
271527
171166551
4690949
4669683
3693931
3050003
8434691
9877971
138647483
3184603
2751371
4174643
6769243
6953933
488093
3693269
5095083
6276897
366321
3539193
39930857
3701113
1019507
8163017
2841037
4342289
8424223
854403
295979
6823901
5745843
5890871
1832679
2358047
5982039
2373239
7652249
9831933
5884793
5339183
2222091
5828823
3719067
691169
429253
2238467
4560601
3254671
1401781
9391311
4559083
2440701
7570739
8752399
2530563
3159667
5810367
3755831
9681071
6998747
9540107
8266011
1844279
7096291
3695601
145856299
7846049
5745533
6945341
3139743
3579673
1599767
7493599
7559477
16399137
3511741
8581779
2841999
8253321
2805421
9665663
632601
5723731
8301721
7841147
1126941
186013027
8525837
54859
3214909
5811019
1384561
4726499
112331
5854421
1719803
1565717
4994601
4349437
6473461
433667
153224211
5837417
8212829
3248057
2059563
7087639
5594157
8231097
1765811
4854963
9165693
2743369
7809507
3093651
3985459
9878653
4830543
3969337
6919077
8797839
8144809
6844229
2011481
3000243
9099627
2671897
6212371
3754343
5671163
5860549
6398051
4632991
753731
1612017
8420081
9270837
5203091
4352841
1352853
3991477
5300603
4294211
5932407
7331069
7717017
377763
8363087
1045447
8079351
5668779
7850723
2950393
3910089
3998139
1970763
8703921
9575349
7982691
5211607
3485389
3530839
1085841
5091889
6889369
9429653
2966149
6770851
8653479
7288571
6886743
3991509
6912319
3752969
8641511
107970793
9158037
8063929
334443
2718209
246577
4622423
7843413
1579347
6671777
9938393
2835583
6816179
8575809
113699
6037729
325869
6800211
5114127
4270961
5154233
2343739
3268117
8330747
3133407
1625809
813013
7549123
6333469
9612247
5751637
395979
1753841
3129301
6164587
2442661
9190333
7959909
2297477
1019601
9409079
9110797
6301391
7258591
5155723
1252803
5166967
7728421
5652497
549807
1578987
1477079
8892059
9498967
7399337
5854221
8947067
4630403
8532443
5784417
9075937
7336583
4157953
1034303
6065303
8747737
6034933
2343491
4336453
1942889
6423493
8952363
9404221
7239817
4721539
8155843
1502829
5691959
9470159
4612801
993117
3444687
7131953
5988787
89020289
7196859
6745883
175106701
9785953
5505869
2709731
1424383
544161
3294739
2841181
1327687
6989643
1983229
2300911
106918083
1505747
5550911
8007641
9564831
9219963
112071623
284379
146009819
7932979
3423999
5589003
8956041
5185591
9933737
8329851
1262989
6078749
3922199
8339971
8481729
9427943
6215497
4275071
383309
273187
7957369
5669007
1955169
52790563
6054153
90981547
6369571
4591889
6725191
9911873
2607731
155531
60778747
200109
9808269
8606419
915569
3984191
2987899
87323
6733879
7106533
200169
3928827
972889
437657
8367783
8057973
2041303
460909
6891597
4045837
432897
336763
8745463
7714277
6999469
5579319
953539
2923213
9026517
1831067
4167201
5142049
3507431
7937621
6718107
9105821
3456751
6166671
31621521
2498769
2308303
2662849
258959
9629821
2804457
1178653
7243387
8234261
8294593
7753677
4331891
3035193
2432583
4353773
6347959
2890487
7105451
2090469
5992349
3444183
9278261
9298197
5909009
3627649
6333619
8747147
8751013
5594649
5832957
4532523
3397709
1529703
150601821
3638793
6115217
2834021
546739
8395803
7263761
1014893
1262239
1844849
51051301
9670111
9152679
1083783
3866591
2927093
100896991
9540707
9965001
293981
44729703
6320139
4938963
9660853
2988021
8935361
6050989
1476033
9897581
2937669
4164927
9657401
1863367
4100017
1354267
6541947
7925911
3495417
3310601
1820137
8514471
7082053
7741741
783611
8991113
9451497
6567519
192337
3913217
2992927
4335403
3989979
8185961
5849639
4715139
5131251
2484467
7301237
896449
4322777
7848439
8519263
8737967
7954529
6516783
2285879
8488983
3807853
1611123
9574629
7459729
9381209
4111823
54507133
2803533
3751183
181760611
94958773
5049703
3426229
6186369
8007131
7491973
5178859
8241949
4611157
2219011
1105157
4331597
8649187
9213499
2519661
182593
42419021
2991413
1741737
70189303
1877401
182012597
9363559
132265151
8227349
184783
482283
8710203
3189201
9339557
6400803
6372447
3671857
7079309
7324131
1785467
365547
2600501
6206193
6869953
314557
9492281
5474387
3630593
9201913
9995567
3125927
7042931
3235133
8556653
4971331
32811341
3601009
2828637
7964317
8889567
3368491
9578489
7480943
