3183457
121549
8033843
3311041
2991453
3033211
2017481
2177117
3494441
6098007
8169101
4847353
3642341
3132033
3927651
5930073
3261349
8029473
9571981
6574457
2030231
5333553
8766961
1923261
1574321
9546671
8038021
2703283
5086109
5519321
141599571
6514953
9366711
3558601
8882103
5093977
6370813
4607109
2245041
69111033
3836279
5425981
3186809
3423633
8438789
1126023
3973819
7575081
1677533
116753771
3664899
5733129
675009
7200231
2656289
6646843
5932433
5170583
676621
8125301
7000189
7161901
548733
7180609
8411087
9708311
2220057
56499471
2075777
3482207
8031309
5180223
9981811
7452669
7313103
7604917
9134033
9096629
8254113
1372643
6965309
5354847
2690413
53136371
2592517
2522629
7650009
170201519
3917781
1820009
4108839
3826557
153133
1354273
6822479
657189
153251
123243093
7274929
73389
5201181
7669177
6008811
4244269
5316801
1569813
6677029
8919857
6334153
8788233
974027
9601453
989303
3528833
9814827
4320417
4970311
8727329
67633747
1884643
2688707
8713277
416373
9082697
7813423
3476289
6049737
793011
62678309
6387561
2913949
2502067
2219413
1035261
8935837
1625219
9588489
8448753
2505757
3666931
8096083
9862123
5778881
3478893
8265477
2173333
8387171
5033167
162722623
9158809
6894813
6847293
3724653
1385633
8240811
7926481
4960331
6172051
8025701
4284581
7797913
9035937
5375657
5442223
1021151
8835033
5998477
295729
6474363
9648221
9573519
3867743
2076817
3517137
9539153
2784053
60704531
2589057
1942829
535279
8187257
8663621
7010349
7972369
207831
1396763
2525727
196808213
6333317
27344227
1142171
9022871
7428109
2285117
8226843
2229477
5894491
4618217
8009713
1784213
3242011
8904151
1452387
8612551
2497463
2473153
1369973
5848833
6792669
9964061
3701881
5514209
4403409
6210593
7332389
9584587
9684597
149371
2632411
7296421
3470227
3961261
7020581
84951
3869763
507591
3522771
8129797
6499179
1515527
3695353
7270507
118884787
6627139
2067981
7436171
8633727
8370581
7607687
3846101
988697
7201437
1188181
4544801
6549501
4649091
8432041
3122947
2339089
3737827
2844929
204541
2506491
5497067
2573489
1862753
9816721
5116143
1883651
3397879
3530127
6458951
4057957
3570681
6009819
9441469
1882383
6822357
562683
7398637
3536121
2936771
4874503
6770859
885583
7048419
5924977
8222443
1251651
7134847
2596517
8539711
4418573
814457
698767
9621743
5372679
95233
6316883
7163737
9972653
3128371
4654231
4888487
2525933
7678973
5928523
1730887
7745013
8477131
1102281
2386817
1122381
3368313
5454557
8254521
5058987
3714787
6702289
8441981
3227543
7824949
3478441
4588893
4866499
1157717
3012723
1350433
8765797
6438901
9367833
4581537
2833327
1082849
5723407
3195367
6866493
3989769
8296393
6902803
2280099
375881
6590537
3998371
6111817
5619089
515647
3111411
7547409
5300921
3870179
5304313
7284517
1265773
467991
1798601
178064147
6884867
349141
2395213
2481829
7317933
5559317
3402019
9421327
2878511
2096879
7503219
7473933
4054853
485827
5146637
925493
5603289
1501243
2680547
7906489
8013139
6428611
50022027
6946933
6469561
1851099
7126543
2331019
3594627
2666469
991669
7367317
7625473
9224437
3458453
5436157
5390869
121536613
8277059
180607253
169407473
1816957
4162269
4250253
2543783
6116729
5515767
8067443
5077139
6846421
9218737
1081301
7509061
235607
3634641
9061979
9054513
191126779
7207629
9119981
4721761
5581017
581893
7878059
8975293
7337851
9784523
9581891
7788949
8773831
5845349
3299313
51486739
9425909
7946971
5688251
9381359
7011789
3491611
1346051
1987947
6317371
796111
2230393
4257541
2274333
960883
7482053
8051183
7174511
198768069
3323439
5139261
1762969
2021033
3676087
7057831
5743003
5586699
1057553
889611
47757
4589517
23569139
1876623
559833
991803
7808161
9792309
3551459
7688969
1278963
1092389
5107869
5622509
6498489
3416313
1144283
632997
5847507
20291511
4053351
5505693
123246183
4076533
5801607
8670611
9126399
7770097
5218933
6615633
1350441
8996537
1549609
3823439
8285781
6371069
9609293
254797
8485181
4702627
6401013
4419007
2503199
8119327
4955281
9412541
3428037
8893889
7103893
7189647
5022587
2203269
3535301
5880451
6554729
8879471
1230457
2139879
2461673
8928393
4641629
7933883
93301901
163665367
5001157
6006839
6125593
8941423
6937457
1579727
6662873
9347127
4917643
7254521
7846121
5678231
4794779
3535757
8963049
3074771
8009387
7376297
6635381
2326533
1527629
2584023
1721301
5697943
3037693
1463451
2097653
6315679
5414773
175169
4163341
7203273
176567
9462097
8148123
2327373
59677
4686593
9732969
4034849
3961247
2622829
8061077
9167893
5613507
7153853
9313453
1987369
8634627
8442161
2763421
7636943
6237201
9670207
6415327
9878419
4479159
5987877
5270493
9059123
9667843
7095667
6116509
9012707
6676901
5455291
5575917
6263799
726199
4620391
4634751
6207691
3752581
2786559
8395359
8933061
8512561
119119
3214841
6933403
3370803
8204313
7905321
7253141
12920209
3059081
2592599
4255031
2390467
7619691
1684863
3966599
5459207
698723
6826823
7908107
3182481
7538057
8752469
9819933
6073903
9848633
557547
4390943
8490437
1539993
1726901
9687949
4646001
8771491
2454593
2961053
9465657
3660179
7897077
8717867
881117
8086531
5186301
72019783
8818347
2926769
4451829
9593901
2998099
8100033
6028319
9623291
5216229
2933137
3114679
5258707
198263
100868489
6761501
8780991
2327969
4994011
4674639
6683687
1907889
162121
2845329
8621943
8238541
8943517
1759069
6976247
9411967
1859431
784411
4226843
2728897
6570687
4727639
4987247
8749039
9766451
2896241
2565291
644201
6645123
2757173
386109
5227457
1650181
5558579
7565231
1591703
6339143
8248967
1196821
683559
9203011
3744601
13783
1297511
6550933
2831383
8443289
8706069
9886253
7583151
4509199
8166467
2204503
6701759
7610573
7197241
4736109
3134767
8968903
2542671
2295801
2574547
7141593
575681
7315169
5554331
5453213
6885447
3500753
6230883
712573
2909043
4382297
9179809
2371709
141296593
4492411
5896877
197978067
4228147
2831089
4199397
346613
5371189
170661
4322337
5182757
2242507
947131
8870713
4302669
8476563
137251
4227173
5956261
9013387
3932429
5596613
9265893
24369181
153217
7728757
1429323
6532231
4453097
117341
6012139
7907193
1154227
9070719
920199
7659651
9988629
4480383
5810211
2561997
7988793
83701829
8720293
5996967
5446053
8093751
4950841
4589427
2179607
968729
6543169
311007
9071521
4306319
930387
993051
1210433
7147423
9660299
7447603
5547971
4941683
8556017
374819
699929
9840289
6584601
6729953
2118599
8163143
1053501
8525443
7136139
8763621
3417637
9492123
659417
7812691
530189
114440821
1538997
8335967
4706719
1964177
9245189
5533783
2384007
35987
9701601
7223507
