8558053
545971
9608467
539967
1215203
2462177
2171753
182943799
7515799
4404157
5645743
4551443
7351403
132794269
5995257
2446137
882263
8203527
2837151
9024413
5743813
1904541
2337567
7509443
5880371
8038781
1738121
4465073
24805537
5838463
7452451
1449913
1339513
4495607
8207359
2048847
995411
7786831
3652171
4977283
4292261
5225323
6345591
2636163
4768243
5525437
1958317
9642517
3222007
6918977
8958349
55023777
4231407
2977349
1010713
2813681
651693
1842397
5484551
2218847
1749967
8478189
3251251
9548357
8217209
7745841
5182449
8765271
54528883
2441743
9624529
5519749
4131457
8626419
4321209
6253327
3318607
8065191
8460039
4494349
7218209
3297513
3576541
73509891
4887023
8833479
6285583
1489209
1009229
8720769
6764121
4517057
627867
8434651
7793123
9048651
8686709
4783251
941249
3122831
8005199
7102733
3326663
7422211
3461887
5276139
159763991
7917157
38278433
7055517
1725939
9805309
9578977
7997069
1652279
4610307
7772327
159380881
650359
9146291
9539429
9620289
9762681
5334657
2410227
485549
4787179
6090081
5006833
9673391
2522353
2437337
5691749
9817283
2814273
67369
6691099
8963571
1930599
4249413
191183363
7968283
2290377
6213151
5042663
5182749
9401949
3757443
5577881
3536389
8860363
4164463
496601
102716709
3646683
5005337
5350781
8068683
5959797
7397419
7181237
9120911
295581
45971
8685449
3858143
3647459
5578177
1196981
1128417
9601391
8518733
7523479
5488517
163057793
2120073
4215599
9506573
3118541
3471401
8725721
9289117
6969
7560639
6773927
6696601
8414951
1804401
9289459
4383063
1646291
18227
7903687
7010027
4993171
2227577
5479187
4982887
8115351
8177827
6482563
5069307
5641779
6155499
3321171
5025793
6338623
8967399
6648471
7519791
4135851
5090337
6945201
3621553
507941
3679827
5660943
965261
3221113
8818759
9983941
7550447
1768129
1321793
7521239
4753943
6087401
2723211
2523137
131852133
7237587
172905563
1371559
5584197
5289237
4324037
7557367
3036769
7476613
2601079
2589001
7954449
2839689
6664887
6346667
7946853
1363657
9711443
1334169
9423811
7997813
1973941
9657127
5881783
8695249
8219039
8955069
9955073
2886743
8278187
7560893
8011719
2223653
6981109
256219
5218219
7844731
2814951
5578787
7699013
8473723
7226913
2292891
5775749
596923
6858453
6188657
9244489
3071153
1858631
5701993
8145253
1756319
43540919
3095951
896681
5969211
7831097
4230811
6063929
185841
5977019
4003359
6818931
21963
490771
1929831
2636431
4805471
6165571
1282497
1600033
4812867
9300551
2529473
4526377
433039
6798161
307797
5768051
7474067
7935567
4818007
2902191
2260127
4280857
7707511
9966587
5067711
8253701
6824379
319517
4561429
6831299
9049411
7451171
107678709
3428257
1109537
7160983
6701107
2984649
7855343
9022629
6786363
1633167
5977273
1824909
916491
1065517
7729519
9771711
1622629
9658747
4594793
8080869
660783
8508897
168753
8652197
9830809
1175043
6835657
5657753
9321369
3297367
7662581
8124491
5362623
9608219
9219911
9969039
2503649
9663803
5939507
6909311
4878327
7954387
5062771
9266383
8466153
8859283
1521431
7723551
6877499
15078233
6578087
5184897
2624479
3247603
3088711
3281127
632143
8854271
8705499
6586181
6975043
9574601
481189
4063583
8071221
6018877
4755359
126206077
707047
4289559
6181663
3379081
111260571
4995711
7734239
121145561
4857627
702613
125029649
7792693
9535261
8977213
7093427
9615351
8312697
5254971
7914401
6749057
7560523
9901361
1262041
846369
9701459
3245273
8749239
2588953
8238779
8580549
6644623
3019353
8726781
7134037
8380119
95003
3352789
872767
1021649
4243669
8243241
4171651
9682889
7570531
2826323
843261
426673
51747129
8704189
6865057
9118419
1043993
2823277
37502473
4759513
5228231
3478503
846943
7493009
8646429
5274057
3692549
5207137
3886921
12719783
7548937
3858099
2814623
1788769
7374071
8067613
9187449
5967759
105971637
2060153
5437653
1165653
3815567
6013843
763851
1186549
8892133
9267463
62337
3937709
8395763
5559117
6203161
7764511
3280363
958047
8407037
4266287
3921421
9308513
3140113
2662053
132293247
3092453
233343
4191141
2704591
8746521
7747091
7402667
7954577
983349
6817579
7168657
9839439
943229
1200047
899301
8396033
9397171
1407591
8899717
2877207
8934873
7373621
9877999
4485853
129457281
3886511
8047061
7027809
8964849
5663911
1201701
9258717
2433279
2223577
4797919
1330899
5707397
9318623
243413
1910257
381087
4331667
8894981
924879
1920681
5308781
4855913
1105421
2914427
1863029
4109963
1224281
5100781
2592251
9019667
129552843
9964867
5212641
8771959
4463191
9002761
4309523
7083001
9130599
1825737
7197159
7575333
3806213
4159621
3110363
2955721
8307103
6280321
8221751
2132751
7140569
2988001
2634929
7659543
8263589
6584197
3544833
4945651
1052121
7866109
62079763
3544041
8264227
2364579
9395481
2138173
1865539
3320531
8654213
8941637
6687631
7372039
5142953
8462807
181861
4586729
6310269
194733857
101873
6283549
5560037
717433
8600697
4363221
7551861
7372387
9460159
6034507
1877853
7065941
9273219
9907357
9916757
819043
1849169
1116001
3200337
5438917
3112477
8883179
6554367
4627847
3978371
9968827
6934539
9328493
164165873
5958447
9114499
6388117
3110481
712061
2288147
8160499
483367
4412561
171843869
1295951
4813019
7937553
9715719
6915683
4554701
9482953
4974051
3651147
1162363
4545723
7614113
2367139
1777353
379007
315907
1318669
105066727
2077913
788369
4624917
1717967
8895507
3094719
2542453
8044123
6743109
710213
7812497
1480277
9892681
7010891
9593113
6910039
7141651
3404883
6576603
6362901
5269149
8512449
5719983
6969727
1707371
157042137
3277763
3038081
8445527
7142059
8692631
3933643
8457287
1689071
373271
2566179
7258301
2402657
78153031
4838023
445413
9750451
5772577
3738381
8210441
6501119
1846829
45942039
8829961
4489489
3106939
4789779
8304041
3339989
3711607
39932191
4345969
151026319
8096983
7204909
8357209
8418663
4978107
5647861
5838573
3421053
6345797
8257751
6753531
3653631
5478023
7006159
5481027
6884021
5517179
3814861
8451801
933259
9733621
9033973
5222161
821017
605781
2545079
1752859
1579039
5005211
2654979
8010581
5055083
4740663
6444461
2626373
2179089
1039927
1140147
303069
161229
9899179
7910683
3482629
3885059
5052869
1118363
8311073
9376701
4712163
2322311
497627
8004997
9952971
6518617
1327639
6274069
1919143
866567
7145171
484427
7273083
9552717
9169663
6242031
155115929
9527737
7957463
2296109
9114129
9758869
162973593
168388399
5915997
7550693
3067651
3229389
1248809
95558059
430297
