7946921
187909
6321921
9140621
6463373
2679289
7309957
3883769
2464311
1572599
6765893
6908799
2922677
470817
3391263
13507
6676851
2603641
6894271
9625481
4880099
6630807
9844371
2911617
3417953
9746251
132963
4043529
6634153
9832397
1931683
77670849
9570133
7306607
2493773
4197809
9589917
7142417
6805039
8824351
5662377
7930457
6637831
1114843
3354633
6622183
9141523
398071
8297277
9156451
5829093
8342847
3897967
5881783
3901389
3210681
1968249
3299243
4147521
3036213
1859211
7949899
4155823
9358207
4632161
198748711
2642127
6207617
6532191
61467309
6204687
3975537
2055941
977823
9353031
1810569
6704679
1033407
7513421
6720177
2720131
3764631
1015027
6097769
9134491
5975387
9923623
8382347
1150957
8126313
7082127
8870269
421721
6072087
8974879
7038097
9339643
2814093
763129
960483
8734151
7054909
2932839
3584337
981563
6735093
5208013
8750229
2966031
6392641
2076903
5563611
8488547
4778081
3082481
2388711
9568541
4886347
1993671
206729
8590227
9025119
1555727
2155203
7459147
8271527
9036557
2556289
5154101
3665757
1283503
9540097
4497767
7295223
365433
879969
2253871
1435797
8490731
2691687
5743761
3409453
3362377
969087
7782077
5759229
3918753
6849323
6382739
3876527
706543
4449923
4987599
6052211
1788969
6719783
650077
9016543
1524687
1132023
2662367
8719527
4553003
4470167
2904319
4352137
19413043
9719227
2722217
3193607
8825439
3754919
2183913
8194249
9734729
6054623
1639241
1130457
5269921
3941077
89107309
5484407
8476263
8386089
3870933
4281293
5792313
5096397
5777621
1730863
6800129
358907
1871231
1887869
2032933
1407373
9971961
3037107
162981107
2988729
1602519
4994971
9344469
1979261
10734197
3732751
4765361
1018647
7952749
164318411
8644307
5570763
4737003
8483881
4048201
9112277
9791681
9973521
4145863
2829803
26256179
7379231
8543067
1253863
4257437
5453147
5791663
5660771
7174647
1775203
5106887
1910601
7318231
9780773
2161971
2917827
9951789
4415217
760533
3943949
4613169
4946471
1019161
6641621
6666621
7047103
4480733
528457
542373
8301183
761849
4250557
973269
8424623
8703287
2918941
6300497
688667
6049023
6990839
6981547
7900941
2597069
8176267
5717881
58578107
79919
981161
4275211
7375351
2238703
5694729
1897427
7802291
4295223
8631439
7718557
5472009
2532877
4110341
7832843
323439
6934473
9898567
9267183
4370219
9547399
4368539
7416203
9795961
3849417
6040461
5906491
5581241
8747341
7874581
7163419
3508993
8964671
8692683
8001653
9321659
2114013
943597
4262891
7844723
9838311
2984817
186465709
1854549
3251867
3955971
4591661
917623
6611637
1849499
9027689
2693923
6375033
9483589
5395929
6375603
4707281
5314113
9698183
333443
5324487
4266233
131993793
8982713
6796837
1369007
7433239
751711
3473757
6791459
625441
7625809
2192739
7448313
7781579
3913583
7503537
4906899
2178449
783117
8663151
8797307
4256037
9577531
3377793
3328939
7793291
2858081
4124523
25150533
7045361
7505027
9511607
4939817
143210017
7392567
5967813
2192121
4250123
8296507
134407373
8325839
8200921
138037
6342061
2572079
2817659
52531
6482173
7006051
1339893
6024221
3477997
2958171
5974229
6925309
2742049
9621979
5397321
2183761
3378079
2891881
7411359
6542801
4317287
5177729
9819153
5920677
2584797
5162421
4457419
2481207
2749673
1325311
9932953
9925811
8865293
6671251
9143667
5695559
1099557
2494313
4368197
698619
3241059
7556247
7093213
8785427
7380797
9501051
6008993
6299637
2481561
5380759
3550611
9634781
9475577
665339
686869
2282111
6042939
2786163
6370969
3443421
5229419
2121827
8502091
5059357
4818007
88959359
5841161
2223607
7077289
8598561
6467217
4500137
6089423
5606889
4964153
1262203
626009
1547909
168475857
9722191
4014713
297019
649223
8352633
67757799
5819569
3944843
922997
6249017
4065991
1623237
2369629
7260113
5535117
5335191
3108013
94165703
3227023
4570931
9893659
5900587
9593239
8580313
2934983
1642981
812839
3435161
2099797
53103389
8420937
8695471
8610529
6405237
2354857
4672093
664533
4453757
948399
887311
4664353
8511433
8395459
6884361
5561073
9930391
1260863
6813567
7431577
5711689
5810241
8588081
8435529
3782733
4012241
3661087
6674893
2433899
2129963
2439909
2626491
5739711
4988577
156331421
5088369
2480937
3083227
4631047
3849769
9212951
3268433
6185763
700133
6226279
1833407
7668439
8197203
1966993
1465253
27387177
7919493
5985619
2790379
750323
2785453
3834279
3525579
6372013
4513757
3923473
8350291
4513741
3628289
5738701
9616259
1189833
6545691
7949877
2880721
9895757
2498113
7112849
88517
15769691
4904913
8032409
8374813
3822907
639281
1440959
6191013
130749
100683981
2243259
102936197
6217683
7843833
6336619
2000097
24944689
4977151
1950617
142426357
1778651
6632737
124407957
7085367
1101243
3759831
1070707
5869311
7853469
7424357
4770067
8346297
33871
1457399
432561
175079
8538499
3048531
190327
7558827
7759581
7894643
653711
3256587
3870629
6095619
8421017
3312711
6410327
8642763
5924839
7013309
4615089
2541789
399813
7903087
854897
8810801
5732121
221771
1230619
171889
8928479
9002597
5717557
7749053
9054013
4382823
2465103
2482969
6626037
13530067
9844923
151499
1630289
7250433
6773023
1306287
9704741
5274357
6340053
1847187
84364051
7101641
9926971
7142187
8019321
8607567
9339537
37397
3884369
7592943
8381059
8773283
7694597
58019
5449209
6774433
978539
8134537
3839877
7203537
18660721
1084069
9584111
4550731
4420969
8431837
7132893
5077159
7821937
7330909
1100539
9855457
576117
23019507
3596241
9704761
7895633
3549137
6362933
1931323
3866431
5985569
7757709
171827
6414507
8809437
5000587
5516493
5099557
9467261
8747503
2698957
140860479
444083
6140701
7826079
6718181
8749949
5907823
9537001
2318191
6052299
5215931
8539073
3271761
853147
4314317
8506907
6171471
9887981
5962767
1411909
3517447
9661501
3474213
6174869
2236627
9502189
2353529
1483523
9751839
9074717
4322037
4057433
3663187
8575641
4274839
12723723
2822043
4471041
3642429
6390737
9719431
224327
7340459
2425723
1836949
636277
819801
5199541
9805967
9028591
2364429
7676369
1259479
156070633
2444229
1093737
6876377
6111913
7211587
693411
1163287
73523497
2516451
6124041
9888559
5149009
7564463
4839643
2178023
1601259
2878741
5682693
2804213
9789097
4507089
9224831
8117359
4999227
1089927
7610439
9745789
9720511
2127493
4595123
5153359
6958619
766327
3640597
5767431
6825793
7961529
6604199
4804637
3305377
1936773
4904687
6227443
8632743
238887
3014851
8230759
8890697
4656601
3121279
6155067
8645443
3413691
5755027
8864363
2726307
1690117
8966293
6877623
2866003
8255839
404127
7841071
111030261
1069189
4797353
237057
8719681
1942651
2542979
9907273
5749809
54013
3073413
8124691
7901953
6526431
771499
8513653
106050573
7893671
959063
6516031
3798799
5494101
6576373
131843
8505253
1952089
4641169
951523
1446787
1335107
5883477
