4503881
1419571
5718401
9505633
9483679
2430323
5920417
1856617
3136127
1419067
454261
51589557
29749481
8382383
9955191
9190091
6968013
452881
1166313
2473027
45803607
4781383
175291
7844209
3824943
2334423
2428223
8007581
8297097
6431731
3922343
1524931
7681457
5089817
151713
5546967
8903577
9777453
8946393
1645037
6549119
7983079
2261661
7556881
845267
3650159
1722181
6331617
7429307
95318251
5704661
191167459
7548723
3460553
9041257
877833
7831253
9978913
1554549
6117177
190961
4159317
8829793
3435043
4274067
2023231
2803227
50618569
3319407
6375393
2719639
5330251
3070859
4169937
7882617
7346999
8158277
25744369
8636791
4994703
8253883
4399341
8888357
4997567
2337699
181467321
391863
3601839
6158837
4004801
523869
4779551
7656399
1315097
1277041
3711687
2910861
4522067
489453
9359241
7751921
4195299
1711951
3074341
2392811
8981427
8600071
6948861
5691421
4565917
5671417
768297
5090487
4306893
4640711
5583449
3597301
5427137
194049719
5391623
3019487
9638641
4919151
9653661
4176589
1861987
3955391
192901
8588487
1035227
9630707
8528771
140942693
8788759
2518921
4933707
7159173
109951
4395513
7476847
3607789
8846637
4923121
5126613
7403343
4068907
5434211
221503
185147431
930447
8829007
1557707
4264391
5717849
5640451
8849493
1898959
5700887
7803939
502109
7122683
8830333
1552819
9113727
2558489
7289999
7297993
9304487
7714021
446973
7731857
100726387
8930749
78134809
1030969
6939893
6139273
2626961
6570337
4885363
3813083
56437
4840593
5366231
8225631
9851519
5974457
3103427
6470233
112836201
1092109
3287709
5177979
5634561
4039669
6098983
3172859
7547523
9961177
1329019
5846469
9576769
6432899
2700421
3062007
1806431
903833
7354287
2719621
5042221
7837137
209159
2824413
4434911
4453379
2701809
6537459
2527251
3327473
1211599
3931079
2510369
134388661
95588389
1418861
3548007
6880599
2697471
5248787
8908049
5881113
8589209
9924653
384981
8964523
5955209
4258559
2272989
6326561
2660849
3134603
98961673
7551839
5650217
6466043
186591
7759291
6173471
7418501
8668843
6387997
8797471
9166847
5793023
9615999
6172133
758813
7037591
9233757
5173793
5306813
2076723
1041287
8355873
2746563
9906869
9832217
9121979
6113543
8000031
9577287
9053371
133542269
5728757
4833919
6437157
5310577
8860941
5533917
6824441
2833947
6014441
3005861
7350081
4038243
8761987
4984279
9150819
6782859
926679
6669059
7318883
3774337
6334457
3577869
4860011
2898113
2186443
6743523
9740063
8886359
4630301
6960277
2088313
9785327
2991719
150677
4779079
9751071
9478789
6790797
3272037
8715493
8590719
464833
1704261
7923073
4921633
8439557
6014913
8779239
2494991
2810329
8852211
7028717
6482647
69281537
3008139
987377
22214523
7243747
940181
6342121
7826329
7550727
2777117
9296137
3383263
7329499
7231799
8490889
7396141
6500679
8707523
2650043
1282683
7134109
1135641
7532477
8843529
4201557
6307131
9933619
9102137
4507569
4657561
1027481
4970473
7042447
1861817
7501791
5015573
5924917
8952173
3466067
5954773
680019
7719357
9336581
9594361
770789
8636727
1911833
3324853
1101473
144971
3698999
9720201
3374869
2409603
71023677
707477
6951983
1003547
9499599
8201977
4596383
6891841
677651
8577833
2103569
2069731
4250869
1716903
8345839
8369841
5156077
18564643
8324923
1843441
5960501
30553479
7055009
199390329
7119437
6307767
3550239
3350409
4981243
6989339
5390431
1354293
9176931
8594833
701873
5475811
8493761
3816147
9069831
1626747
3101211
5227357
636709
7450997
5704239
107365677
9891939
7623443
5426369
1214359
8822607
5292183
9677671
3604579
9421853
3497919
7981923
5768073
2310099
3769127
464771
3645031
9098311
7995033
184991539
6324089
652321
2287339
955529
9596141
1182043
5725159
8640483
8837099
9188029
7763603
6212399
8113353
8258339
5329069
8806969
8953939
3803441
9911603
198739983
3827963
2364853
9447447
8776831
7981169
2633293
3003351
8298909
8466439
5571481
4902597
7229069
4281147
3440163
7342199
9649109
1833311
5881629
152289
4654649
6877673
5876273
177710403
9873817
2070029
4840543
6682601
3916809
4805539
4017971
8961937
9955951
7392051
2593917
166243169
3392779
2903579
886771
6875759
9435331
6586651
3741289
6185353
1998277
4663743
3209519
6730027
8115561
1063983
2713163
2538637
1837973
621909
7817081
6095461
5767017
2330617
400647
140894153
80375571
8355263
4977931
8547463
9447023
8556187
2674553
5427327
5530159
2631929
5681497
4376043
5359281
827627
4729063
9430821
8636653
7644467
144629
4595909
252391
9244993
9243813
2829837
3552057
2328309
2712833
9542941
1948001
3321037
7128543
7654221
8439033
9416879
9607571
3934129
1984291
5716677
3779809
109039
9472043
2417471
126550977
4626751
8083659
7140161
1281601
4169101
13524637
9811033
35343637
6566297
5919861
673231
9771203
2920761
5503703
8821451
5730319
2515081
4879367
9497679
1639539
1617053
6068493
3887579
2177133
9299817
1284301
412393
3646153
29178141
3742909
2004071
5496799
6577253
7922151
4991859
2652253
1690481
633553
4088539
6849897
3028879
6832023
8306461
112889
5516473
499431
6749697
7374071
8819013
3643003
3716933
2501827
4776549
1730189
6008001
2679343
6022571
1375269
9547223
2955531
3094833
3758451
5280461
1745319
874989
811371
1526149
1184371
6105681
2407133
1854247
5023793
8225223
4305881
6542993
3335147
6548649
7591221
1718677
1378859
5514243
8310727
1721477
3464073
8361987
2397049
4403169
1692941
2865737
1131247
8320941
2108291
9280403
8726341
2722721
6194347
7327387
5698193
141940699
1383597
4358677
8985421
9212443
2254691
64369
1626809
4812491
7172997
4447061
4716111
8744641
3135797
4240253
6133853
460073
4038641
8471297
6333419
3791807
1052823
3547299
437557
544013
6831823
5642091
8024493
9096583
8647239
570761
6875949
1762191
20260847
25422403
3992953
6404793
6523677
5683009
2618789
2765981
9433101
1104873
9207637
1238039
9190707
1707389
5281751
2214933
1001441
2606763
427137
1612419
4913643
6722933
1853667
2706953
93026019
6674679
326927
8613291
156257399
68291637
6080467
7480277
6706197
8521707
3966549
7461789
8211459
5644081
6779049
7081447
320303
8831843
6734607
4021583
2631021
604033
4453751
387083
6800037
8385031
7570643
9863287
2665519
295559
6882067
7301179
155781
84011799
6513197
3025749
195581313
7177501
7701219
666243
80423
5515509
967859
909943
1530977
5620907
7551569
2116167
4331779
5833739
3392371
3823193
6702051
4208837
6611487
5502431
7110243
8201619
252183
8344293
2360997
5806041
677283
451491
3290563
7693297
164621
7426313
2408297
5218551
8141381
6223883
4070017
9182453
4673833
9835209
8287067
