6650961
3429259
6695893
8505363
8931279
2139619
1787259
1111527
2603171
7306219
8208829
7476781
3015101
853577
2652681
1900909
7606169
1423151
5753559
3340089
6217093
9481063
469951
7927813
6702917
1347977
5709871
8781659
8673959
6590791
1329493
6640997
8839549
5214811
6783193
2753317
1211819
9689289
4926571
7753
3879603
2527661
1843777
5884121
2094419
6304989
2976161
7279659
9313787
6246027
19934609
8261549
5143561
5309967
43590259
2024893
7239921
4944097
2931021
1042317
6358149
9298809
2462313
5345013
125018017
1012941
5234319
6750923
6497083
585569
7624023
3848139
294099
9873229
574539
3793821
3734837
9355851
7146183
3470381
1213247
5165689
2188133
1180887
8368971
6527111
7729921
9838447
303111
8481993
5007069
2531519
4191633
7623977
4312461
9011983
5438571
1630949
2622479
32846881
2603189
2188539
3072707
9262083
6524041
993259
6179459
1363641
3844393
2177609
5553539
7016247
8116939
2947773
4241887
123179147
411731
3810847
8690517
8840829
7772791
2522367
5288909
6122491
2078833
4992727
4335999
2668027
3755533
454557
113652983
5861829
1344503
7365849
1177597
2638197
9183017
1170383
1037449
2449393
5956759
4913499
4527717
3746449
9723973
4312727
7100721
9903819
1010867
5757417
5653707
7845301
8164013
3744991
8766497
32559
9872911
4440183
5246681
523911
54147217
74506239
7966987
8126107
6954621
5930623
6534939
5446273
5204591
3736727
6162837
1335127
2860553
6952269
8235419
1591503
9183129
2667279
1466861
4534967
3378437
22306749
3162561
7899413
1664409
8737989
7656129
3071157
4731227
4436433
6100839
1819393
6021699
7781091
6755379
3096679
6257711
464987
8957097
6193163
6398437
195971181
5216003
2052973
8303079
1543491
1208169
5070027
2087813
2269827
8517287
130620123
1451793
4828077
2108011
1173659
7434239
8296411
9352887
4006431
9553837
118918149
302367
4283853
8850909
6824417
4626541
5892919
6521387
550483
1437989
4914291
2085107
4927761
712757
16403551
8577133
3137033
4120557
4292571
125876671
3675977
2545877
846847
4204531
5371053
5475449
6798079
3925143
21757487
3447737
6897721
9770647
2707203
7175291
2340703
5237689
8473431
9989599
2742411
3677153
5308489
35855283
8201607
9217071
8049121
7915581
1338293
1277947
196920539
8705041
8205077
2928539
6764667
3271693
9486539
37635759
4183787
1604639
6276697
234837
4227171
6142699
5033779
1320989
169234279
3673697
1483219
8919227
6221939
4983183
3550213
7355519
8458343
7196653
2257669
9602789
2900271
7572553
6598157
1675181
7413901
8355569
1784651
5509103
764477
9773383
1241259
3260021
9493581
3455881
4794339
2937529
842941
6332143
20877
7799183
8813247
1673799
9915647
7450027
114798389
4486887
7699209
894989
7378781
7744241
9447691
5382691
4803963
2988247
2638857
2901209
664677
3728237
9849851
7350259
4290189
6924329
3827241
38572639
6167257
8034567
1592853
4954879
4098559
744321
6928089
5937689
3484777
179761123
7911747
1484767
6446407
5910911
9059973
5906853
5783423
4987399
1826839
7683533
4690761
6693067
4722283
4111943
6915779
8647473
2913859
7211607
4793239
4919051
306419
8158697
4840443
6475381
9549949
3990121
4964917
763101
59649907
4101211
6863537
9624059
8248697
1477859
2181003
7162971
5404071
4883263
7309639
5131017
6410271
387159
7385933
9517719
4037653
1151909
8914701
50077
120533
1434893
5394643
4367017
1986189
4372379
9790821
7585973
3656161
6796353
2707029
3034201
6119711
4884621
5163613
5262761
5308967
4693227
5617281
5827247
7599981
4798973
9013121
5135629
3859043
9139681
6487249
172882137
7088237
2894533
588889
8930959
4722073
6497311
8334393
738831
3089859
2629393
1136439
4292349
47104481
1221983
313631
5046991
8815391
1095439
4045307
3133539
2929807
40398957
9669477
7881599
9317311
5849939
9890749
1607199
3778319
2773013
1911339
8443669
3062143
7642327
7528447
5323031
7272867
4227403
5230457
9462707
846521
9165729
9410649
6941587
2249467
62389
6167773
3157679
1019151
3698803
7009867
5023517
4322819
132586813
6862861
9995793
4657287
8226969
1555531
3047817
7885517
3690949
3198743
6317729
2891737
1034243
1515889
5432669
7100997
340247
8630839
60558297
2130343
46899357
945697
4854831
2779429
9184911
7176561
4275563
1240401
3823451
773539
6015357
7315817
4890149
3777423
1965283
5075483
7190787
9712257
590539
3930329
8204017
5638129
1532431
3229667
1816729
441849
877501
5986967
2110439
3783551
2577097
9083873
8858379
7786159
1423759
116397887
1196383
3878787
9803491
8469871
133323
7421083
1536049
7914543
290133
9342963
9580249
370603
2389787
1758669
3476749
3571963
2720611
738789
4408441
9682327
1617771
8671439
7258751
4718997
2186053
6985943
3083337
9697361
2202081
368519
4352997
5696323
2682377
9450517
1268183
190676819
6496419
7787993
8451503
1750499
8949591
953047
3243717
2996901
9910837
23056883
6670343
1768277
9036759
170321989
7471153
126206263
9302761
2800149
2633303
3351453
1744859
197666023
6208349
6763343
719569
2702527
2295879
7660053
6287299
8602229
132342813
7449713
68819
8970741
7835573
6187821
50878979
4708771
2388339
6169117
1792941
1187241
7631943
8707499
8505141
8465603
8437941
3328621
5282483
4878603
6146749
3617989
2065341
846961
4805909
9813131
6513067
2335559
8034233
2294919
360269
3026501
620293
3046249
3127077
3841947
2050399
9036757
42341
6426341
6772973
4180839
2478241
8863879
8055819
6384707
3131979
5220697
6777873
494107
3473163
9912773
8183953
4706323
4472771
7093409
6512677
5022461
443381
8640097
7899117
1402259
965033
2655069
8673531
7559497
2086231
5796117
8557459
755191
349183
5676943
2242651
4140303
6991813
5714843
3273609
190492563
5765079
7278711
3273127
1829083
9383053
4761243
2210789
540261
5318577
5107649
4053707
3529581
1519949
3194883
2305031
3675229
8633159
9376593
119717833
7997131
4405507
8348513
4775391
8086521
47784841
9811371
1550637
881959
9244809
5016169
5565609
856833
6072373
5511933
1101597
7826753
7672691
6680433
6283943
7912059
2108511
9431319
1698631
9659473
6060889
139088311
4172071
3937617
106738001
9693761
4106089
85687
4910567
3912571
3402107
3730559
2720807
416509
140293997
9006007
7670981
7803903
6240009
9925571
7333941
7398271
9732041
5293753
6304229
4753557
5662341
8287409
5373191
6181241
1943079
9902721
9299503
9905647
26338829
3209631
9868881
295523
3073759
6436393
7216009
2418109
6276281
6327281
9557887
1735999
1198583
9349441
2639303
8859691
7343939
8970857
6909963
3032093
1767551
2082429
8258683
32227011
3581157
4779341
1432209
4275639
8110993
2727221
4101971
8997021
7388729
1544487
3538897
2337041
7771201
9541579
4608847
8603617
4421111
700041
5606737
6734123
4599729
4865307
3126541
3752321
5430047
