1147487
43414107
3567299
7074603
3070547
3353791
8152299
8523841
159677
9052679
6346897
8349957
7195453
9566387
1359031
163023913
233483
427767
8455851
6257317
3592927
7402039
1564599
1861589
8251941
9024683
9231891
3221061
5450853
6524691
111076543
192096431
1658057
4342599
7333591
5591619
1528581
5115627
8788931
6786159
3338687
457719
1614011
4649773
4814801
9288091
1274167
5871443
3152197
8179811
4988623
9584327
6922903
7854291
157696409
4261211
6319301
4444243
1886949
6458081
8221247
2710353
5221797
6267347
1204837
6033817
1517403
4682781
52975053
5219483
9702017
4201467
6657631
869219
9157921
4542697
5740297
8127933
1704579
1589923
2663457
7599863
6157163
6861481
1604257
9192099
562503
8544609
141338367
7360771
5098169
5128979
1491503
6204073
4729621
3934147
244763
37057
125883
2318731
2523817
7163917
4856537
1552043
2699449
9238741
2394993
2515557
1361991
8178223
9462847
3146013
309609
6309253
6177087
352947
8308621
1256553
2919701
7227197
2764489
8370913
9031217
5850697
1751439
6708277
6304163
8862977
673519
1931943
46603033
1862759
5935721
5302391
3811699
5877021
1905107
9936161
9945583
8758763
5969769
7973803
1719071
8252497
5582637
3790439
3472483
169405949
3944741
3377857
7141967
2785067
9052781
2811233
3177269
5682269
9529967
4595981
8362873
8892101
2739037
6041817
2142041
176367797
3672519
6212939
6394313
1101467
8173447
667333
4567011
8019341
1406313
8229027
2403249
9299681
3525131
9091969
2953303
3680117
3515963
574161
8790261
9758831
7072831
7213269
5955427
6503839
7790331
197310429
1091369
3765153
8825479
4184781
2167551
9467919
3873411
2362751
1473129
990221
7319961
6358333
97577847
6682357
2808307
2351371
9724523
5122081
3921163
1494013
5287911
25946921
4014493
165728581
2919939
92453071
6963891
4762601
8096363
5441161
22407
9809019
9055427
180721961
43230267
9174441
4600191
6059523
4711247
3811599
3765019
9235221
54707967
7340631
1724643
5342707
21147317
2051863
1679611
8403613
5722071
4897803
1621977
4965571
6394069
1569261
4209809
606711
100658919
6234607
3136571
6765761
1840593
1485361
9457747
7565859
3818983
7419289
2939671
5118673
7970261
5695263
7983277
8551281
8416487
6633329
4732777
691653
9898679
9075307
7509357
5179243
9257877
6447113
8955091
3275221
1595687
1286497
4979887
8931071
8882587
116306001
74074781
9647949
175920079
1307833
6696141
5167123
8493453
4777639
9051531
2304483
1197737
2732299
39260311
4712569
4298213
1073251
5944903
9148647
4152067
8611601
7111943
4803767
6595367
1292877
399707
7272393
6172293
5645929
6141601
7581949
1970907
3244079
9542429
9574369
3944937
5181327
1850051
5760999
5182589
5703903
998217
7008791
8674199
8832753
2054177
8312519
786653
7779143
2015089
4967643
5574391
5026651
3068771
4331551
158625927
2267793
6007429
6039653
8713441
5019511
2930163
4034459
7746779
6794497
4498957
9098749
1656377
8770559
9508089
803843
5258527
8132401
4763137
1434209
7045189
12212099
6724383
562179
7432047
1212853
1664711
9813411
6907751
6161911
913879
4309161
1928389
8913499
175108427
3151837
7497653
1932071
176177137
576193
2511433
783027
62806011
7168047
2071327
971763
4408967
9897687
7100049
2362933
6950079
9781547
6213139
9824661
2550041
3258039
14527019
4252643
8343643
131299643
9093281
1648957
382453
8076411
7219351
9249839
2593247
2927247
56413549
3475347
4696741
9326577
7045699
3033133
1607933
3142241
6964193
8074169
6891901
8335297
7363071
5607557
6199721
6853499
2915853
5784459
3327363
2454029
2798403
4808577
3378069
243553
9249077
451287
3155979
8522303
663389
632551
7702503
5139497
7335679
9507889
5094709
4915859
856099
1920037
6786323
4152601
1848949
1045509
3300383
4434589
5651311
5981489
3349319
3526957
2532359
1743829
139203
7431349
214013
3244287
6025077
6905281
8772287
9406461
9235227
6181637
139274071
9024557
3501623
6541551
892759
83119857
9530431
4938769
94483
169688887
8553749
9231297
1335331
137955763
2051869
9992381
196892953
7664127
7540833
2620649
3370543
42199
5394557
3741811
6811721
1174917
6763171
4125143
8363329
6661069
1972797
6547481
650889
5082939
103807753
6682707
7154173
3816799
9177323
6123601
3636239
3561493
6825347
6898237
6035829
6014829
9551571
7868881
1500611
2760933
4446073
6246047
3696849
8737113
3110673
7399801
9865381
7491917
5060377
89315417
5817321
5897279
2242749
2551097
1569153
2370049
2047007
5041239
2176159
673729
9161619
9651537
4334767
5158577
5598889
3121111
3534647
9585597
6881511
3518701
6174729
3101179
3506539
4345013
6958289
5546071
9993271
9955921
5841069
8880757
9656843
3410727
466659
6302187
3833001
3036019
2171931
9668607
3537997
6138567
99067
8866099
3411491
2886083
8361873
1378209
2385493
118294297
2164531
1325547
7042081
5069001
767549
4071347
507541
3339453
4588559
6023723
4833471
1131517
5894739
3322737
4446457
1128777
9084339
6632143
8194967
8175561
9718773
8224643
4858363
8148891
2231991
5106251
1187213
18953441
1871681
2671087
5987161
9362767
6237161
1633
91952521
6319661
631963
4037889
492409
165191479
951161
154401973
3086633
207517
1715981
1058843
1753683
9853881
1162089
1726147
2855379
6278549
48104083
2942163
7233639
3780073
8914261
5144951
6436169
7252037
8564101
9730207
1679891
7219537
175337
4139943
9507221
6133781
9620899
1279809
5198531
4376777
3296989
677501
7545663
9012231
4035417
2350993
5038367
7157429
1756027
272871
565141
8456369
3757047
7622339
6861781
112346369
2758019
4349519
764647
2869559
2677537
7784807
4445677
4886191
9857647
5910129
7812301
2225153
1690899
4406699
2138141
4093349
9158587
2248353
9775247
3833619
2524207
3631261
9535907
4509479
1120273
53463
7161043
6074183
6931947
3305987
6547641
3928493
3189703
5974089
847103
8407379
7377759
6823821
6957743
6089803
5227489
7322929
9979611
9023217
4196071
9588521
5272187
5746673
5894211
9815653
6115883
2793391
589751
362793
9518251
836351
4670451
8251181
2138929
1337727
9009711
9179151
4148537
5603509
7040871
5062439
2760581
9932833
725347
2202897
8777983
6510101
4723457
3443181
1282671
9806777
2245357
9210977
3115557
4009031
3906023
4663477
9610721
6273349
1880973
120804969
2753467
6086493
161753
18088347
4345609
6999743
2144917
4698133
1872637
9440347
1909249
6983893
3743739
8738387
6003461
1568101
6921011
2259411
7164713
1930711
7657349
3372839
8496807
5566291
8251181
1228921
4573211
2647139
6737009
4984989
3755167
8762167
4932707
5184407
1165537
4744631
4018247
7210969
7868957
1767153
18397
3311853
3975449
2977063
2411201
8641029
7413881
8459709
5056523
