188192357
8308137
65958921
8624349
8371663
3376983
8586807
2369829
6048867
7128239
6288609
2386777
8491343
8623797
6245207
8580401
8629603
9909191
3277599
5782737
6694981
3249189
4745461
8824881
1602669
3752219
9113099
5464809
6243849
8112243
2301223
2897947
7328083
135177
8101063
2650857
8358341
6970903
8732471
3011771
9996689
3006629
5145987
5975787
6558623
5597693
1689391
257707
7368901
8044343
7239521
4170229
9770749
5111171
4013357
6452681
1283279
7576063
4788433
2271941
659689
4101673
5161271
6610541
9762481
8699753
6604203
1776537
5893737
9294039
1908307
9244147
489311
4867609
5748521
3431321
3133567
608823
8216821
3076087
9590161
3842223
2099201
7289297
8911181
9279637
8981693
7183987
5511927
9524413
8569911
4475409
6011093
4571541
7224823
5898207
9691547
24020383
4815259
1251409
6771889
7988661
8861821
8652697
135885459
4329069
1846899
1348063
8917819
5114323
490159
1377997
9339177
2198933
3826067
7655837
1833903
8898111
6020843
9696639
3032207
4177803
6271587
9636779
3919153
2900947
9562721
6075333
9982349
1737361
4682747
132277
9002689
7432669
1418817
9472153
7478511
9530963
6530353
9869043
8997579
4154881
56975889
2605251
1618363
9323973
187040989
416399
3840959
4992669
2999557
4977029
7936463
2319179
4901609
3356061
8284711
7474113
6512209
8356067
9765571
9740823
4433447
7990613
8360643
9982587
3068953
2274053
1723501
3365051
5391269
1152849
784983
9495823
2464043
1126611
6230357
612709
46956751
812143
6685217
4998693
8927941
9078817
6418677
6275743
6860267
3387401
2129197
3020709
48839961
7337701
2299881
133580329
164048917
7847353
2134311
49104723
6109477
7225081
3104897
4488409
1453107
3076719
1036927
7105949
20967737
4304581
5751163
7433719
4341027
8224007
7097509
7378861
2487793
9127577
7259609
4544141
4322221
3262719
6310429
4661271
185146059
9255129
5567281
1281993
330753
7743107
1773021
2386417
7882791
3299663
3679247
6205763
3519121
6615823
274169
6740843
7017541
7119341
7669759
8693767
8418861
166787
1352091
89157
8264783
9686159
7253547
590693
7702041
3084347
9609689
8944889
4521691
8193353
7863529
5304847
9703791
6170559
973907
8429599
1974133
1161137
8316601
1030139
9461743
6438147
9928479
3533721
2066967
1258967
5272373
7220789
7295657
6586287
4817077
3491363
4334517
5491077
8116241
2190779
5822199
5405553
92721
3656363
6809493
905997
5714427
3043209
9782733
1563473
3914089
8968053
8639007
2399719
5555681
389269
2309821
4141937
3410097
518923
9715057
289419
4713961
1495693
398207
9828013
3070433
8136319
79307727
1322013
8735691
9826113
788723
7991463
1362371
9703193
32250353
1045443
7373233
2005387
6368667
3748813
3195301
9972041
130252699
8480987
2553383
77146617
1933279
9988629
6605193
2135041
9697181
3530873
9920477
4528233
2383197
8377481
1114711
6841043
6483019
50614641
3146809
174595307
3870247
7365941
8068699
9351233
1823837
6576391
5189497
7307563
7849929
9468821
8269261
3181873
8023283
7484467
7954717
3353417
6251293
9218451
2269343
5489527
8769179
2484869
9520557
6923849
3951391
7942933
6838361
2250679
2532339
7395663
7507301
77726443
1974463
72903
2354359
9051643
562091
9340401
6365577
5219541
7047573
118739891
439539
5536881
3578019
1977793
3789489
7995333
6561973
9454341
7244809
1695289
7864669
199063
8635223
3328523
6488219
9507153
4377033
4829649
2831879
184172751
2426077
7661603
9075433
566867
8924549
4650791
132441
2079217
7484463
723699
4469049
8392121
4183479
7243571
2456823
6337117
1710209
5223527
7968963
191936881
561557
5998653
4903193
9419563
6610021
9451981
8383707
6374913
431931
6008239
6212691
1924009
3985179
8483803
6789307
9863387
8483831
3209757
1070391
9733823
9183021
7808043
970727
8849589
7412269
8460567
128831
7837007
4752359
385541
2202143
5025283
1990507
9326879
1719959
7406227
8808429
1839491
3250391
7945769
6818271
7331543
5146427
6884101
2936279
2504969
4408441
6614383
8169601
7276017
3118317
7947403
5747929
602487
3423687
9547973
8002049
9662971
3132187
6252847
9517113
8582451
2260599
6706349
6823751
129086909
9452987
6454893
7249923
8745109
4515697
7882529
8563247
9654477
8159347
5425767
6614491
1741499
6434299
8605397
9736681
8542289
6051983
3576927
336543
4369769
6658567
7341727
2886969
5527801
1771131
6249037
9102703
1355663
2638683
5091669
1536527
118772033
5653571
8207697
1730411
2095999
5012027
2824261
9766111
4757047
7789969
148011553
9599973
6499863
5054043
4920179
9513639
8150627
1994169
7061351
5956097
1216361
8391769
6060151
3568627
7345679
1703329
9954103
606991
9728099
7668803
5522501
4425681
7852203
1111907
41729
3849543
6451613
836761
1612109
5299339
4082373
3770439
4986519
29627
2048237
1177877
5054449
7713783
8512557
1686937
6098953
4838073
1967017
2414657
186121783
1025739
6042983
2923869
199364773
8088887
5959187
7094683
1582761
5218571
8373141
176276703
1028153
719851
4684119
6259469
4613407
8737923
14966459
288907
41403
7478401
2529417
6821847
4339633
1295939
9582593
5762927
5133003
3470159
7440181
999287
1753599
1584299
8471607
8028407
4495277
3592849
9558101
6640291
7304543
8060329
919667
9348883
1594731
9724039
6771207
2348361
5719411
1195277
2474203
3144731
7275333
5618539
1355641
656989
3675533
8393529
9916453
8559447
1078947
9384429
179128117
7093
6530747
3043207
4921221
9915327
5451969
4485009
6365013
6629801
3297339
2446619
7008797
865307
2689197
1265681
677691
7951817
7587301
3791511
2683043
8238681
3366339
9516391
7562357
2112537
6645783
4738839
745099
9502871
2615961
6098719
3792243
2731979
1793173
6297351
4212933
5650391
9008189
8613853
1064783
3415413
4894999
3723479
691717
121947
8479489
116109
3457919
5046177
7296663
8011153
3860519
7855007
7692909
8346851
4918581
4265333
9282257
1219143
8975181
113977647
1922049
8291863
9209837
3146309
3747833
9097753
91184749
3898701
5103103
6181569
922609
5588561
4703393
72203
9421789
4565721
1901043
5101237
3933689
8602211
249359
6174493
7423741
3565917
7103733
625507
1469431
984573
672971
4625927
1182839
2945309
5779931
4084813
2783423
4981339
6565341
158750357
4893071
3199903
1720317
5473039
3517883
7899257
3904183
8059761
4976881
3133597
4568083
4911057
1459869
6566061
318523
6931993
6405167
104028401
4063057
3711541
6838963
8946703
730843
2774871
9955503
8436611
7694081
6099421
4187409
1987321
2460827
4386311
4024047
3577431
4327077
6177859
1565167
55804113
8182027
468387
7993107
2413969
34042137
5521093
5799627
