8242983
9331463
2880267
9260687
458807
9500973
5792723
2967621
243657
9091383
3101071
7518167
6186219
4054869
3704147
6576281
4879721
8414567
1982127
6157051
8666691
7994869
2069577
5374847
3601781
2270111
9762651
185623
2460231
8125909
3907453
8470411
4798937
162989
9861959
3206071
4049013
1741721
2081693
9617017
5022529
1539769
7075699
2150979
4218483
156959
2983377
2983107
9096221
5147977
7198183
8314501
4121761
5850689
633081
5140961
8131099
92913451
4529323
6353503
3079887
6908573
4557861
3715577
1350709
6694521
2995503
8998881
1707309
3492849
44921
9569117
5769497
3914789
8898647
5309309
87492091
6636739
9683299
1111931
2598731
4099353
9299021
9787097
8770913
207337
8888503
9247369
6050453
9583011
697113
6572611
1337623
5959799
1365441
9668351
2313363
6431549
2441623
8170303
3674053
1552431
492569
112068681
71339761
9349233
1893541
2567153
1749657
9265411
9889083
625573
144973
1811873
315339
9109897
5416803
8066763
5882787
2733461
7320541
6886793
2030019
5504343
5431767
1695831
4532059
1189803
3107923
1488857
1126353
1638857
7374883
721549
6673681
998113
6991277
8267799
1641817
3644267
2329033
6494709
1265033
6246899
5249363
4455113
1407299
3964353
621997
3793223
9427397
6105467
6682443
8662063
1709427
7645323
6019861
4990449
1364611
9379609
4520811
1804167
3799599
3254333
7070173
9054451
7378403
1920303
1277529
7663877
5896117
2657551
8726127
2949257
2015899
8770023
9814519
7150767
8460423
113097
8460983
8723223
4359669
9908591
3842617
3754171
119112667
9007633
7059349
8561231
9920891
2329921
2409721
66310293
4110201
4973809
9044253
6597359
4579879
9310353
6994521
6653793
3862211
9401691
1703723
5433459
7546863
15221
6912501
68209
43878797
5203343
7765311
4464711
8017119
3864377
8313511
6166347
858661
5164079
8296613
6734909
9678369
9027481
8481823
5216751
9749011
415307
6843391
8389069
5882189
2301901
7806129
9485819
774691
9031977
6632503
7370121
8113623
6798853
6124251
5954731
440377
3994437
5367331
130129
3107753
3464161
1222029
1186739
2957751
1990401
7132813
5699249
1343131
2680107
2682367
6422277
2553599
6266421
1789433
7105169
114605839
6480531
3793683
1062521
607499
7523273
5216303
5209811
7822613
865773
5397937
1562971
8783867
9636671
5858477
1292773
9982757
2745903
7328071
7088839
1719037
3231149
8480433
7466279
8906221
3399903
2169349
905579
771563
1644551
3527107
7433329
1037449
5344761
12801
7001009
3784569
6369107
6871049
6590549
7513741
134842217
9075069
1747881
6491227
8048631
9617357
3342221
9895669
7334423
1522893
6716689
5917563
1414361
604041
881873
9737733
4109081
6573009
48716683
9611341
7590139
8197949
7547617
7149297
9030569
1648107
4466121
3438801
6391179
3392777
7840921
5884059
6700389
5170389
8510917
5814437
9745009
3580129
6958089
8820377
6689329
105359991
1656779
2493927
9946157
7827723
680289
79765021
3948301
5312663
7557757
3254009
103282747
7769671
7796993
1696169
159610261
5082143
9370837
8198927
5988119
4605387
4885271
7012861
167871131
8996621
5883813
146092993
3443471
9051337
2839621
1622261
3539911
6777003
7451753
2082533
6830159
6929843
2421453
8988373
4586903
1774199
2764057
8557251
4949753
9406239
3823921
1868727
7426521
3141727
2157067
2148479
6281357
3709023
5965183
45711
5522093
850157
4376533
4794989
1743883
5871187
8891709
7174283
8900073
3054699
61877
8487921
5781439
7528077
8896341
5832201
6427061
6550453
171869921
5481529
1317839
165925189
3537181
4467267
2527453
76924819
409917
5013767
6801591
158828343
8056261
5437559
3677477
4102687
657841
6767847
4511479
681301
9851237
7213047
709107
6527497
4121587
8464643
3521661
489467
3301081
2904031
6267459
4905419
5439883
8388473
534439
5130657
572381
141288443
7509591
1046691
9901499
5161851
4884411
3281541
1007277
4509477
1749711
7968463
2633893
8565477
9140109
6790163
2222101
4910913
4772983
3543613
1889419
256893
3354811
9779997
748911
3992247
258181
608161
8913919
9907577
8686291
6350023
5865799
4705251
2532183
4613467
9773411
6083579
5892807
9525271
5137393
1179517
3449019
2640313
3538337
102722761
9838969
1324981
4287183
9724309
8501967
1496023
9066891
3913529
9371519
4067593
144277
4579983
3437197
7363061
8939333
552767
2234079
9180309
1601231
9291669
66088599
7029933
1410373
8973601
1938453
3878501
3732331
5927203
2588223
1441753
9765151
2007217
2679739
1932419
4115691
1232347
565981
3392219
5751451
1951891
8658927
6805589
4662323
7291091
68129
4379433
495511
8398139
571093
6530857
7574713
5917847
3803019
41561
5935187
8483107
684607
4735507
4019111
7260151
8974771
918681
7910609
5642783
6742757
5201021
6029753
6687673
8595203
7479317
8535387
9450889
8191931
3062631
30263
4882231
1855687
4819947
5385209
8244001
5019109
9194143
64733373
3500797
9133053
7136187
7825939
4781207
8502513
8525763
6316697
7326091
5330031
4849369
2597521
3442527
2887121
9185707
1559547
9693777
2874383
9696719
1322899
9951783
4571817
9335077
6859463
5209729
8359717
9514069
181426797
1129219
1960581
1495027
9906017
68520973
1967401
7297631
912793
6063091
175499289
7687359
249541
7942467
987447
8608207
3601651
2990439
9871931
8806393
5135119
8620743
897939
9807387
9421381
1172733
8759073
748331
5360013
4057277
6222693
5878731
8596623
9243021
8829097
8585771
3962031
940579
1094169
3407703
4278277
1167373
9437163
7850187
5587829
6523643
91647709
6873209
3143093
1623591
2611897
5812607
2370471
9219107
947213
1286257
4986657
1708677
1979099
7811347
8736311
6476159
1922751
2248793
1239899
4137409
8397537
5770971
6675309
1554547
8628119
3990349
4906219
8564977
4681169
4528113
6588169
3962581
7938483
886987
529671
1691493
1626993
7743669
6460683
797433
1786253
4829117
218187
3074411
6113709
4180523
7066459
1812683
7895641
8198377
3979251
2017523
2441631
7211341
9652481
6523537
3652847
64410383
6377237
1167063
4162803
2661771
1143351
4379927
5845009
2786109
4804607
4477277
5684149
403417
6538331
7468933
5678321
4829659
8935027
9926017
1931597
779121
537403
8034249
3933387
9195279
1107811
2852389
2827499
8639427
863771
9253711
899883
755487
5708499
399217
2074281
1112391
8736077
4046571
6362143
8031697
3204799
6946841
4679239
2070191
8698091
4245663
8118423
5461237
9410777
8293999
6610437
9255257
1272113
7246499
8376011
5258689
2188093
8091001
8334243
6135341
3219619
2279011
2669933
121337217
4115381
7153903
3409593
8561487
6406161
3651857
3621691
9898763
410999
674327
7822607
5316441
4451773
8688459
2083037
5233177
9083679
6474037
1709937
314683
4070697
5179389
7118479
6760283
4734939
8530501
8927637
3707977
5590303
7142489
5218447
8647641
7008201
6736401
4153557
5107147
4249111
9543611
5720339
9765579
52685157
174022067
7919
7367683
5457213
1928201
5988553
545153
2225621
7814741
3862583
