6169539
3128611
4117857
115280073
7792181
2506637
8279307
9138151
3751841
3903751
1921519
2217973
6724249
175541247
1092127
2798357
3040893
6185657
9576927
3793567
8909031
5906519
351501
4961867
2455549
6712213
7258549
3344107
1529529
5506749
9666863
5997443
5358411
9622223
8497959
3487101
4509589
9461651
4435789
8266233
6324071
4636471
9283721
4176449
4419829
7527211
965433
996183
5946289
1290953
5497051
1006981
9306603
1542903
7759877
3415909
2975659
7862013
9715711
2705643
6879441
7904413
628829
6662173
9844327
1547067
4237373
81138399
750213
822009
8577617
3510177
9130459
310687
9969639
5723657
8127181
7680473
8660269
9701397
8971549
8934469
5509837
8828731
7117613
5527699
4879361
9112223
6342999
1828931
989761
7355561
9474493
3092087
6111093
4809701
1646127
8346207
9537609
933477
5137037
8762119
31172507
2875907
5122373
39583
1313493
1581553
8574633
8141733
1923489
7094909
7250403
4480623
8844233
3131569
5750061
5570353
4901783
379987
1131589
2203847
6805233
6494777
77454859
6475117
4274469
1024449
8153959
5718209
2358733
6085453
3362439
2596277
1697611
24062213
9334389
9587699
903213
664461
8035219
6162979
2222789
1655447
6219661
4484723
5998767
5602213
166028807
5660139
7991669
47353
6302367
4882919
5391673
1541197
4693173
3204799
562671
785039
9158017
2535467
7877157
2804741
7646791
175957941
8099873
4156137
2402737
6973733
5053027
5897831
7864403
8151897
8239603
9371439
4524853
5622023
2893377
6678481
9773421
2378777
7845269
8855731
7113169
47425891
429621
9254097
7789477
8246577
4760379
756397
318729
8247733
10721809
147779127
1095069
8182299
1744171
1323611
9131879
9013563
470587
5827593
6687871
1014731
2129199
4555583
8418983
8355259
8357579
6524337
6284577
9029883
2536387
2085611
2836271
3587031
2345273
6084761
7176253
1461707
7194237
9564387
7045313
3341269
2267577
7388673
5995289
4674499
9413739
4714683
6349667
1552767
9904347
8101487
1490591
6661919
125945953
7043867
9381193
6885513
6016449
9656241
9285533
9017043
6208481
1860377
8662641
7598081
1795229
8477677
776557
8763343
4221563
3054699
596399
7965629
9771889
7739637
1729721
147647767
9173787
3788513
3628151
9534859
8433761
532791
245701
2228499
56077479
55362997
2490897
9525641
4695471
1765073
1726541
9739509
9591677
2634687
1534839
13065767
4872999
145041
8320307
443413
6675389
6626687
2963831
5208309
34066737
450381
5005503
2546853
3924827
9493909
751843
6380253
8440183
7994497
619169
7708991
8398973
3073981
3936943
4750281
5661479
4299367
9865851
4649957
8966171
3993609
8583081
9121999
7725579
1254379
6950563
970063
2675971
2065391
3157189
7180451
4951481
8546987
5941773
7178173
7335047
9161453
4049251
7974207
7032203
3633571
1623797
109143449
52489827
492249
7533781
9032759
9183861
168977159
6024867
1544279
4262509
360287
316203
5722947
8848621
2925193
2124093
1130369
5342303
8934983
4414447
8672981
6281187
7580713
5537843
190576393
8844363
7149423
7722591
144901791
7452307
5866451
2246367
8989511
2955617
2902343
5601033
9227869
2734687
8617069
6218459
9137129
4304051
5898019
569247
6637481
9517521
9581741
5013509
4133827
9281939
2098189
9358103
3180707
4204157
2476661
7246351
425327
127506043
2782701
4444649
7042491
887803
4448363
5664559
8356927
9599823
5687111
9581239
3726473
9832537
4895861
2461773
2798423
3875049
4974729
9776473
9364821
8722439
835953
9903207
4920153
3429627
4750543
9293049
7946419
6433079
7161767
1335329
5710191
7223759
4676729
4570941
4016697
5625027
6315293
8478161
752763
373749
1321989
4923277
62187011
801579
2561917
7526929
9836477
1515653
9411019
7227269
193535079
7393869
6242209
8173359
385973
6324951
3866389
1984109
8456267
8469999
4284133
6240831
2130947
7872979
9272957
367263
5413973
67551
131918633
7361381
7762461
9417841
6628021
4557201
7381267
6765603
4921159
7467693
9495897
7683121
9758457
2840673
2772497
581371
4911637
3198353
6214619
2197567
6951719
3336097
7549129
8499311
1550477
12628713
4480533
4262833
2477841
897647
6260331
1921157
3843337
5686857
4484869
6707837
7742339
7935271
7656877
612671
9852147
4128279
3000021
4574829
6694111
4935551
508487
9112511
8349227
1622633
8195891
8831351
8599891
1678221
2871831
6230183
9556491
9205693
7833963
5075469
152778107
9766467
8937571
8453613
2658957
2195613
6078581
2833513
9347183
2094041
3074121
690829
4032647
1226727
9860719
4768733
5662563
3057327
7824911
3358187
6811109
8919349
9396121
9308983
8860613
4370029
8856961
1539907
6446827
110386727
8322291
5539691
5367961
7270267
154199
3102143
6993323
8347857
9594031
7969761
5880331
76424563
3876699
1218577
6569819
6896987
172204957
4669739
3279077
9750953
3307587
7187199
564289
1893199
104850633
2559117
5652859
130822511
9237217
9911489
1685341
4219727
8697953
5393107
9332393
1562283
8645029
2885841
1603621
2773823
4429881
6130217
2623793
116408559
3747711
8406607
451719
1369661
7902933
8450777
7706193
1753077
9380333
8974673
6942857
8366371
1382017
3817203
1463501
855899
2081111
7550359
9100551
5199379
8156421
7989429
4691461
9423727
8003773
6303823
5132931
411493
8426333
54216569
856371
6630471
7189999
1218833
4261431
5545531
9676597
7921221
2382441
4582559
1754543
9578467
4870373
124085277
2960399
27074297
1145791
111226877
5033643
9656877
2213981
3253459
940259
8365141
1514719
7209927
1919827
3680567
6765959
9596047
5626229
3718607
8790593
4175373
9724907
6578081
117275141
9628779
4928317
1095767
525767
8570517
5460619
1692417
6919197
7852847
4491261
7306303
3070939
8105679
6522303
8514447
9990121
3177201
1807363
7507677
7853631
295333
4933633
6063973
8296929
9956411
3981961
1932283
5640653
9619931
3274199
6025777
6051201
9542557
897603
9568459
1112613
7944601
1579421
2562237
6042151
9561169
601297
2469501
1414829
4995789
4083503
588637
4187609
6905787
9973657
118568593
5762897
7025201
6121237
4332269
6273871
5973419
5472429
1397321
6506499
3130039
4691451
3577469
1031633
5860197
4610813
1603773
6560787
6887277
2684129
1504979
661121
1634897
6606823
3892787
5599649
978973
7385103
35334217
1416331
6758151
9483421
8172343
3915507
2262599
3488383
879867
8160937
1398441
4297051
6846481
2743567
4318037
9695451
3940497
938677
9558973
2827771
9917961
1401763
2117399
5049479
6972457
6855379
3223233
4423917
3074471
5274973
6818931
6980263
5770723
546151
6346371
2485853
2356833
5674741
3728627
6525031
975753
4817737
6077959
4681861
3329377
2905713
3461581
6604837
442867
120733
8167147
6015849
5396113
6335261
3772249
9084079
8411021
3669601
175799133
1594447
4879433
8089769
7247911
9260269
9941163
1529113
5717497
9906981
1532839
1010897
4835383
9040547
9946957
8620479
4199551
6262759
926273
8490337
9113623
2204103
4825481
7415061
6633937
1621209
721591
7286927
4272833
7789363
6037711
9930817
7892071
7506587
7824783
138577123
2984643
9968753
2972289
5639759
7759263
4903281
866101
7406213
7651479
535007
9450773
5218679
2264593
2718663
6680259
4163741
179450627
70771113
2754189
5310431
6118709
3805173
2501761
