2262943
6544487
39359557
3075151
2189529
2345679
9955009
177997177
4347579
9882851
8552573
8769609
3624477
3871187
5407003
6367707
9556537
7856921
58971199
1560573
451801
5257701
2077911
4584343
1481389
203301
797679
4228841
6821497
7189201
4905301
1664297
8153361
4583257
5412757
165724139
9728907
1533103
9147611
6247443
7884661
1268531
1484407
2829673
377933
8095231
193643091
190210809
8695549
9492353
9817859
3159601
1623273
130831
1993167
1155463
97112427
6711033
2728157
21758357
8613259
8693501
64883
344077
43859263
2607277
5344211
9474247
1565943
3813793
2885889
6332759
9038179
2427627
9700213
6175163
7176389
1204691
3495281
6502959
2521561
5819239
6036787
891571
1323993
1751049
7879239
8986399
3859379
8292773
2685273
2910167
554839
4508443
9395739
5597943
8267619
1430289
5756423
6562511
2459909
7236231
7886427
7992493
4624469
5134761
9167783
7037549
3167869
7258849
4323467
6538873
1456619
7521323
8183607
3786441
2053843
271959
4908259
6331307
2795983
78030817
5205891
7032949
3129131
6782511
5685889
6322529
2448731
5321141
4850563
8668887
4464253
62132113
3280163
3213813
3506541
644433
7200109
5894407
4883859
4051389
6551399
8848957
8256239
2565879
7690971
4832481
4650661
7551137
122153653
3276289
6209159
9383107
5952691
8405681
3372671
1031739
7909419
4764221
4052689
8313643
1949681
8563239
1849587
9614379
8230783
540549
6949463
205301
2658307
94525197
5109193
6121269
40733
8145171
1895573
488399
4130887
4622509
3175061
7112817
1671159
8990433
8530671
7865181
457719
3936461
3034099
8889433
3898103
682629
4354789
158157849
7515423
1053631
17581817
8704649
7379721
887831
5970949
6855467
3150361
256589
9346297
9600033
1500801
2229679
7502117
7337989
7355059
3718601
4592757
8835047
5148381
5193177
2357167
9862437
5170917
9625431
4404803
7322909
1151069
3204731
4543261
965493
4474891
82183
2992849
6509611
5823971
7440839
2965283
6801869
4267401
2832901
1904007
1153701
668713
2625837
133658009
30395519
9938729
8672917
9555297
3457311
2500803
3391267
1372133
8886309
173218829
7885621
1293559
2717917
7552139
807393
9907671
5140337
107991
9182547
35269357
1681507
6003011
360969
1167977
4211271
9023669
9708073
8508409
9573989
8057537
528663
6612791
8202333
5750007
3448689
3341867
6124963
2849463
8741289
2686053
1768811
8090583
865853
3067587
2633453
8297571
8702393
4229821
7215641
6827763
5559097
9376907
7456839
3702371
8354703
1440631
7574413
162609
6553663
5406589
7715379
7971329
887077
5336767
532171
7923049
3548791
9568583
6540661
5813609
1809321
1508227
953061
1377909
2436287
5531021
9009737
2301869
1630779
7831511
6634231
5072577
3047827
7362349
6467903
70240519
8788861
128641
3979271
1846881
570707
6706899
5672503
9643027
227017
2693201
9061477
3485309
8271399
3072197
7602639
4291433
9312669
6605899
1860371
3062991
375777
7356639
56209
2689679
8564241
506963
5786293
5800611
6292641
1202911
722017
7100349
3422323
7259047
1157037
8350829
143109
9023463
7924581
8679577
3274579
3948061
2238981
4961119
4776001
1932431
593781
7919051
9695851
1443689
7215539
7900371
391053
8442889
3775223
565477
3746923
4222119
1953529
9749779
748397
6795319
7693641
6417721
680157
341657
5797293
7503323
6156591
865333
1178731
5702659
7626651
7642921
9414173
5745919
3279441
71460283
186945597
5392131
6710791
107257317
86656319
8317449
1197679
1317137
6400207
4330819
7929953
5793599
2677589
3326413
3046071
8651279
8706287
8458491
4825501
4139141
680169
2886091
2497061
9330399
34027
6960653
8876281
6491083
2299669
1648943
5887409
1085287
9032881
4819733
4308131
1100489
4090029
3901303
9329807
3453273
7186409
2470637
1452899
5709717
7574431
7255421
5581749
5452127
9600983
1229177
648467
6673
2703379
9886211
8571703
292947
2095237
7056749
6052919
2293633
791897
4434787
3492831
6921469
7015069
6036363
4533579
5285603
150233
1492201
8474269
403743
143396351
4093843
113336381
20073209
8996819
3220713
9379447
3882427
1890261
7253857
7717207
582797
1331061
1509173
8454033
1698877
3288869
58788979
4700629
8958403
3479367
5185163
5912781
7887103
5455131
9933467
5589143
4009117
4939257
8244209
7329093
7272447
9536219
2286497
9990417
797959
413649
9270607
107154083
5386361
9065543
8955419
6282567
2606101
718869
4160389
4302443
3252937
2758381
1099723
6983919
102842879
4265409
6887463
6533147
8374043
1651919
8942927
7834589
7685353
4196207
5627207
1593961
5992611
3773139
4844983
8516821
725721
1421429
1667559
1784293
2789061
6929099
6562407
4836607
5532947
4075283
9368493
108017
153957219
5433007
1499111
9870717
3305649
8896739
7957451
2173201
2829939
4972919
7913769
9145731
2003223
9983003
4923299
5764013
7393509
5912119
2479049
1014307
9987543
8156241
5042113
3822899
2071923
4747863
8191409
195524101
8182129
85536147
139726073
3517187
7471407
4959033
911103
5783971
9906911
8385781
4368921
89490987
126276847
3060017
3634127
809761
9960289
7745339
6236291
9271867
9714259
349961
394411
7972519
9224527
4219181
6869367
8814153
6154317
1371943
5933797
3346157
1174113
8388177
5551489
31267983
6402203
6854651
3210447
152993
5287599
5450507
4222141
7202333
4063779
2712817
8671869
5707489
4962313
9997957
3127457
7057659
6798551
2957427
2495361
5221223
5317727
7556439
7361963
128656963
5183657
4590103
7485669
1351693
1953059
9468399
9128661
891
7877391
8040597
9657129
1776417
9577623
2895871
5779231
7425551
8741967
6083931
78452391
3720261
7155983
7919247
6447593
5508161
943497
9356313
121831
1285079
6641507
6003457
1464741
4173717
3887247
7548387
8475331
27504001
133685221
4927953
1993333
6205827
3704099
4079419
9891539
3781813
5247863
7465937
8897451
8114519
8861379
3411069
3755111
9570423
5752929
5440257
4588853
9359393
8852259
1294941
4589217
5162149
1895781
1655271
3921061
8860427
6820279
83486469
113927053
7253537
4398679
3099979
9376013
5425597
9077751
1063221
3542789
1931269
2963123
4534771
123307
994231
1977429
1419629
2868457
8430967
3768923
7268169
2245509
5862843
2288817
7658693
8997033
543417
7888361
5593111
4800499
3287349
7235267
9392839
412459
850719
4761267
198789
5705627
2300791
5225249
53644441
5570209
8858319
2072759
8817657
6556343
7761749
3756179
7822769
2568557
7179227
67021
8963073
6008323
7421923
5396481
1953417
2853501
2144211
2398733
2415091
2210799
4454903
5820683
1807777
9856491
8659919
4555897
3160809
1543841
44219
4295617
188243427
6750707
113936659
7721723
2002189
5522877
4209587
741757
7366089
709459
