4983689
591479
7821233
8498357
2417561
8953499
8709037
5563869
2948201
1444047
6890727
7039933
7269703
4259419
9531563
6946833
1330283
5716043
8346689
1056859
2928079
7691239
5406977
3588789
5320011
141679
2101487
1020459
2137563
5234337
6556159
9477799
8860717
2343519
3672799
4523563
6688469
3337777
5797247
5778667
285771
9679097
5759009
2867811
5969401
2147893
4677339
7261641
9385049
1388919
8777231
6724879
6165557
7483631
2528207
7721987
7257913
9828923
11787
9902087
79641749
7230063
4719607
6558143
123141579
8774109
9974153
3959027
3897929
67280737
5182821
520001
3464611
3071783
3005813
15781571
365993
2589033
5923611
3219353
701949
2787829
9140109
6557287
9173879
7711057
4919979
6368253
1499171
5213403
6919061
1990121
5685219
3053929
3994081
6621067
3663179
2451049
6715351
2516077
7186013
8904063
5513801
177293873
3501381
8311943
9909689
8122923
7400443
38343949
860859
4534183
3791991
1606217
4685313
6397233
1924441
8664199
2682707
4841103
1766883
3917129
7962033
716123
2431513
2105877
2723381
1170863
9971863
3604971
5239111
7414087
1869367
5830013
9698433
989491
6025433
374501
6511857
398533
5150869
6791001
5937391
418653
4931339
9808193
2857049
8520643
3082689
976551
5265951
7943731
2215449
6194621
7690333
2680099
9147647
2894841
5900997
3423649
897303
8020551
1460891
9762017
4026719
3953333
6729699
5433653
7948731
66942733
1097679
3705213
911039
6347977
275279
1795651
9867349
8224487
1934333
148271
8201391
54857417
5808889
7910457
5950187
57037103
6950711
6789413
9348947
7567419
6577091
8906213
5856849
3017907
6864879
9790851
9237049
5700393
5349211
5365443
7649403
5055151
2952247
4836413
8182259
3618751
5477883
1060651
6399481
53991441
9013729
478509
4548469
6889163
3767211
4948547
3895317
4138329
9504189
3404519
9740733
3942331
9303523
9412067
6568363
621379
3268681
681367
5748179
4574151
3302973
2832047
672391
9790329
2078631
9910929
8163613
31188723
277
1528717
3966397
6317369
1422483
9569921
1638507
3835369
844393
2706099
4003411
164399571
3830913
8290909
7087447
1635283
2040673
939829
5023367
4558019
7316969
5636299
1185277
9628859
1288291
4020089
5235423
9733987
9086353
6805079
1624087
145373
907909
5912717
5873333
5355757
4535863
659669
9589799
3526733
7301073
6462303
8901409
3211587
5385557
9459479
9234957
502393
9561073
151411
6551493
9729879
9932547
5453171
3834523
1848873
7761391
832803
9460743
1687127
918499
9179999
9531033
5775517
146797463
136611029
3835861
9411357
3140369
1212589
3772637
9834977
7462641
5174417
4173519
853891
7036821
9865887
5964537
268593
1742637
2353821
8763367
9795573
4789367
7459821
8208221
168288087
7156269
6468259
8370363
8013493
139871
5759213
6097579
39951
9643531
2987283
9970687
4609421
8190789
5267819
3375717
6008953
9254389
6277619
7254887
79705403
7387037
9043381
934167
196077617
1819251
3076547
7896207
2654863
6446741
8683759
6740313
7787127
2915121
5229247
6247089
7374229
9507239
7941067
68616649
1986003
7447943
7161307
7751529
83291
5490767
52669609
3031867
9265073
9291819
1927677
7892499
7730457
3106061
164603
8165649
2741043
7983517
4818813
6804359
1947431
5620407
227257
820339
5589661
6292327
7169741
6576133
7896707
522773
2573301
1863691
1539503
3327263
978143
9496699
6395729
4142501
9330407
8031487
486797
8562617
5829573
3711083
4257237
288257
179306409
4464727
4581319
775021
5772241
7808323
5556939
6989381
5346667
276261
2025543
3459839
3558009
722099
8017107
151492727
7170797
5023709
4845387
7121579
404863
7699939
3258623
6584773
5616113
6859299
9049287
7188943
8626507
5107113
2289101
3453533
8980893
6373171
347831
4579257
3505511
6502077
680097
4405813
6605041
2417973
759559
124971163
9736633
6160147
1989217
4020901
5203887
7318653
6635943
439113
8782421
3978961
4698179
7492299
8545799
9587181
5063553
7352967
275757
2386469
2210043
2772217
9475059
7696653
3637099
3654613
1574809
4823593
4448593
1172271
2743447
2691817
4641697
2652501
754051
7259377
2274141
1288819
5330741
5579827
5197121
2832331
2664649
7828629
40961
1975153
5122043
1153683
3128391
6354001
1952837
534951
5944823
2036071
8849791
3917443
6375973
9570301
4916557
9442979
1438719
1088659
5662113
9623491
186201
8455341
2038091
5451939
176359759
9468121
3180137
4160449
3213437
2736737
57821
1039209
8301969
564579
262589
2440481
8557321
2147967
5193607
7420587
9479271
820653
4849959
9936379
9562253
5739559
3020357
3049209
8890007
2383593
4184827
7369343
9447799
5102903
6139379
9259817
2695481
994883
7141219
9901537
3781669
4350521
7281033
3729873
5427487
7278489
2730431
7181159
5388287
5167387
7458679
7651519
7491131
9970289
7731617
3822639
2639191
6104787
4011837
3543401
1209831
5181353
7566987
5816673
7586419
3883567
2340111
990643
3417633
3071993
3517711
2425389
2707791
7249629
6554829
5816897
8111
1276409
922791
1376301
4911047
97813023
4507841
7828841
8965203
4813411
3566033
6757733
1408813
4477567
2595213
9012671
682459
9850289
7796787
7334381
3832007
8910399
1884941
4799611
6869121
1049691
5859683
3923449
6743299
3167863
6859413
1523409
2577609
2999587
3728537
4939679
107933963
6271227
5717889
2888319
7771029
6751951
4835103
6450687
630091
3768379
9986717
1859931
7360171
2193281
8003629
6405953
189799
9665071
8017999
3462377
2219809
1749811
5108431
4273497
8849443
822541
5181721
8282707
593183
4437249
3881671
3504847
2686373
5125689
939267
8253621
4890731
1925583
12680903
8153301
4615733
3869397
276373
7224209
5367261
7093989
6928023
7120769
819663
3171049
2143693
6075283
5102353
8214057
9367393
4290741
5434113
2136563
407561
7571489
275113
5218099
240611
8244629
3393961
7461799
4779281
3893839
3993581
2088499
5712833
7111129
8176561
1839721
2920791
6697467
724027
926123
4799717
62997133
2870237
9298259
296669
8547141
153808747
9468463
7407711
6098643
3343817
122733
1143903
8156383
7523393
8376889
5679779
8380367
9490023
6266353
6315463
7802181
7846609
1305211
7043723
6224491
5312493
1416529
6125037
194857
5721007
1131863
2561173
9147853
169988233
8971781
2681871
4719241
5830707
6453827
6709353
1158001
8987201
6068451
2483979
6497277
395071
5411601
1192513
1308803
5233207
9016497
4872851
5221449
8670247
70857
589943
9833271
2761881
1210151
6223921
2532671
3924183
4078129
6607467
3108811
4004209
8289147
6467517
4512751
605243
2757773
2411533
6711969
8693301
5626753
4543671
423741
1295559
9628779
339529
1982081
5483179
1431961
328813
81028987
3854859
9374961
1109933
8204611
154873
1928097
5152023
5701411
3291373
3322201
2846459
8554973
1301829
6183893
7267563
8080487
217683
1198971
2376871
7631589
353499
2037391
6026247
9240871
3999761
1334531
8008569
9916907
6785183
82242923
8748763
2962439
9212321
7925921
2589933
6290463
6732169
182516053
546851
4101011
3093333
