4676111
7552141
5715763
536797
9751693
8009237
7980271
3429991
899941
59209469
1164421
6608987
6421673
7343807
3296491
2518673
8419819
4976647
2275981
608143
3017223
3568649
2457229
5240633
7752003
6100863
7219051
4778239
8682371
6882359
6428667
2201429
7916147
2112089
2154309
7378289
1193477
5112059
8723087
2825493
1116857
84884549
2289577
3103
9652091
2993909
6049129
1919183
6703881
6188093
3043067
2774817
7152423
4900437
4331423
3354079
2996209
3327201
3158453
2597147
8141561
4069157
2300223
6008447
3765179
7476099
8003939
3415371
4224979
99681549
4072221
882633
7978817
2077793
4756159
8238939
8914333
1063553
5389299
6337921
6963447
3848953
614999
5936603
8961799
2584197
7643341
8242773
6452181
6950437
5405387
775567
2158061
4660431
8442343
9804211
8522899
824301
4157659
3824321
116521509
467097
101652127
3275197
364653
6113849
9982859
6455947
195456557
1924031
419377
2944273
9071119
2705387
5735407
579529
9787279
1650549
9136527
7887651
9956013
9636417
4924929
4420951
8783949
1019773
7977201
2490823
6128889
6761211
359201
9515399
9873403
4549443
2893127
2514309
9170987
231787
2932793
1199817
4655829
1337141
7260477
5875469
8201267
7005811
6373353
7627797
1513467
7421729
6441883
1464463
3693673
5082123
704573
6348789
419321
3548941
8377351
4013567
9080359
3942477
406983
5898791
4668081
4995077
6400469
5526063
5053011
9383107
1495333
5452147
9447657
8009787
1809221
3263671
3200519
1060129
5094781
7014019
7765571
222149
3202341
5805063
5275519
7777829
8334217
1567159
2449721
3075827
4693371
4400057
4472367
80443969
909359
82299263
3756007
1214767
7108333
9430101
7385419
1141937
20082019
278971
623273
6260319
322331
9348661
7976371
381029
7358121
1208797
7726757
2152879
84373057
4173009
7956481
2258379
4119229
3409307
2621963
8979577
8273199
184439467
423563
5300347
9668619
3291563
9900991
2665257
8386333
5151963
2263591
2948959
4557261
4721229
9199113
57781621
2068037
7839467
7003143
6077941
2006469
2937239
6095557
6927701
185451
79407449
3893471
2842783
8487247
9309483
4490891
6441677
6192599
548061
4011641
5603149
4670119
4074023
7131157
1982919
7940027
6433371
6686637
9105181
9754813
6814143
1230381
8115559
8787839
6286111
5289983
4210203
9961933
7663741
4802191
7840701
7297809
4500701
225097
2213173
4000811
9715001
1821391
2036629
693467
8433297
7524713
9154393
3534869
97527271
6625789
3497867
6895851
393119
2041331
302099
8157033
6622397
399783
9627213
9942977
320269
6448481
3018613
7099523
4970943
156462263
4809821
6585979
2738469
3084817
6051227
4041099
4568907
1783779
5653111
8422453
322113
903929
1501737
3939799
1290751
1375023
8546683
99481
7158007
6213393
590927
9283983
1123793
7274969
7797643
1949409
9804259
4764531
110846409
2196887
5064319
830609
9461547
8693073
5277537
9325223
7466341
6260329
2666347
8182453
9776771
3878863
6038633
1745791
3758477
7029879
5101141
4123781
569433
4191451
2828477
9611083
3554019
4744347
3576071
4791969
5013477
3621013
9507243
136721363
3278151
7358817
2166819
5003151
142849
5151941
9241757
103444567
2725797
9829717
836329
5070437
8949403
7421377
4727413
4255097
9790229
9983187
7848327
8917771
9307813
3930521
7891217
264623
5142717
6004447
9172877
101073
2175971
1062409
4596911
8052013
6108499
216901
4383527
1339631
2458937
7491653
317781
2819047
1705703
2672067
7928091
6640177
2476919
8166971
8777489
5746641
2617957
4997911
7739451
1363893
2354419
9651687
3427573
5079007
4404601
8209183
6661641
8637693
4559249
4337493
816737
5835139
287289
3709627
9306873
7560293
6979009
3174463
7694619
4409869
884947
7319103
9975359
3601749
1969257
9709853
9536207
539559
7300237
8850151
298627
4736271
3528583
9864959
4578133
9263493
1765687
3102561
4757967
2593543
5856291
8322513
3340593
39366283
89309637
1666151
5981869
9117063
2130911
3723237
4416589
7624023
5006749
3740767
864943
4494269
6579067
8794081
6418439
921207
516107
9116019
2995849
2247867
6683713
1424407
9951859
8628991
4798203
2052847
9089323
8302569
9095387
6013949
1673457
578167
5819143
6152659
43914791
1952231
1329851
1688293
3488067
9123461
5931183
44747303
1012237
74667
5885557
2677889
411301
961277
2138681
8397921
4064163
4031211
2950807
3676877
150427877
9292877
9486991
9095869
351993
8878877
220919
155003987
5243037
6743779
1091359
5961761
9689443
2504407
348881
7806493
1443353
4840629
2332413
6678623
5175443
5418141
9551709
3112551
7988061
5550763
8052579
5801367
7674671
6492563
1046511
2654783
8728139
4965719
6858483
9407511
2028897
3116591
650249
1632951
4179603
4988297
4857481
152883081
4421037
4045549
52461189
8965599
3197669
6634177
9208553
1461457
3667589
5955669
7262087
6191497
8179283
3392677
2179939
3039929
3495991
1997627
1638121
72312411
320193
4393787
175719063
17016271
491699
4185109
7053523
206697
5139581
6349403
8326729
7713143
1308409
8947847
182828731
9649729
5202013
7797019
2864607
6874339
1520033
136984083
6733569
668187
7743791
3620693
3675587
7784801
9071123
105683
5694117
68773111
1702921
6280203
4714443
1929199
3981611
2596403
5185083
63457169
8968103
6398721
4367171
4263373
354301
2635749
1060061
8628443
1175867
8836861
6085091
8615403
8827513
177227227
5300663
749811
9552837
5837439
6354667
6365773
4246787
2906299
5196651
4141431
4811497
6229621
6736057
9295397
2258503
7451271
6110037
9502933
9949279
9518363
3258143
1564959
2431829
5348049
1023669
2587709
2094939
4447879
8187051
5922123
6518793
1738643
8996709
618059
211789
850321
7100689
4588891
2128303
8259411
1632139
1436997
8407781
9821859
8062593
9794487
7074739
6743689
9467181
1379143
5328357
4292111
224793
1848379
6936819
3265417
4752863
6410973
5951729
7004399
1739117
1897369
2473697
8527819
8049343
8044701
6670031
9301491
7399319
4750083
7060411
2805499
981867
6434391
3069139
4489523
923113
4257897
4920911
1153157
6937253
5527351
143897
1139913
5219943
3588751
6383529
664981
2634509
5254487
4588263
1080641
5465209
8076801
190635921
1686601
6532891
9690369
647229
2175299
4264709
3892583
169072887
64787
7517361
416013
43960299
1119439
811713
9883023
3319321
6286047
7785567
7032241
1559701
2621301
5924839
6515511
8674633
8266181
4661507
5563359
5017329
4776861
4721271
7493819
1246961
5302893
4547761
5414719
7826769
994429
9402029
8896269
8980753
4179173
3650663
111349747
6443417
9187729
7617563
631007
5802723
8153387
6048523
4847511
7451491
5908873
2976133
2166997
7366457
2311751
4790159
54615367
2122339
1893443
7410679
236139
124720043
9003917
866739
5541937
4735019
2152929
837491
2286243
6628421
3446121
4877381
3395629
4780593
5653247
3753547
1330771
1911889
7503313
115101
3811521
5599411
4038243
3369487
9176543
1227039
1075273
2755303
5032943
3201653
6813159
6645707
6432699
8733273
2196893
