4880029
3590747
59998941
6344057
5440039
3005327
9521871
4738659
3832733
6756553
7556553
9421517
5795021
5993153
3666161
3983521
7594419
7509501
9899769
6330939
3792669
7404673
7212949
5459467
5403007
214107
6764589
9801759
5856037
3868197
9671629
4624413
6555387
5397841
9526337
6650023
5350771
6929041
2156297
7778809
7335103
98596743
2152203
8254973
914367
743801
3261043
9786621
6878601
7969209
108753501
2465801
5806589
6057767
9023291
3368037
7641533
7136413
1502587
2281921
9758943
1602317
1116769
7044489
3754607
755069
5594021
6516461
3057457
9516159
2222829
8609773
9486191
1447177
6863287
9004347
2380651
4644231
6886199
5788597
9796669
5492563
9986671
1088573
5127367
7426253
5354879
988681
7079369
2516227
523751
9026541
7224537
452707
1546179
1390173
249777
861477
435101
3607553
4893511
6322873
660219
5171161
7135903
8045301
6569159
5574491
6198831
1614621
9126381
3651689
7197363
99605863
3298979
471527
7339099
5613877
2062881
4875897
9010107
7243823
8220529
8571731
954837
2211693
1479517
6815597
5698979
5660677
7548667
1408891
5946011
6877679
87630681
4455179
9511173
5476393
9905043
2075003
1701301
6085943
348463
5336857
1293217
7889833
125234487
2011581
7155027
6561217
1209061
9442249
4729093
6802011
5928693
6834621
6875101
1437403
2606347
4677217
4012197
2777337
88449
5505367
8091863
647963
7444947
1588613
630807
4689479
4297547
2011909
4474591
7347899
7792887
6012991
6827009
3111903
9830539
204623
388623
7908729
9537477
4868919
7408389
8168299
6364493
2760287
7980811
5032343
6228117
1999529
6534683
6870927
5034923
1183
8766849
864177
7511483
2967131
8814649
7373403
6352989
7266977
5637621
4699961
493379
757553
9078873
6884007
733069
707333
2025409
9148191
6843701
6889603
2914577
2454671
1511509
5170843
3252079
5638663
394787
5656287
5481539
47212867
8086669
3114967
2985671
239301
7129093
3920129
5875223
1027799
63653
4471017
16920173
5554317
7317857
1860473
6365427
9639449
4943829
157421749
4283927
8511241
7718859
3335337
4836423
1159719
4954263
6550599
7895819
5103469
1344293
2866521
1995097
616767
1775647
7143101
2767131
2098777
4716069
471549
2929387
6603867
9260823
8872979
3316893
5794693
9471681
6376999
2912931
3150073
3257333
2977331
2468313
8038181
1878751
6626481
6723213
2211683
6994359
5987849
4514973
1538837
3637267
1038093
1052089
191058621
2128887
4046977
5125711
9906967
686151
899601
3988823
251683
2472931
3712389
8298079
258487
5039793
5712849
5512071
3364051
9042421
3106127
6046023
3473133
5623827
2270989
2859093
8844141
1730407
45627
4614851
5338413
62003203
2809183
373391
6223259
9003003
7481109
2688407
7560531
4228513
1479963
2467047
1378529
6045677
4376911
4586589
1496333
1969921
5656927
9774891
4709289
8529729
2204409
1765603
908447
3732567
6078087
9499439
6106863
2944851
6510373
9298671
4284427
1164711
2725993
8251777
6699687
4145021
2357959
7859147
179366887
242337
8607223
7745609
570167
1309849
4332389
733083
33985229
8667421
7264839
5611527
6251413
1659331
6137791
1123081
3481357
8208141
7188097
7082161
5670703
6368811
5879849
1641271
3251847
3178909
5367291
1182281
6210403
6970677
535367
4700131
2174211
6809121
5470183
8320637
6485999
7266757
6648313
6155271
1012101
2803951
7627427
5452681
9065663
2915661
5396291
5859693
93234613
1033239
4203893
5891681
7435549
2357021
4702369
4376681
4107679
4181007
9671863
19636931
3695141
2125081
1767463
8182763
8677493
7629569
5750569
6392881
6147407
2984771
4452979
4766401
7089951
7546437
64299
1655461
6586223
2521751
3849507
9583593
5621967
6035147
3088703
948937
5475503
2656081
5814939
5002941
2649811
8195891
5291919
7089443
6415413
2781911
9114501
3539417
4747033
8255001
7505113
9798511
8764641
1901979
4315891
3655629
8002809
550941
7009861
8956247
3216303
1994181
1072553
5538321
161866807
9036349
7122089
6101739
1131573
9682097
7340201
9014329
955653
5335717
699447
9665353
5999193
1160779
8864697
4243183
171283
9653309
2918549
9064849
4582773
6938709
1360373
2364197
3753177
4394661
4962249
923241
2006861
6035467
3923479
6859973
9407859
506711
8862553
125981739
1350757
64007
6608161
9713591
6922769
560071
9795339
5972641
7717329
886041
7383783
6459989
4592173
5784423
2151427
7282707
3200321
3689949
8987697
8758469
3482147
31231
7315071
5161083
64551633
6070923
4498019
4128897
6764409
3795053
138115177
9125361
1041603
3507369
5803389
3273809
2355541
1882227
2565601
6542973
87420379
9037433
9681667
9642219
5446019
7765371
7907871
8046823
9386833
3997411
9661443
73243
8505457
9336953
2037659
4388839
4682419
8689823
2352687
2209077
2493217
9117551
8746517
2005139
552863
7797211
5537537
3801809
3543427
3965499
8503567
2826411
3721973
7835551
9740883
6676513
6150903
3850389
3127923
2361289
5229031
19450141
3783647
6388271
4338739
195296001
5335791
5694649
118835401
8797339
9956471
424483
6697229
5885039
3226191
8186203
6195499
3470879
9698271
678311
1196679
1073577
970763
6261669
3618907
4230059
3769521
8721771
6686497
2544161
866249
5246263
3117067
8417991
5514599
2276793
5390607
6380839
5621423
9045699
6787927
6092193
8549063
5234833
7298447
707781
8031149
4210993
8012449
4478101
2541491
2383861
6985009
4566981
542901
7047747
1808917
6106761
617399
2888847
4434989
1709231
3493951
5392331
6730437
943043
7103201
5108989
3198219
6648667
5881269
4352781
6236831
9108863
7275053
2204487
8694037
4964693
4413211
8793961
3215347
4467219
4582217
1075201
7088059
6701189
2836561
2447163
4381247
8034783
1420457
2190937
4146251
1956667
6706059
1174653
4189203
7819157
5165303
265703
2081481
5488239
7453569
464431
4718941
7858903
6199671
9909001
7036631
8861169
385993
7662131
6795241
2273941
8674953
3223349
1392121
6692119
270117
5112221
1944117
1942607
8757071
3879073
4750423
8966983
8372871
4703117
1674943
4798811
4518029
7785971
122361697
2113161
2883081
9001027
885089
8267707
2299399
5351121
3094971
9703207
284307
7868469
4948761
5503721
1121387
5077131
4040349
5724613
7940383
53194821
5023949
5204059
5367027
6066049
9292939
5895527
4600163
9560183
8976571
7929967
2705631
4418363
845137
8705237
3381071
5315033
163077
8857021
67123517
4736319
1725193
9107897
6055191
1418139
3898193
1090801
1124123
2398013
6981341
8299647
