3723913
7458589
7123177
3170713
8559921
3622499
9034163
7580441
3829299
6589337
6886163
392873
4627893
6966099
9737357
9388599
8856967
1456727
7310307
7857031
5365989
5368361
109325021
1915861
49021647
9148109
5267031
1398193
7651423
2430383
6630019
9106491
5847743
2491109
2915399
663821
4627063
7953247
3484203
8897199
5580957
5177269
6031417
1184493
5241069
51503
2657801
4073679
8490009
2400469
1593817
6764351
6062197
4386003
6996737
1369701
1476047
8179787
1112463
2350087
1684927
5058197
2775521
6757709
4247789
9879431
9568799
4962027
3892803
5835403
5966359
5713341
2599703
197034331
8207833
619461
27692519
2186127
4724051
5636769
7254563
621517
7541073
2654667
6257223
8581079
8232687
1835061
179539
45060309
3812987
9689663
3966123
9590417
3999223
2945663
7188271
5772717
3873827
8310563
3412059
2778939
9467319
148992169
4578723
670537
126689
8250709
9736887
5059453
499993
470621
8439509
9656987
8459999
9131009
9406647
6652373
1740237
1064683
7534261
6211919
1805919
490399
8907687
742961
5251551
7398331
9905139
2724497
3433007
6934863
971607
5981071
7249633
5968469
2254171
971591
625577
8985161
7760217
7753311
9721391
8150987
2125319
5088841
4078687
9347083
1190199
9291947
1837181
6098429
2265199
7139173
3101669
7911133
9897111
2462259
3280323
8905023
5796943
6781899
9349119
7938571
3233773
2959687
2297343
5429117
3359429
597659
9137501
2394559
9318033
2262133
4198469
4136819
7811467
4761379
7141629
980797
8121083
1589923
3047563
2386029
6260437
3851817
9474511
3009591
7274037
5551593
9492043
7844503
6184913
5245567
4780043
110542071
7645473
1708173
2358843
421803
5775573
9593589
1929629
6610389
7833121
1542623
2380239
2743587
1946199
5182153
785599
6319807
7077507
4074491
926829
7145437
5353847
1654607
1031299
8727987
2269133
7823391
6926647
2097533
9028777
1430239
24473959
4324731
9733177
49281
7153017
983209
8457369
7301827
6576521
9012273
6105281
5409863
4532719
7541841
2462813
6763671
2779087
9924011
7163363
85037737
9405007
1293763
6800097
6134199
2584569
1232023
5613933
1488507
8972013
7194541
5496951
6046993
3050723
6721067
2980911
2183897
7757333
2928247
173203761
5392467
2268411
4500589
4054089
7113733
8466369
8669169
2312023
9433551
9038179
3805699
7172193
5219423
7501449
8901573
1148727
3982309
1306577
5535093
5848947
4615121
4307091
5897017
7653037
8932277
1223593
8119611
8502589
1462173
1211683
476499
22878033
509077
112999467
6315307
2807303
8144667
2583287
2964183
9948199
4974109
8545857
1100047
8588613
8194391
1494291
2526363
5910671
5141109
2217557
3867279
3504743
9486927
6247801
2191409
1655511
4829109
9721353
1715227
1009287
9446069
38295777
3088843
33674591
9857987
2498149
6839303
728119
5540773
6393743
1303491
2668133
3080361
676593
8571819
6959937
1908923
2306601
1039951
2933049
1575433
5393513
8154443
5934979
6493957
60154921
155751759
3605427
2453297
3207229
6855023
3757073
4232077
2174291
5355029
6921337
2400351
6426749
3743877
116758493
9079157
4279931
8672227
2375913
9004291
5406121
6814607
719473
4040087
2505623
5268019
9051679
3371357
8324459
2782847
4141687
5196521
5463177
5779431
3069463
6928569
2846737
713157
652813
167928899
2781377
9984861
7094279
7914167
1572433
5639429
1033141
2279463
4989717
6283301
8476341
2471327
6559441
218523
7819257
67620627
2010493
4147867
4104571
781883
6553487
8127901
8671197
8550459
7255009
2150317
7436743
2184257
4583093
4634187
7693143
3215799
1332487
6873387
9042709
20989273
484849
649489
7714649
9935089
7676249
36636199
7435751
1542807
2682491
6620367
9541051
3256447
7281061
3018757
192991
48524587
2100741
1826457
5214831
8788581
6069583
4784733
8433883
5219561
3945257
7508767
2429661
430729
8950689
6404809
7831213
7072651
3860213
5477879
8174881
2975121
7278201
2815257
7907893
4787141
4899003
9437927
826587
8272037
11276457
1187977
8078851
1674237
7950701
4752021
448229
6039899
4668381
7798183
9360409
5114957
2605717
4146101
4231689
268389
9493353
1798713
8805249
9605213
9851513
3188077
1326487
1842021
2806383
1388871
3601813
1526967
5203087
6281963
659171
9770347
7522427
5657033
1491593
9972487
3585637
5820823
9857103
9388643
3395541
4556567
8602989
3904771
9614171
1769197
1560999
2306349
153239
7841833
5061129
2667617
1417937
6779713
5998347
8695493
9867571
8155571
3252781
2986769
302759
7073243
155917
1571671
9256447
6550547
6277933
4913697
406151
7084603
3672051
7051529
7498597
6561871
4761841
9966583
6164263
5241127
9651819
8589321
8900481
58239243
785951
9631867
6507411
5289399
1120751
4694859
716629
8533671
2449903
1178929
4749263
7759171
5811469
8834523
7824353
6284423
3101081
8109393
9918721
9494709
5305749
4954633
5325223
7282433
5888479
197623
4913201
2301877
8158469
3730393
9455537
294953
2235139
7492631
3283921
9520539
3237857
4488899
7814169
6373719
5819881
93647
6718927
6562923
65019
4287229
56818701
8595129
6239469
1397259
6252159
9427437
7559003
6269403
1077377
7876991
8532063
8094771
5425481
4952171
3257897
17597151
4463341
1929367
6185709
698821
1686527
5985083
6759543
2776843
9468951
2189617
799011
9651507
6039237
8845297
587153
114738299
3612159
184964891
2710367
9710079
5578287
9398551
1309663
6512569
4320459
3790003
6494961
3776819
8417637
616849
9741063
4749721
6913193
5611161
3639471
292727
8877509
7189983
4613147
8921191
880551
3440409
9235949
341891
3827463
1470409
1870531
3290299
6575267
6611783
9133581
9978881
6649793
8038409
5926767
5329079
9714181
2156583
6129903
4744893
1443073
4938461
4632701
6715191
6079689
9480783
7095953
2024489
4170373
6643863
3875973
3338153
6031359
7442103
1484211
3386893
7750633
4588461
932393
5145247
8427343
5826987
5284407
1671017
7118287
9836457
245103
7745303
5818933
6783463
2353777
2345383
4452679
1915783
9754233
3414957
1171723
1915313
6651503
4816559
241891
106893393
8089533
106018271
4002793
8392001
8481653
629457
1862659
9325969
4639151
6375913
984467
3919547
489497
8211271
2869207
8967869
2256941
2991297
9244273
5860173
128597133
7962677
7665219
2087779
8528527
4910923
9527323
64798587
6293229
2446189
27572343
4452077
276051
2987243
3499553
1613527
7279139
5180201
6925673
1751467
3671489
