2864583
6660937
3305847
6073531
8689197
5463749
3356477
7403181
2974821
2305311
960163
5343963
7892449
1981541
3210889
2295501
8474461
394141
7021487
4091597
2968777
9495221
8623617
7691649
839033
8546241
8108279
9019069
3273561
1845781
9467477
3927837
3026043
6239247
6876619
109083739
5673061
7016751
6346907
2628391
9185349
7568013
4076909
9152333
9634987
82543547
6690129
1393583
8043027
6126711
7312733
2684737
5075187
5707389
4749551
2579997
6870061
2026631
3912407
8070139
9671351
99031
8455753
2999221
7973599
2855481
8923909
8291833
919977
2210159
8141983
8431463
1931253
8423047
3829277
4843701
1168989
4317657
907419
890779
6375873
7268681
738553
5926979
2635329
1035653
6448859
6990377
4667827
4695591
7210827
7485999
9522417
9898353
9084197
1453811
1958123
2397599
9695327
1552761
5114399
8865253
4526931
6504649
9801119
6944639
1947647
5191787
8413937
2180643
1633199
2719321
8265959
9363331
3278593
5325603
20811
4000051
4229853
130179
9250589
9154697
1380689
4872121
189197757
5059269
1701151
9152361
3861753
6181587
5634119
3592603
8364721
2724587
45108349
8541859
8705309
746997
8314257
7794441
1579463
9680843
2379681
4997771
103352879
2301323
1053959
9521449
5855147
1792633
8548979
5376659
2702689
7840961
2111673
5516853
6232079
9004419
9130839
4341779
3908171
1606997
3434311
9962159
1045101
959651
215253
1570197
3033949
6744777
7736249
1169677
2895581
1217963
4715737
286651
4401459
1941007
9252313
262487
2999637
6492201
3770627
7530579
3936747
6805727
1583043
174036963
5829991
7820913
4478433
7192529
8973191
2833421
8346863
7095139
5248609
2862977
3019641
6440333
2086001
8292023
6733799
7281491
5099729
8130929
8089431
7834843
1059279
9988113
37093639
866407
348341
1109069
4748777
236053
6437879
1983529
3411387
5458369
45691
6307307
111131523
5128819
7949689
3818293
1559313
723837
5694401
622579
4703049
3979753
5792767
4474747
1894221
1126543
3739481
4708641
6431427
9761661
3488097
9079547
9646879
9355291
3687867
7292877
2700757
4635713
8650633
9551829
3718181
3874249
81009
5932683
105649
9486079
164963
1428033
3090643
5356803
7621469
639371
1309369
2870517
6150569
4312039
3270251
8298929
5427377
27473437
3237119
6759593
6051077
1254981
6839403
4182377
4823713
8226067
109008771
4341313
3198373
1862811
6729033
2736539
5575151
6080287
188462897
80888297
195503683
8959349
3219127
3456351
2366687
6302737
7002053
325201
8029673
4267277
3331497
2279599
4554903
5168433
2688393
169817
9520211
3829337
2919041
9897547
3450253
636111
3494149
1897383
3153259
1846387
4112047
77576793
5707547
2405031
7011143
9824747
6631679
8590443
773457
3777969
6799643
69280873
6878761
99942997
9106371
4234253
633153
4391407
2222287
9922449
7397403
906833
2393233
2533089
2080201
8812531
4131311
2279441
9638619
9811761
7147789
9206901
1099811
9054531
1295187
5732559
7898867
1739999
3523641
5692087
279961
9903837
1251943
4894423
6135911
1541253
6155623
9021429
939671
458183
730063
1166073
1328303
7148939
194053
7034631
1848133
1324093
1490489
190593
4787729
9771031
4620393
5321817
8349139
7302521
8728191
3026733
570569
1162943
3798531
8510179
4398911
4735577
2672567
4574661
9988727
7413839
4066693
2508339
7935529
60948121
1447677
3257741
5035959
7583287
2980661
7456721
5863913
7010369
7508589
3396807
4189621
9349311
9706661
3146073
1994717
5109307
6598983
7327947
9932549
5186931
54649613
2831339
6238679
3498543
2396851
1921683
4860089
46875707
6143561
7566023
7314959
5525731
9103099
8597011
155706247
6544203
64911
544281
1660177
106456829
5524211
171237417
7679967
198667539
5230021
1816643
7694247
106290187
2715737
32508251
1900781
9169887
6159447
4217653
6503613
5413829
7296189
5699957
4881987
1103333
5362831
4728803
4697183
5823429
8205483
9966931
4986849
9082973
201909
9664619
8505277
5603829
2646619
4452293
9630723
1633267
70280923
104732477
2767673
9248993
33279
5640211
509871
4768209
970883
3103247
8008957
4789147
3994671
155033
7270367
4561981
3038683
9343091
7765337
3789763
3383053
8198203
7395951
4798087
513063
3542851
1727971
9471933
2338861
5196683
6324587
7209387
4987743
6332187
4992953
211287
9683129
1265697
5504293
6497031
5214189
4096309
4975103
4774183
3445949
3229113
5734283
3337163
2899333
4745879
459909
3587211
9178603
9723467
387191
2221979
6095363
6874297
8381457
8024727
45797367
8532497
7708959
8952123
1105107
2970037
2616233
6578141
1855887
1492561
3620157
8000969
6131127
515933
1507811
3374337
3359709
7655669
6299453
8286821
7387651
7704511
1324511
925257
5347161
8622587
9581481
7535509
2000443
2624511
9461171
7165089
4118649
83993189
9683519
3773131
1406341
3768777
4777461
7687503
2779489
6631481
5374711
1836117
6456677
6393001
6983859
1785639
8189317
6928759
69015463
1074301
4511609
6396689
4118751
71973
5697591
9449951
4739729
4534031
8039931
873317
6287559
9098619
2013169
9222681
9830041
5713753
1673197
6537787
627463
111711
171098741
4273657
4859253
6891981
3930311
3495743
7818271
7542171
8750443
1291831
2780039
2109423
9416159
49304477
7377579
443967
852451
2633513
9581841
3367059
5882313
174879041
1764853
5979137
7463997
6870669
2102239
6133833
5465793
21913
9203417
4536597
4940077
6338853
4127963
9734189
1185681
709043
9705267
5365087
3815429
8679173
3688229
6979787
99263061
275889
9248083
4954929
4262597
290309
8751497
1103127
6237611
168582413
3662837
393807
487321
3340959
1342677
40621
7930961
5246309
4466891
99657971
9225181
9463609
6651427
8866893
9541891
3276149
6660921
5461593
4988719
9191043
4188149
32623
5894159
4357081
5517733
4644771
3800789
6381213
351583
2239641
9627501
6660099
5461111
833637
147114791
5521477
6707823
901849
2737379
6645547
6997843
2554113
6076047
5766479
345023
3974037
701877
2008763
8307309
4693517
5946509
156351453
336703
6447947
9667201
30866099
2792271
327157
91119
330019
8741101
7425161
9466331
138037659
2032009
3674589
6551677
182541
3478097
410393
207553
8790789
4311213
6681467
9581047
7937723
4527423
2804473
9810863
6780493
7084787
5057349
144763819
7941217
9297709
4916377
4896177
1302891
1110231
3876219
722479
8837099
5263987
4980631
3945969
4719739
3088573
6206851
4916631
9254127
9002527
7021277
2758343
521011
7056409
5126251
6135613
9447771
3148783
8791357
9790889
1775307
2112147
8821621
8039537
5593159
9356807
4867547
125876579
9163767
167036449
4448137
1201687
9267099
3656107
5525457
6401623
2373619
1485999
1196001
52253523
7278219
4098783
7834617
671703
784379
3901157
9868483
960297
9352031
8531109
4837347
5126851
2028041
1000141
140990231
9019489
9537209
3456191
