6886457
6912449
9850677
2503723
6489893
5194627
9519597
1146191
5056481
9067577
2818627
4705713
146799361
6883091
5850223
4663077
2936679
7560219
6776427
9274961
3289251
6210397
1956671
7401927
8947031
8262409
9891253
9848871
1532019
5657659
4125251
9365331
585189
2349639
2779907
6071067
766147
2201329
8976843
3207819
3023993
6154733
9626443
5459369
4447651
9169233
2511939
5759317
116031151
9688997
3771063
8088307
393259
7986993
6880301
153919769
5945871
439379
28985067
7970429
5206127
5582769
9235797
6084183
8450517
9458947
5023959
6818343
7595867
5839721
8961549
5478109
7870349
372961
148133
7755111
583491
8090791
7852457
4151091
9159123
4831939
7329063
6560913
1365717
3392919
2667261
9639271
7255961
2662599
3175307
1912511
2815061
6208423
7528867
2173831
2109711
4822033
9861417
2407457
3701901
6928307
774157
1036271
3114743
94315933
4998403
8447579
9665233
9665323
6631239
57149
2901717
1426121
7081183
9029191
6985523
5986379
7605787
7579951
4330849
4369153
1744383
8845797
1933017
391547
3660029
2643263
6786749
6073189
5415837
2202031
4049649
129466311
8099281
127664753
8316703
6419463
3692051
6063803
7387961
8306931
1385669
9383339
8170317
7255753
3056593
6818039
178131
1922737
6986137
6284941
2235541
1453717
8681993
3468499
4647649
6414577
747403
94375653
2059621
9945001
1030251
3389239
2235267
2340327
7036387
2809021
575321
1797747
8240489
4780461
8889569
3344197
8567523
7659019
6870823
1282449
358451
2480209
5006911
9056659
9035261
8489241
8059859
4278501
2650041
7478827
1707811
8037237
6483337
9568609
1202393
81481
2437707
9485997
5131841
44019831
7422149
7180297
2717623
6230571
9151809
7005211
106565883
3478081
9846779
6126123
6694699
6549649
8809739
982733
9011087
7625189
3800949
4525407
7682777
7440339
5277571
1631147
80182499
920193
6673593
2113651
9579253
7044301
8108741
6833389
4544523
4193657
2611873
3799653
1522463
2950759
7658381
1647259
4899811
2531589
413567
1352377
1614421
5649497
3943177
2004293
9172503
8365073
2723463
153731
1781353
1766369
8852721
39006589
3027943
234339
3240751
8934087
5039593
8124447
3689613
1903273
8077591
8604053
338817
221141
2967799
3797043
3470993
5829897
8787831
2857347
9183089
8581427
5576027
7548079
7092349
5540331
2362841
677521
6118271
5831357
7321907
2300103
6704181
2449963
9058659
6921369
627287
206649
3342937
5211491
5460163
3673059
48237
2649081
1457167
5695199
6731387
5740071
8694343
616153
532927
991907
7091983
3107867
7414193
6516533
1881503
3301401
3292893
5166427
7288583
1084461
3511059
127151671
1159763
653113
3275291
60951091
5021953
5643173
8511829
9140609
5866259
9361381
3521187
4332901
1768493
3916911
7079549
5123997
3894917
1392827
6069709
8815511
4976557
132721
1516181
9915623
1107611
927709
6314253
8141807
8296677
4325127
1118361
6993279
7344369
2566359
3537643
134436119
45618981
6350071
8482673
9167993
5670931
8051203
134806677
9285069
6098681
5378869
5105443
8263467
5158987
146214987
7956123
9964167
1576733
8583241
7137149
2737681
1279561
2666483
3999857
1861961
5534479
4112373
731899
7797889
4079647
800513
7917367
574313
6109291
9262659
4625733
2851083
103583
6639633
5146771
5613711
6957589
6566523
3087327
2344167
7918439
87581
4516877
3034549
3889399
2566997
6920331
7701313
9427749
6108131
6536691
2756743
4416767
3475067
4773841
6448823
5402389
126284127
5336899
3086783
6273387
488481
7063629
4955267
7866899
5316369
7313239
8797727
5144181
7963439
2457547
19659241
2138749
1730399
8088721
1127349
4191649
1144473
4840127
5088331
8399523
3445701
9850319
3343139
8778613
342913
614939
5576051
2590783
5517701
8188667
7910531
2105809
685981
2224309
9707537
3391593
1330037
4102111
8665567
1253677
4732499
3089747
1283339
5087429
9833331
8980237
9760581
2903577
2299197
62813001
5273041
876697
6867863
2688643
797107
7258111
9827443
260491
5530387
6811781
7414619
3459169
6358237
8305651
2060581
4878703
6466023
2785649
658041
6892087
3907293
338121
9713197
1350809
7566167
2069181
7941529
1728811
3130319
8945551
7035421
7490003
9400151
9809289
3469009
3053493
3768323
5153677
3270613
5261037
468377
7881803
793147
4562349
9307201
567837
8461017
3194257
1548849
6018453
3629301
376567
2235771
1619709
4223209
9047311
843837
6154533
2806847
6458903
419543
8088529
297633
812299
5205293
9444809
2867977
9959223
7793797
2642161
9798361
5903707
378761
9758513
6273349
1335807
5308767
2086973
1276141
9643349
100749557
1628259
7990669
6394527
1100237
2033903
544759
686019
2612601
3013651
3165351
1632487
4071277
5034529
9146299
298843
8811359
4153637
3656441
5127611
2525547
111351923
2507689
8676847
558733
832713
1511529
7204501
4098611
9676357
575007
3534819
923177
2293709
163339829
5163619
1143833
7643649
4715207
7251747
2969017
1575689
3505457
2048551
5156219
9401539
639991
5701841
6950561
2461083
2489051
6768373
7924853
3866091
137297
4000627
2301299
9045333
5801603
2024349
5037899
4524321
9097767
3630953
7055053
9625569
2574617
9957749
5419883
1877317
2962497
4453809
3226513
7334123
8228111
5164001
9837761
2849483
548349
8687487
1007339
8224311
6901261
3324529
66773
2207483
2334709
8777093
9442007
4145853
7675281
7555501
2825561
52469371
4619457
4905749
2918009
3469059
580811
3917499
8164217
9625823
8619187
6349201
5247149
5258081
7479979
4289377
7864051
7507339
7608689
3068931
3404367
9893513
3604887
1750267
9580451
3952299
1744399
1895367
6780667
9926051
6799567
1740521
5082469
9026043
1241607
32377729
2444807
160877
3139851
155241891
5774621
2143389
8632333
6405389
9428169
5071451
5794577
844747
6857387
5604763
6901241
7665429
9140441
8974431
1691061
4122819
7965039
1602897
5906351
2841613
7548691
9682153
130188013
9934021
9509697
633873
3112527
7807773
5413257
3136999
3016527
6367369
6033677
1653757
8472817
5186249
3490963
3120143
144210159
2908801
3741803
1853653
4210047
6159997
5043113
902281
6329521
499721
1534027
1100283
6312137
3961201
9979993
5686489
8822901
2702379
4889267
2924901
8267129
8361611
4343651
1233789
4393203
162826759
6542339
92259
3682953
9031613
4374863
4799321
5630439
990217
2088977
1609589
6144889
1495019
932171
1497161
5035409
4657093
9567743
3783377
5702797
7737349
5105931
9735651
4088619
333293
4432269
4011651
2881323
1841903
6011003
2158579
1388537
2054331
9554697
607303
814331
6630207
2350233
7673841
2878087
9660629
844379
36293591
8134827
678663
8744007
9677417
9074449
8498103
9628611
818913
6440997
9904361
7422101
3003581
