4322967
8626613
5545351
2066189
5682587
9738781
1281471
5231139
9818131
298847
279031
36218113
64823803
7450399
2304571
7499557
5446187
6313139
1645841
3018071
7125411
6018803
8987469
9456049
1045687
3384649
6019303
6950767
8474219
4731781
2461743
7738389
3773023
5943529
5760173
5301903
9112879
6026219
6163519
7765543
9714889
6833909
261509
3777957
4431691
2722031
1252453
9339973
2340569
474811
8388817
823253
3763567
128175623
4674091
882819
5007789
8982573
6752283
81452441
4831269
3534777
800849
7635979
5097791
8516307
7711101
6246643
5780657
9102651
2210327
8324471
1603901
1435973
4743223
8418149
7527507
599433
4066899
5445377
7241949
6800751
2060777
696279
3206463
125221
7239513
7263807
1444247
2897147
7482661
5061849
5197779
3551399
1793297
4205537
7935361
5856457
3159649
3309343
5066361
8012603
2252503
5628691
2246101
283661
6026533
6467259
9672751
5055581
7390967
4269409
6875451
192528183
5702031
2953443
6328117
3247169
6040893
6228533
1159249
8394599
162916591
3094443
199983783
4605887
8842307
929967
3889777
1519583
2392711
5902929
6107201
8851689
6235861
6950007
4359149
45170069
3579949
9996159
8586139
3099411
5600907
9133511
1635459
1284789
9249619
735499
185072511
4663849
2767983
8079523
6454857
9087737
6989807
2433081
8872379
5977551
7549667
325359
893577
6885537
5396883
2411819
9139211
128083
7014227
7296533
8607187
641259
7653809
7684203
8644881
2363817
7278953
2415047
7224783
2819483
5895569
5465727
5576787
4331323
5200173
6938541
1128399
8893619
9779839
1045707
4621629
8734189
1252557
410619
8570131
6351101
351987
8623971
1201231
3945873
6785207
9749793
8941173
3585729
1820771
608899
1263067
4616407
2888513
7511673
259519
9094991
3103693
3812077
6078819
69467
8988697
2935479
9609341
9620367
8128077
7414543
6764141
1243527
3867821
1139277
3017217
2087181
4725681
8935929
7006777
3922691
29733637
2061967
678763
2001409
4158153
4257603
8468677
4029341
7614269
4527009
2649781
9794927
4206359
6874149
3426903
7366687
2495877
8263607
9528533
5712267
6823317
7953913
9879887
155318951
6950153
6827621
8722029
7752597
2198773
7594001
2400023
7205379
6277091
7305431
2408851
8594331
9452717
897197
68768231
2343733
2946259
4569653
1039321
3941247
8160593
4064719
5758951
8393763
2717293
7810597
1937143
8367781
8427439
8278033
8099377
7495187
245583
4321997
1726407
2710649
7663583
9429693
5221737
9506133
5393589
9477639
3995821
2366579
1960217
988623
7524517
4291167
925123
1652239
410493
8255557
4441599
9048129
2970871
5350929
6942649
2035437
3203709
9287177
3462949
1949769
4511769
1301753
143709
3641097
6203193
1408031
2328463
9548287
24903137
5238137
8987581
6785083
7933343
6826419
3618351
2168487
5838751
2330699
7124353
2322827
6058453
3876337
2697277
3816717
3368227
7106403
7421359
157485271
9742993
752537
24530721
2570619
1689991
1483203
745681
5126903
2397371
4437017
4913103
1521383
2712089
1110809
8723983
4335011
3661613
5556551
5336753
3341263
6130163
6866683
8165683
6776279
3859731
4945863
2512547
7342209
7631803
8241871
1386033
6379453
2796713
8744131
2709493
4595739
6279463
5488279
2549279
2866291
3461267
6210571
7419
4196411
171194841
3799709
5345787
1375053
3708969
8461059
6604963
1622711
3820721
6303737
1801711
4848433
771119
3713157
4496927
7665643
1272467
4421717
8665071
3454457
7495339
9246697
8811367
4800127
5671513
637031
5285869
4872769
1985887
8921601
1174019
71103997
4172897
4395187
731379
410797
6919323
5358891
9432253
9797609
152434481
422541
716421
4167087
4571969
7044333
856517
2381949
7090637
1790733
4934543
7233603
38956129
5616673
872851
5390153
9417249
4874911
4707079
2295827
6099393
8143227
2475421
7080617
7324947
1859033
8835731
6312861
4599409
3321517
1823591
571377
3591209
226119
9432893
5901389
9708867
9887519
6547941
4383981
9993883
5294467
7348661
2137957
122002399
3982913
7172061
6047517
87927
3617057
236717
538797
6656447
155659487
3033703
2276393
6877427
1171477
5530477
8657073
8586797
209883
1551581
2389113
7177477
922441
485143
2996789
2130519
3306351
3220819
1990251
4937971
4959147
3750191
5462169
2789543
4585357
914441
1805433
3625509
7606269
5917463
7345769
6098641
3419427
8085827
1155529
3709173
5618631
2230267
1365031
5832891
7074269
943837
8671271
1418297
1113009
8357547
2380437
4833969
7971721
1688641
2514097
1855007
5770689
287511
4999683
8972207
6787953
185083999
2066379
2966901
6761431
9651049
1146959
9372787
7331237
89960879
468431
9459027
1141251
4205483
4967659
6782301
5428447
9219643
6936123
7100557
9217233
1383073
2371829
122424143
747217
6505073
3461057
8689829
7445311
3649201
7516101
8281521
7321249
3370451
1850947
3694581
591487
5253443
7341309
3969757
4228929
889139
1121649
7968897
5996751
9121881
4254279
4159899
9791939
5394029
4834681
2260467
4864921
4710151
5133209
9742243
5544569
2472883
162516267
5241581
7147459
3092751
3561151
9615123
1009969
5842887
4119347
2268877
8330609
7217421
9329429
4778737
101256691
248861
3334203
9766411
2571113
6993261
3716887
2359277
138682183
4716441
1338291
9882533
4766251
9750811
7239319
5178673
8355477
6630623
7111449
51693
8031607
1516203
9338647
5258069
962097
129737829
4448857
5205263
4863161
4822861
8596797
5507401
7098499
8635947
6750687
150527
148537351
3506581
2827797
1800273
2348071
201403
7527197
8324581
3959727
5915037
1247227
7490031
55893047
2491573
4588619
9529567
5986061
7124917
1392321
21038869
2507487
1583471
1060223
4777009
4939443
8484619
9140811
7144691
3587393
32043
6251413
2355381
3452779
1042321
4873053
2904323
4133071
7494847
717953
8743999
3911563
9480643
6469669
3425703
7821601
8330639
6060733
8428653
5393817
4859697
1908467
7665503
3616107
4322563
8242241
6699173
6784961
7981263
459949
2479989
4449597
5355879
6095303
9790129
6060369
7523687
2157411
7740237
6707627
379771
1598843
3663051
6766269
7293931
3544107
147009823
3141489
2992167
8719989
3584387
9314499
1851549
9925223
490953
323633
3967529
8149827
6063651
7030693
2498181
5857673
9305597
1625141
4283379
128333
1075809
147447469
6779409
10707
1439387
6392413
7526509
8800387
9140763
5952063
397647
2579721
9502041
6157641
4595169
22600951
9425303
1251733
1462047
4532949
7686951
6984283
9660857
9919377
1936919
965999
666677
1791389
6915387
7737133
328617
1899149
8195887
4553827
1358067
838951
3438321
2428117
9959883
7370517
2234459
3958083
6445699
7684669
3278407
6654611
9380979
7768529
1876283
3921461
5100891
4969663
2649871
4706927
8135523
2177477
8743533
7350287
5839557
9304733
8809641
407097
140757867
5722019
3771053
8663131
3944427
24623679
4240677
7741639
6626069
7323329
4505443
4856593
9397927
4096353
9728081
921791
3897461
6278589
7377553
3087061
5991937
1963199
3066087
5089931
5052981
6228539
4541487
4943483
9510691
5079771
3260857
6730889
932879
2780303
1676117
3412337
2241659
