2599409
3219053
1950347
1222807
750841
3025499
6625409
258769
8562039
5040327
1740851
5355369
3876797
5045439
1325663
8880887
6216443
507
3536569
5623331
686091
1788137
7560637
937329
913449
4907967
5049973
1563723
4567447
3689347
4104579
244911
5247953
9250021
4099441
8068881
167899213
35913
1101331
98741
7137863
6466841
7094781
159362491
2702597
6401137
4792147
6566861
5226993
4628157
861949
4237573
1535799
7703217
9937177
2671911
6762299
4451973
139221367
7282071
8035741
6298679
5111817
4299729
25453
2004019
435927
3745793
1288589
2230263
3576569
3105797
5570523
167841
1488939
3649759
9685653
3910313
7329093
1821709
4176593
2760467
4969131
4503319
8421639
144863
4324909
8509029
2807453
3781567
4889499
9769911
7007131
9359421
12529
8556653
6589959
1751321
6545831
6282671
6406539
9110383
2290621
808327
9517913
590759
2772887
4208643
3844181
8818527
4952189
8352903
4787519
4113199
6382699
6163711
4186877
5239003
157016883
7993071
3546429
9262759
496009
8314877
7119457
4244969
80168551
3988729
3536899
1557147
824787
1181731
5763943
6464283
2713867
4672363
4727797
1874639
7452147
3910357
5292623
89019
8513249
7652169
4362273
656683
4400241
8481803
8466787
1897973
694661
6208919
7065037
4117471
7195447
9183601
8245171
8390133
6105149
4337409
1859341
8613903
3671059
142333373
1843759
5288737
142934189
3125627
100277203
6986079
8632111
1784633
410759
9338881
6119317
9073697
9150419
6758341
3504289
7639281
839127
69767639
5325567
5551333
4219491
4296417
5516697
3840161
6553623
3125891
4547403
306027
8942977
6714463
2801833
5864399
2950959
5504827
3074731
5430407
9038857
7487873
4119053
9579431
2958287
9331049
4232741
5282907
6896257
9682509
1622779
8000783
9150873
9261939
2305331
6654557
2017153
7824331
180836941
8353547
5193711
8468763
9970697
9150053
4814407
1928723
5720267
7903987
1888539
2853537
8802829
9868539
8805587
7435477
6857843
8244483
7721839
97107747
2688743
2802169
9505231
4607949
1241727
8066009
125721
7242417
4789609
9856431
1086813
3634333
995251
1499801
9030441
9470897
5006239
1407917
7333773
4198267
4567991
502141
9075851
5655247
3542053
866233
542453
8053257
2803937
3749549
5699193
4178257
8407019
4221413
2377633
8363559
4661249
8274431
9033723
195938437
4723887
2558381
8814911
180591
5460643
3479069
7082187
6555301
3140591
769701
448811
1239797
138527721
5509397
4516423
6151661
7066897
7209047
8070863
4785983
5609029
4094791
4413667
3782979
17972223
2508051
3679509
6875193
920077
824029
5841491
5303671
171097757
4801433
2833123
6447233
5680049
6513351
1290159
5344841
8805881
3554603
3625491
3449057
9766479
5398197
9747051
9172523
4630647
9589939
5355657
9419801
7207341
8531081
9842079
7398523
8870719
1612601
3125087
1201021
2776727
761339
8418871
5284601
9742681
748849
5766611
1699087
468811
8355067
9998281
6767163
5251833
4492921
1675841
5097443
1373727
1213301
204019
4984511
6073267
3478897
6011527
6197821
7730041
3698469
3818929
6159073
9607719
4165539
6969209
7614357
9131871
9983389
3335307
3397089
6499813
6873269
9769057
5452097
4547617
5643917
769047
2485301
903689
9937843
1356217
4533281
6967819
312217
3711099
5788681
3207003
3620519
3694227
113781973
2673507
9522489
8131601
1136829
6897689
5906137
4832179
8318719
8536229
9971679
901201
1600517
3664077
2272897
8375817
6479929
7868961
4330193
9726519
4218271
8035899
9243411
7850983
3935571
9273479
125519263
127158069
7052081
7061157
3209413
3166633
1477499
4699079
177313227
6902819
4200071
1397383
7196719
7677479
1049093
7898451
6479407
4296961
4878099
8786421
1288917
6963351
1703313
4554921
7875397
276103
5397911
2610801
9873347
7756103
142329167
1492751
2424139
8900709
2027699
128843083
7990523
9644933
1097863
8137633
7608919
578963
2226611
917641
9407791
3812051
5640951
6085219
8800761
6212409
2632829
3595287
7073023
6009769
35884479
5039699
8198323
3491411
97219
6088963
7601727
9164063
6702609
3248851
7872753
9569329
35256333
5078597
480853
7443859
2223911
7119117
5642463
3495373
2328509
9744219
1659873
4820757
9262011
4252849
5247133
9470887
8005929
2329223
7150543
100027787
5063371
7357181
9292441
1442739
7053319
1581919
8704631
1725597
2849483
2959191
4415729
6814503
145139
3190603
4945851
4291079
2700211
5604393
636003
9338451
8973219
9599103
586831
8366633
7109797
2818387
89127981
7557341
7171679
5120567
8182187
6112671
5080809
3472023
5556737
8227809
140643127
2963523
6973549
83680567
3696439
7624613
5479843
8300223
5794841
5350817
1931479
5131487
4822123
7312913
2850881
7105861
4008123
8372149
9691331
698247
6907147
1157191
2640429
7220657
6407817
6802813
3470061
5004693
8587139
7442119
9872061
5415787
5921799
6768091
404999
5642783
8350511
60538163
5576637
163567763
6975433
131871423
6675821
8429917
9577697
9528363
664363
8453059
99418303
8110309
769099
8571311
3369523
209397
53408329
2537467
832877
179903
52211
271943
4402661
5983843
3003381
6488283
5460621
6918899
1643243
5659389
4832509
8538579
2176179
8835949
9665649
2140123
2073739
121958589
8028431
7496889
6834157
3328169
2506439
3979047
6714173
4071019
4488567
1391781
5026547
1931601
8689833
7932937
8997201
5464919
6970137
1778843
7935461
4791871
2703507
5806189
1610437
6302831
6829769
1042049
6888371
1051661
8615953
8822161
3804839
3250219
5320767
7450883
7800839
8914717
6847887
9525359
8898663
5302229
8786309
906059
6565267
1443399
1875491
4654509
8533103
6622577
3813913
8016003
6444207
5436967
9691387
113759
5415967
3444049
6334969
42581
7710901
9165027
6448723
2133389
2570481
129650451
1840021
4152241
1735049
7818467
169418739
5882619
8064957
781017
8235731
9713001
9597981
8208667
9827827
1190729
2644203
6130343
6337131
7955791
2602529
9062969
3126269
2845553
5260493
412423
2200489
793467
837667
6741581
7572937
190991
8045387
1734969
1516951
3577073
7631249
8260259
75867
4898269
2560531
9462973
1317313
3123033
5897573
9063713
7679701
3665289
4935259
244949
9508349
4869751
683959
5231121
9277661
119490183
2798353
733943
9761239
6265439
9642407
4263683
9186433
203201
911717
7578037
6733989
6778511
5274987
1326819
9360209
2991349
6061093
1824431
8248589
1649439
9127933
2169563
12081
2142501
5033047
8085991
3799623
7076033
7966109
6447737
779023
5993581
3008281
7577493
7388729
1480763
104675601
4232509
950859
7424023
6318327
520433
2467819
9747607
6204923
1431799
315201
1768781
6114707
3558711
3406449
7353291
4069233
1222617
4131381
1662577
1425479
9893763
948751
8803173
6889507
4051597
3023809
6015637
1330207
6531013
5334091
3676171
4263633
6549919
4019767
9493607
9452881
6818943
8875421
1137591
6595459
8325491
541521
2288043
407237
6076527
