4934651
7230103
1808059
3453653
823907
3016873
3674269
4791387
1744597
98679057
2951911
9188369
91786749
927903
1593117
6664229
285587
336607
5411211
3713031
9873063
2023073
6171747
1968081
8242471
4858293
6831703
9425441
5930519
2386777
4785181
121953
3796483
6606367
2904053
8356493
1845849
5793443
7051629
5051003
9582771
8723207
8637323
202573
9577741
8577481
2707393
8874293
2166363
4334593
6646317
6588341
6476437
5467971
98580587
4130453
539623
692941
2521797
8154753
5326153
2144051
1061311
3831241
2967029
9130401
2439609
817899
5536723
8650283
5855941
40280937
3695089
6798721
1918319
9202653
1325637
418637
6413289
1679467
4995803
1794583
7143263
4765059
4269221
8704097
7356961
4003521
2094193
4675229
961653
2378107
5069333
1335309
4617961
9127507
2217531
3948609
5098711
8015673
3412199
9653093
6032097
9807763
4739699
3569527
1030701
715527
3840157
5294671
1571187
5016653
8361129
4126839
8711449
2358801
7274057
9472321
1876737
3167539
197569911
269243
40753
775983
1204069
5726779
3943761
9079169
4489671
3130097
9834281
1909349
6119983
4121039
9861677
700003
103523
5445599
2685339
9111649
7407661
118953
462853
7055471
9956773
2419731
966377
678313
6452651
9309939
8863187
2498933
1182229
5341089
7338471
4771967
5342113
3216301
8198401
253497
9858437
4146773
9686863
1980311
9122401
628597
6971443
3793227
4243401
7360893
8413181
4175209
6295567
5760993
7573497
7497641
45605711
1095101
189102711
6041681
7215769
2820891
3089921
7526937
3443043
7781011
6707103
3338899
3039597
1722027
544583
5072381
7124003
8019741
4417959
470633
1969717
7064247
50814877
6874543
4953699
6723551
8151747
4004849
507427
4623669
57289
6335989
5364297
1874303
9857667
193019
6289193
4042847
1734851
2935857
9570153
1053389
8400373
6899607
6373799
8586371
8735741
5889879
9592243
1243711
6563909
8407683
183763
2903181
2883889
265071
4121211
9748687
1786067
4121493
3755037
5908967
8002417
6244001
815333
1745819
8371131
749521
6542317
3644751
5495253
4819549
1556479
3158389
8682799
54333367
5538519
8203879
6362701
1188943
532761
8271993
4594507
8987869
9798221
3034573
9127253
3879457
4464773
1740719
7925419
526737
1532479
8484399
7236653
1657431
9618517
2390899
2651731
7921503
28029479
2321353
2674587
771313
2369839
41052643
9570311
4542589
8984911
2160537
3568473
7626087
782491
6844491
6944561
3652469
1778623
3122451
1041
7979723
9589711
4352231
3723671
776967
9997297
8313687
145620143
4842269
1646483
9489129
1409637
610307
8847647
6343967
5780367
7151413
6279661
342497
8155099
106391099
143502099
7942401
5565429
7323529
4243013
4722663
3140809
1721957
1985361
68665003
5324517
893209
2000621
4689959
16694491
7298083
2840409
6824719
6250607
7143693
2544611
4849321
4252243
9823367
8056467
7676791
400733
5506971
32234793
4252341
7533581
5360551
4049981
43077
6522609
4144771
9665637
7505361
3273367
5249613
3897529
7648389
3722657
8969841
4329443
1754147
6874949
7522861
528893
7941123
3837733
3796071
9292461
5319211
6317447
172922967
8801207
3244171
1738393
3561173
6665333
8254923
88361379
2324737
9183157
1166971
4442759
43759
7936451
4414389
13539003
6134431
9127099
3910391
2102043
6519369
7650557
2926323
4077011
8538173
6630211
1537849
8769647
2033303
1336663
7065823
130718133
2789843
178806927
229067
1213251
1054951
9735183
3219607
8282283
8696781
4023927
3713233
180821
9627571
1204781
2709823
9683351
3014309
1788897
2605519
3230403
9630601
3835343
9194819
7250291
6381219
3337523
439033
8092271
7690959
6322393
8939523
4516211
8648827
7129297
8664691
3996503
7951507
9936807
1344979
1546189
1967469
9248511
4013391
7544783
5804433
4776017
128343807
3755017
5774039
376267
6245569
8551053
974303
5164411
2202739
8488739
2239847
4111951
8585559
8220381
6319043
6878769
9769551
3703591
6888797
3971281
8733249
2962773
6602131
8455601
4751569
6597897
7520101
3354543
3170391
3304737
4638453
99713219
7665633
572409
5666053
6688787
4713581
7173467
7179203
2131649
6973673
6487107
7014911
4430721
4003343
9787101
4865093
4316173
4849191
6748649
7326971
2114493
5214689
6591369
6367553
3790841
6578187
6540839
2502349
5457453
5001919
4038603
7881167
167371
4961719
1604739
8275273
7120611
413291
4113999
93049253
166995969
5519049
3228461
957371
7713301
5789227
9280877
488357
8988373
2349279
9423879
3135909
5026803
7569421
1949657
6033421
1176193
9101861
2728611
6719597
4831783
4389101
74061281
1850841
36669101
6616159
7204417
5950803
6985239
3727719
7713549
58981
3564791
4722731
8813631
3833889
94981
9166323
3570809
8574847
507553
397107
49077
1559053
2240221
9467117
9772719
5449349
5392953
7106059
4283667
7358349
5601507
1171709
5306901
4846699
5011199
3525291
4941163
552431
146683459
3046431
7753263
5296819
1599393
716677
5986913
2155583
4526923
2718277
2345191
1413317
2109559
7643963
3247211
9610341
5665109
3031801
3057111
9367153
5419099
7294549
2741381
7087161
9149977
3760361
5650949
8898101
6916091
6199203
5870931
35992191
2410089
6087111
9091489
9841751
8212299
8497669
9067351
7639809
2697221
2880919
2490331
37088993
5396733
4936471
4041361
326089
3046739
2921397
1214057
6137113
6703981
683669
64123
2422293
7766101
7440213
1840797
5027
8611657
4772799
4586113
5885059
2080047
2845149
5361049
2215771
6052133
4382437
6873697
3660971
5989619
1109733
51485871
6321517
7240307
8807051
6505269
7340173
8871181
3182611
9269847
5280051
325049
3661687
9484697
272821
5759711
8971109
196087
239573
1098133
7682633
1056713
7680693
7750441
7191397
4464123
1030759
6526843
6427619
5944481
3963927
8661541
3477487
885127
2049677
8578613
9028429
6942907
6163301
1196149
1851861
9972039
4784383
2180697
7757039
8822611
8134207
2853127
8199631
8414909
1965687
3176253
4990473
2632767
5387793
4194293
3924529
6006041
9209617
3056351
7494817
1402127
1138311
8909149
7340889
6904371
4733619
1174897
903519
6216411
5151031
7741971
2511913
1688253
6154527
2721377
3008971
6837329
269049
846741
42908719
114560667
1047123
1894733
4979517
490437
1839331
254591
9858999
6185971
4511227
4881987
4883579
6637061
2627703
3083343
6476559
5175609
5935637
3470429
4338801
7129353
29197799
8326643
6388271
6589719
2823523
9317763
5311573
5851669
6516883
9958213
964843
6064959
1728171
8721063
7641877
9705849
4426641
154453
6087373
2365663
3237057
9725583
5164817
6198121
4316301
9798587
2929183
4620751
8623537
7084271
1431083
2843241
3703703
2556409
76295239
7052449
5911727
7402653
3679059
5338439
2292469
7879329
4414637
126202513
8928147
1903159
7215559
4386087
7678963
7491429
5995931
3269279
3100033
3474837
5217863
7774517
