2849923
9148363
8481117
658587
4501337
7367931
23343
1701971
5943429
385047
9478581
3140271
1662109
4020973
847117
8501843
9027671
870477
8902521
6749651
3159337
5745583
2473803
4212173
287731
2875529
2090931
6718107
370843
1811221
7632113
3039133
493553
3750089
1059699
5494857
1892241
2740999
1321617
9193441
2559779
7604309
625989
5920853
5417553
5474501
6104053
4892321
6086683
1699109
5043373
5547311
8845049
343963
194229
9890881
4773427
7619953
8820177
5560461
9901317
2302313
6594451
85900433
9699539
3810277
5431439
9491103
1582707
5472271
4578609
5910133
2769151
3233601
5012321
9268003
9083603
8391579
7038789
6062907
2169959
8475519
1997611
1442051
3214409
5485949
1756577
5638211
3570759
2858153
874141
8934361
1010781
1129367
4135013
5714131
6464909
7592133
29882039
4354021
282361
2189179
3456577
2777343
3065273
6848017
5189817
5728237
7758567
8251693
9447479
2122913
4654151
43932953
193611723
4746659
4750763
8849117
1029123
5721209
3186833
8155423
3834733
9703241
2539233
4045543
2683561
2307471
7908489
5683861
3804833
1877681
4860887
7062089
5318221
9102439
5885397
5060011
5118209
5858849
1075317
2095149
8458673
74168813
6116223
4528203
6039431
9050149
9150237
766139
5625449
4444629
566013
8577337
392151
3669147
8962789
4468159
6592977
8914173
95277
766051
9913323
2646083
9153899
2246467
7849367
2928143
8502757
6796933
2541679
1070079
5716121
6161927
6240023
11323333
3020049
5997497
3219831
7697881
4327043
5758989
5040337
4500597
3898013
6469899
105882321
5624179
2740679
9929107
3396031
89747
8576447
7011551
1960033
5996981
7065803
3396851
5023771
2549303
7966523
2100373
1084071
440181
4530657
7834937
6748909
3403363
8254919
2727543
519957
4321411
6051693
2562557
348411
2701181
2317287
2526307
3235107
3808001
7284651
3620473
139880393
6658799
6714967
6356769
4262763
788111
1676171
5656323
7509779
5092839
8209147
9679287
323809
3525841
103855037
6632441
1545119
2037137
1585131
1230541
9126921
5942383
6279389
4951567
485473
133699
6617681
3196427
91641
2717337
1111803
5196061
2291733
9732347
130019
2054483
4148137
179704571
9631849
7567413
5244581
37670533
5235579
3515131
2698053
90997
4027517
9039111
9402941
5096469
2969553
1404237
3261803
386193
3742541
2616469
5517733
1262751
4141043
6205109
7066379
6986423
8925169
2595591
7883587
5448361
5079739
5186859
6930049
3840247
5874869
3338601
4440109
7775119
4590903
8303583
5599187
177310241
1053201
7308949
7763927
2234891
5907227
4729653
1585877
3262197
3448179
4325179
7164381
7566693
6676029
6621549
2694183
8411497
43517
1815467
5157329
9478069
8123061
5197857
9964247
1348337
4275521
4297243
5840283
5134207
4842537
764459
2633977
7795063
7093481
609921
254089
7904193
7255671
7858607
2433133
7692909
8350197
139681141
1626869
135469973
4190511
5525937
8604281
4071773
470079
6302083
8141601
299811
7363703
6810777
2706269
5799139
6973331
2377939
2492783
8781837
3823409
9668609
9876223
2018357
3141097
3481163
7943067
8893397
2754561
5963959
118983913
8984533
9359789
7331139
6572977
6249101
1828691
5557477
2517229
1013809
5959019
9176039
4579731
9289553
5518539
6521917
4829259
8746141
6519977
3156593
5436593
8125197
113279
6845121
9178459
937539
178831
3995331
7211003
1482109
87359
789197
11188171
27308987
1694107
9711007
9208833
7283099
8026653
475411
5667389
4638991
6176209
4430703
6489877
2025659
5824013
2044351
5070097
4376777
8821787
1756161
8892073
385869
5515321
185451
825821
3435969
9374763
4707267
75026551
934743
5370399
9850699
2847679
2626073
1240397
1606391
1000299
2667551
6268471
1999429
1161883
5530991
3594737
3901133
8420347
4561901
3666371
3589959
8279197
2123517
8385753
6242189
9148309
3863493
8389747
7985111
4933943
9003291
7733857
9169889
1942367
5013597
8345411
4351597
6028713
9772857
296309
3503877
6480679
9818739
4402759
5402119
1662097
1223917
4655157
6564737
1257811
1196261
902227
4892629
2100033
7559813
4706089
6302923
399909
9037713
6772709
8435111
9584209
3217403
2968253
2286031
314619
1930323
2805481
4096347
9779187
3686979
4306199
1981177
191699039
7306591
9152521
9322843
3562647
8070289
7891159
3275293
8557427
263899
737433
6852901
3164053
751003
4003947
1264939
170855979
9217979
9898081
56462723
4155347
4514667
89249289
1248039
6119061
4927789
4259609
8772049
9436153
4094047
2780357
5505771
5066393
1323819
1234189
7573221
5083007
1338037
2267353
900931
4377399
186678931
360997
4408491
6735609
7384491
3072249
4668841
7752969
7352613
5070721
138140129
9275149
2785407
8600147
9003829
741899
7397417
8455379
6798867
175720663
8964461
5308831
300167
2171939
7907277
88560819
2316053
5240803
151929019
5442107
2638999
3224669
6886511
6872009
132260809
9689251
9937229
556433
4044547
4293823
989437
7185303
3761433
6515877
1126423
7293267
3569427
3976071
5016149
6192303
757463
8823183
7142433
6126723
1170551
5005007
6019911
8251431
3754621
7376699
7401053
4195571
4967627
1126829
8934581
8706641
4003017
4086471
826119
2233257
9089693
8021121
3817561
2963389
2323299
3105633
5655733
5875341
1975483
7470623
1273021
2835303
158592519
2502479
5592411
3526767
33271
5108761
6634039
6458673
9267027
196132473
8598217
4348761
8364957
5151509
1397189
874291
8217681
9204077
8733937
7100431
22466809
223433
7508083
2131177
2560457
1383387
9517317
5336089
7896587
1577043
1417383
105971
5909611
3456759
4569189
2662943
3697211
1160807
1945733
5735429
3088967
2458829
8994121
7033793
7163607
958479
2746883
5025153
9817823
5786841
1385103
9372373
9604337
7827833
4148103
9332041
5519233
3371843
4484619
3790011
5879011
182274611
4662683
4429323
457679
5786167
2360967
8615209
8645909
24505617
7857969
8975327
5939369
681641
4760029
2041163
8472371
1948441
224097
4355453
7588627
150690741
606049
7871579
101783983
2430337
7934783
7254777
1494543
6131109
6787303
5459733
7324969
72693
9381127
5680143
6119589
4214959
2908657
9313339
5808441
3615071
480851
922813
86148683
7965309
5288443
1674717
9800757
7150831
5654847
5173961
6142073
2564837
6940819
3414029
475011
5795487
2088017
9113353
4206987
8795397
1835779
2505109
4263263
3191977
7787883
1625753
1424201
4059931
1770829
2857659
4279019
3387807
6547891
7127439
3998241
85992093
3476471
6681769
3231217
895521
8925571
9514263
4158893
7541439
2654837
7100161
5926771
9905819
4515489
3972947
7010901
8072849
