5242953
2137719
6526583
5617277
5404363
1030647
2884569
1290187
7344673
7432277
8892591
2622089
9374247
8879643
1101503
7438049
98587413
944743
536253
4653669
5187801
2014941
7520673
1475083
9143887
137043701
1676283
8932933
533187
5262471
912719
6438293
4762747
5530671
2297461
4640687
8441091
2575523
1943241
208671
3807197
6661159
4996751
3242519
9805701
7753493
7667247
8330697
5548343
2930737
8090793
7388887
4884131
6014509
4209207
8069319
1480203
9528097
4345223
839203
5988711
1229091
9554911
4343123
3784169
390279
8908529
1428831
8307917
2519521
8307871
6922357
4623387
2421989
4736283
1192233
578637
8830501
4111967
3271529
1444367
115697331
9761781
8856007
4265973
8200597
6731291
5749623
1718307
4543557
5801313
6276459
1279151
1953889
180579
246441
7765607
2780091
6927363
4240957
3730659
5374669
6936773
2499361
5657009
3239379
273309
1088657
6335507
1197251
4601767
7433999
8644587
8381479
5970787
7730149
7752721
7801607
8466933
3097301
5706771
5260997
856393
3520457
5129027
435213
9125891
4548457
8711701
2435849
8856563
6732579
9409519
4432639
5956299
4440013
612491
6679381
8822481
4771687
96337
7062481
7784599
8521193
2204577
8205303
533547
7317971
1497177
5711541
192441307
9972863
3844001
8188221
9827777
2349707
2554603
6741623
4382783
2752939
8677363
70361339
1254071
2972659
7911397
848353
7199311
279937
5760197
8905573
1023161
9821139
550873
8533807
2007863
876513
5355301
5904953
61620383
772333
2743127
4003017
2857661
14579
2491287
706403
5100363
7780301
5435569
6762339
8293931
3327013
1979781
9250089
5276951
3313427
9366223
8938583
1876183
4369951
5264909
8099311
6205687
701739
3275973
3473181
1420221
1223603
3923471
3548939
3301491
2599681
47715857
5193041
2882743
8638019
5661303
50913831
977819
1521639
8176101
7181159
1678087
1962413
4919423
1551797
7804837
6963209
8003303
27387
2055043
9502891
7923253
3793741
3990257
9521619
6164181
9280347
8969013
9147439
3137237
3517397
3987149
3844953
5899983
7988139
8863553
7506987
776181
562409
6568441
7740627
9890629
5386993
104807561
8190997
9302783
5540717
1745109
6115233
2272129
1995971
4494223
362387
5157679
7139407
4501513
2309637
2284643
2524129
5259047
4049677
5377731
4783211
5944851
9207837
471929
51076117
5606957
136530831
6994511
534653
8389607
7898899
4742217
2737821
9007607
7984781
8687057
320789
1471077
6767749
128085643
9253149
7204073
2937013
619677
9199773
4251979
897139
7842723
5430481
6132191
8834107
1750871
4650257
3418683
6603959
5250971
2322523
611821
9019993
9949807
4672257
9344503
3050097
8866407
5327561
451811
6193341
1398181
1657213
1733877
8128127
9803509
1453521
6455489
5994091
6468409
3359261
2172363
4130469
6286493
3303043
4424153
7231177
1669987
4040029
6339831
3359421
8513229
8290073
8769681
997151
4564437
326523
4681479
5102813
6940993
2667153
5409713
339479
4425217
4170069
8079919
6340271
64981743
2729867
3166881
6518589
1089107
8285451
9505093
2980087
2212517
2242961
8093931
3257107
1284861
3740787
9309899
167926153
8057917
7616597
6886621
132742779
6732181
1936087
8213047
4459567
425211
9374403
5379169
4863721
2327483
8837741
1191229
9128451
465517
5195827
7852447
7770399
4354701
8507743
6146779
5052781
8595079
22926489
713951
7519773
5734871
8847537
5159783
2456783
581463
8199723
2613949
6675879
9865671
2079801
3915527
2554161
9093723
7777121
734949
1470947
4612137
3256301
9999801
6667113
7980307
6695337
3203789
7609867
2575141
4280267
718893
1579847
3963271
8509233
1315277
4775699
131298697
2939909
6263449
6640573
1572187
3908517
6781957
8404369
1202121
6128613
6207697
993411
8900461
9084159
2794943
8435159
17035661
62180339
8393083
878913
4431103
8261361
3613171
9861983
5394399
5973939
3700961
13059823
2598841
7840227
2156987
5392169
7304427
3851291
7552533
2982633
8196089
8646379
6619067
2399679
1167067
4677363
6390471
2840477
3889861
8039269
9999117
1457901
6791609
3020123
183418497
6717163
4347373
9155071
7078669
8873537
831737
5387171
7072427
7260877
655703
42105943
4722037
9283027
4291471
5919761
6541217
165778299
199375157
8490981
1099581
6058423
8098427
3404429
1114269
2305851
8962039
8172941
737163
5146777
6961459
2934899
6612611
8347027
132699
1392781
19159359
6818169
30667717
2778147
7094163
1329853
6072413
8934441
2591547
9102769
333487
4279133
3373071
5958563
6148017
719723
3517739
164087
9742259
4733301
75416687
2104297
8776327
2823087
3087117
6160497
7775473
5465719
5181943
2292629
1166367
7900917
8739731
4827337
3957119
9032789
5900641
8468099
3634511
1730409
3007039
7553089
8802781
6256457
7303473
479531
8635819
7510113
7865261
5332591
1762523
2637039
6524577
3282863
4340447
8239937
2162523
5322473
2929427
7534007
7836321
6327301
556337
7042533
5951823
8124617
268137
8724599
6131211
734631
8114347
850997
1823213
4629923
6618169
4750961
9585789
3701033
8156609
4090073
9706647
9882813
7361243
4065841
1032929
17249
9060503
1459651
6846123
1243077
9794017
8695849
838297
1581423
2065931
3204823
7558641
6085449
9225279
6489271
8952493
5255533
4442557
9541079
4343851
6057303
1302853
6682759
5889519
9100287
5818283
4623623
34494017
6517073
1603717
5406531
7994429
8688169
8561007
2247027
76760759
3531801
3987077
7124941
3986509
843279
6570597
8299617
852207
2571631
8270309
2224047
7236053
7136917
2012113
6651399
5256343
7993759
104551
191642889
6616881
1396633
7438219
112227713
7574417
2364839
7076179
6970571
9455519
3341009
9877899
651623
1248471
8643651
6265341
5969061
6423449
9432209
6064669
4979707
2813401
5592589
8098701
8390647
8415753
656271
8097297
9750567
3084929
3815377
9762521
9904229
7896237
5866893
1436421
9712967
4911593
8465783
88783293
7700419
8311843
9226081
811317
4076053
7126681
1081193
9773267
2575523
9859273
8434363
37206489
1429931
5781891
4847439
152986083
5027183
3689873
1756221
9042197
2865973
6187699
2707173
8598607
9068639
1391723
4525063
322891
3942051
1871637
4632667
4286419
8022027
9697633
9765129
8101399
1624933
7599847
8329833
413181
183769367
160139511
5960199
347593
4998851
631419
482021
7307297
7440201
5242527
3518119
8674557
9749777
122914821
6955021
2591969
9974603
4785139
5784137
8569139
2846471
1100613
8795119
8309247
5108579
439711
5662871
6853153
329429
12909
6189221
3395989
7772933
2174951
12680469
7215507
8731181
3763669
5557331
6090781
950859
717239
6991183
4296393
3694077
9189123
5093059
819081
5262727
5138137
4930357
9313113
9566821
7034667
8483871
9896733
8347051
7767011
2693961
7963357
4996417
1110233
9055943
8394859
2271203
9144449
6179199
5344443
