5060739
9440751
6963447
8539191
4634177
32621491
9933727
2758039
4467143
4501951
7035143
9179561
6163241
4293473
5702281
2536679
3979099
2969457
4639983
1884373
8762499
5718271
747449
5056561
9664889
5172371
4061367
1862583
1460709
7743887
6628613
1547089
4500473
4261417
5190469
6527939
2565699
2187479
758963
9311757
8752947
9299327
8135127
3573173
127245389
8133567
5827267
2330863
3821077
9862209
192614357
1894317
1839859
6038941
4506293
9329157
2844217
750891
1410693
6406377
9832749
498513
6820869
6957289
3453093
8752193
8625603
7256551
5298241
2062341
5791107
4217677
2943831
9663949
9263369
1284107
7429969
9879093
330217
8347199
357277
2683721
2046241
1496087
5551589
9213627
9920013
8472841
4954727
3282931
5447189
4692117
1646563
936841
1253049
89601879
4026653
1028699
2728907
6966861
9200021
312037
7167407
32982689
9472253
47290041
2455463
3827093
3263401
6511739
6298283
554471
6002581
8797667
7937929
2565993
3194989
1635783
2166777
6456119
7943301
6452739
7203451
8360587
1926723
8337649
8711823
6401733
9187017
7509721
7062943
3800397
7735701
2639527
6107703
2828273
3014161
4732349
426883
7955079
2699421
4004679
246327
2534733
2200887
35583
6528673
4626151
9603477
8756487
4528573
5965289
9733017
3739513
6565639
5223571
307101
5986119
5175519
1215943
4020887
7901251
8829487
6670829
9333689
8612199
5667553
7813353
1888327
6637221
9096571
7512353
6006113
1653871
6980569
2406401
4774997
4148753
56383861
1791591
56073397
84055209
5389527
4208051
4418437
405599
3085463
2512377
8306617
30014919
6891573
7600203
4300809
3871623
6911477
9840991
3132879
6664139
8320279
8736561
2569309
7952361
3313229
7934211
6262693
1246523
6068507
7223501
7920357
6349959
3389637
7488413
8468249
2575407
3926189
8074967
8752347
4549329
3627753
4160861
8448793
4524367
8646463
5617667
2133247
6197519
4707951
3348221
1211731
1982879
132013
7344313
468809
4621359
8556903
8572127
1940593
5452811
1777771
8999509
5662513
890421
1522689
4757029
2434861
456771
1129939
3391687
8047699
3695813
4339447
6903933
808503
133809941
9912041
2121511
9045973
1925507
7482779
7286117
9584099
6920479
5277681
8681897
1344221
8026179
9870041
3542293
6046897
938297
1190529
4513487
682937
3576587
9016971
220681
7974671
1972383
179124627
5132593
174848329
2689623
3444483
4653243
2721537
5238773
6378577
3523501
1232843
1156813
1857879
952157
5995623
156508671
2440181
2685529
8575781
8286643
6974093
156815759
3542711
158193853
4911597
7287537
2248149
6172553
188211
9506259
2011299
7579221
7382939
32010751
1311333
7381431
3369671
6932147
6805777
2757443
2989211
5552463
8772287
138905467
3001751
6025961
8162311
7926819
5384261
53111221
9878409
3347273
8504969
2803471
7760467
1786167
949423
4706949
1161687
2800623
5369677
6351027
5688487
4438761
1132029
9607861
7316357
5676313
5498499
8651649
3513593
6124479
1258479
1283311
6490021
8012263
7637487
4044069
5897417
6878389
9270741
3912867
6894871
8685531
9077257
8030901
215353
2515133
8968419
8834197
99048657
7176271
7117547
4836951
3984223
3576651
4044301
9327553
3466743
5962353
4008453
1068587
4220853
1519489
8437491
9064013
5056433
9240619
6982973
8085691
4455933
4500769
7341937
1104831
5764163
5783877
3424831
9163631
9201587
7160449
9008803
6915547
2151833
9120531
997639
5325773
7129809
2000201
4628623
8403837
1582789
7225779
5932067
3929423
4707489
3852369
3758387
5468113
4258537
3478539
60253
2498741
5325211
5839353
1039529
9454079
7310683
6030317
135594751
2812987
5624521
2073227
9304171
4419533
8959639
2708661
4553809
4206153
3807857
4511479
9724867
1782041
9105439
6763363
2302307
935577
403681
8010713
6999501
168597091
4950921
9309157
7794063
3158793
9209481
3804871
1795743
8525751
551637
3923259
8414157
3290801
7889409
8153691
690237
6917099
6269169
2899811
4590009
5356333
8930757
623347
7958897
577263
121411787
9229429
3064237
131956329
8875173
1455599
9064193
5233997
7596993
1563823
8605951
892599
125124579
7658673
2630929
2907223
8713801
5745631
2744417
6783573
5875371
4907027
1328641
2267329
9377529
3071327
2350667
3443001
5428513
2012813
7813491
3704347
7091647
842147
1872573
7476019
932897
4702121
6356517
8261073
7701227
7864869
37496989
2371717
1600611
8876039
141789931
3722899
5135581
7137327
5168747
2211771
8584737
451167
7229443
6074781
9336541
4731009
8511523
123666901
4570513
169570711
4774529
130721
2679011
1552643
9668793
6807897
2226143
931381
9795661
2690869
8931957
7756603
4179139
3566887
2292659
3710217
3899519
2873331
832169
7339397
8970893
1069063
5392663
691953
1355159
3815699
8318541
3131437
342899
9679583
9020883
8003877
2455481
7697977
2785551
9381633
5008623
8540911
5364111
1369069
2656059
4766443
2031631
4808833
7863067
114618129
8844413
2219669
7132061
3272231
4279039
3123373
8778097
5843111
2342397
6441651
2620453
6663131
328013
8479197
9916723
897343
928477
1911173
5718221
6847671
6578161
3945613
1521871
6709893
125590727
5253761
3184959
1937433
5826729
6266293
4379227
2448423
8255957
7091387
1439541
4636781
2444383
862513
7331699
4801407
3379589
9292689
7383499
13806981
3066909
7623327
6032849
738693
9545949
427797
3430193
236379
1666593
1937089
535929
3203957
5221991
4629047
3839737
2473207
2246141
2853503
9437067
3285069
71397987
7527467
1903637
9514449
1589981
1561779
1641709
9873811
2349509
184846861
7401271
3144081
130261
525753
3732533
2979603
2673183
5157307
3586433
8804661
2706037
3096963
655407
7804817
1872749
6081949
8333763
2165457
1391871
3852131
5578657
7025097
2168219
3253559
7753931
1556343
5954999
1748749
4661463
1926109
9204649
9807153
4031637
4094331
8716361
6562177
4036089
5390887
858691
17314323
8876283
292369
570683
8860977
3395159
3452031
4306243
2951103
7533017
8348031
6003133
3995107
4258953
81494553
5220581
6134127
3055189
310199
9314723
4144673
7730479
6907563
7725013
4159777
5963061
4009483
6858151
7091137
2199139
8211491
6862359
7721267
1559773
2658063
7695299
8567653
3705293
5007171
8540699
3980441
7468909
9593207
5284159
6763217
823539
7786599
9518553
2509561
5035039
3986863
2941269
7392183
4669327
1592847
7408293
4339357
8836937
9771419
9472809
48401
8886911
8038971
6968957
2497549
2717023
5462221
5691621
7476893
4300637
3034637
7417619
6951267
2519571
