2994803
2951641
4151353
61612459
6600297
117636431
7645889
6579569
6675487
4408577
9790201
6392477
4540289
1833041
8181377
7513039
7911701
4920069
5712423
3498691
1474763
7788433
2345399
3447241
7097487
31747337
6114113
632959
2757491
2614421
857677
8127711
2599219
1874193
4132523
1775461
8567433
1094387
142881389
4041269
1324643
9718169
3233503
6535663
5588823
138093559
148191
3898299
2141757
3345597
8567369
4455457
8943413
163441
7976263
5376817
6048309
21069
1380287
1937003
5027107
8915501
14472513
1257033
5615857
5508171
3934743
1840667
1348003
9506053
2049521
3342071
6250303
2814787
4687769
8108507
8744207
3732843
5333447
5017981
3045601
3400377
8410991
2958769
517427
3466321
5790301
8027231
7919821
628977
4332269
1175373
9061809
66285587
7901169
1187823
3374549
7242921
9763213
8959801
5572823
1279839
503081
4818983
2753467
2301341
1998589
4999479
1272799
7433577
6128973
9259919
988051
3031711
8632003
2158547
7599919
256563
9044251
4862079
2599927
5011121
1167431
7982187
4342651
5157991
4539921
6193997
710451
3855727
3853247
9657053
5131223
2230093
4958313
7854723
3118339
8929251
6770191
1315467
6624913
8387317
6653459
6477661
4012971
1152813
7381699
5625809
6954399
6863197
223129
429837
2304107
7630681
2247249
1999661
7409063
63131201
1160671
772941
9128187
5957671
8009291
6854269
401679
4971441
5385469
38810007
3848887
7486671
2760269
1484619
2387751
1827529
7515901
1127027
8730319
5071137
847277
406629
57349987
9253499
8521807
7425399
3638231
5289653
3984539
856141
4324647
3033611
303061
9237627
2639639
9478633
2693901
603313
5461453
5251257
6100353
1864059
4774319
6233713
6471169
6354639
7185667
4481073
141658399
5520509
7705889
1022277
679247
6957869
4025247
333947
6401163
7303749
8675047
9429589
7751043
1261391
6916229
9934217
7249113
144965769
9604299
8272681
5349011
9794889
9496613
1176197
6088833
5425121
1355301
4166281
3729357
6073877
21376917
8283231
2756607
9053267
6827969
33013
2728321
6259179
7619123
424063
5522177
9596139
110801
8952229
9253987
1928837
3023097
8006067
4824361
1274851
870693
3959167
8090959
742121
1291599
8443087
7220551
4798401
7780361
3350839
8114279
9370831
4321747
5865837
1349043
3165933
9899461
5873433
7110501
6422517
5423059
39287
2683739
4130863
6305291
1215079
5988477
5940077
4287
7750653
1349889
9598317
2067329
8408243
495079
2527243
205109
4605919
1511363
8412957
5854587
5786203
9700849
4054979
8409309
9582651
5703897
9164467
5688533
7124027
5266133
9618301
5054707
7931823
7917923
9948379
5548579
2500663
1267713
5862087
7944193
3199571
357493
4803783
1330761
6359153
7362699
2729331
19809981
6739487
4782993
9114741
6610559
3831421
4749369
230909
3885057
6258803
2175709
2013401
3857629
2852521
2158189
4669789
1893931
2690223
2756351
8363507
6506861
2355567
381851
9675517
9450699
3931087
4199347
8390227
8582697
3310617
4202441
6908489
1396337
7611321
1984877
7456011
3444151
9784637
6368343
8813809
8269983
169338349
5670451
128717
5970287
8111339
71917823
7672503
8466779
2409737
5490271
8273787
987971
9269843
1468869
6520883
363199
6553789
4991479
6790411
6931841
6845153
5130947
5756283
1367039
936019
7480347
9616659
1745791
6951531
5086777
7285729
8262043
9192823
2282979
7047321
6593933
8309241
8473991
8266247
8080201
9667609
9239357
1488573
140781
3282937
8900493
83629109
342531
4421359
1535819
6811319
5833783
7073217
4688361
32823469
6348567
6229873
7132013
9501691
5353997
5241783
6702377
2626539
2951177
6380269
4973891
1262947
5352651
9293057
7651167
8171113
3134459
8166493
2870839
1638957
3310229
6218249
150757
9460381
8908551
570287
8306659
4199589
1325187
1284821
7400431
79277
3938947
4168933
3118967
9963891
3664763
4477127
77619
8198369
7353497
9278023
8113699
1482441
8167291
7751673
5107441
5431653
8566669
128101447
9878647
4915901
6132359
1104053
9609041
6839233
1787563
8636389
598503
1837999
3547281
5474971
3093017
6478371
321191
7892861
4921801
1719387
7172013
686661
3366319
8221111
6678487
197443109
919709
7030473
1548441
1758067
696783
5529379
7572283
5765171
2660613
7604501
17719
4862279
39690611
1611623
4855021
5637987
9827307
1990467
594857
511463
1060427
7919331
3741533
2320339
9680389
4821311
2921879
9650971
9947837
6843533
3708127
1040823
9837343
7152637
4870497
9260099
9574349
5739331
3453007
9378779
8033263
713043
9978577
3666083
9061821
7752183
9608723
8266459
3941969
4158359
6529677
1695649
6939047
3344611
9067607
233951
8785663
5709091
228477
9494933
6228151
8624139
7744913
3050611
4963669
9817927
7611539
7642237
5467133
4376733
8267597
151061
5961821
8801211
5304407
4304857
9351119
2497763
5863399
5628381
3319069
8710079
760693
6344059
855243
1265813
7880657
3223361
8377011
8038697
5924759
3288507
3246831
3660719
7269211
91671707
2569619
3361613
5087509
4226593
3138417
8270333
777301
6644927
106687
1003129
1475201
1571091
4772517
442041
9051239
6407127
752443
3017351
4751239
5515041
5403421
3242347
9260867
9431241
5327961
3740807
6807329
9691079
8752707
6405901
3178903
2046329
2252341
8617193
3399513
5730567
7886139
6889091
6409337
4259431
8910421
8135759
6731909
9929661
2814467
3686003
5111103
1295349
8457751
7318713
320589
2755917
5595273
3717163
3948839
6626913
9667771
7849391
210471
948363
4006823
2397437
104578477
900759
4938359
7884139
8836607
6331289
9692161
4471789
185854673
2093791
7629527
6930191
6523909
6235219
4711169
4100687
1303573
6783401
1183381
8253079
273607
727021
168142953
3963027
3923847
3674753
4147261
2675623
2540619
8665937
696107
6141303
4377359
3709689
4789803
6499081
3325303
6045501
4384103
1904333
7119333
4917573
3391071
8306317
4648033
453653
1551423
6544599
3728519
107795523
3955313
1731013
9126391
7930467
5421889
7930993
6299599
3592951
26753
4356377
1966483
4991611
6534739
8438093
8062319
5152401
2636287
3075591
134456439
5052241
6377807
5230621
3814791
6335791
3787121
1972691
4108191
6983457
7146431
5831731
1785377
5991773
3665687
212031
9104743
474857
1615771
8286993
6945821
5027421
646281
9688571
4319747
341947
2896603
1457147
542881
7914143
9333467
1866591
8765963
9761027
2922943
50722309
3227243
5505047
8090871
172667429
4511091
4342811
6559809
2807693
8371451
5122411
2696563
8885459
4008243
100479
1566641
5907981
5394387
4357489
1021279
7697591
7985957
9927633
308241
7868961
6360201
5630783
493623
195766117
9353249
7884973
764889
891253
2539969
1165731
7761863
1374323
1822621
3150843
4092609
4088453
9617873
9116309
108009557
34881001
3903293
5236483
4055759
2043773
2697263
8347249
5314089
7511673
2016627
4279821
9444919
169939549
3788011
4974337
6167069
1448503
9187803
4387499
8008059
1898337
5711679
75209
485039
2774783
87252057
17832707
3318333
186070709
5605533
8568263
169968457
7662157
176365097
9582171
