1228833
7837309
1305449
7288833
4711617
4084733
3046071
9988259
5892007
2433613
718183
82563273
8665671
9800983
6646027
6591377
408857
8504129
7306893
4418901
1461879
4878599
3156727
1017103
104429
4563287
6058071
8107921
7892113
9779489
3806813
109092467
6685511
5544643
843933
8204351
5363693
1490461
8732523
6137269
1153917
199611371
6798171
3054841
5834607
2395449
5476343
1233243
3528169
2521947
9858867
4643043
189991
9354803
9437063
4359251
4124667
3698741
7765823
5072253
852529
3280081
7235479
9105979
9663319
8091361
4099789
2754507
5077619
7503151
4468079
180051009
6395869
1177291
2096971
3596329
4197099
1034099
4652037
7489427
7992061
12646467
109863
6064603
767357
4043699
3489033
9063653
7950093
3005927
2873517
716649
132930647
943213
7194759
2635949
9173527
8938119
1711849
22844267
398049
6826621
9200983
8403727
9989359
2422597
9186743
5511353
4502643
3885819
6768313
9458803
2520437
772867
4306907
2643427
3152787
4648431
986067
1792647
3220283
5351793
6043579
2799139
974229
1434621
9240911
6728041
7518777
7532141
2453879
3604251
886887
287401
4184953
7970247
1123089
9881823
190637843
1748097
4537861
2083339
9627191
8143183
6554153
7638563
3602411
5111799
4511519
2045231
4272263
9926289
7125433
9007273
7117973
5778957
4027409
3506883
2387759
1148671
9537819
6616579
8623403
2821221
6682099
64343
418833
3382409
5951939
177451457
5762747
8594311
4712291
3869
8426367
5801287
6735263
8105523
803561
4566341
5309621
2106987
2963813
6254541
4931811
2451397
8844949
6809563
1192093
8197147
650513
5137499
478883
5262339
7718701
6117927
263647
3680101
7623451
5633559
2952957
2277499
9220177
7662979
2980387
9315499
2469711
2262833
9066237
7549309
701893
776399
9110577
2165309
8030643
6193771
2783479
2667359
89651467
40447
8001241
4045499
107423511
8412471
6203099
2500501
3226699
8836921
2196203
7752857
1250737
8157447
3954981
6093563
2063773
6634047
2339981
9162589
195369563
8671463
845099
948979
69557149
3522549
5304203
6742887
4384487
8856737
2204129
8842113
7270791
3387639
2948301
6263607
3411469
2635757
2826777
4620907
2573937
7132383
8362691
1021387
1598309
1818587
9768147
655441
1721913
1615251
8812139
5497171
1612139
4002141
6734837
8450287
3731813
5580053
9027049
8058309
8185341
8391743
24018883
3051637
8492859
8061717
3699513
55411
2928477
8861907
869213
4685683
4251113
1770571
7067837
3409837
9944283
6117743
3898693
8090373
1014901
7812417
89195187
9964619
9161661
405813
5540687
4998469
9092733
4161789
8559129
2594289
4519839
5970943
3222677
3146691
6102609
207489
6637067
9672467
2920021
7959957
28528761
2353443
2983723
5926089
5256561
1616947
124491
8830627
5831891
2374133
2894673
3959971
8626779
7812879
1531993
5007613
8144991
5466749
3357303
6307917
8970757
3120439
962403
9452539
5156481
915529
4238409
112513137
4294847
3924997
5712343
1633929
8075771
6452373
7184973
4306231
6879757
3664523
2519363
7850861
9739503
191607027
355919
3959353
2905199
8033581
4193777
4597719
2843167
5926591
80963679
3381531
8689507
2659803
4191291
5332003
65892309
8292209
5600469
7488847
5036043
9113417
9296189
7449361
5381863
2080933
3431429
3931429
6132847
7278799
3321007
8025981
4920167
3843651
2120167
4705477
360567
596071
5510327
9599051
2779187
9692383
8749247
8760959
5334677
5399367
7437747
54650581
9612037
9072037
3924103
6619097
20281527
2543421
4091141
6212199
300541
6795127
9112923
457977
9150371
5955897
2521987
9758301
6558251
3388303
8071277
4724791
7302141
3689861
3681287
7943793
6147529
225849
4618827
8145533
9594493
6772107
1437013
168679731
5778029
6834881
7843557
4747501
1950521
9942149
3200807
3876109
8663627
463793
95635533
834207
6940297
8330959
9567833
6553299
2375361
7747649
1143329
4529127
533721
2687881
7709179
33913
9505673
7695441
8544371
9302401
2344259
2068017
3617881
4015487
7165527
8924523
708769
3074221
6019733
8796113
6303841
5130041
8509357
8316879
7361441
4813069
1372229
6313647
9118673
9601907
7984173
2129159
5205087
3626481
9299271
846691
3938733
1468921
6951193
3415653
2836317
6380581
1411363
7437647
8483363
8735791
577681
8500713
9941191
6045687
8134179
197310547
6763621
2422097
8547307
8702777
4127249
8042467
6353119
4204327
3035111
59871077
5093303
3362587
2746813
8486437
4908343
6033801
156762839
1383053
3303721
2335151
354103
9930181
4779437
1127109
5823299
7878277
8064999
8175801
60338241
15539
8633087
3607647
4561859
1572541
1240543
6203471
1089131
1827267
9736301
6806709
4708677
8677737
4168359
3219831
2239813
8756559
7087853
5248313
8881783
6211303
3106019
3913397
9441401
2550981
9364099
7343311
142731
2018361
6246167
3662693
5344833
6183147
8978057
7068179
7575917
7782869
4806993
180547347
6434157
1129931
6173539
50496951
3658469
2865457
81916161
6943843
6086471
8467523
7523523
8731171
2471831
9510857
5167357
6967239
1707301
1488697
3421091
32423
2223421
5539389
5799403
30649479
6079233
8557281
8966401
7200243
4882379
5826379
8370707
1686531
3348433
8985309
7656863
2334119
7749813
4829411
2423981
7930723
6609317
5905351
2457973
4569229
1734217
5307477
659341
559977
3367967
3469337
9249887
361861
2359447
6846631
123230751
4070051
6272071
860619
9832823
2689311
7492263
9323881
4676329
2010323
6405249
4587699
4406319
3100143
3182101
2222411
1387539
6985719
3108849
8552661
652347
2865727
4196063
9204057
9675983
163365037
3044167
3765449
9704383
21361
5909857
5407559
3634113
6674801
6373219
8405539
8982949
4517547
9568801
2711841
8593297
8651827
6556859
8501649
8137741
1124297
189224559
302551
702889
5207397
4406761
4487647
4859959
4933439
841617
8817349
9808947
1955979
9537033
4460931
9888091
6796177
4405863
892629
9387813
184063551
1187203
3680979
5949811
4430299
6676467
6337767
5559247
1194267
3255629
2775649
9769563
4503441
8921759
5324689
5697763
8135519
118651823
2392559
6872287
9890237
6178409
4020273
8428903
1623601
8953389
7685671
2900009
7908027
7618681
9594897
1531953
4391801
1362817
9747033
4308321
5930117
7458163
7700089
4557901
3460247
6612299
8473601
7485057
5906253
2885999
6930433
378359
7341337
46406751
656287
8000247
2405341
3609741
3682291
6619217
5634387
104367
5625149
9821781
2483393
8638343
3039941
6148137
930189
2468591
3691769
8109923
3311389
6158287
1934141
6924117
3327903
2981477
6266627
508383
6825287
6634603
2295709
7716399
2432719
1659419
3346207
7979097
843913
6859579
4130651
8259487
1916521
5025937
968259
4232441
6379223
7918419
2836727
150077
7038527
9301841
5489189
5266101
9400677
5583791
