7148133
9403553
7232187
3681609
5169247
8628891
2972373
6380313
2119579
156539307
1247973
7259963
76968193
2194319
2228709
7810787
8771517
8414071
9656591
2199349
5770603
157327827
9263763
9330161
4771243
1556671
112965653
2849511
9303973
2495313
2937093
1805161
8297581
7416427
119693007
7601057
3071417
6908389
143601
2718447
9385813
9068613
2175669
3300817
2901831
5628413
5292711
1270651
2303011
383129
301993
8800021
841847
9008327
860109
4157301
5925937
9370633
6919253
3508053
891351
8563049
4059897
3337127
3743607
2621691
1043469
6720387
3480499
8767501
2732751
107803739
1569891
123314353
1273319
3994407
2584247
2315409
8542579
4237007
3668649
6317163
4461837
1305111
4909257
7563999
9556903
6662781
1074469
5978801
381661
2608947
4953553
9057347
37708783
7028583
1358943
9911657
5048733
9434577
9426621
9036149
8931631
5083611
8776813
5838809
7129697
9476029
7196331
8286001
9822411
63187
3158007
3891933
4364743
5497673
8930599
1427493
3204059
6881647
1472397
6541247
742333
2502957
4018671
3858311
1685489
2437703
930643
5725751
763029
2438637
995487
5663849
1169661
9712623
8062713
6490511
9498319
9261469
5094479
1844299
6997711
108553
1612379
6679493
4479093
9855451
5662983
137600799
8021071
1851323
8580863
5784223
9712617
3649049
5292137
8629781
6607119
6768439
2110849
3123389
6513853
8875251
1147099
7298893
212831
691693
2423971
6649651
8993217
11380491
6267849
5882101
6962069
2770717
1269509
3522013
8509019
8119381
7782727
2132089
4025897
2490429
9847863
31223
3109239
3253387
1122413
114849589
2639861
6279621
1367033
8180223
875773
8538143
1296849
6955657
6222457
5992921
5626763
935593
5325991
1094537
2525883
116209
9488657
3265681
8289667
8561411
2400051
156302831
46124513
5111451
93020307
6030851
869191
9264867
440459
9660543
1066999
4587139
5113993
475869
9239937
8861271
4723663
2249841
2286021
1008973
4421161
9514493
8616411
6475783
9956687
1420659
7784159
8834501
5295813
5134877
9717483
2197063
9871649
2968289
1023597
9744589
915109
9347801
8779651
787481
8547899
2395777
742583
6457559
126890759
5289211
3225319
532061
96337387
5560873
8121013
47824049
5377909
8306853
7600401
6043821
3072391
7775677
4716799
7690409
6847853
5725549
7538061
5055807
4639913
23253759
46310421
3008907
3809417
7665049
7704919
350037
7951297
5467017
6700497
3326949
2822647
208531
3064943
7816711
4162311
2789031
9339051
2436881
5582797
4424013
5319093
3861599
2849869
3081997
1782251
4869581
3779983
2684993
8889071
153137
9720813
6673627
452389
7757347
6546591
1738939
6168503
9493323
3544629
102267373
7110571
6001941
3839489
6942787
5388423
8197683
7464907
3868057
202069
2777147
5184349
994003
3319043
6028941
2348271
32997
1838881
8036621
5524847
9157831
8003947
7963751
2124009
496561
9922981
8261553
5695039
4733421
7095629
488727
4477727
3009977
1528521
6730697
8384919
7501697
2720729
8541571
1029223
7403049
4271281
5730913
4124417
6625019
2920619
9499303
8136517
5552831
1645503
3265357
139945593
7083943
8409879
6259657
4559373
8184399
6688929
9489601
2231941
9062293
4345359
78884103
8457381
8859353
3530981
4459027
62630377
7723549
4110093
7132197
14537049
4429219
7480257
1004607
7940269
7171331
6006999
5211507
3259959
5998871
5180177
1812923
5839791
1284447
4045307
241647
5351441
8871687
5011737
3449139
2929943
9358563
8027481
526317
1768181
9848439
8187591
527817
6353033
5148763
2947889
5426943
73627
2901933
2331113
4312903
2252703
693343
7161193
1576487
2706111
823157
9134529
3399369
4532843
232327
8904273
7886531
6257591
6416437
4992481
4285343
9509147
7606187
9633673
6028111
3225167
2949271
6055997
4287507
9197497
116621
9223761
8834413
49943
9599949
981983
9513637
6442187
3689457
2198043
5148297
6865387
6853181
6929927
1142787
4848983
9723181
6618271
8495773
507073
6520751
7386443
802993
8578959
9812061
6723369
5143567
9507781
310079
6137153
3899269
4277441
1133829
9253837
8379427
7992757
1258703
8449317
6634769
4664263
7280843
8816859
7090671
5925961
785189
53329
7473231
9909593
7668769
6464109
1563537
3968223
7635313
2954923
8905541
148534921
50833261
5474923
8583261
1204283
2548673
4107621
3721431
7363319
2848831
4324159
2379377
3956763
2427401
4958227
4362839
1207919
61432093
5296809
9128199
7678191
2968989
8742193
2096601
3647681
2780219
7993197
975457
1206253
488943
4735793
4938167
7253603
4608227
6108629
3449139
2421609
5367391
9483537
3777701
6817297
5352077
5886071
2708307
5721621
2404311
1517291
160649329
1055147
1415761
8413461
1487671
828611
1818519
1156383
8273291
322303
7860031
7082533
4836429
1765757
4718021
7591631
5895383
6293423
7702721
8669411
8687597
2273753
1018653
118964723
9300187
7595277
3885183
1186327
4043033
8578221
892987
9028251
2892351
130077
3128723
7342887
8596237
8612197
3474087
1746123
9133917
5031419
2337041
8994153
5555807
5723631
5917047
134086847
608241
6676011
2507369
8906811
5639143
67842651
1847967
4903211
6116999
28651659
3265829
7717541
5897579
113972511
7837413
7558463
3434521
703469
174137
328453
4357037
4686747
372451
5156359
642673
5240339
7896943
1057173
4465157
3030423
6888119
4554943
289629
163029853
6085141
7102071
4595043
9505767
3980619
842583
3693331
2665083
2583957
8730603
7948997
6120819
3944903
9963313
2928677
6724309
5968043
2486553
9492117
2080869
2547273
3073297
7135863
2845131
4560049
5753379
6907483
5947657
1271143
2448393
8684147
8353151
7581727
3660241
7199713
4062793
448841
5130469
6244471
2080917
6511179
2851759
6408461
3555859
2022429
8341277
7480851
9578137
9957537
2520097
8212471
1285293
6223633
124902883
6824753
6155631
5798869
2960001
2321449
4559621
5897167
2421057
6563501
157541179
4138249
2726357
6173999
531339
6324639
1456957
2398259
9819417
4441677
5586463
7864501
1361831
9230323
6200011
742887
1602491
8169247
9039011
2411501
3751783
842293
6772887
2205673
1799301
74112199
3875071
7798147
2377841
3724197
4375223
9755637
2759499
6108361
1840093
5574717
8047251
851817
2005723
871579
3398361
6225423
1220827
9179323
4202887
3629339
9163823
217691
529449
7974663
4837473
7460327
7903511
2325763
7125963
1071147
8278779
7028241
8098177
3083939
2913589
6832399
9518969
154504589
7873983
5392759
1762749
3948981
36097441
9845753
8423109
7202687
70687
3186441
4091247
2883337
6438473
5013313
5257399
3941789
459357
553933
2394493
5918763
2020069
7361723
8357473
7357649
7043443
1300007
3906561
6961967
5162033
2589631
6325319
1769939
726973
8565831
4039143
7987221
9259801
7684899
7215921
1363529
7106923
4734351
6367689
9726213
9600787
2204587
1006183
5359147
6837301
192597337
2339891
9066831
6883499
2838761
7647689
6893291
2624519
4270521
5184411
6777979
9765617
3143829
5484321
8616917
122067
