7847861
9436381
954483
2157931
3367209
7992257
2686503
8781709
9413783
1928099
6045239
3550663
8642987
7651673
8191773
5321117
332651
1633923
3574399
5023803
5050313
3133659
9548393
8236421
6507309
376909
1794801
5377437
2683651
8511031
184250673
3322207
3461229
6972647
3152047
2268061
7979529
4526479
4801699
455349
9706293
7897787
7890289
717309
601381
836493
2395859
1226343
7966541
6755847
6096413
2046039
5330569
8862747
9453373
9555617
7914831
8539371
8760221
5624009
183281847
1478567
2110477
191037697
8576159
4702009
2885861
397149
9383387
6584191
5026831
9706157
9458647
5037013
1717547
8387143
557607
188191093
6636449
5387889
266641
4841943
9137551
7464709
1270501
9951143
1055829
4024773
3315687
7423137
5401669
5924813
4713687
7097213
8364891
8216451
7815871
3777231
9264723
4811107
8562789
5502831
5847981
4563677
7935051
117644093
8254683
8601971
8698547
2635281
3303137
6786847
7191381
3810593
6174221
8235303
9691247
1222259
481271
157064711
743383
9577237
3777617
8892869
8167633
6954961
7072663
6607031
7004333
7958873
5403529
7628143
234779
4235899
3077749
7667521
4969969
3196717
4587013
2509243
740497
177052801
8702001
6592323
9068823
7045879
1043263
1095203
6807623
6100317
4401941
1808027
630469
6809053
3581349
877619
144911
4949647
1156929
811023
5946689
9644431
7675833
6876757
8658057
4873701
1667987
3524419
7782527
5425577
4197759
3101247
6841277
9276941
1784891
9498647
8594937
7289641
3824499
9500789
10539857
3087501
488901
122367557
4001591
1261437
1708247
4971639
6452213
3748753
7837253
5293697
1663531
8131247
6116321
1316257
1943147
4711451
4112883
3150701
5379189
3054487
7372167
28794621
3630721
7391191
654651
8556199
3458089
3552877
3170491
8501463
4085981
3370337
5631847
6671307
5155511
7630337
1057077
6401947
874021
9915151
181679313
8044427
4622881
2896143
2110521
20019
8524773
42537
5273051
7066473
6109533
6595067
3004067
4716607
5762707
856001
7322923
5451671
6622511
7906921
6717499
2068999
9626923
9646037
6116351
9634289
5178109
7566793
6775611
9156177
4084599
1597363
126569067
1401447
3252229
2118211
7128883
4911953
8624747
497209
9739541
5893209
851823
9392667
167626097
2188441
151618959
5286381
4324953
9523303
1790731
5138743
9083467
3029447
8354419
8435733
595231
191113
195990321
7516667
8961469
4076537
1902299
3620311
1690109
3526523
139858509
5816147
2123333
9691323
4713037
9706249
4346617
2027437
5903197
3108177
4853967
2191553
9516161
7335983
8337781
1126783
4498341
6333967
5286913
6707819
2888747
3586819
2508859
2214717
669451
3619371
8917497
5272969
7539647
3643389
2333883
4204419
6238503
6065361
9581821
9997683
8792369
8483347
549397
6060313
4034037
2329037
78485277
5850687
9172667
1610147
8100059
8676101
6415691
4737383
2080933
7944157
7830293
989947
8796909
4330769
69451
2999957
6187097
8013037
4223411
298521
6381801
1387657
7722747
3369243
4420697
5275113
6567387
7088639
9144347
561183
1860957
2493843
1719141
7909553
6407779
97723
2665207
4979403
4545679
9678209
1153111
2411749
6246533
8514279
1628013
5150519
126293713
115000529
4799201
808113
4543437
4393243
7018649
1225573
469413
6144529
8816923
6983037
3074937
5131921
1151517
8530719
4753193
4229953
9160223
3275533
2788043
4761741
6773591
1893493
5306049
4779463
2679577
1257699
1824963
4771921
3463943
307837
5989731
7730197
6789789
128988771
50545629
8358403
7914259
2386613
2561821
4953461
1180991
8261339
222741
6380833
5425477
7371073
104067891
8599893
1767129
126309769
1172477
1960187
9491223
3302377
7666049
7512817
8291763
9791899
6143881
1101093
8729939
8646437
298283
7101597
7135317
25793
9472959
6036141
6911537
8159009
1556039
3420221
84092977
27589
4098121
2252261
1151627
5007143
8392089
3879303
2574279
6145467
1992279
2080187
5291981
5951873
5342607
4859221
5393709
111797
3163503
7636199
1835129
8355407
9722749
6523489
5550157
382761
6882763
7671571
5776639
87698929
4319293
3695411
4486009
3645907
7090347
2754613
2027869
3737579
8615301
3303237
3015897
9724921
7891391
1774517
5231727
9498131
1752783
7847123
9215453
7139971
1664547
733139
8713279
8225789
6634953
4702199
3376753
8728259
3303337
1612057
1156541
1572473
7489961
2943321
5680149
8709073
6091027
4623113
6407467
176476333
7395491
3692701
9008991
7978759
1632079
4942393
551677
3969701
2569337
188923367
957083
7032009
37369503
2253319
6630609
452439
7427099
4934793
3390271
2548803
2507067
6614567
1208393
44839581
9870893
2579803
128747853
8668639
6535447
5993699
2461089
3647119
6027309
131470347
1776029
6322387
6703181
4616281
7231627
77703
4930367
3597429
4479847
2719829
8614087
5211951
7810311
5982831
33802111
8450999
740657
4514213
2657079
2465063
528081
4693777
4500041
4019857
8997369
9601977
183095559
9187707
2108221
85641197
8263697
6749693
5891271
8078283
149465031
1992373
4910667
3993173
99211371
3511787
8608867
8447361
5837301
2641071
7922243
2305083
9386233
6241597
38067
28123741
5479501
7417407
8434593
1870833
6683681
6637871
8666201
9004113
1668507
6967989
9294017
8954167
9422741
9359867
5740299
1043119
5681179
54627
8925429
4271579
74711
1917247
207077
2293677
4923581
5056953
5245497
4839079
6660763
9879589
9721953
861487
6220381
713627
4656481
9371817
361573
8808633
4642353
7820737
80674169
1277629
6521913
5874787
6687491
6755993
9524973
1160109
8916019
2937097
149159963
2724421
8930431
91209
9715737
1983527
7571357
5127639
6099427
2681093
9345411
2912581
8327719
4706793
9132983
8443403
4137541
3427363
8648497
641789
7333499
407971
7257699
8252427
8694031
714349
9494589
8073903
110207
3420393
3498307
9741659
9088067
97872197
576907
5636101
2306573
7419193
2404961
3750321
9494357
9271309
9309877
4836783
531911
9893449
1091113
6599613
595409
10763
9023043
8941919
29693
3863993
7630939
7250791
4999811
8218611
1827183
3809177
2425473
3791271
632917
773189
8724863
2252721
4535181
2005079
3256489
2338653
4638089
1964987
1160417
1281591
1907199
3607951
3450683
9351563
3447427
5603227
1239267
7782711
6867063
3304373
478143
5646897
39121589
8378049
6140633
9289921
4418539
4975741
6751817
743139
58751819
5274837
75091
7186901
4027303
1991569
7617859
4131569
9998523
3648921
4583749
5617973
3140939
8512081
2499507
6958791
4939689
9073107
1393017
8873527
8517347
1305211
8267153
5447593
5234709
4623201
8993519
4207187
3451561
5140981
9503507
5602061
5813757
3549191
8960547
323943
8785619
8299583
7444379
8605123
7587863
8009131
1792921
9999401
7663321
9812109
3302813
2711137
6470533
1182811
7169093
5263069
924187
3997423
6876063
