7729393
750751
4318327
1287889
9323853
5285011
44799
7216067
8286201
98061
26239631
837609
6190097
9378617
1869753
2277439
7732779
4602029
4071491
2434247
3976029
1990991
4313761
9014287
4159399
4378849
9557363
6495737
9144057
7082737
4231909
307071
1786509
8232747
1607201
6024411
2764513
6518229
8001593
8637571
95019
9480703
8418367
5364171
7904101
4425333
981537
5897077
7480159
7203841
9646191
210803
7540523
7081173
2582753
6073879
3217867
6486287
7559511
5807491
2934307
8077881
4589803
4642541
7315013
5569317
7221067
4636987
1318561
9976153
6154703
9426933
2979597
8752853
6034087
2321939
2314323
8766119
3731487
297071
5162383
920693
6312497
928993
3848753
9556683
917369
4600109
133904837
5841603
5406137
9922813
3493383
1406383
3604279
5414347
2471617
4353901
7003631
4863883
145774573
533633
8013119
9644477
1805679
4088231
242463
1270209
7283347
6604207
7914879
48005511
4247309
199781041
6436861
2999033
904381
1806339
9918821
2492819
3077639
8143289
808997
6118763
9802977
9206807
6343999
9161021
3720057
4183403
353383
9072599
2001667
7865373
643803
85436701
7032931
1248893
2864059
5069697
4179941
8820649
5700503
9534389
6870041
9269009
743053
3677561
9127477
4218753
170317
8085661
8483143
6892623
6812729
7490309
8296323
7608647
6201277
6093057
913569
8863989
2906807
6845603
8591089
4454379
4025173
7985621
921499
5983249
82523
6192771
7117409
5465281
8008887
28551
4435919
2959397
2232319
7060829
2654899
9294819
5545781
82184437
2294279
6438201
8994733
7058781
7513593
3175611
2022547
5747449
3673693
9434421
5058961
8104731
6407703
17344997
8993879
9925937
1662553
9936391
5795211
3534293
5829911
9962647
31179619
759057
2196301
2653943
9477659
175324213
7236869
53803101
892993
5871899
8229797
8047517
1494989
9563327
3857027
1167319
3227843
9899739
7337183
468337
6304443
4144567
7206841
2354159
6908637
7293057
5305279
7380689
2327761
3188313
6834331
4516249
2920669
4003287
775739
2888057
9466293
5979507
5437717
2899783
6053773
759183
6042573
1114847
1926879
8140341
9290839
9218483
3251889
6028641
9761661
6779653
8534139
9239793
1060729
6602641
7323671
216877
9502621
2483371
1641749
5837667
7725901
8495921
4932921
1067523
8124193
3580901
4099377
458093
799373
6743027
4486109
7283399
1045111
3641731
6665877
8185067
2303303
669079
6514261
3260911
5031309
4930909
3696633
5215599
965837
2993523
588667
3534099
1093173
9322241
3861511
6620689
5712717
6795009
2630837
2158637
2743887
5940533
8095601
6417897
1362867
9341039
8255591
4830139
9851573
9785527
7506221
9716081
8360941
6003891
6075203
1111609
5455891
6321873
3474361
2671831
2632071
2150949
6223543
9184423
4268323
299847
7217229
4661189
6044207
5010223
1872723
8201741
4392357
4232561
5273007
5485071
6072731
4894303
9124031
6911297
4583433
1821269
9716993
4153317
1149019
4343159
6681123
3760129
3165537
438271
5278929
9942679
6798697
6069789
9925653
8742921
5226509
1427109
9095597
5813691
296229
2854659
4788493
5246839
6531159
279879
5836459
536969
7037641
4630673
4924261
1538893
81288367
3840529
81991633
2576387
2574319
4133297
621777
5659867
9542111
2282621
89993
5556009
6840267
4601993
2746661
1889211
9680391
1346781
106248359
698747
3132383
4158661
9583721
850347
593249
8846119
9273073
6150849
5082059
9343233
322983
4993931
9612819
7348807
2712601
4210447
7156521
6408623
8524497
305029
6605213
5881479
77534099
3326437
6154647
6714567
1821441
345823
6394779
7419301
6189711
19800187
4979469
73937953
9485147
2875829
6693283
5431559
2499691
7058029
2538411
1190623
4067871
6658723
5356373
9577413
4563007
8282943
9525217
6466587
7343353
297393
8734499
8212267
7025093
3297981
4737341
5138357
9450853
9443091
5867933
9895731
2635733
8004827
101803783
7142387
2649879
5762463
4604841
5759049
2208557
14221119
8913607
3887421
5637703
5651959
2953481
3835727
2833201
4894239
4207261
58107
2536659
5755737
8324197
6793763
8913887
1001319
3358659
2321587
4689689
678063
5380157
6971987
503483
7151817
752343
1434923
6662323
3603349
4462321
830717
3530853
4281437
8189329
9908803
6417753
7450433
9710691
7471917
4311941
6777013
2866113
3532289
9577463
2007367
4061527
2357561
3034749
3661477
6029183
3395831
8709083
928657
6202147
673439
4890133
8083853
3443161
2916601
562213
600601
9716453
3464363
5359097
6335691
8457307
5330379
844587
5123963
2321311
2910373
128013
9374233
8397711
836941
1049123
7433717
198939
5784463
9401647
125317
8168357
7456567
5019183
9015127
8785023
1160419
302943
1970419
573137
4610141
2013559
1250683
117158159
8214493
3742837
6104577
3684207
3075837
1954893
770373
4026551
33160129
8947943
1086077
9360881
7226703
6407603
8952469
2248067
5138059
872089
5875263
5041987
1748997
3532129
8866277
9979083
78123327
9585221
1391489
7807259
4928357
2463803
5904419
6776643
4497001
7401507
1729829
1047369
3609611
128751197
7664079
6859043
5616819
5559909
1794437
2060599
6665317
1894003
4540889
3916173
6294249
882579
39247589
7620519
7908859
3853827
5710617
4313397
7898157
9600877
4310009
9986879
4247547
4487781
8931671
2354923
5698247
1621867
5589313
4297167
198069589
124523813
1342101
144932063
188483
2746693
153247
8606951
7384313
7945831
3666821
7932563
7712589
58676253
1801319
2043521
7510193
2434909
3865989
563183
8021781
897801
6339373
8605501
6170167
1527379
7048967
1209733
5530093
6855037
3414993
5967739
26842547
56553129
723273
2792249
6673211
147608757
61279979
8462569
9439747
5966891
2846267
858923
8655957
5654967
1315369
716631
7882271
980543
5025161
2740143
4530401
54017161
3041
149105717
5616177
9027861
1893069
3426839
393323
1662071
6231219
6258391
5764599
3830777
9947171
9707101
4844053
8427089
2710513
314147
681919
6302299
5114169
8209931
8262061
5080083
2120999
6587429
6395369
797231
5986591
9523089
9899059
8691331
9841781
846097
5294681
167029023
2272299
132937
7718581
300449
111199243
1056803
3862949
3547961
5756321
36227691
8918869
2141041
905767
121208947
2720893
7927607
2432453
4769503
6008211
5707827
8210147
107979
4746619
3786299
5586647
464539
2992687
1796599
6135733
654893
117169643
2929539
7441283
7369009
4696377
191359
8507481
9456917
7962603
1412893
6198859
3778951
8822231
8927953
8463397
5100713
2973849
103577211
6136097
5502777
3140583
844663
5277611
8919179
7710051
9915477
1878269
8073823
2353787
1297633
7310809
1223357
2190671
6324499
8824823
7493127
