2562033
9697547
8289091
5109333
80336629
6979547
264377
1990483
4464329
850799
6862567
3469431
16631
7706887
298089
4447689
9230119
53186039
3676357
1379607
1634463
5293217
7489879
607221
86229317
12204873
2896291
7138881
8387897
123461
9525579
4562949
9354811
3987433
2344137
8041769
5680169
3120729
5742519
18393293
1675273
9895467
9141403
3509151
2330921
2248819
9921349
3641937
9646777
1824277
3592037
1171677
3593769
4748377
7917669
8601309
54057
3328209
7564509
3624309
4122797
8741753
4398663
6872167
2054553
6663577
6916563
1936243
3353809
7033857
2249013
3206001
8152311
6451749
3520077
137011
1588001
4185253
6209489
2771971
8350803
151732401
966607
5407469
7082603
6419531
6516961
3667671
8129871
1199349
9005233
7912411
9491477
1005719
485029
9600107
7197889
1082177
9091471
7286253
361839
9624727
8394147
1292141
6850973
2000051
25433699
7556929
7771277
6989783
15592041
3540341
3248919
8609677
3722517
8517477
1317869
2868039
8056681
3010741
7143887
3395433
3173021
462473
9106723
881517
6041031
5004401
8726617
336351
8250107
819361
3715839
676607
3495337
420421
1981439
889573
7286847
1857909
43142777
6919033
8906803
7092189
7765247
6877253
6979069
1943577
4116287
4888889
5158617
2390071
1353503
1237071
1944377
20029
5812787
3529253
3802031
4490097
804459
6440293
3798183
9330153
6628983
8599089
3917613
1726647
3254023
95849287
3310923
4830917
7646187
1233831
41573
8058297
1816537
4035319
4053257
1375649
570153
3829941
4388317
4438071
6333021
5168297
1577147
6622907
9553841
8356947
1793391
4107591
7537113
7822499
7050951
4881297
2659317
8677157
1054897
252107
6473169
110773719
8302299
2348939
5956089
3504143
8965757
5783357
4191863
8180487
3276459
1403251
6429809
9993929
8236057
2737273
2512319
3311797
639937
7462479
1163827
1762899
8110783
7522141
6787187
3858431
6102777
9678799
4172133
3489119
7593089
7189243
2341573
13548097
284081
1018791
2233903
102282911
5173269
234599
8654783
5208123
6406037
8914837
14749
4406281
2935633
8729267
2083323
5719207
6673497
194337
1345607
8836263
9789643
8192709
5299897
659221
1191877
4167809
3753611
6786913
4305853
191363
9403547
8384337
5777269
9439263
1335411
9965891
7535097
9911809
1183529
1462727
4048853
5174103
2289027
9522419
6987961
8535957
98987331
9177849
1084981
2867833
4237313
5834819
3239659
6086863
1637883
9635353
5724653
5913567
9552499
5154801
8029639
3118291
7985131
2264331
3737697
3526951
7912073
5106259
3179707
4691647
7164243
306221
6603097
2480069
3686733
5716887
4607003
9375511
4521613
7547809
5529967
8016287
9186441
307237
8145423
7804847
3634301
1674451
4264513
9178791
4825407
3091647
7906679
8417187
524053
2030183
1039973
3176467
7005573
5364273
7575369
9171427
7876121
9395037
3943857
5112219
7912747
1527169
8804527
7750461
5832933
9150511
9743933
3534111
1837973
2864273
5447819
4167207
4288463
1731221
3346817
6823381
8880271
2659071
3501331
9272771
8575121
1570127
2177289
2867409
8134243
3720817
5439467
6015623
4224389
3099771
9686127
7738529
6636051
4488607
1592539
5402321
5746673
5191251
1047021
2593547
2147947
7242171
9904017
517883
3482311
119224809
5447399
7488021
4661533
5579533
1899769
6319593
5983783
3710621
5061443
6530521
7609437
9084997
4065223
7444897
9190801
6673399
1992899
9145849
9477583
9383947
203953
5431887
726729
8718987
7788759
1360183
2373797
960369
646379
5482411
7941389
9791551
206579
3067567
5623177
7463549
9684671
4484173
2305003
4575843
7809657
37813753
3167067
804643
5401851
3455247
4960201
7412253
3606559
100582143
9217901
1907217
3284383
3433917
3583643
1644219
4373227
4386757
595677
6107481
4200603
16400357
859993
3686663
524881
7308793
2237937
1070699
2125401
9465689
6267523
1699149
7222269
5647101
4466361
2842773
7798899
542833
8011883
8838643
5314661
6439531
6914193
1040773
2333077
2487283
2160877
7548407
4529149
790331
1982907
7355021
9994641
5052883
7291337
4810869
8207069
2725061
727131
3954139
2410837
9356583
7715459
192679029
9782751
6989677
8960587
3626873
1436853
9550897
6458931
673301
2871233
5515693
3244413
7518221
4700859
3568743
137013
6233509
3550027
2872923
5184113
6069539
4950029
5603299
6210411
2771373
3611301
6389757
6338677
7094837
3052569
2275413
6891129
9383991
5479941
163812889
7702343
5669209
9581411
7318341
7579761
108595831
3313797
136056309
663969
4518677
47454241
8649461
5891359
186279
1796789
2039263
2071127
35901099
8288429
3055349
8712009
5499767
3107111
1556839
6741779
785881
1896157
46357
9157841
37204517
3993743
905691
1711711
7363589
3109767
4981663
5883143
6864091
5766811
4879927
1840199
3081137
6018731
3551901
5082249
60227
4659221
7745023
5171699
172445041
322053
8065511
2933783
1009119
9570077
3745791
1662489
4207877
8809911
6180827
2951309
2604699
5124791
86601139
488179
7696861
8838229
8137003
896791
8124017
9530363
8388777
4300067
3596777
54325701
2497259
7282891
8368577
7020043
8094059
4991503
82722261
6789973
3392849
6445271
5603719
6313257
9866219
5165779
3258773
2689661
4762619
3521321
1340539
2158377
4243249
4064887
8465719
4806881
1312009
198549197
6430531
1595777
7647923
3033999
9331061
9539939
8864379
3200279
2523543
8048669
4603173
5150921
928839
8100883
183791439
5808547
3713007
4079737
1867613
3986761
970731
9592479
5837957
3838871
1606943
706229
5065313
538963
1480989
3255067
9515193
2571373
2143671
3773387
5750183
2175831
3850787
2510979
6342831
1284221
8684291
7739321
1499689
822337
48469
3526341
8802523
7063149
165819787
9838031
3377113
785021
8227881
2566279
8720289
9170039
9454877
5711569
8857521
9105003
7744611
9318767
8308597
4459659
6629881
6587477
9948573
1030067
2696933
7907083
5182687
4345833
2713651
849069
7654621
3389161
1320049
7746069
3347649
2467793
6621353
8489029
8570083
1201049
7632709
8416207
5609879
199509819
2126851
4074663
9683769
581573
4849127
5081507
8836371
8943821
6914227
6562869
113167
4809653
9619721
3565023
5064767
5056951
4768887
1390679
9048521
4405401
4660801
86273029
5385657
3604941
9875893
4747831
7307839
4536693
5376101
8452013
8257087
6229053
4552317
3367971
9053061
3242743
6645573
6956369
4868339
9956657
1714617
5946761
9009713
1215539
1053413
7535771
8084959
5977357
42529
9860121
9322791
101534453
6498441
5659301
4525637
7935661
192376147
4748049
3806849
9438871
5412859
750207
7750283
4828741
882409
6412257
8713213
4557929
3074293
856621
8804773
732729
8315129
7705387
23573
794277
8075299
2450647
270709
696811
9791931
6169331
3457841
9298037
2394079
1843029
5554429
865577
1685687
118611
6637321
