9549239
1815027
613037
8860869
6555413
9370859
1534863
6014873
179800201
8420929
7579623
2906013
60959673
7019211
5536473
3711827
7593033
2630839
4779719
477411
9079023
4187691
8717347
6690669
7761603
5051533
4480413
9822941
1862787
358761
9083407
3775611
5152879
8475233
3754483
351843
7933051
2933219
1455127
6341027
7840017
8107521
855789
7553367
2096791
9559911
8517147
980069
7664949
4770161
908311
6025653
1048081
4905877
166927921
5597911
7045509
9869663
4511823
9295881
5857433
4697909
1221021
1302341
6642983
5360651
56885173
4621579
1452607
7484859
5741997
4448577
9443037
9937329
6414117
5843449
2957323
8892489
9668867
4894191
4199747
567113
5339011
191674357
4029147
35377897
4209749
9459603
461839
496237
2106839
6073011
2203179
6939087
5631781
7744909
1307409
6552533
9312793
8286807
5418969
7645457
5021003
3335801
3729947
5842721
5408273
3478403
7528577
6193339
6444661
8791649
9721587
1238487
5350611
9593049
5559499
4018793
8802661
5167757
1282581
1549839
124772459
748337
6945237
263213
5926937
4682351
9386239
7543353
9392551
3610427
180597
1664643
8130861
3164989
5512911
5919889
8559693
5896529
9414813
4143167
2187241
566357
1107057
705713
6462919
7467293
6377561
7327323
4270281
160702183
4298717
271451
5696317
210943
6055617
3301117
187787733
8024179
92528221
8008853
8691349
3783427
5595343
3261911
933237
9963099
4197079
9176677
1801813
4958787
2075507
3914297
4970979
1274661
7940341
5444567
942213
9214719
4690487
132997
948699
7039091
6738627
942811
1710447
6102369
6848657
6352509
5813553
4363781
2206369
9880031
4246639
6951811
49937833
9143753
7001869
9261437
5630687
6889687
3149169
2250581
8003839
2729641
4357571
48376951
1845253
5217403
5469657
6966339
9752289
7799103
6504891
7819393
9723033
5081651
3205881
8642379
5357247
1723373
9027863
1172023
457491
3113367
6212179
8692317
639439
9072491
2468559
6109171
2029133
1858423
2369221
7662691
1096883
3233867
2556519
1979869
3384353
1280147
6319231
4644609
7724173
1519273
1866831
2010207
4910043
1509633
931523
6390171
7519051
6357501
8007291
4591081
7422593
982897
81583607
5772547
9132551
4229067
8282567
2971211
3748033
70498417
1615811
7080203
3947533
542303
2756013
2870649
6593443
8560877
1371793
6050203
3210541
1064081
5937703
5502339
6202469
972727
2998119
2589963
6127213
76168249
169171191
65525301
4318247
1257341
8092303
3154801
2496813
2256007
8817341
162119
181921
3563647
6878941
1863307
8993443
3258479
6457533
1876277
9888591
2351749
590747
6942173
8726821
297913
1620139
8836319
630193
8705173
2818063
181928727
9013303
120076807
6151023
4501021
3876427
1549529
5116627
1394779
3452021
9101771
6870609
5619889
5225819
4372619
7266457
3635901
3741211
2871537
9485939
5298589
4807177
4326987
1045487
9068641
1978691
1577561
3996223
7187901
5248879
4496261
1966663
9249559
6989179
8967013
2074923
6472609
6249617
1126629
6709371
8739153
5426497
9406551
6092223
2798193
1290541
6169727
757333
6924811
6618649
9507563
9423721
6577879
6669427
1319183
5036227
9134117
4749241
2305067
8049521
380633
6199083
2646389
7314327
3220947
4233687
7784193
9732607
7397059
7957187
4331651
138523013
8039409
6007221
2208249
65542709
478659
4206333
8473227
1837077
8493509
4510957
6207191
2380901
3498769
6854903
1454697
8354047
1323583
7940807
3878851
5204061
862257
6712439
4439427
5463311
2748471
8048239
9043757
1804139
7178551
2974823
4474091
11493811
7740699
4664083
4227227
1946931
4880571
8987
4780751
9277099
7158259
1869137
4007839
6615883
8555569
7068171
6688571
7864677
60405363
3728807
8489943
5748547
9958079
2636311
5762281
5966727
5126233
5801889
4876453
4208973
7203421
3932927
4844807
6345961
4567973
1202033
2912577
1852743
3974843
3549377
3125059
1739883
3262441
8626741
2647973
9221877
9910991
62227
1500301
5563229
8713283
5751153
9037723
4108763
147611
6139667
5293391
4747227
2271029
744443
599523
8494573
4569579
6610143
641379
4861367
2739549
5426587
814673
2911179
5265953
5803311
7176627
846483
852693
6495961
1462119
415803
1478009
6661251
3340659
6728971
7201991
6004523
4852947
815933
4712151
3646127
4993621
6409497
2327493
6426169
3963923
26984431
7422829
5887301
2041309
9846567
100587623
1365209
8216389
2041627
4124103
2882391
3593161
8781841
7879049
9275221
5020967
1625289
4997493
1621621
2686737
1398709
3511473
538457
227651
6115067
3607099
7357233
169917
1622611
5717573
6985317
554059
3002811
6589623
2840443
3823391
3163331
2123131
1680779
3126117
8500693
1361257
9158957
4713069
6941671
657589
9704701
5727273
7838477
86208651
4969231
1251859
1909851
1366347
7018073
2203189
4836433
259133
5452257
6800231
2701121
323591
923873
4284349
1488973
1527907
3241713
1855119
9510967
5426711
1460213
8001807
7114773
5121917
999931
5799027
8167361
173844703
5605153
3500561
8946731
1484249
5968897
6091217
1431409
3979869
9869107
6485331
3909411
8856301
832757
1941011
8834717
3811103
6931687
4736221
5849347
50359469
2835157
4138577
3025099
2275177
2904047
12055031
123463
2768007
4773889
3160953
7326639
172365291
9334883
6024913
1047379
1154299
8033791
4534531
2762939
9777783
3431737
834183
895267
8161749
3296061
2056287
8122283
149220951
5003861
3582081
7696751
1751099
5854053
5830919
1122251
2741201
7022863
9809939
5757127
6499977
638439
8510117
1170663
1268867
8807419
480069
9743817
7676017
4011951
5702937
7641871
1813989
6053061
6991203
4171219
6739187
8587831
4447397
2439569
859427
9497981
7126127
7957801
9953147
515109
6477579
4459451
4315979
9562197
3779693
1139997
3878093
9445111
8460833
6068557
174398077
6462547
3579777
7219957
9726661
4259851
853457
984419
8384331
6901469
9454251
1390341
9413831
1194521
4200411
4827049
2833879
8422103
9488221
5087137
5104511
7437071
3825863
2100733
1945021
125478493
5254111
9221
8238659
7837419
979791
5967997
75954789
2701841
7082021
9574077
6683537
7579183
7723593
187221367
8095677
3843591
4552351
9460127
3688097
3939863
94126427
5573391
7817241
4053289
7419411
126051
2494917
5992727
949603
3297669
1809563
606149
3586321
2737463
495197
89667
6504467
5188243
4281589
6405531
8739561
5275789
7341371
3040027
6659591
7185043
9695603
8610341
6458589
7571057
605627
446639
2246799
8066621
8778857
5018413
2121521
9849927
1973637
9718687
1431073
8410549
4321971
3648103
8252939
2485029
9632639
4795361
3140533
8180493
353163
7815169
5715811
575739
5297153
3969809
2253803
7777751
7252983
5159229
1073703
831717
2578931
3343229
93111
2166729
2826569
6478297
663881
1611441
7195129
3647491
6138503
9320679
8490003
