7059243
7864509
9050579
6289643
146042191
5867457
6234729
1839839
6791343
2620523
1041021
2224879
2096097
3760871
6972171
307831
846317
3404541
7318989
8145207
4272011
2585153
1116823
7546999
2555543
5779239
1613903
1412339
9373947
4778697
6263443
7891713
4429649
9259959
3599837
6291469
5860881
7724129
8690619
9557771
2559511
3090903
3515897
140797
26291991
1927333
2579907
3480077
5800443
9259483
9271693
2449809
5263221
3161843
910881
6473181
9344873
1694203
8295459
4106869
6828569
8297939
2102629
8171323
1532161
5511697
8428039
2312637
1177659
357913
6975067
1614179
7662011
6330267
5182381
7370249
4231101
3550527
6255483
7611909
2151699
5238633
9974627
8667261
9127223
8629963
9854297
9320387
5147261
9497191
8902443
5754101
5939341
7050471
7184701
2095071
9607519
7814223
150143
1569879
9589871
9280353
5110889
9412647
6379653
8182953
664907
2557811
8576529
2177419
9124093
2061649
2645193
1500303
5110799
1149693
7976289
1064389
6382401
4935887
384429
4784241
5615813
8168339
2611573
947263
8828181
7172601
4216449
5393901
4641179
2386459
9480891
5967629
6552271
1811871
136229
2401967
2437353
9019309
1807039
1057757
1797653
955501
1510747
4645287
2511007
8273953
7297997
8615271
2952033
163697899
7166139
5161107
1676093
8336307
2858111
9673007
1634451
1696723
7817883
4152931
8596501
4024967
8511151
3010019
7135117
1438837
7366829
1919239
7368963
2131899
9791189
884077
566227
4992883
7313809
3594097
7276261
8162283
9321729
7619503
9141347
345927
1307563
796141
7213957
7353681
3646797
63531949
9303847
5438353
6538149
3044521
2374413
2449303
3183627
7287343
4789599
2100153
1216623
74001
7720173
2022713
8883467
5161381
3088293
3185151
508547
9189309
8496537
1665417
3189891
7406443
2445593
1587827
5916921
1694633
7818347
9944623
3750179
9826667
8354557
1824119
3567709
2601573
4914503
5862837
9956407
1318847
1044217
9387953
3386593
318807
9129877
7047131
6857991
9178587
1682531
9249409
7616857
1346311
2004289
2863603
1197061
172769651
4189283
6368199
6719061
885443
3569451
7143217
1340221
28368249
243579
9002599
1648357
8964623
9220013
42477801
5478493
3825941
6672897
4513111
115578919
1396057
613997
5393447
7284731
3658229
5140193
3100159
4833907
4401287
1321387
6287869
3735203
5305893
4795267
1704657
1279833
237903
7232779
195397523
6293863
9813001
7916607
1051217
8409321
242183
3692631
6611547
9913693
283049
9822893
5217423
1404931
5992843
1949379
2267601
3784161
9748149
819803
3511749
6359611
2650809
1627571
2864737
2252513
4448953
6385867
7633883
5513939
1417609
705957
9977637
2510503
71161
9371931
6143497
1663819
6088623
1918889
7248137
3804877
4810413
145872969
2985479
7993153
1543589
5774871
5071549
3225127
4324829
9302209
8192897
3285407
4306687
53489
9585881
6297731
121197
5583297
6237199
2670141
8498869
6006119
3096231
8129949
3809693
2268717
2391289
887227
2306157
9067663
5801609
9968827
5433569
4094311
7675143
3166091
4495649
8080523
4268441
999139
4848069
2585923
7144179
8058351
2087927
7148967
8477179
1595371
5105381
4613311
8062249
7811029
4951483
1744301
3490201
2370269
5244277
161273
8053389
6626747
9450563
8197511
8422493
7182209
9495403
1293083
7708639
2538849
1717557
8751407
6253431
2491679
691179
1249883
2001829
6854769
9374963
5846649
9590299
4989373
5817429
8852841
1696671
4934529
12081973
2813123
5680551
7112859
2407561
8880533
3359107
8028281
4852023
5537261
3618313
4804061
5633107
3195613
8712727
5496591
6991157
4814767
6917753
7006203
8114803
8559787
1513019
7317653
4674211
1250927
8588573
52286299
2446589
9637207
12097103
9406737
4515931
28236387
3368827
3701701
6993273
8045069
9040261
753001
5239067
716607
2858627
173307
2655179
4935263
9114117
6847419
2558017
1368781
1145281
9800777
2253961
803799
2801589
6789471
5770243
8777359
4446301
2731757
4356207
9258351
1162271
9106181
2707551
8817937
4933211
6646457
2852437
2351249
8957411
8068357
9390989
6537991
2236677
2015481
3850009
9882139
2881503
175231101
5851967
7557521
7892481
9719777
3254629
1063803
1128483
7027727
8363219
2580593
6789647
5818897
3880311
5457737
7427857
7975777
2246347
2805989
1947053
6992259
3523817
6360993
4267831
969889
6101611
5578753
2905499
7544469
5131859
3005331
516701
4256393
9517409
82422369
7373227
3497703
8121639
2585281
5609287
2334757
1915077
8401763
4414931
5064777
36689463
2449533
6142637
3873961
4882231
180351431
7401709
4422929
5582853
8212301
8861563
2032503
9231367
1218869
73385577
2521459
7157483
3500737
8111991
1853389
5893123
7712813
5140911
8009067
3861519
8547821
6381307
7265587
4898097
6479471
9946539
8380349
72173539
5857701
2602341
8593829
1180469
1178401
5042847
9216827
3191961
1249353
8493409
9460681
7255563
5588713
8224279
1583767
8201667
2283053
1473911
4074307
1598843
7127167
5294117
6482029
8412399
5961547
6039987
3857353
8196759
1665409
35320569
1935721
392487
6012051
3856561
4913619
5264797
8473433
2625811
7549891
905387
9362117
1969537
8861291
5893027
4397793
23763
1466249
7284839
8922373
4215733
2685473
7124867
5534447
5785543
1416509
5891977
9086667
4698719
1508757
6713233
190149189
2519421
6580327
3306811
2587113
8947461
5662279
8013763
9381543
7267013
7175273
4183471
2445889
5808377
578813
2685593
252799
9777031
2709099
9645857
15554319
5322227
8707129
3203309
9314667
6036579
4391601
2087217
2880661
2081473
90356017
7012557
4322943
1102869
7747789
1926159
2733259
4856421
2314377
8947159
2407693
3327623
8468731
2666697
8045129
9291953
4322063
5635549
8479793
5563831
4163109
1934211
9400181
425789
86644713
6048451
6985707
5840041
3679733
74707519
6161947
1837567
9872593
8816387
9413863
3695259
1313683
4794627
5523627
886447
6828829
169741
8848809
4678797
5702511
8814749
3771573
9048097
8847827
7688833
6484791
2302177
534047
8420127
6233283
6858531
8165863
1717873
1378309
7094793
9857447
3564807
2568451
8270459
8084107
2033747
5141603
5633743
6767167
4117037
130132809
9546703
8101429
5229531
1102083
3624873
5647961
3814453
438983
2277729
4796703
1636503
4270193
1833511
189137
2482779
4919643
8075861
9471491
3351367
9689227
3078993
476249
4210203
8689527
3100179
3540509
9933999
7403059
5077307
4835391
5782531
3317323
3208177
1571561
1134973
1811783
9623959
9326991
1600083
6169883
9197611
122393759
7843639
7250929
3767663
8637643
6613993
4377323
823389
5421927
7950607
8334193
6873387
8905429
3431677
36747
150415569
1021557
4273951
1261247
71668061
1809611
3621951
9956391
2246257
5038729
4763721
470143
