986909
150989
8104277
7039381
7677371
3822197
1155377
4057787
7249379
4691993
5671277
3460907
2064453
8833379
2960593
2711461
4765051
6774037
8385237
7469377
1504031
5253757
3150759
4472877
27423
7859397
8541803
4476411
8283969
2361743
1112703
6228683
6957173
7853651
3023089
8619957
7891011
5450631
118006309
9079009
8110243
4743281
4799363
5811071
307969
4591653
9094693
3273997
372087
2876489
7816261
3195859
9052321
4253047
3745099
32975613
2306881
4982763
7462587
4491927
8633921
741753
901379
4970343
6805437
9662297
3375461
6929243
769441
9520053
850817
8913497
66056571
2354933
5695767
1037983
1980717
4537409
1828559
6928241
151633
152839323
183425299
5797343
9574391
769891
5250287
8908951
6452783
2907249
6402087
8796493
1594337
6667747
4745341
100287933
7624977
9361709
7447433
1873619
5741283
7639613
7413903
9160637
3279683
7058781
2354951
2545517
9945587
2080877
46112343
7773281
8036113
5819333
5271867
8861543
9775377
8457569
9200831
6771929
2083157
9341717
91890359
2997103
7049787
5057861
3692073
8369061
7023883
9807767
5797759
1593037
3738563
6826951
7715301
4898293
2469987
2901353
7353619
7972637
3584569
5830353
2419019
664287
7909227
9923741
9219117
9128879
125935493
7084353
3183981
391643
8511419
3338781
9324843
9086049
7221357
3013903
1273719
7747957
6733877
2305991
2207527
4138451
9914997
4083181
3133361
6080589
8017763
6655493
1722909
6788383
9011333
791679
9808903
191943769
9763217
2475323
4738409
8785013
6087867
3601361
6614877
5340531
7923283
8232703
4440563
462351
1740541
2669273
3548363
6427757
7952543
3712827
4784321
3695233
9222219
548957
6442127
3184009
3457407
9624253
8886063
2344077
3509349
5691329
6973871
3542693
7492053
3131209
264797
631919
4689873
1724871
7451411
4176181
4346237
9193677
5892793
1953743
7095691
4582081
5571889
6366223
6228823
2749071
8099663
2508833
3561427
9299987
5391881
846561
7732393
6829017
5346577
2981429
174566187
6977937
2802383
8944997
375639
8646523
3619689
522701
8550191
1675201
6393461
34851023
5859559
774467
208757
51596653
72043513
1874023
5785497
7654241
6779463
3156897
3689099
2415647
3694481
8314849
171779
8056389
6130741
1979399
4685727
633929
6823919
5049237
5290301
5662917
7805389
6709003
67699307
4278911
9131053
8604129
7710471
5153859
388193
1467933
4415457
6725817
9574377
1659783
399581
3928541
6127917
2803891
3917557
1072983
9404701
4746409
7094211
8720587
3740863
7237431
9765267
2125551
159219
6457057
6900937
8885453
7810611
5881089
506659
2958091
5836101
3176021
2152271
8998163
6989637
2019653
1479013
1094797
8195377
9909167
7749123
995461
6793833
8345409
6583159
7082831
4134481
5067751
9819139
3882739
3064729
6873549
9079777
5059821
8700373
5718559
3886401
4657399
81361173
2938671
4674201
6249771
100901
2680883
358097
7911593
4674279
4277951
3636839
3560771
6910287
5578741
2149883
1726377
837831
8213539
9106431
2409059
9660057
810307
9713007
4295653
6651331
2975387
8578773
47848077
1249457
7279147
5280081
9666643
161376137
1660737
8574431
8336891
5991963
6261341
8035123
8645431
6050291
9001117
6493431
73524969
3631983
9363541
9144447
8905897
1464007
6471787
9857817
7873661
5652079
5187201
9098193
9947763
5130483
2556437
1738837
4456367
3020071
2254259
2412967
871297
6778207
5512729
470199
3538001
6292991
7242757
9134453
5689879
8660607
9619433
1411731
2268951
9763047
7789153
8939621
1130209
679691
5840073
2447533
3824313
4777739
2341483
9390267
7509331
1663523
8894599
7501149
1131161
2458029
4493447
6422659
8502123
876141
8357949
8933487
138961789
1912707
7441377
1653229
6879647
9166039
1379577
4348441
126902671
893163
2865689
2978187
8885883
88586039
8720961
6659041
1771217
7939019
9407027
1670991
8319803
8840379
3591279
4495017
3417441
8937261
3672541
7153977
3010497
3823833
1010471
3207473
84048529
5707847
7160039
1945857
1733239
4539543
3579259
39206909
1719983
2425961
5974491
3988273
5068259
321483
5219207
9897673
19319
6441661
8576477
125032721
7270217
9138209
501019
7250033
7871419
4418843
8245891
2738751
5068191
805707
9899987
465171
1707741
9256709
3903993
3109469
4911199
9179441
7678901
9575031
104818181
4877801
9826051
1623617
1714583
129247383
3458897
6170443
1061643
7102617
5015737
9113797
8101547
7900729
2585003
6417437
860139
8095473
9637787
74629821
613879
6871179
7839089
3410719
5167077
7916097
8122027
5439373
5998621
1957549
4965471
3454497
2196297
527987
1351757
8824497
8340587
584971
8441161
746541
6267649
7016453
2993937
2962993
8810879
7686191
9509717
5795257
699471
6155399
1226973
7736391
8292029
8129429
9202099
4355177
9197591
2232647
5915121
3599457
891543
5961751
5191227
4643587
596141
5086683
9539819
4664669
36152637
7553263
9655657
7514541
1499719
9256259
3932197
4175401
2348399
6266787
6979011
5438499
3635871
5758799
209821
98553203
3577273
2297553
6915191
3484733
3589949
8503367
6256463
1692227
7194799
6864117
4468479
2848493
2779529
9418527
5994353
452033
2648689
4142797
6882527
5363381
2147589
8057927
4547797
1158411
3408537
8376723
4629011
8833713
6400921
1274179
9090829
9814619
133647601
2014863
6305759
7404027
3542029
9069411
5994607
2173399
1107761
3388777
6820343
1242787
3838211
5680283
5417621
6287639
8354253
7176529
9937883
6937049
5999543
9151843
9759429
174925391
6312977
9762001
7466223
1304361
3065371
1984667
3006477
1576447
3027949
7584121
8631599
8109113
1461479
8366783
3987803
7400043
9636573
3796433
8712431
3736113
747617
9550809
9397369
7830079
7955327
9629047
2285387
679231
110381773
6219037
3418147
34131353
157571677
4766763
7526383
2561421
7309863
1306681
3504287
3222853
7409527
1574251
2880219
56316013
8200749
4137203
370651
9275923
9835989
3570473
377609
8084969
1626329
9122633
703743
9254153
2154387
647727
75190349
6790129
8252309
235399
3110911
2141813
7245001
9805531
3170961
6057063
5709601
600011
7936473
5276589
1972759
8654503
5898159
3446471
4683109
1835029
6347687
87958571
9845561
1695653
2046307
4309853
2707443
3685049
554811
3765293
58067
2792351
2360371
3530613
331613
660711
8460903
127669143
7884071
9915649
2139801
2074993
4292951
2446773
7528419
5270527
9932129
7272163
8380401
6975269
8277859
1525733
9410089
6594173
117671467
970313
5193957
209483
193181
4766069
6471631
142147211
5414143
2272581
4969811
6175413
1861161
5029743
6008913
2853809
2243123
9430887
4400323
22664793
879241
5255077
8065977
4510201
189047
7426711
5942569
6403487
6114513
2510929
7094731
339127
3881293
5394023
4029317
1078937
3148301
515583
8421571
3568639
1086457
387509
808789
4468319
8013819
4396863
