2907947
3754333
8162203
8536133
7889581
3383009
4831443
3689057
747673
2108391
6657761
4611027
7184567
8396603
4148669
9935767
1197661
1083041
7138961
6027071
8237467
9801817
1564887
1476289
9040081
6718227
3068753
3399769
2678413
2960959
9352101
8819759
109632953
5972637
2905247
8407653
5334631
5563417
9405883
6020231
6323253
5482277
9936257
8100647
9753377
57683781
1058189
2779483
6089813
1235481
237489
536307
5754063
8042609
3465447
6441591
71217
7046271
3813667
5825267
7360697
59192427
6595567
6130843
2825043
2497753
9509731
7874741
1211617
8647291
6485481
1186703
1940041
1029051
5155539
818017
3547549
5176299
8235817
8233041
3539821
5093949
4124723
2368653
3404277
9563507
4426669
161499
6207787
1101341
3937761
4398359
3043887
933471
7788077
4636879
4618629
4099621
4567861
1134989
54625859
7678569
4318263
5494831
2149611
2603199
8899693
2612493
7782243
5290193
832531
5116973
6978061
8992407
6669433
3570939
6457187
8623583
9437571
3845379
4698563
4025589
76363903
148533
5872127
106712693
3774643
1995077
5656133
6761297
6818981
5858679
6402293
9181967
453467
5274363
7066777
4918233
6224633
6340427
4466947
6971087
7358677
7821507
6864707
986059
6637293
2080033
52479963
23201651
8814281
9855581
364493
7978399
3821627
4921701
2404811
6029873
1267761
1762133
5118399
46911
1604711
4772279
553599
8669239
4088827
2752167
801803
8102381
6316481
151
4977859
9295907
6115733
6700237
5858707
6687189
8338081
9884883
4687199
5022353
6616783
110269
1447701
1429323
5956649
2766527
6663961
6712071
1971961
181719729
2393049
2596257
9383303
1320489
3959753
3080513
7609783
5937779
6221189
2592367
2977251
516479
272813
5166923
8833839
1224173
2921561
1264059
8869177
4911843
553469
6117961
7643641
2019491
8499057
4506169
4139417
9183303
7772933
9198429
1989633
7285653
5301991
104967
9824243
1581363
7995707
7821963
2993063
9272221
6027611
5151449
5427651
8600321
2177097
6189843
181157
4992177
147931
9162687
9816711
4082269
7221411
8458259
124580161
8830757
5286607
8682057
3824581
6185819
9856767
9812831
3901249
9818589
7012069
8474957
9187411
8077431
9378923
57015011
850559
6210921
2763091
4996127
4237023
7525507
2059187
8183381
4107731
8240617
4535453
9441379
8135383
3871449
339679
9516557
1979951
2255347
2676609
9507889
2859721
5768783
3901399
7445973
9038851
9334983
8632723
5065807
5772733
9199727
8113889
7673157
5802663
8767317
2106191
4245797
1771781
8714929
7769133
554603
3691983
9946023
4807667
2812191
297991
206611
6594321
1278011
2250807
4493891
6550957
2707779
6161211
9550029
5327009
6006281
1702673
5986409
9444253
5971171
3351119
118495883
1979503
7026623
1362577
1627573
4845987
2348923
9955617
7598759
2402187
5294013
113124143
1529379
5494903
8748879
4198679
9180889
3559381
6508983
5920763
4556701
9603231
2073003
1668637
9196583
3810919
9790493
2283181
6756753
1784391
1342279
5112869
5234527
1649083
1665073
2726019
2035081
8080457
7727203
7932593
8149601
8189931
653279
7710947
7949279
7328437
3551407
2829291
5030887
3384721
7429263
7187671
3655639
4366689
3425101
746281
8628517
3831627
823213
344643
6311687
1131443
2335139
3116427
1146151
4530709
834223
4807769
6280693
6811539
3912349
4187427
6039887
277281
1046223
8360471
8684891
5025243
6841879
54910071
5056583
3379411
3205419
99516319
9339347
6560863
6056661
6015971
8704689
5591947
38460883
3404583
6181227
1617449
2021873
4995069
3929141
5671883
3013267
9617099
5541883
8088603
9190421
7947161
9670347
6953951
6722977
7587403
8051909
7284037
7550663
1781691
9061359
3256749
6111541
8107059
6079369
7234583
2994231
1523643
6890301
2916337
1183347
1116111
7630563
7539399
64885741
4765041
6981819
6841381
7876353
5386789
8471431
8167253
5525897
5818983
9830393
6738937
3985879
8790083
2574309
2436407
1161711
6826183
8306751
6872239
2069469
8185259
90225201
152731841
587789
191609
7993413
6536403
5301619
900889
8532347
7471233
7594971
654341
8640239
4802927
2530151
7893729
5541497
1213189
7170507
2120571
9812381
9257729
418441
1909623
5467339
2451429
3512671
4331241
4882661
5986727
122894863
2274173
254303
5899159
9765997
4320709
7205223
427639
8051187
1380431
161129
3930127
9646201
2998147
6704161
2704133
56986469
4504633
6838687
102754667
9140067
2649543
5711421
2071531
4679051
1757971
5120523
7425339
2964663
6809403
5410397
7564809
4349231
967233
8111237
7497339
2131121
166877
9132231
170789
6246639
4461801
4084081
224123
7306471
20538061
4957851
8791521
7326653
9851753
310977
3294473
8768187
2659053
3169323
6803587
7517081
2878449
42613
2553231
9249973
5513873
6655099
5289187
3566099
7633303
2236913
128893
6261303
257801
3880379
152916393
5706117
4798387
7588219
5972531
7484703
6530531
8840159
2843467
4025159
663209
29057
4927473
1630783
9512407
4166121
6249743
9241859
7802027
2885799
9862047
6056583
9710737
3828139
5480933
4780827
1080563
1635031
7844217
4794587
664373
8929097
8958699
5013263
6799939
4694667
8705639
8233787
5871571
384393
30754447
9734797
8801029
9489251
3421079
9503813
7349341
2560269
1228319
1107379
1078139
8779057
6374981
2146489
2556911
1652819
8069967
4874829
4315887
2125379
7793009
6101641
3376343
8684293
7098401
4915223
1894627
4392007
7800147
7357191
3308229
1667439
5904963
2896869
178249157
8855473
8922251
5350401
7467033
8496313
7025223
3087407
6090249
1110403
804203
5692017
4894427
2449067
3599299
82454831
7124349
4404303
5611769
7581953
5360633
2884861
8240671
3331099
5712127
2971557
4269319
9515969
3467661
6691683
4479599
1070007
791903
6859281
5830433
489089
6389613
3736449
9319021
1544813
6073067
6897397
8292049
2727659
8953531
3534219
6912511
9257437
9997839
6663373
185172147
9247681
6259307
4606847
651113
2640677
8843499
8647119
7808093
7741193
9985793
1586691
9413457
178694201
2223577
6600871
5811353
3158623
176187
9778271
2200837
6328441
8469407
5512511
8182439
1664037
4115539
5197553
6462053
87870263
1743953
60657053
1810659
5443197
6205053
4195591
8841931
115111977
2210281
9593669
6567837
8840267
6919899
9066007
6034507
759287
8369423
4998699
6267577
4308861
1044781
5959077
7175493
4396623
1359083
2447417
757229
3106933
3626609
5725153
2840369
6806769
5558879
2312541
5697131
7112447
3792967
9388929
6877437
7297807
7941673
1281411
1242039
6431451
4564853
2321161
5118143
7138567
8768521
934089
1012483
42230693
3616319
