6335167
1880449
1312937
5451511
1136071
9988709
9933097
7811691
1122919
3859731
6820857
7695423
9400087
984691
6898381
5505171
5616347
7205469
9492413
14064027
6428983
3371387
7074767
7538607
4336891
154198199
6881759
3244921
5792423
9645899
8985129
3596751
1493489
5744323
1630289
2598073
5141573
3318953
3015487
2977439
4087517
2289059
8835719
9877807
8891289
4402111
1156331
1650077
5057993
4611619
957403
691709
9812673
4118643
5429957
8923231
7144557
3632391
3831871
5169939
4386067
6386057
8668251
2332879
1462849
4187513
2290989
7445189
3879577
3802577
7477997
1779057
9700191
6403841
3850937
2862031
2600073
8326669
3312387
1692149
3668241
7628943
4457563
7364781
8711579
4894279
1808787
337853
6657619
9372973
1261937
4959579
431509
7460581
2204673
9001591
8414043
6627577
162551
6901307
8419121
7732157
7294687
4917833
336199
2478027
145831929
2224249
5106177
48529
1508141
6921397
2101113
4092707
3170571
6858719
6277581
2203369
7897211
9159497
5691537
6232511
9967323
4478849
8892711
8747511
5827791
4010297
1157057
6998239
3183503
823333
5318889
4173891
7797933
1740867
8527433
1307261
3542109
2515231
6114201
4381343
9994177
8774653
5796887
5063327
2282907
2825181
2709189
5161157
6461023
3517
7081299
9413069
5230591
5909611
3102659
5156089
1759297
3998631
8655117
5079723
4904793
197942441
7665599
1431743
2640861
4973141
134791297
7670789
1143787
1070923
5702939
9486307
8927649
4416637
8809647
2642517
6564621
2058909
8207789
9774503
3252659
3928471
4561907
7492811
2814047
4885743
494447
4196231
5399759
7384041
5703071
8327231
4854209
3001091
5784411
695321
8616083
9317399
3955273
96411
2234463
9731479
4786247
7124741
6996521
2857753
57375543
4654973
8117157
1542351
1849843
9895241
5464191
1787543
6466779
964731
2613371
665913
1170211
5510691
139682449
676931
3346451
8089667
3492689
5503661
6047953
9097199
7803861
286997
6834927
173085643
7965641
9657583
5907561
3807601
854987
9343307
3382131
3074289
450149
3517859
6903039
6486397
7224191
445691
8572363
8467979
6442851
9815319
3644947
2779681
3240531
381733
6108883
8574007
8239821
8838433
9050571
6803601
7340489
143478123
9184951
7400511
4972253
1715587
5937871
859403
7976823
4922021
1972931
1391451
9981439
7037057
9074779
2007697
2291061
515741
8091817
1930393
3249187
990621
2606079
4681951
5173353
992443
8375851
151239
8458419
1670329
633959
7174241
7473077
3958579
7748441
8446849
6170047
8527169
5986801
2328251
8384447
219071
1978133
9483817
2019257
8484763
6194523
114660043
4994083
1026771
1263551
8055021
2613411
8896981
9124353
1069467
682671
183695217
947957
4813179
9129909
5293153
2411837
103311127
6168003
7643067
2813527
7193951
7976197
3234483
4710911
5175363
4758321
4467447
5654781
1255323
1046311
312049
658661
7008749
7578731
7844017
9566529
7713973
2098619
8074699
8267239
6175617
5272013
5526921
5914933
7504441
7992599
2203601
6602049
7590891
6400957
6376089
9911559
6808741
3485741
166601547
6622989
4787981
58613
1021841
6886421
30155123
5517873
4601379
123194953
5073487
7900247
3187189
5589517
952357
7076737
8250863
5276657
5486303
1263571
8165361
8063617
9359611
3034249
1825221
3454831
1347473
2868987
6901377
1909817
1188093
6882003
6368333
6432107
1783441
3640713
9597919
9242031
3085469
7762687
2405073
9779107
5057307
8887657
2224443
1049273
8355599
9517567
7343671
4609477
723913
9508301
8006593
5799751
9640843
1241271
9048077
4798227
5234781
180139997
1935667
293481
5609857
702677
9454401
127874559
8056701
581633
1891909
1400633
2808539
1571951
3904727
4783597
3970671
3279587
1108821
4995083
1457457
9338833
8331499
8374941
9334653
102580787
5463121
3309499
4393549
7420927
2117291
7842219
824631
8725139
299281
2278311
4366593
5345293
6061107
5853731
2867871
5591647
8908901
9328513
968341
1574729
90691897
136224129
8636469
7728959
2074303
1874751
4220127
1710803
4384567
3047063
6131909
8186921
2405463
9987231
3998747
3639239
9282353
30062533
4224551
5213049
2447097
7797931
7124089
6556649
2302393
5595197
1627607
8949903
1532731
9993103
4909299
827317
3934889
2899823
4290203
4642249
5719137
5421187
1136623
8489351
3628309
4684891
214663
169206399
9400083
6265149
4867251
8064983
9853567
2804999
198719381
7923213
7458099
9008027
68243
9858869
3506371
5169833
6858181
831281
9926911
3810733
4971843
9332603
4187283
9155903
6943051
4014649
6311357
2229143
5717077
91830739
7638219
7752379
1265283
3826209
9003189
1439459
496657
1725023
4491997
1305899
6269067
9189991
574077
2587979
4365991
3677083
314877
8188903
1730167
5285297
9631287
1007023
2589963
7734121
4526417
1700843
878443
3911247
5580093
5181017
2203803
3430371
8129229
4247359
3592751
6800631
4316983
3091199
9026949
70418411
473563
5711563
8891661
3102891
4036779
6880329
7780079
5744901
8956537
5219493
2192659
3160473
2454079
4080043
9411783
1951029
8185541
8791157
5033429
69033841
105549957
4905081
3640827
9593389
4719011
2875763
9694087
2923341
6147953
4369623
5564943
6667629
5758917
4566669
1964439
7940653
724893
354441
3403331
5641937
6091629
2871373
2662711
6707501
182519
6364883
2326151
186065921
1663173
2405979
6311433
8212211
9989077
7697381
9113281
8578831
8348179
2574273
7327947
152220889
4052589
5283987
1192487
9325579
4602709
2995033
5501077
1819799
9204567
3078291
2358889
8743537
2536119
3060297
242503
6819859
725807
1278831
1246257
3576423
943029
6591523
8553551
1694497
3564527
5529759
968413
8480127
5424233
7154967
6179043
6492467
2429317
588729
6902847
911007
6989347
1601247
7523987
6329357
7342253
8526753
876149
4591193
150595951
3085617
8430779
9775721
3663043
4821297
2775099
2653717
8781837
5391679
1716513
3820771
5682961
6966487
9052559
1590569
6000713
605911
6632317
50191641
2621749
5092257
168865823
8924969
9032553
5682717
8049469
5916909
5370361
7043793
7169623
6244763
4760897
4979191
1693483
3998783
8633659
7149189
7892841
1852957
48930273
1372709
9538821
4769789
4469951
1768847
3431787
3872877
68893
1573013
4798301
8095457
571437
9192113
7891147
8758187
6231517
7386727
6717239
1138817
3977347
9654537
9365799
1926839
6342769
6843761
180135061
8217257
4717293
9806017
153251469
8119969
158291003
499727
3363187
9195373
186540887
4166327
5892593
3595449
1184331
6160311
2485383
41889417
7289319
2625299
7094253
5673583
9385181
9575279
5189981
4865329
4642973
9354143
6883099
1142343
