7262181
2004543
6462963
4239917
3228231
6692723
1081119
7981507
9391191
3588297
9465553
2686367
1450321
8199551
7195241
1395719
4924149
6259789
5444237
7920669
25659
7227263
8048059
5079271
8593199
7198453
1749771
103052899
1122967
4748019
5719467
8104579
3883183
4849531
715413
5639389
1606609
174077
6936079
1735187
3909899
7617041
4211261
1791039
5505679
5860863
4889721
3216769
4086307
3249643
4751487
6413847
3498003
7091597
9400249
4047107
318227
5944057
27466441
5406641
5401151
2429687
1996197
7894661
6297067
822371
6003587
8972011
6009599
108826041
1976339
6617541
519961
2176117
5402109
4558351
8564843
4276437
796603
2909973
8501713
2726177
65860107
2529363
1891089
7816543
6629689
4018701
7626581
1371589
1857321
6973957
2636661
6503797
854023
7348147
5636999
252759
748919
4982931
6240943
4168511
6186391
3825171
7841709
2553241
8625509
5576439
9539723
8666271
9763179
4689357
53709
2790261
7227847
8116173
9492267
191253489
3026937
7660653
7662273
1560573
6284881
2952471
9010953
6671877
2770869
11593
187791
2183729
6800817
9596939
8888271
814303
2665639
376837
7533411
9813439
4702129
9255129
8863199
2816083
2688237
4100331
8746881
9416961
8698709
4511157
108522677
6021569
9259333
6566833
7777433
5182239
6885257
6189317
6811389
6998847
8731493
7469683
5476711
1902331
3545061
6678993
3310597
5117323
5283817
1731341
1892051
3321477
1758267
7239027
8016063
1476543
4232397
2556841
48813567
3425009
8360537
7308009
1391721
1527899
7866243
887133
3418067
9239333
2803789
7201509
779239
71861947
9281901
9276249
7198209
23288493
5994883
9139661
7185203
8155559
6777907
4548783
6435093
5076863
2373949
16557719
3151943
4783057
80808247
99165477
9875157
301683
2554077
2495327
9579927
4762653
5279109
1123359
797741
42262239
9234839
4786151
65706013
2713227
3121427
6700579
161342189
6827891
5953921
4290937
163391
1067077
1609707
8693727
6687247
7719299
4106117
182496803
2428709
3077533
6838473
9236723
5774731
5497931
6675971
3515707
3523403
2986083
6965061
5220069
4989991
2932991
9386331
4608467
6331951
3580303
1360321
2888407
8630603
2419099
818067
4763859
1898999
9977947
1065521
915873
4371279
4695963
5611121
2275753
6256953
949413
9377669
8165291
1318071
6833637
2127271
6539079
4567589
6830323
5280963
2818577
9228181
2125571
4744869
7944491
70404431
2350527
9163667
3381051
2868451
7633647
9782853
9350591
4283227
5950413
4458283
5030613
3484391
8197691
9945349
1190793
2347623
418983
9167703
104413
1886861
5322913
2163367
8019013
8272117
7683581
7472681
5533709
114871293
9884903
5281877
493209
34229079
118004281
5482951
9671733
3682477
8808669
910667
564193
8461667
1819939
3131927
9655249
9463151
7076781
6524249
5269423
9431883
3338993
2188707
7122597
6673757
9563187
1027747
7200539
7719211
2182899
58451
2012771
4946317
19834029
8920441
5401317
1295707
3386989
6398967
315087
588529
3935287
1432271
4148271
5780393
2127349
7804407
5261391
9947517
1810717
6423807
2658721
8941981
7325053
2296991
5165707
2130303
6935871
8637389
1412843
4511703
429951
9548351
8576751
3583443
2081943
1533859
3333339
3631517
7114583
9333517
6568887
5740459
1342457
513183
1625251
5266559
1210091
9398353
8333289
6818651
6917839
4114033
2677081
1241211
8076071
3085249
9148909
4803927
9268599
9033139
2595359
5454297
5315601
8057899
1551727
243501
62630383
2838857
3351787
2583441
34531513
7405073
9246477
3009497
3724207
1838229
7212243
5667893
721013
4952829
980461
1088477
3322189
6424191
6445947
144463
1816491
209521
392961
6596471
8365649
8596027
112383
4520169
2103843
5513341
6756163
1981867
3275619
666329
49213711
942591
5207703
1750839
5134147
960113
7856207
8786919
3648319
7624287
7347747
3322271
7578409
4175919
2824161
3362647
9700869
1999419
8351787
4566031
756643
8039009
1488689
9208427
5108371
8994877
6459151
2246861
6631313
1142067
68713627
4220223
7227091
6322007
81669749
2148473
3924311
90096417
7248747
4553897
2968217
6294967
5737943
3240669
5490911
6973273
4454439
4135509
2220293
6227443
4072987
9842889
4634549
7304353
6085499
7553409
3159443
4824943
8839553
11646609
2134563
1520061
107050929
281589
2743649
7911059
1643941
6975717
6078469
9811443
4748657
8716411
53215531
3012193
4140513
8019509
3905377
37547
5887753
3031489
8256679
7611407
7396001
2780331
4441041
6751549
1614823
6387499
1769879
9724623
6096967
942117
1336453
9140771
445889
2572001
8816391
5045703
153630237
6812987
3597987
6879939
9782831
4620221
8501051
9521721
8207819
6144389
7264399
8567701
760629
7893483
7271717
9679093
6913349
7309497
3738947
946399
6613553
8190213
2869569
2002389
9826981
8021781
3870187
6152091
6132157
763819
6984609
773489
194097057
125881147
2415863
958817
7682317
8345047
3403637
5458811
4718969
1835359
1229989
3477157
5564143
1570331
8396557
2778691
4421217
9886159
9097061
2087521
2598297
5771463
128123
9038111
709753
5679533
9762763
3856789
9573659
6131087
7249371
2253941
7728981
135643
5162149
6519087
6171179
7692671
8869089
57787
8680251
8950867
5967809
6323123
5831853
2410149
20859
4120703
70612441
6759991
8132701
2070533
1973587
6165037
7364287
2419541
5537373
5659819
122895037
9668457
9091613
7003449
3401739
8315773
8317147
679201
333161
4626259
7602671
605811
2487937
6972537
1268687
480847
6152241
2403231
5219581
7228647
279743
7858581
430663
607347
8698079
2744113
3748617
347849
3981373
7444501
258413
6254237
1377317
8234687
5720563
8577493
4443577
7231363
8932507
104751
1207569
8808673
7169299
9168043
9461667
1773991
5557791
6465309
3266183
4309029
5145397
7569081
8980313
4944127
2968133
8357457
4564801
2797303
7335421
1781321
6558143
5951033
9595757
8675481
4676933
9446233
935923
4256119
1526409
3496509
2938611
4721343
307361
9251747
45539
4782521
4807607
723641
1294973
4061899
4048973
7755893
4005751
5372389
2562131
2095821
6858313
3027221
8906427
1095447
3372201
7838139
710663
3505877
9986123
847389
7303469
3147579
6367603
6998313
9375941
1074293
6909367
2624497
3681079
5394879
4577799
5454749
8247099
6395307
3314021
4102507
2445029
6634043
6565923
5038579
833359
7856753
2946899
4147377
1145977
168630339
6390859
9129901
6660689
9642941
41074601
1205881
7580539
5137271
9380803
6080723
8940673
8574023
607609
4332741
5154229
9405699
160843141
9168563
9926287
6995403
965571
4299331
6508973
4995789
6748071
5455791
3877457
6311063
40645347
3759797
5469731
885179
2339917
2762759
2164597
3045701
8885679
3999141
1026737
3509461
8568821
6685127
4698417
9144517
5798683
314163
7609029
1810231
7647963
44594227
638843
4017861
9675709
3424493
7580149
9903891
2147003
504751
1496243
7058471
93067161
6788597
7312043
9948407
8790609
3408503
5598223
2920059
9209567
