69433407
3717299
4442437
4251339
164501
124117701
2282039
159237517
5211199
3362757
7133013
4923919
1630151
8265759
7567681
2754561
148779609
65641
1131401
3875351
7928521
3303163
3767253
880657
9264549
9428681
4730417
3092667
6039803
1762453
7527959
3709991
9589683
7826419
9110307
8124233
5840271
3639873
8245917
6179661
5149883
9649869
7838897
7438019
181287357
234601
2936217
3782667
7924499
5485807
8681831
197567
8365607
872659
2787727
923021
83575679
6168433
4697821
826751
4227757
6727499
9604851
8972543
3504751
1577183
232661
8592359
7124019
9319083
491753
2040179
6999667
5839447
7727111
4837211
8870163
6643551
7654321
116290673
335331
2509053
9003089
9394081
199657277
9170181
9801977
4281173
6539683
2285891
7055497
7893771
227539
9280643
3973449
1283963
8261851
1615397
8980097
7945747
6106899
4681777
4674953
30947
6717719
1385657
8507397
1158317
9701507
1911697
9280299
3300519
317373
6143581
138013749
9138297
1626753
1782707
142082509
8309579
6294719
2625573
8553137
4903707
9369977
7003831
6409267
7663369
4732407
6272067
8069681
1571599
1403059
4426123
3603011
8349341
4785591
7656831
485667
3407141
5604757
6730427
309857
1586683
50198689
2832117
9347799
2163229
4981003
7746221
2145731
9553831
2611823
1534869
5041633
100773
2988031
9206367
8252459
3970213
4536099
3412403
5522631
3408093
15669
4221273
8598143
7907653
581267
3572273
9220873
2048181
63213
7865217
5077741
22887
8157789
3119171
5412439
7499099
9677639
9634639
7233087
33419
9816259
2761149
8087111
3867147
6371639
8665567
7721659
7450697
6623197
3151943
8201453
2998247
5386493
9069933
1820657
7762567
321587
4303867
3005241
3271353
9460407
8593861
7596521
7668179
8733231
7645547
9375927
8665477
9943907
8193643
3230637
1819881
42877101
7412031
849021
3809273
7275129
5445213
4154381
6129943
6188931
4656981
145977639
97959867
8990001
346489
3771643
1214581
8649897
6836831
190829637
815421
3502593
4373163
3889937
130550071
3444987
6966421
3088557
2142639
2309763
9294757
6333923
142541
3950393
1078397
138489
1020031
9482373
3637733
2940469
5594217
5993371
7673839
8523067
3823763
6980213
8644849
8357791
5804107
7663089
1465199
9321137
2045601
6355193
2570399
2100691
8001407
7105971
181096679
175850941
2420857
6758349
2993087
6022329
6656163
9737763
9988857
4530317
7731221
2762863
4961233
6591263
818361
1914907
3142697
9697963
5251991
3294693
3685203
9976401
8510429
8897661
9672277
4855487
2367093
6644381
4680729
3354079
8427281
3663103
7822063
149195237
4846531
9379723
22393
5948243
7195929
812619
2602133
102714083
2740173
2268509
3533283
6854169
954417
5575673
8742897
2513861
645017
2196909
1640991
7712967
6107199
109947713
1893087
4842709
8921321
256077
7196103
6987109
485669
174630739
1240557
3635649
1904781
4752461
5371601
3806751
3233677
7363571
6061081
5317851
1774053
2688019
1028237
1830119
376299
7637601
2928789
2300257
6925859
43128377
4463537
6904771
3390739
1772479
3710431
4822639
6590901
216511
8212543
9738423
4495737
6149703
4086451
172477179
4800623
8522427
206307
7303589
725749
4333107
9349701
2146703
3384689
8792797
7127701
3755877
3871547
7557301
8563339
5158857
2437167
8067547
1485279
9797109
7858117
775817
9740613
9851959
5304977
6371289
6288669
745037
156811237
1020781
447193
8059267
5650267
6179291
4703627
7909997
2731679
1943897
6036721
9355203
5404083
5448797
8800591
7488691
6691879
5529391
119013
6152233
7201521
8745319
999979
1695741
3295727
9236523
5345597
5532037
5369013
5976691
19657
4923459
6098487
5084249
3366761
6856611
6700313
1357101
5422511
168097
1807111
4380909
8905297
8776667
6783043
9278761
9644019
8431659
6636451
5743713
799163
7185677
9623239
3146467
2040093
4320759
5411573
5984217
8114863
2941601
7685607
2607553
3800929
7644587
43279
7864639
7962347
7941537
6356323
9168443
1199203
3976693
7171471
9822691
6049653
2064391
583441
5237521
1815623
7374329
9361219
6302551
3142987
3511229
107513111
9653053
1036901
5658801
7039933
4838893
8131613
2134323
4220487
7679239
3849677
4915519
5035779
4388527
7720431
5105319
2567829
8625853
4343061
3009697
7380671
9330473
7010671
9589403
1026083
969727
5166963
5914411
783929
1257059
8764179
8269283
1481257
2374647
775461
5836731
4509377
8587229
3653849
113351731
6384959
2778663
5450509
4294097
26827
1832391
3680669
190136199
5069331
6103221
7203247
5299647
7269039
9694479
420887
793709
3828759
7690751
3203019
8989119
8479363
4870217
1402493
9774529
7311449
7009471
2944131
3623899
1515061
543559
2196197
3723429
7541049
13764393
8751901
333209
2696639
9690689
6205317
6786883
5269281
7628813
6769461
6212311
2512277
2765843
9711087
3339913
5892667
6783273
8459397
6051399
5470587
25079237
3109417
9591779
7366483
1181839
9238047
23657643
3228277
4403911
1572361
7594391
5538873
8848753
680153
6348743
1917653
512709
7861089
98169527
4166187
3261961
1888777
7518033
4690803
4057397
206121
9879177
4089803
7539421
6690041
5499051
787343
8266231
5119273
1079321
3418377
7900913
4947193
3923837
3103261
3823873
4403597
2407611
4021957
269383
7413599
5734533
4194369
4429257
510549
1855029
8133941
7492657
1248433
8199409
5739103
4838611
5584727
5842001
4987611
6536427
9649347
8532749
6146547
2444377
1572367
3586087
4756181
67701903
2291211
727403
221949
2597207
2994487
9804059
1549181
53058707
2031827
9184621
7117933
8084323
8661101
5467037
8386133
74814819
16145581
2642693
97525677
4792583
1616011
2343513
6060211
9700639
8950197
7859661
5677753
9761671
1592891
4224979
3246927
4378559
2924497
6470447
3657943
8073581
7787143
8716363
3075031
5222037
9820991
1939119
4172729
123093363
9825629
7828343
5437329
8661753
220217
4217223
1930949
4413149
3680927
7978761
8417183
4234989
7231241
3254721
6745833
5190521
8033111
4875821
2603943
4888431
3962753
3069819
3712653
2811527
6213989
8526283
8016243
8315059
3077197
3770411
5219929
28788493
8716499
33879723
7127691
6158513
5024927
7716289
9740543
4624323
1511843
972371
2768219
5826977
7583573
8799797
6597381
3653951
6382809
9672033
6297879
6846519
6636759
9439181
6902573
2816941
2673499
6300013
2353143
2103667
174817
4060927
7624989
5770997
667803
1074159
3018759
6110919
5439599
3465699
4333551
1184121
5213101
6589079
551
2470563
2679373
7499729
1980121
8310011
8448763
7773707
317091
177727763
7838043
2908893
2996911
8810557
6758047
523827
38425601
4690123
9120453
9060273
4321149
2889697
7687041
