7871501
4074177
3672329
6699847
5320509
5722161
6587811
3615287
8078007
9260309
8078861
9762341
3310037
2904393
673621
1646847
5658073
6155109
8664079
2630889
4612321
4277373
2873459
3355279
2861893
3227413
678263
8970039
2182371
943823
9028567
5250871
1422543
2699561
9436059
2499679
9505567
3548339
5358593
6054649
8241757
2836907
8103621
118814953
3340771
960833
7432911
9242441
8522969
7717899
3300791
7293811
1064931
1599353
1229353
6626593
2739189
4966261
5935717
842077
6502979
107045497
8620229
4789561
7984099
133560451
8704403
1571173
8916467
1455413
9229019
6505269
3990793
7498879
504879
275521
2225109
4342081
1183287
2133881
8122223
9743279
1595513
3838509
771893
7402063
3061983
2355739
676293
4681473
8181111
7406181
8844861
6267729
7325083
8100887
2549319
9360083
2310321
1885737
1638499
5912213
45637
6220373
101399407
5221743
1249877
7100353
5424337
8125197
4603031
2360873
7933471
3014093
45751
151553367
9318719
8273293
309433
6380849
2080171
8840461
29512137
9420151
3802999
4953343
3533581
7400193
9310959
7690947
8610637
3458293
5040829
5803469
9459587
8335371
5518967
7981413
3570069
54865733
522709
7102629
3263209
6246879
4794911
9518579
9549547
3818483
3678387
983061
4767897
5895079
9976919
6395541
8634403
9510887
5935757
3396607
2703091
4047571
5079863
5362041
1420597
4611943
5416689
5610201
9978917
2017417
428319
3533987
6271873
7993203
8959251
5336451
9083147
4859319
6592127
5084691
4390253
8444053
6640629
20927
5087303
5302253
2227107
1604521
7774469
192959241
328823
7118241
6372593
758827
3896153
9340741
4044939
3007629
2849789
8604747
6397059
8104517
1389783
4692751
170831
8562161
3076073
5465281
8888439
3236647
3029189
98613
1729177
5798363
6218309
5673397
6792101
4339607
9055907
1400989
2462231
6960249
5982693
3250749
9257251
2774789
6067809
9132471
3897657
7119293
3986917
9882859
5315237
9750981
3332873
7050403
7848049
4434897
6426177
5600831
1713057
4051123
9199947
1013
6150939
6152613
9437581
3328857
1696811
5832423
1068183
6572511
9758413
8937981
6207967
6480123
3748177
74179379
9145507
2335577
4333367
9259401
4513051
8621257
8086247
4579013
5671409
3451031
5722977
5458081
9402549
2401309
3476091
3682833
7896691
4437771
8654957
5006963
7915827
7498303
9767809
6256991
937167
4355433
5290879
5928461
3774591
9815781
8779903
6133537
5037033
8509973
3658511
3936751
8365957
3516303
6208221
9616939
4698209
1404749
736761
342893
1299571
2846943
8567383
5640927
58333
6906727
9718331
274679
6065051
3394673
5232261
4134707
123529131
6613789
653193
817559
9562061
6346927
1055701
2454327
6264431
637971
1282603
7313557
14344969
3061981
5826217
5543647
1145829
229943
6893213
906717
7015381
9754933
4413711
9431377
5678367
5164467
8303999
8920057
8006119
3762689
3232677
6482861
3459359
4042487
78303
8790299
504103
8926593
3030531
1768459
6070677
1414331
6887297
4396313
4594369
1709723
2517887
383251
3314929
4611801
6037801
3995493
7232329
1322007
1170441
8039737
258683
4183189
2062323
2905893
5507287
3104617
6406449
1404099
7721681
7562601
3715369
477923
3865089
3488321
2166363
29472281
8756193
246733
6415271
4927383
8724209
4990321
945917
2310673
43718339
4495971
3995449
9164821
7749613
7153377
8194131
3961631
6922389
7711233
3550063
1884571
7207543
8658021
7934601
871231
1574349
8867163
7385889
3539747
986517
2443387
2435897
3327559
2384759
5254089
29909161
3617623
2499481
510601
7837137
478991
5604179
1564201
5384999
4260997
6879849
7575169
4337709
9345353
66837
8072011
3410717
1466717
2011677
1053419
4716857
5455207
45144001
2379551
257047
5577753
153585171
6598307
7222343
1378891
2032993
5941263
1555527
8146347
8018221
1342301
6455301
6678161
8387247
8254673
1608139
2187373
8455987
9561543
473117
1019207
7795207
1988857
14136499
7048113
101887919
2049739
2794307
119698373
5557187
7420273
7185099
9096113
9296409
3665893
7800291
167410941
6970587
5431807
2828173
9338539
9609989
5161803
7842851
5466123
2606073
39949
6546439
2614927
9326373
8332793
9584681
5344499
8280941
3742451
519593
9063559
3923579
1428461
5499573
9347339
5357419
2780959
2214603
2332547
9648737
1947807
2388721
8899157
3292253
6233119
4285487
1364263
6730607
3292759
1857583
2916987
5569771
121433
4999099
2031449
84093411
9545557
7751023
892707
4774297
9480443
2878977
2917813
6535973
9295241
5387809
1708309
126242551
663121
3455477
7475983
3189727
7336741
8400119
3920337
9754709
9307337
8384779
951969
4355063
8729389
6602727
5542967
1773317
635649
9772757
1885677
3466819
6600739
8700441
18466407
1727709
6292729
8788751
4348593
7261343
116088779
9377309
8153503
2529851
45636997
1852457
3874293
3605717
7946067
9089471
3750279
20324463
2693727
3871263
8414457
4479409
2109081
9892011
211799
5430431
5474619
1491389
6903809
3577207
4816577
5152493
4026459
2797989
6415619
1813049
3749217
7789541
8990439
1596953
9087379
3720789
6340573
1279073
57597909
7912423
5447533
359421
2459367
1700253
6238289
6211207
8839437
9519251
8161447
6247849
885083
16620069
9351501
8244443
5569851
4772157
2562231
2221783
1374241
5519179
3900059
8552743
6063959
5827189
198686419
9284843
1673649
2514077
7823353
3579619
6013039
7904707
85149871
7265059
5218841
6846509
1123057
7289667
9945579
8825489
1355593
6221597
4369869
7824751
2655143
7685593
2302489
7563801
13105619
6499313
8147903
5086249
9633341
165389
2694327
7076699
220433
8988001
169813329
29088947
39662113
3725723
6796537
4709099
6471727
3108411
7736207
148589983
4844293
4660271
7311473
4092917
6689897
6334663
3913069
990471
4851327
3487029
3465319
5410841
1709093
985597
2546039
2621857
9412303
9449721
9731503
8955997
8072717
5036857
8713007
124339843
5834183
3402333
6049909
3836317
7883649
8257289
7916981
9962463
1559173
9262863
3359661
163654837
8309649
4909773
3265541
5318739
4247687
957317
6171943
8836891
7557531
3993559
356347
7311419
8015483
8832611
6474419
4972819
132442117
4348423
1685641
4683079
8343111
5154599
25821203
2220593
3465899
5410303
2965849
4521507
235179
3717747
841359
8180463
8391809
7883621
2064041
6119637
1181319
8021333
9966531
8940699
4743427
3789293
4494029
725039
126153087
3569801
8136609
1287723
3298419
1451711
9681371
6142031
7698039
1206329
8285509
1198063
9742397
8420301
659833
5414741
9226861
5191179
6948161
9178073
4098311
4983563
3166953
8888439
8584131
4365293
4237313
6969881
5945519
6494211
4087729
9509311
5513269
177699
7213981
7641529
1613739
3450487
2848227
9613271
5115731
1529397
