6667933
8311299
2307481
1804029
3558627
3515609
81228667
534223
2830619
6201431
3742983
539557
5046513
2873671
9761173
6162841
402513
9309357
7768009
8713417
7149769
4145489
3064149
7143283
1626921
121089
4377373
8226477
2233119
8730371
3832523
4372547
3962571
7935163
1942003
3106769
3877813
3541093
2933983
4010297
9383719
3971451
4455641
3236889
9852539
6488077
8558337
1079199
1397571
7524611
896369
2601397
7684099
6378249
6850183
1658721
50636809
6962273
7255281
9727617
3285937
3726651
5365823
7041007
9101251
4978689
24019
5877563
8703011
5837297
9821453
9565729
8059041
1651263
7629457
8724379
4046163
9779847
1747619
7749359
5356423
4511307
72067019
7881979
6705581
940351
6799109
9307143
210951
5577937
1368327
557779
2843799
9095311
5924981
98639
1069769
3019403
6663537
1378611
7445061
1887701
696481
3448189
4213527
3498619
4325503
712689
7012721
3705501
9942267
29277
1315513
9624329
1074347
3931031
298833
8363567
121016409
6674381
8832253
7121727
6363303
9831371
7479123
2940857
7638221
7267549
7118653
7567403
9476929
8929403
9488419
7078947
8760763
4196693
4414649
4384963
6965777
813671
5580699
5739107
5218533
8655837
6973117
5620157
807801
7718691
8026211
2972323
9066559
293703
7820921
2528367
4441609
6104141
6914641
4226071
8615241
7113683
7030099
8124479
4045859
9349439
4780077
6126521
4099301
7075791
426579
6952899
2486471
4174021
6595893
4712141
3708609
3034101
4338437
1923419
1649023
6591829
3187789
2488591
874401
8950799
3562091
2405217
858237
122427
1232073
8539821
7247063
803239
2236317
8369587
2685553
3939001
408703
8097481
2115523
45239289
4817283
5867887
1400603
2464769
1888269
9886357
1612127
2588761
1298441
4608403
5341611
1307143
5128153
35370991
22237013
4405499
7320361
690581
4012767
5536203
1666501
4465071
71765263
5455043
7795339
1945507
2702499
2036179
157473337
1908061
5021523
2469559
5131057
3585977
768873
2854067
162040677
4818483
1807387
9902153
1686611
3316161
2855099
747141
4229563
2864581
6587053
6837917
3825613
8295911
7068537
4606831
186766749
3065847
4283567
8873229
8007561
5314897
3136423
9622509
7726563
4465699
3303613
2146669
176482169
2386967
3626071
3679469
809121
8489629
3456683
8218153
8460051
4651843
1921221
6472393
6547387
9783861
8981451
3223481
5529779
8945233
4002507
758007
3768377
99761081
4712613
4480629
4133517
7464379
3786363
2036997
101734681
1771157
3282753
2854253
2787587
4769281
302131
8951173
4127949
6519723
126674941
1950837
1656093
2299061
2443663
5157619
3183887
7068967
1976739
1019221
6482667
4859671
438667
1204377
1646137
9069629
1866391
1593927
1942509
2080359
4447883
7483659
6352327
7540541
4447521
1298691
2921077
55911
4455597
5004243
195471143
22777933
842587
6869567
8159249
2549221
5646659
7059453
211197
1256303
1077007
31631
3914701
949957
3056897
8711239
4616837
527189
866361
6133927
5528031
7645541
1738541
5870441
6155119
8670241
891657
3307183
8224219
9132199
9024937
8651049
181224731
9879507
3427223
9662317
5223859
8892441
5395079
129022599
4531911
7537503
7129289
7917381
5600209
3113139
6885553
9754933
5399123
7769383
8477717
8501629
4444199
2533383
188547
1310149
519901
2670889
9718171
120759
5002207
6604789
7081823
2913037
8268519
7912727
5667813
1347707
9500989
6891561
3853789
1371757
6701909
8835609
2948547
6715011
8681083
5967537
9304073
951689
8512829
9098141
8195101
5825631
2575007
3751849
2261119
2893923
7580471
4118317
170623
17395257
106193341
1363889
5437941
5111233
3155071
5889063
5054351
99087269
2504887
7259791
8479107
5608563
8340571
9250221
9349883
7821723
7354113
5285503
3779207
4564893
45358703
5147859
8914047
123891
1545613
3306437
6132583
8875513
2541959
5595447
5489547
9501851
3893729
382029
1761679
7396271
9871323
2785683
9230333
845293
2874889
1444463
7845651
4730089
7693781
6504013
8748879
6588969
9208657
2109511
3965657
3408563
3505747
9578669
6386803
9622609
3005167
8356961
134284201
1033211
2240947
6106741
9910313
7399877
1037797
6689911
3853767
2721503
4114131
6622523
3076183
6593247
7357441
4440937
1407529
2405193
1027427
910203
7370443
9493831
6681033
110631
7031759
734719
1085753
272237
540057
3030931
1685217
9398837
9191129
3999751
5791279
2292923
2113563
8570069
4791387
6884379
1773043
1255031
4975159
8514733
5830631
6171389
2901633
5667351
8989749
3158101
86407463
7480089
94699203
3007943
8410473
5140023
8152279
2289989
72670273
5453523
6456619
8617423
1111233
2337119
7710069
6818567
4805583
6760893
3803527
111041
4831357
7141163
8283379
7008469
19376579
9622999
3762919
7194207
4481179
528251
6534759
1169069
7792387
8778303
778131
6547271
5824179
5900993
9065517
8571253
8789539
8516907
177531019
1969381
2103259
4527643
3743429
6043211
9151549
2217
219439
2006707
731397
2717381
12878701
9151579
5200923
8518969
1995733
5442899
8188753
9266543
122029941
9390069
6190427
3784003
9097969
163174979
8197511
2955677
4883539
4773629
5241157
8812327
3561009
7515673
7391997
6213103
4069067
4113911
3608991
2242391
5426161
6648331
427373
4197927
5185641
3323921
5432323
4371547
70411
8974549
186229339
8369669
3174649
9084413
1206623
5958751
3829493
4421207
1135573
1195849
7047749
9931253
9614311
6700291
4458211
2263973
606931
7476231
9183469
3526641
187152877
879803
8957791
7438421
105079
3184343
9351527
4271219
4124121
3004731
2190513
3788357
21913669
1145533
7143093
2815291
3205191
1295449
5550877
2453867
134312733
2127079
1235519
3594539
2119461
6664361
1702551
6129789
4894553
1387471
3379387
5820811
117813
3303957
8301977
79391393
2510951
5539393
5027419
7284267
111845017
7540777
6999037
3129727
6731991
8782001
8731453
6839669
9747133
6154617
564249
1390859
3366241
2216577
7174183
8099589
5813549
6560359
2127123
1381577
7774967
4369699
7255891
9607121
6788117
4248311
7905989
1415067
3187663
757939
6875559
3600337
6473311
3752869
8988967
3505333
2467697
3072659
8202353
148717
9739081
2122709
1344171
1581951
4191321
9082637
6814763
7915357
1266451
9061183
9343587
8045071
4764667
5080679
7337041
5870209
7087009
6111927
8515433
8472391
162939
7837613
159593
3858843
4931383
9538249
9811261
6162041
1594903
9222833
3634049
1904291
2354431
4468307
181132377
6821731
9739281
3960979
7907447
7512041
1547431
9409103
7551333
8040359
6887939
8564449
8056081
1488331
261197
561407
7197499
512663
6008201
4617241
6373981
9666329
3569629
4210309
9914289
5583019
1497367
5702409
7048597
3769701
66318407
5526061
5127601
7903627
7761713
1306967
1062061
4419089
66691097
8362099
4772349
5320857
5348819
9605961
