8334931
574439
2292747
136818417
1842719
4058113
644457
2330789
8051993
1966727
9969511
2995191
1193777
4990321
6365193
8215087
8342029
5769071
1306167
3322337
3165633
1837471
36630979
7739941
6603631
5741753
995441
6540739
4678859
1396959
2566479
161109011
6871767
7091043
3256003
150686553
2462997
8729049
4727659
2657881
5085793
2109751
86123269
8743099
5006017
3493593
9506997
7376571
3517207
2499973
9124053
737883
6335319
166013
8508617
9970823
1236857
5450983
7765699
4039127
2539699
7300963
9744321
4465299
6140241
504739
3024709
1669911
105356733
6137371
1096057
211361
4710953
2811101
2144009
2460313
586131
2228119
390083
4078527
6521113
6549693
9335653
7850939
2114349
2111203
9075683
1066723
9007777
1264443
951013
6465669
1311227
5698783
6310439
2715511
2561967
9614223
6895047
5512139
5347421
3032653
9210687
8547137
3771169
5639097
7247499
8485911
1146469
4986751
6275969
142356297
4062473
6987429
8268741
9040323
3274823
4016791
9342023
5049359
9410937
5948523
766771
9601449
3648143
8642401
638829
6734993
7926249
5264031
7620253
185384199
4661373
4561461
6417053
440191
7835727
1027473
4294129
1451387
3497883
1628577
1897603
9938889
3775731
5038157
7095259
3532489
3311041
4019321
9646221
6928207
5098251
3311913
7228319
8011153
8116583
3137809
9840903
4363639
681641
4499091
83352459
2617181
3485321
7503857
3011943
1901669
57511693
1816461
3329723
5304297
730829
429401
5601571
6611999
1464729
5469139
5866993
7894373
2752791
5877721
9713307
2653333
1233549
1860661
1398661
1512121
7575139
8351069
6591669
2624149
1007483
2616981
192973079
6170083
7240707
3290407
856111
7584633
316583
6287761
3306539
1731887
3147197
1604629
974017
4992827
6165443
6482087
1741627
3115819
41181913
5805097
5436039
6803371
7893983
5860873
7754359
931397
9600657
3788639
9900019
8303067
3023621
6201733
7219663
4145217
1316457
922643
8413089
1203503
2932279
9782789
2534091
2955139
1430701
4996483
2343361
38943
9457813
4226957
8129549
8166291
2088399
4014441
1667929
4008493
9115093
7707973
636513
2554549
7371999
8098513
838209
3604011
9962573
7166473
8851053
2922047
653019
267493
6885733
8999641
7383701
9012161
6018433
5895049
2868033
4337107
3266111
5486741
7510071
2634077
1052953
5645173
2148603
314793
5690523
66887
1676343
2507841
4358981
2478603
1077111
6244631
5463647
482957
599497
194505421
7152391
62164497
5782939
1350381
152942803
4656277
6910179
8091527
3542317
9161711
6123127
1205589
102976119
7552131
5852831
7540383
1265397
3065689
6987163
709449
4510679
5547833
1065791
5035851
710569
8755361
4519783
4667827
811041
3088211
6194233
8101541
995347
8349711
165142451
4979889
5536007
6298829
6164541
8540031
3012009
1674061
5958771
7620759
7935219
1485879
8607229
3821669
4735593
905803
6921789
1127189
8910183
4579829
2091979
2084307
1213331
4185341
7011873
4387271
3163713
3252977
1233671
4989913
6793321
6945933
5723427
7097709
863753
361187
3981287
8409739
8814343
6040961
5679351
8846427
2679169
3146441
754963
1384979
2734263
5415781
8598547
3920137
7825031
2700433
9917741
1340223
8125127
1386353
1261219
4243717
298237
8518223
4160757
4108431
8475499
989793
6842399
58843483
6921469
142558111
2907483
6739379
9350347
134985929
5038691
183497467
9160707
9479589
1191587
1652363
2901663
5434183
1062969
4904751
3750101
7848093
4980803
4091591
2941601
2598421
5978511
3155517
9698263
804223
9076173
2894297
2359213
5564337
9143171
9851013
8391589
9509799
8715857
599563
5435913
2852907
2920587
7385413
8245353
6715337
5400551
1498947
46843059
997311
74906187
7217947
724247
9231609
9526041
3839989
2938001
4391417
1195629
144900161
8781839
3094889
2838797
4032609
7505599
3008709
30987
9244863
8915437
3242323
4403989
9400929
770799
1549411
1599649
2138133
6371319
7326303
1861291
6723027
1885107
5983879
9004007
9738627
7811581
1930647
3575153
9317197
105627
1014639
5764241
3575793
3583383
4567029
4676603
9463271
2743453
858187
2148039
9796203
437807
1124081
347461
361097
9729569
66803921
3747561
605411
9834767
127425821
9548547
1153759
2168529
6916607
7703011
1411627
167723
4361289
4206691
4602423
5779243
8109139
5673213
6499933
8274409
8588229
5788251
186847923
4371729
2952461
5001767
5146467
7989891
6273687
1195379
193821663
2582373
5356137
3556513
2061321
5218527
9737011
31310577
3625997
7558579
7493137
1329181
4144513
1477427
4356649
7869859
6620079
107347
5011033
256281
2757237
4808423
1892213
7077051
329473
9645857
2510729
1931539
7681517
6294339
7493381
5929471
3213779
5234739
7612897
8374541
5591691
2646797
444133
3549713
5763947
8511877
7773021
9476709
6311159
7609619
9423433
6630659
2693757
7653839
8152089
6177291
2744891
1064011
8443517
94529341
9706867
9300537
1824449
8450923
2381227
5267509
3414977
9967247
9122563
6790763
3974377
6705389
4253171
6273699
6137041
2571683
7283223
8552651
1525531
6041829
6272527
3968811
1231093
6944409
3622439
6715137
5559603
7357703
9012921
5384027
4720089
58607359
3394453
7952823
8767811
1179759
1101471
7093491
1337611
7147433
3965327
5818903
3225243
5768387
6490819
4972479
1728359
4772081
2308079
7077253
3091093
3762857
1430731
8714401
7585599
3513029
2454627
8855727
7150399
2273559
156527631
8582203
8349291
6573287
5152757
2715239
625979
3635437
253939
4122187
4733213
1349969
7983791
5461871
7401891
5225259
1931189
170538399
1598071
6592613
4850659
9527827
416459
1285853
3106067
829543
444707
4692309
6074911
7179841
7815721
5216571
4291901
7357827
7655839
9382781
6907159
3054937
488757
4397571
72621
4164131
6642857
6602629
4373623
1936261
6001793
3423461
6524367
6605439
7817897
9325869
367389
1325829
5559233
6335849
6722763
4749487
6840073
7704407
8312219
9013909
4461037
321433
4302401
22737307
7388599
3081181
8490291
9350283
4666109
121879
4993583
62634351
4567693
917047
121539
5344503
2912241
4064901
5521511
6355107
266707
9384817
175527
46041307
9330741
4082083
4701451
5546291
2809811
9122967
1456529
9684299
2493707
43101
7078667
3675269
9769599
8974181
2191279
4007771
6188359
7962883
9312091
1260539
2505401
7553657
3487211
7438159
3201573
2693819
8763121
4635343
2920019
915997
8274571
3012149
5082783
8178467
3695201
1966791
8545519
149752147
