3155619
8935893
9512383
4406083
8599903
4590223
3790597
7014399
6706647
4954343
7707131
9691589
3454581
8711797
2041067
6379181
4604731
6811779
9419681
2546107
3214761
2120447
9115637
3185427
4207177
618517
4480677
1443953
6095321
2362253
7561519
224373
7274083
9192681
7734551
8654807
4217111
2846479
3247599
623219
6068033
2999451
843733
3297639
249529
8537877
979663
6447293
3766461
6965481
3205093
5609887
4952883
6623863
7447043
3216537
7723667
7938851
7514437
1898601
9178693
15243
355707
9554979
9945229
7354797
4225171
8075369
2605601
1307551
5751651
5929149
5701773
9849391
3801643
6807541
701751
6417591
3434977
5123097
5289037
2487723
5549669
9284983
6778341
7471921
6235843
4572203
4241519
819741
9104179
5519653
4892007
2153539
2291259
4528947
1825929
9488519
5627537
1788523
4069343
1866217
6180427
1589833
4830083
4839941
408001
109141669
8745527
4332883
7908447
1933363
3632579
8755267
2627171
168849499
5060899
5418549
9600937
5057171
5270541
60273841
8914801
8392273
2215499
1261171
4225359
500723
2470559
6338591
3220527
2816477
8397607
42837543
8018293
3719591
7108989
9281193
4022783
8235089
7321523
286779
2264673
6639953
7027541
2665119
9920589
7549591
4645493
6059447
2631307
1678297
677967
8623341
139893683
5989967
3678697
8912293
5023943
3299939
7623977
150232867
9950029
1059359
8590653
3690641
5058447
6910017
6077391
3234593
2619837
3626153
3955517
4832351
2200731
2489533
7551891
825659
6353191
7413747
1971083
4426797
34675437
400123
9374367
5331287
7054039
7132113
4170867
8165249
3949389
7939947
3388651
8605311
2545641
1973823
3220007
8164303
434983
8649461
5325193
4103273
6599233
3383097
7264127
8666951
6244463
2864929
4763549
162875121
656533
2788311
8807787
2094311
687547
2852259
9406513
1537959
6016011
146698921
6496621
7178703
868001
4619657
1391893
5095747
5650711
1352963
900773
172194479
66732701
5417989
1193761
5521639
5555769
2365569
5043857
2058351
6266471
1182101
6051769
4770263
1199153
5547561
8991683
8210923
8702881
4658003
7300313
9259389
8699853
162605571
8861663
411701
2401443
9110959
7769777
1132617
9855587
9470671
3467863
1620447
7166283
2576071
3951787
9296817
7718983
1442847
1268437
3517641
166660161
7293213
6123633
2745391
6960563
3506257
2460313
5113747
3144231
1276591
6592003
6581599
4010481
1920779
2013123
3928961
6607479
573943
1023117
5757687
4805253
9557857
7462779
8554773
8599669
1717521
752359
9374153
3484613
8995407
8997867
4307419
2076323
9611843
9652117
5715523
9729453
2525071
9000833
9606631
5369479
840017
7280829
7060917
3071247
3849067
3637147
4384877
6236397
9568453
7866421
3617949
182141739
9241933
5049553
88699011
7117823
1152107
9484329
5289949
6159337
163531087
7593143
7492813
8061771
2801797
6720231
5217229
110583
5896259
8075863
9602021
7978409
3871267
8798277
757193
4766953
5959023
5841471
9821223
691903
5936527
4045097
94590359
7395679
3904139
7416331
4939509
7558919
101117491
3127859
6586059
9687959
6256469
2459377
7829629
9296491
8371331
1720563
3824251
3310507
4525793
4787837
156520027
9237531
5309611
4933907
175945117
7066533
160236297
9440833
2775911
2128881
628761
3946007
4494823
2076539
3528483
7241287
8429661
7272333
9637011
7956677
7923171
4893413
1509407
525549
1122521
3629591
3832749
2017907
4063657
5462053
7825491
6615729
9014697
1132367
7942439
89644779
8816463
7260517
4722831
170343
5310483
9365977
7161687
5747849
5211823
8552683
8838677
9892803
34331543
5775193
3845677
9029459
3945067
9737433
606121
1634939
5665103
6186199
2639477
5213629
1553649
5859469
1044683
5449949
2447537
1342571
6667777
4839139
4568223
5579809
2585829
3253713
823687
823669
1905117
191784799
148535041
2616177
4261807
9948111
3538069
9972199
6882681
5588657
2920827
4212303
5571227
57308667
6177597
6239161
7650083
5527469
2220973
1722377
1792549
8708537
3831127
5271849
87203251
6458797
6008337
5267071
4819753
6412119
8559791
5893263
5747117
2757451
6103961
6782013
6214561
9329693
8310281
1695319
1578707
5288631
5181459
193975797
2868191
9523653
3680089
8055719
2589489
7262063
1602939
2286081
2611141
3246123
3352031
4803229
5118373
1237843
1540863
4239709
8183477
9359363
5898613
2646149
5439197
670601
3679299
3315323
642081
5807927
3684827
5049971
5395321
4613447
4790447
254679
9924269
3256627
9772897
152393
208021
9427939
4657427
1663093
9555879
22787717
1808629
6086683
353763
192707
6972063
5761113
6981189
10435247
8771939
6887043
8464521
9207917
1362863
6338399
156370647
8657227
173107773
4602253
5703041
5639731
6857883
5065767
2544891
6007621
1700881
1912183
1479721
8655693
5846573
3350169
112783613
7449543
4928897
3205631
7731579
5891911
5961633
4121731
3647391
4388149
1598851
9921909
7573847
8310547
1527761
5421543
838119
6907783
3439961
2503503
126961171
7945837
3832059
3276893
143513069
6324489
8907641
7192987
2902851
5022311
8564119
5174579
3128379
6098369
3048899
4688861
2685431
9846519
3092167
4931047
9808159
1062693
1275579
957789
2044383
4768073
4869713
5469839
5569487
6238117
7131969
3805911
1946287
9186683
7172099
4973577
9429079
2216701
2641929
722613
2874077
920099
8363729
4514471
3614889
167977669
3881399
7258353
7430293
8810753
6494899
32549
4905123
5147243
9466741
8035281
340921
683359
3729941
761639
2315967
7287717
3581221
3003983
2859553
9753361
4289089
711449
5097913
6168583
1037727
9452641
1692377
7662697
1829723
9113349
1132307
5879639
5429467
9834311
4199697
8705749
1525281
7766263
129783
6538607
812007
460441
9946057
6002371
9204989
146983443
3274669
9940081
4774663
2396529
3143567
1998301
4456389
3726629
4948093
3586253
2413097
5768907
3208659
6823839
7405427
5623803
349833
4699573
8008681
9586559
76891297
2865351
491891
3266099
5838047
7648369
3262507
106611457
6668609
6033901
5224657
9712343
6022959
7367801
1496793
8612431
1890241
9453097
8952331
7124299
4926483
7279747
9767599
7468933
1051147
7994393
1190769
6735481
7286691
6851193
1757457
137506031
1178607
9183941
7781003
3140647
3580071
2558789
4455691
5361601
904697
1380243
6299737
7246027
6311303
5451543
1449217
8225171
5160611
9528457
3432313
123958207
5958999
3372943
2800991
3544401
6923363
9486627
832489
2873127
8065187
2666241
2821159
7290511
1906249
1544267
5111783
793903
6772553
4457357
1852683
3050939
3476393
6544623
5470221
522651
3806207
183177
1985021
4740029
1469477
1564393
4413273
291933
8733439
6016667
911379
4315803
8511309
4649387
9295541
4561107
2563181
4119339
3439639
7594373
7618587
3450037
4386527
8267467
3964003
3576007
389313
4330341
8342349
9749633
75238137
2693291
5277019
369681
4577477
7174467
6187561
9005721
2642833
1972203
2398863
5723871
6954601
6898729
7260253
3606867
2970871
6408887
8678977
7054739
3583723
6926983
6227211
905953
9698651
2755633
6434639
