4713341
324799
1880367
1952761
2776923
9687333
9498379
7178789
2957331
7358367
6213871
1921887
9952099
7339661
2823453
417501
3881133
6144879
3704131
3379437
3989357
4602283
1132807
1759439
2631351
5142949
129607483
8240193
8947353
7970903
76554563
5345119
5357629
2154389
9831003
2399849
6393361
5403243
1525583
3717887
1582977
4225847
2528527
4510449
5344031
7885647
4176129
2017229
479497
1344679
6028493
802409
9995851
8919521
5940449
5194123
436923
203403
9820987
6937221
2874831
4837631
5087467
138323973
7153583
173169819
5957159
5370857
3385811
8352737
7816383
5920199
1298891
2388849
8844153
1692101
9701109
9849969
8834463
3640751
4206129
5680673
2452933
4235493
8669123
254991
8752457
4514203
2767553
2446451
8516883
5647177
4318799
2252063
4928751
2550973
6958571
6761219
221803
2479433
5749329
1797097
9423159
327699
80406299
2736281
1160109
1959769
5743879
38660593
8426961
6023889
6687437
5635133
8398721
180118621
8509229
8158669
4112367
370981
174561237
8297293
4223567
7442469
9565033
4039487
3691663
7583091
5747089
1543143
9127267
5919531
2760153
9968831
7433017
3196409
1745433
9135537
3314789
6189493
1378943
3294927
6978449
4943887
6635087
75729
3084847
1473191
4950859
5131239
8166763
768407
947743
6393029
2649123
590953
505611
8246117
1102877
5975027
6296959
4411763
8128989
715463
4000813
5097251
4805301
772029
92157
1893471
3850861
313339
1146079
5850309
9751263
9267153
3838673
2239683
9770917
273051
7440853
880419
8041883
9910183
2623613
9627539
5577133
6869881
8076447
2569467
8162853
8360099
5160383
1774269
7740277
9773023
79959073
2473301
5097
9269483
6386689
6655009
7789407
9182249
8217413
1837973
4033157
4192249
2036027
76002663
9893733
5891339
8406873
2374083
4529193
7638599
656817
943811
5898011
4111067
9345323
7829871
3960543
4179807
9714339
1943043
4225713
7594809
6994777
8438681
5233797
7298799
2863391
3127389
6265517
27267093
8345499
188409521
3573197
8497577
7368317
8902137
3413751
1094147
2475341
57670373
2276921
366027
1375031
3265753
1492437
2804061
4932083
4562187
4589731
5263531
4699217
1963533
5488051
9522819
3241521
6935267
3035161
54060197
4631697
4350073
4454897
6407547
158767
9989001
7469299
6480781
6595231
7621483
6863713
5169167
8783207
1115773
8738543
8677133
500407
6146503
606857
150304039
3366183
8356271
5743839
2773981
3558339
9459257
6606991
6775871
7796141
2742819
9339479
6015907
8998501
7638971
9693091
2695377
190651739
5270031
8430409
1637509
550951
8592623
3859957
6536603
4800327
4520227
7000263
1780299
109306983
4248761
9745253
5265871
2668341
587493
2943639
107490131
2386313
6269511
5191131
75132709
6349033
9100881
7698817
5035681
7961251
9655013
6900393
71507853
2343069
6128159
3112113
6681853
4823179
2099599
9504009
9147891
8932859
2046049
7942367
189359
1363249
3589993
4498949
3126229
7123547
3802427
815931
8648547
3446687
6774319
9037713
4925873
4743407
5253889
5449351
6216353
1331031
3020127
4855969
6081357
6497249
5694459
7896587
6293847
5216531
6595401
8684371
3477377
1303329
6856017
7592209
3597803
1964561
9985671
4748091
9233241
1569527
9498371
1710261
9859113
180536727
8309127
9978657
4401543
4053687
8404517
2399773
1905967
7049083
8651893
6272091
232199
8302039
7705003
9729289
7383593
5787423
5965951
2937331
7360299
116057
6781713
339363
8684013
4254351
7898251
1968211
1441239
8482061
2450633
5770613
8999669
565643
2677149
1396099
22131
7564749
1847111
8396807
8028983
9343927
4141329
1459149
867913
4884647
4378581
2155571
4578367
8322441
951237
1203909
9472631
151918017
8432589
114437391
6927341
9291231
7133371
7969157
161973
3917433
4074373
36001
6385479
6253491
5376271
9282773
9386899
998633
5950951
6838639
7963099
4069541
4394881
9734377
4031251
4043011
773947
6692563
6501411
7208819
2075473
1179843
6614539
3760167
128141
3356557
9949299
2031871
8066743
2250359
4783161
8718767
5272183
7549417
4397097
5794527
7022933
229243
2474749
1252867
3846373
7496727
1402323
5832531
4619383
3731433
9399977
4279123
7694447
8199389
7095517
9290953
134623
2967689
5297461
8279177
33129
2177871
147084819
8634247
5167997
4871961
3183429
9688689
313787
313491
9223901
3034699
1773657
1013109
4631013
8698719
834227
4964229
5319739
252969
79619733
5624353
8733389
2047913
7283773
2539857
6244803
3080439
1351199
9778591
4702029
2782513
1167643
9791929
5107469
3849533
5852181
5431503
1430137
66381
8656093
6331227
9862307
3296141
3387667
2186437
6492437
9894067
9945601
975797
3028859
6839583
8186451
4989101
9930587
7382413
8798537
9322767
234739
7803959
583947
7314083
7242749
164631
4446057
7853073
2351627
7862759
7244651
3434011
9642249
6108393
2591861
9856607
4604251
5676349
1829441
6472423
7438697
4486797
7427943
7427047
7787743
3916759
367703
3356413
7317979
5836271
6357269
2288053
3109849
4129169
4472437
8699193
6997873
108499461
4917333
9005093
5071891
7756821
866517
8630371
1745663
9236627
1748927
1275379
802697
3915779
3435303
2167313
7326671
861299
36468847
7281253
97822433
6043047
1050737
2061617
5498041
5918159
3842903
2918099
572387
1982293
187921
8062677
8334933
4490449
7995193
472807
7897477
4807537
3864971
674677
1193429
8113597
5679507
4324919
2578053
6384559
7881809
1147797
4227879
3430853
8972073
64699
2557973
9445999
8371303
8318329
8521923
7565771
4713157
730439
8949139
3151061
7155841
97119323
5852203
6197231
222699
3731089
4735161
7761729
1765953
7886453
6628933
850643
961593
3854203
5535427
505343
4750893
1966427
8688169
5263227
7481127
9469827
5161581
4008117
7874423
4950957
4898497
7510457
4625327
5900003
100339
9915113
5041677
9257279
6561321
8078963
1574237
1122981
2499787
7627637
723263
4698059
4289531
9558773
9780917
7042871
8023467
7768999
8038667
5378249
9846337
8797439
2574639
5685589
37864317
6034847
3634697
3904291
6634813
2799623
2238389
1849633
6789579
4096843
1771933
5808213
7857051
2130757
6363637
175769671
1342163
6162617
3108857
1333359
1507941
4834759
2291593
5884233
2837829
8628863
8388201
7529951
2731797
1389557
149467991
11447
48749329
4415069
124527
7591729
117541391
8203881
6467599
5111119
6757679
9230041
3753291
7361021
8967211
6075297
8315193
1547727
8555847
4341719
8803543
8386099
8489301
8296307
8727421
3172249
9567371
4328399
2898909
9061871
8174881
886447
3858337
7408489
9503397
9013539
1844097
2408427
5538383
5441473
65102913
1335579
5039169
2426233
2293641
5535637
3126691
3348577
1061119
1771987
2372031
4532341
2640647
4314563
4270641
4668881
6718729
1166941
9924979
