8848457
129267121
5364157
1694519
161595983
5130761
609759
1445973
9576993
4385299
160982409
3161927
3268399
3800543
142039
5751217
3758589
2941063
2169113
6545861
8674547
1402573
8845807
2439721
3280773
6990389
377401
8549927
7607291
9234979
1018531
683909
1086751
330513
1722069
3005617
2514457
5743967
4968083
3329029
6890759
1543581
669857
2574921
7994163
5656219
8201001
6560977
1542627
402619
9771913
7776101
4530549
1868729
9002539
467307
2472103
7155747
4598379
9975351
3535411
4185313
3113799
5170087
7613429
3893543
966259
4990691
208977
9285971
7862373
7091551
6400491
3466461
1294883
6684437
3222867
8506851
5372989
4286953
965199
393769
4099987
9586703
1849247
4812201
9066381
7617651
106669
7075079
636693
342557
2264631
6460179
43047599
9618823
4665583
1182721
103269
90701367
3446033
8428063
988879
3606027
1518637
5767787
2374941
6235211
9621421
737731
105384529
7377007
304513
589891
8988431
5011741
242191
8029019
76433
9691797
5515027
5845641
9288129
9851531
2683481
2955727
6195067
750391
2075287
8296743
9947503
6020717
3314483
4775991
4592711
6142559
9459081
3580007
1468969
8103911
159647783
74320617
9561727
1460897
4656513
6841083
5182859
8055761
5150281
6503249
6724919
6369457
3104079
2700333
1554699
5256539
8033859
7470837
5631293
2729881
4753037
1148341
5059803
406487
7635141
8381071
2281029
6180631
1083097
7413023
1548529
5781607
5853553
4259393
6575341
5984257
8159863
3467583
2247377
4104077
6602399
3482999
5338559
8529217
6397977
4983189
5764841
4701933
8572319
6018619
8738053
6980943
5876319
9655393
9969023
8849089
3221663
2455669
8003229
9871433
374469
6489617
2064067
3647833
6172611
1622491
6242063
6935031
31413911
5883881
6395759
9205333
1208129
3292461
1379593
2355403
95763871
4335603
9410923
3283061
6650239
5361401
4634819
784457
4218211
9326697
1758047
3550431
6236259
8122669
8446747
5960133
4827659
4250089
8040717
4826547
9620279
9371879
5578453
2893281
8798219
1757293
4144593
4040171
2523413
4469223
4262299
2708237
9433589
6910489
366539
3480631
8757223
2220301
5950799
745251
8926871
3132991
3273313
6766943
9404767
2936853
3453093
610199
3033809
5462821
8903009
6179921
5098221
6862999
2951699
167482163
2048623
1966581
9192501
8338299
2020487
4936471
55929
8716433
3198193
2824139
1224141
7747303
3969173
8111451
8255323
4875473
6248029
2280593
9045373
6301017
3591771
5341283
787223
8089523
1060787
195266211
8186659
1920867
5181967
4711247
8431763
6991751
6635081
8550939
9871671
2005721
3282591
6653397
4673381
5575359
3104577
4881711
7314247
5321151
444493
425267
6971009
8495277
4350869
7094091
4277099
7938437
3602629
5770027
1426929
460511
8047703
5654983
4027899
5921049
1399467
7010217
119931627
8292927
8285977
2324849
2305891
8070989
2871269
2770549
16529977
9565471
2071397
2123073
196303
2652733
1531571
694093
3042527
7794111
6673231
978373
8055097
9535279
2651301
5881453
6205283
3811563
6320459
2282613
4830849
7576803
4325117
9812861
5222113
4013977
4182289
4077377
587081
2717219
7925361
1114323
4999303
9912761
599471
8502323
9169831
9292681
8113871
8417249
7278269
9260009
6740829
102389
9389783
6253721
2676151
4606273
5045313
8557059
1330919
60557
816429
5402829
5826169
1725917
3802137
8454131
7050309
2249889
9499053
6731407
6388693
4505043
4110477
804323
1236539
3077783
3048473
675671
6434417
4080781
5019011
6524857
1151079
9340553
874053
9070757
8808091
7351079
1335213
1309969
118629
9218217
188715401
9917807
705231
383553
4053037
1604657
6534809
4127293
57149
5465171
5565177
6286611
9001329
2128611
705493
374697
249661
1589439
8923627
4764347
579261
6313831
492783
1609071
6957497
6627893
258259
3682791
1642289
3936447
4276147
127004687
837509
4956297
5420243
39509527
904039
1384863
5958923
5825603
9886207
8975033
7813011
9453177
5437139
9300911
1389807
7632643
9801641
2140903
9138577
3570911
162899803
3927021
9054323
7788123
3758139
8361897
3186983
1430777
2312437
6760993
3722823
8583719
1259833
2646817
8374569
6878219
443903
9510063
1103217
3145167
2744573
7279761
5247727
9721189
2077393
23839
2401971
5634117
6198409
9150927
6498133
5919389
611387
6269699
8966739
8616213
8962427
4153039
7054521
6621437
2589801
1368079
3706921
4407571
3745487
808277
1988883
1593981
7431313
2435749
2158961
2607491
9437821
4572381
6318707
5675653
9851487
3406167
2610303
1167707
7743221
3778573
4847889
682181
2924169
403253
9076317
8059631
914929
3106987
9673573
4315411
2606279
3577221
2573821
5756181
5195253
189215449
7493819
722413
3459967
4541001
68874307
8970189
9707417
38943
5763733
9859199
327717
5181031
2343063
153024381
4275047
3325601
7129791
4289941
8832943
8955871
5242429
2006381
964743
2293807
9428109
5791087
1526863
9959129
5056121
1142447
6878671
2952437
184514729
3375581
65033
1528101
7527759
4022961
4841501
761649
9732251
5243473
7923527
3302189
3211091
8992727
2597543
7094513
6307083
8479599
1758533
1277973
550817
1998193
3758379
8610973
6119719
3271043
513591
4865579
9392707
4362491
2059099
8725183
6135443
8334197
3172749
6444033
6549443
168939
1192361
8100551
1436797
3794167
4065393
6719073
3392573
4714097
4699759
9409099
2612337
5929559
4835367
9650779
7204679
5129823
6114253
2207119
7760213
1761739
8958297
7989709
5520659
382867
9239967
3433231
5706597
4966633
6179297
3012541
461231
5404323
9040281
9761637
5160627
1673891
6945949
668951
361499
3567509
6509113
8590923
1960679
1700523
7030693
7154589
2593143
6600169
9525479
3171449
7237269
7149683
3731593
5619971
1970817
3492779
143766207
190565329
367927
99053
125841013
8342701
1582389
6748001
8596949
1849737
134980411
9082343
166178849
4335441
2544531
1048607
6400843
2893657
2004113
2737211
1735303
3323097
8048533
4418283
159566623
835959
7516041
6891657
3626213
190249
608307
4327411
2078497
9767911
4228141
4001411
6881619
9713439
141470223
3038803
2379221
9527973
7251497
112030103
9757143
833631
4451529
76964913
7432291
5983663
5824553
1327077
3554099
6619799
5596271
9073137
4926111
9482479
589157
2677071
1802467
8625497
272111
5078749
7887881
76452909
126147129
5263229
660573
8107989
409553
2228133
758437
16933629
7540057
6730149
1499337
6297331
5664201
50793
4405979
9821203
422741
2679077
4974639
5718269
2049453
158781023
975991
9322483
691097
2669779
7606547
9964633
8161367
652689
3312067
586049
2313989
7647409
3504337
1165127
2944083
1281169
9141091
85341689
63151
6668103
650199
5217101
736289
8946061
6786489
8472739
6928247
8191951
9705337
6667369
3723017
3599941
5299101
22302923
6401271
6999273
9106199
3093401
4875733
695057
9739813
6038151
5752287
7820409
2339753
6914959
5195553
7997417
306037
9177873
7728483
2206129
