7857459
1795959
610757
3921671
582079
4945867
101744511
3525817
3531697
112763387
8207891
7101099
7955557
49917
819797
3901077
4313131
5002917
3779861
2237511
6497761
8947241
8253453
117453987
1455713
4989837
4902617
5376341
7182189
3209877
3663629
116227
7300201
2487317
5424657
1830449
8584461
3064613
754809
2276971
3617757
8300389
3345363
6935341
4513461
7950287
9253959
114330173
3814577
6124891
768861
2501321
1414341
4620663
6836909
9404371
8320493
8987417
9700473
3827641
6253589
6977071
48101
443577
8860107
3856377
9634889
9925377
6681927
1953573
4836377
8039259
159951
5614679
3010803
659847
7320369
6874531
9807479
7950461
2751771
9778217
192029823
7557337
3981783
1767349
9761297
16179
8569737
5220431
6764233
7252943
1212953
2747807
3408151
3539023
87309749
1073329
8752859
4587971
6704027
8480647
2610159
837549
628507
8081087
4420187
845143
5253577
4958449
6097961
166851803
7035997
170793
4761789
4105927
141771
6516033
7603669
6054697
1368401
9174421
3075739
5890667
83449447
141647007
4063867
22861
7369317
7864991
4098737
2547381
8927267
2845923
6400403
172674631
3358757
7769709
6711813
559687
73623529
3827977
5516351
4169749
6666527
5778869
1505211
6944647
6306491
26891497
4856937
3787109
949089
9382329
2521433
433781
3505339
2574101
751911
9141391
845929
1011511
103983323
7431059
4547309
5558781
3447831
7703477
8633439
8668991
2034809
4109333
6148891
3836179
7387107
4974489
5024943
4127683
5544921
4967331
8478991
7721157
6366531
8887801
8616473
7022829
4359727
412301
8019747
9719021
4944537
5338913
4638077
5509751
7176261
7954007
3464253
7545363
3648921
2377569
2465337
7373593
152001
9662387
9999861
3616151
7044099
4278469
3289899
7708731
4843087
7791037
9821549
6630929
1669421
33130513
2362909
119909
3528053
1797799
3511823
821593
8583823
680177
47873271
2710121
1760487
5715377
5965281
4840179
8907329
500153
7589657
1887727
3955403
7707403
2011019
1544337
9731143
880663
6656419
2887497
5648047
1144571
1527031
295449
3620119
3456383
8800597
2389201
5389853
8959891
6126997
3144141
4815833
3820721
2064989
4701297
145104309
2954653
9337997
7414553
5826047
7283997
7076521
4018781
6865419
54028649
4078377
3431667
5902311
3231581
7068493
9787969
2904651
1146377
8416959
4861843
9140189
7184107
7915609
2897531
6954661
3013811
5149313
9241231
5125691
1055423
105599
8613101
5216651
2684413
2652487
3122567
6350317
20551
3023211
4720343
4250153
6128081
4255683
1524737
7966871
5722489
5270809
652633
5281657
9243563
5107551
6155517
426819
6759759
5751547
9880769
6721673
6424117
3054531
8163943
7885221
9012943
5799807
2068527
1740227
6667023
4762811
8522973
1169589
528537
5185583
968903
5354473
1168257
7739557
3313983
7729563
5444287
4987169
4815789
4694443
7581237
1081959
2328791
9651937
1176203
3951567
78126461
6093331
8495177
9465493
8748451
18937173
9815759
2741303
5700037
7343591
6572937
861529
8649591
3837117
4293881
9582549
490317
6920439
8640871
3914857
329399
6253279
6599187
200963
4030053
1797113
8000709
8534481
7809741
7986073
5316863
6554223
8225861
1628557
164465127
2169241
6012103
8429779
7764773
4898407
5603963
6982499
2465129
525363
6820049
1925433
4240029
9141867
7190523
3725323
4276013
123104961
6674441
4860331
4038683
4123329
8832109
5367481
5797039
4217139
904003
4865377
5607857
8848707
2244381
207953
7709871
611103
6454049
7104643
1798779
5018731
1722801
4617321
8320889
4765897
3262919
9378573
8952017
5091469
4901619
9922997
5517047
673999
6142451
130667959
653497
6537481
8139213
1731241
4460893
8159923
9555613
8958961
1105079
5079283
9572119
4063907
9186163
163290151
8702253
5502771
6321559
72397
6871899
2071321
5353813
7619303
8000427
9892907
5479341
2004889
119672259
236153
3526411
3763829
7689787
2942473
4602283
8223483
5520949
7418507
659499
5579157
4355341
9748397
478199
9539191
4242657
3702839
9047917
4355101
5273089
4899719
654791
5735439
2456311
8135957
4857711
67080787
1356431
1153803
6386321
538019
3750443
6604281
6891477
2591741
571227
1393099
5625429
6835273
4494627
5927769
4120619
52743029
7073499
4446809
4548307
49829571
4761943
675733
1045381
4397323
9550549
165510147
8096169
357697
7259089
9357339
6174227
5925139
8544141
8303351
7713319
9686567
8910467
2287337
9028869
2341009
584537
9004909
454553
1785409
4340961
8757331
9495003
8010997
6198421
3445397
5272727
1038207
1183653
1387109
5333243
6754229
5149607
7886993
7529293
2463781
1438651
574347
8218451
6260167
524437
9551493
2624601
4857239
4216161
4798239
4242791
7920783
8362901
3529457
6539467
3031729
4425271
7550599
6860201
2584727
5241033
1816111
7708649
7749599
8127529
5956497
9438647
9746057
7768783
8240201
4532767
891277
9763597
9219873
7414759
6835733
9273359
2925249
730839
4541153
3474321
4732647
513067
7872513
1772843
8169361
10620717
3621839
9811073
8832487
8133407
8756857
7915681
185373511
1080743
5093917
135086083
1132417
4832569
8341577
1274007
2463091
8517987
2644581
94922333
6176847
8400093
3085053
65617413
5595127
5654501
4780279
2163651
350227
3324853
145448289
4204889
5357273
1134717
7390497
5510767
8156017
4269817
5499907
4790567
5119313
8758323
7443723
5407981
2185277
528097
2796613
9432937
9107307
7637733
99832359
3901761
3123693
3189183
719787
1975369
6942213
2582213
4387271
2754819
8130921
801183
9201801
5796787
2296303
115523403
9202077
1674511
7790117
3945177
9868281
9929671
8389507
4542891
4528449
5379619
3518701
5045487
1444371
18959361
6292969
1077439
7635027
3722019
12653843
6691287
6337331
9760437
1543153
4651881
4779753
547561
8749301
881403
8726153
9177633
8762441
59431
530487
4633747
4554969
197193391
9442299
1342999
5551173
9184923
8432413
5762123
9157901
8402853
2503467
2275791
5090951
6148733
180969243
6786123
1935413
6777581
9740273
376721
6477587
5124919
9618481
5755293
3796743
9454367
1726589
40216957
7198417
2603921
7597901
873049
8180007
4729991
4154099
8304127
2327881
1247193
9702123
1259739
6240691
7547617
2911719
7565133
3595281
5172547
6213603
4004713
43637
8481081
113418661
7907329
6962277
989943
8164069
589617
3393281
1974421
9889491
2988579
4416599
7072279
7080453
6580837
2619647
186980309
