3928969
9679097
5545507
7082269
3252919
8523289
1043521
122212789
6655851
9265671
1800423
7711241
7209147
7803013
2640333
1462317
7638573
7595177
1115711
28802471
1782273
1028961
5331561
9052449
2681433
2858719
2128079
8176873
6619357
4775127
8412579
836309
8817763
4888447
5470443
163210633
4721991
4020867
5386979
9584597
755229
2838647
8054571
9294583
790447
6300531
3194421
6395141
4677883
3888057
6705187
2631997
8087069
4626853
8523611
7729039
7126511
2152401
138259257
9153153
5502173
77540813
91221047
3067143
1663507
6809821
1425141
5376907
9129367
2326837
2296341
7617093
2476093
149831649
8459497
2256119
5796369
1406469
9014641
330623
5120359
8211909
564667
9374731
2151943
1190937
6025039
7955813
2469659
7486837
6039237
8690721
7647799
5843979
6399417
518317
8132151
7223443
9788087
5215161
4586881
4054077
938339
7081783
6296489
2249561
7812439
6226571
5468791
4621289
5143969
8063607
3670549
6223747
3248969
9596783
6735791
6313873
1583679
1828421
7936707
7844971
6882839
8665671
230941
7889767
8488107
2214001
5428263
4101073
4297179
5011573
4943287
1578749
2325341
9425647
1236761
1534809
9651687
7526047
1983827
4868483
1912249
4227299
4749763
8088049
928623
6077321
3677769
8797123
7444513
3057477
5301099
8005323
2554743
2812869
1922999
8246513
3829193
5252687
6793053
41438879
2808721
2598457
9712303
197986309
2655827
1422719
832153
1776001
3108501
1667181
2288859
146291
6020499
2361051
7486777
21375081
7569457
7017823
5530367
4188509
7001757
5903661
9644481
4862151
9471097
5477341
2348067
6132357
7946397
7873019
4320477
9140971
6310789
5956841
1898183
9272311
9786631
146142171
3489607
7296137
1304331
8634869
7874727
9496981
1107873
2657787
2793857
5351493
6379613
8312657
5923313
2385047
8324039
9985137
1082373
7448561
8325403
7717519
6708687
7769729
8058851
7913893
2043721
3704711
1000517
8826363
9985927
8925139
2725883
8086077
5090589
3938937
8276979
6799457
7787591
2339673
7242361
1807521
1735813
2114511
3708499
9732879
66753769
4871013
9204173
4184247
662339
6499893
8205191
9481071
1899763
2603199
731921
4011049
1312991
3598419
7512181
2008601
7862211
5194971
6046913
1877117
152767623
2731863
9312733
8457959
9545671
4976747
6216039
7756789
4401011
8361687
1609187
4284371
5620863
9956037
8099891
3081537
39991607
8656177
8021233
9744777
1834727
6542587
249547
9491967
7155883
6288509
204923
7378943
189261977
3707989
5754519
2001259
3555623
5978861
3246203
814647
3940957
8518799
4282783
8762057
6089991
3775439
9248537
1362049
1364291
9544057
7015899
2509371
6740981
3848317
3119179
706429
4662877
6785409
9656381
4247111
2297013
1333201
4913671
4900777
2838977
3137437
2127
8027577
7202633
6959889
5980889
3015339
5426991
7760973
3178337
6076861
6356069
6656979
1312843
9678829
2339257
4702229
1540123
3550727
7105793
1282139
3657687
6970021
1204721
63771241
8912247
4261269
9298173
3771309
6709177
1434431
9968241
5875199
9486119
3064179
5767679
3902213
6549831
9625297
141113593
1011927
6993767
7357381
2904511
7460089
6648179
2132059
6616887
6836877
9002213
2078923
8819709
4328869
7122781
4040993
192834373
7216457
6494891
3003977
863589
6226811
7823081
5184199
5462611
36491
5805587
5789567
9455069
2875711
7674109
6878067
7346331
9177783
6784673
2772047
2597527
4376411
1404011
1727931
2599441
9506709
3922841
7342797
4325447
4488153
8054947
5325081
2740909
9600509
5928763
2404779
5553711
6054933
8876583
3292007
1083397
2025597
57376319
4925859
8180087
9835601
9237159
3069133
110493189
3946941
40077241
7222771
3859263
6507729
127366349
2970819
2617929
4452147
5462757
4332847
9484579
1629501
887159
5616003
6803097
5288819
6710519
4650903
1889193
3457601
2779711
7853187
7040907
5588951
5195721
1430227
3057877
9935593
5173609
8368661
1931883
7425193
4631801
9835163
74406457
7214149
4119867
629279
9379711
8303281
6090911
6692897
8484997
347211
5097477
483803
3139211
7412727
1040633
4161947
136095919
3328691
5045251
1816779
4408997
6420839
9451703
5522219
32975369
7486917
6776623
357687
7964161
26691
632259
2203591
99099551
1209847
3704509
3007029
8428287
8404999
4093857
2450873
6951237
1907323
41729883
45556889
8333801
1152537
2983723
5309943
4872979
1561163
482973
7184313
1533497
3460591
6186411
5470219
1500207
7334933
415087
5974017
9152349
7834061
3677413
7710303
2489961
6449541
576651
2432443
108125873
8317567
303377
2638627
4909691
5028029
218593
3806931
3246123
3760869
8394607
9783101
6080773
5379479
6427457
831789
5261083
7073607
8723709
135575241
1418281
8424237
6952713
3335351
19227977
9112133
1594009
6727491
3561919
1921203
5695919
472213
2811001
3777521
37607
3563327
7121527
8274311
1805869
6729977
3585349
6795867
2243471
2117727
9524149
3398029
541521
2141227
9398323
377643
58313791
8442691
950327
556597
6571417
7572761
7187137
6655213
2123129
3302633
3818007
2098221
1292009
7562561
5670071
114461
7201853
1679901
7350769
4449281
1510977
4544221
561949
3560761
9207809
5469031
5887041
4971313
1136931
8344359
8278909
2151981
5825031
8108683
4318473
607933
4393559
8913531
5866063
8350341
179511
5968257
1269879
3478103
9216739
9781533
9380171
2342563
3280783
9300093
5771633
9310981
4209311
6951101
4019249
3704923
1038221
4072161
5248791
3072319
7446799
5823539
4787627
5243413
120901229
366621
5564817
553693
3207891
4414629
101440479
615323
1822011
8420051
9922659
4506431
4015573
6484583
5351139
6103243
6343581
2380359
8061567
6621517
8054471
168693871
428667
2316833
3710037
6829137
4371379
2476581
4079533
3725963
381969
6460321
894507
345689
972381
5758107
2433571
124279907
6425287
2847851
6934759
9343307
8160923
3227923
7632411
2816189
9642639
2564523
7422023
3501951
2096943
3240783
36529
4469049
1829451
8237923
9562631
3092973
9546219
576251
8649717
8552913
1264123
8184833
1343747
6678629
8125337
2341301
3925473
5313729
8127691
3334683
8201867
8851117
3698253
836227
3640253
4554313
2952341
6238957
3834971
2224541
8103053
5626067
7543117
4644471
235289
2432557
6559167
1815193
3681577
109276499
7639541
2037011
8683871
2799213
5736347
9499617
9167537
6693797
456783
3280489
9780603
5861327
3206981
8688301
2720421
8512849
4462283
256827
2149161
2456987
