8947817
8963933
1626987
3055239
5932633
5112609
7865809
2287997
5442059
3939849
8150477
407227
5918183
2874369
3526387
6785887
730813
9445527
6010373
7439857
4777117
6691729
7636009
6302901
9027089
3971423
1910011
2672443
6398797
4460413
9412481
5475741
7992941
6159769
28670263
4550057
1833131
4577563
6006353
6763047
9943607
2423831
3570163
5055087
1772717
6319187
8275591
5499349
3492853
9196991
2034313
1486667
7624281
2040267
2694001
9780757
1703249
5846713
1114879
199793347
8096283
367107
669169
8616049
7197073
2135337
8200237
3866353
9829189
17021891
551303
7922217
6313769
6652033
4817483
3321171
5010991
1173439
482787
1231563
7401089
2647031
681707
6097533
5470127
3190953
1638239
3812801
4063449
2088431
1448431
7419503
1216437
141463
4403267
299711
4850261
9936367
7511727
4003539
2755373
2607863
6789849
7824489
7139367
7235743
7690587
2880971
4301569
9983421
7147027
2761267
2433713
4504051
6952909
3485649
1318689
4934273
881349
9175441
3080167
7452683
6155529
4072993
5985081
5142187
7071587
3506437
6168801
7889951
2860503
9374821
4971447
7640309
5792273
101220837
5430967
1571013
7016271
9885873
1713319
9728401
8896387
1536641
7619669
6728481
6190367
9119801
2968921
2059877
2028567
8702767
5078739
2881401
4171233
9605871
5120967
3113441
7145897
45143
8274859
5179821
4191093
3658897
4643969
2765393
8112993
7284273
3403023
2572189
3406697
9400001
2818223
2022581
8998171
2307039
680137
4210401
8180267
3775633
3018057
978393
3089167
314303
709131
3424971
4597727
138593193
1991413
5312333
459791
2382103
814021
4712613
6813853
2615003
9100307
1414003
6289833
7112437
215189
3760577
1165057
171071891
9982631
504651
3711893
4436929
187763773
3289781
1463127
184268659
7254963
9520411
3220791
140945373
4412917
3502881
9530971
9609017
7579527
8736149
8909429
7698699
8147707
4706831
3219109
3854533
6855547
2341477
9354923
2579263
7868823
7872677
2565249
7246619
49474407
3430487
4961033
6406043
9908477
895033
6935067
1234767
8738057
7550871
712777
1895643
3792707
140295303
6337959
4419907
3458003
103156889
8657559
913157
3818677
6884923
1582497
5418211
8731433
3416641
2566301
5622551
5340289
5960703
47841739
92223
4455943
6206597
6534253
7801703
7696167
6950171
6561283
5100061
4980511
5923853
5968689
9329777
4946611
8973557
2678589
7621369
3880971
9065587
1572583
1054277
3622569
3365499
8893561
2755147
43985317
1210791
3630231
7623339
6971499
9797603
9336107
4455739
5985483
4910917
7261393
3114317
3696029
6770491
2700871
4187589
9867001
3244267
1507359
3158857
2459091
9579801
688007
9594023
3341041
7741793
1353659
7036957
45676717
38892849
2974447
3701689
8007711
4178449
4035111
9129077
2892411
1311767
5663439
661973
7233273
313463
4806257
2115193
6320459
166845483
5382237
5530101
9274909
2429419
2857441
7378209
3453021
7221979
8472357
19134999
980133
435443
2690947
174037539
2768971
6012311
2463857
6558951
7009741
9369949
3275413
3355687
5592317
2056401
1322629
1997677
9976803
8595441
4154011
3404109
4073339
3563911
3715423
6944573
7339723
1924247
5012501
1448057
8329837
4701437
7226879
6474131
1392323
7811299
1362217
3779153
185121
6394037
1010311
4356493
1089571
4104633
4563069
4867
258141
141323
4581939
168233
2229623
8520489
1380421
9552183
4828937
137655869
7800319
9201067
8241323
4357109
6767823
4361777
7243747
4978511
1152321
704229
5781479
2942977
1357581
5822813
6433689
7764377
8577261
6332299
4826339
7391097
6545021
3636703
4802001
462921
1787091
2155613
4522027
8917483
4770639
7586151
127101
6970419
8860757
363259
744559
1999667
4275621
5786533
9808371
6227349
8686221
8673107
7242703
6265893
189127
6548211
3730809
5270531
7884241
336257
4154109
7018737
4856713
1012169
104352031
6030197
3605953
3410487
3704957
9503993
7080479
5209983
4987459
2726101
2940773
5149787
8954771
3210469
9383689
8320689
8347099
2126661
5708851
2767701
254357
2338627
4777503
2811863
3821723
1158653
5919063
5085363
3238491
7848499
9154389
7686283
176294119
4017907
8176561
5336273
5329703
6272107
8328567
6750607
5062747
3429701
9879401
3131333
2195329
6432013
8803137
3549609
7512799
678451
436493
5163857
9697629
6124921
6159307
5563383
1194183
5776341
8660239
6798633
1901267
2778877
785197
8445833
2158089
6275341
2739717
2632589
1522629
9595441
4902703
6364539
1765311
6831433
9451677
5469147
5496393
5636607
115086533
7738853
8093963
3824881
4817421
7325471
9332241
9206711
14377799
1855597
7666683
1797459
3591583
1068859
1752257
530021
8984247
8459163
2717073
1720407
8787503
1318501
2364077
2124003
8630339
1372583
5874337
670977
986623
9501661
872141
9302809
8754319
4149847
68929593
2712499
4825477
6238311
1411221
1710389
9363591
5766949
1250809
1819229
2095041
8177369
3870737
5422369
2533653
9685529
4907821
1872597
7844979
8772809
1194003
4282421
3143917
512341
4435489
1344339
6092437
2517313
5367879
192451
1957669
6839511
8876827
5475583
6387141
1208533
1700437
184299471
4670471
1910623
3302521
194831
3579091
2746991
5466591
1041363
7964923
8008913
9515323
4299183
4620159
2740969
877507
1198247
4143239
5955573
8695207
2601707
1480049
6671479
2664079
1124533
689751
8770617
180154247
4509219
3761809
1792867
7763971
8966817
9234017
2285741
4639573
2444171
9432077
2749251
5747261
8997843
9569931
2496537
5309971
7586751
6835547
41373
447213
722953
6708197
1240889
633983
3013761
4921253
2102899
897637
497677
5646017
7763353
3157561
1481461
8692583
1467077
5910091
160712697
1824833
6408657
9759351
6400051
4020127
2953079
2640047
6212843
4516609
9080507
7964693
486111
5954869
9237071
8049609
2436389
2251289
5535687
6353299
8374339
9783109
9109301
6095839
9888369
286511
625013
452837
35240989
6944573
6347951
5569449
9014697
8073471
8712617
7152327
7640309
9052419
8516819
1719757
3021047
8293379
2776993
8218453
5444803
8991093
4378077
4898853
9849589
2084559
8858639
9559027
5778287
4248099
9238321
5415211
6846201
1928849
8348791
3912533
9417001
7205959
8188101
7308151
9693481
8125269
659357
6193021
4877223
2454613
324111
6708881
720293
4554897
6020947
4483359
8537679
5325917
1444003
9984959
5567913
4197363
7287529
6390077
5262573
7052693
3194991
3902771
2095607
8860541
635161
8850637
6388229
996061
8831619
2947329
5717891
5492499
6868999
4680819
8164053
6853729
1078163
7883801
2589639
9279363
8019153
7849273
9200941
2376453
8383889
1937301
745493
2752381
765531
