6846879
7118971
910573
5037447
1519477
7702647
6069973
5090373
1990451
3671189
1528341
7596543
3610191
43238709
4583023
164747
9390317
2868649
1286589
3493511
173364943
4001339
2710731
1288679
1816053
56851611
2899321
2507417
3556879
7002333
7999793
7873201
8387731
9902991
6792227
7420159
5047343
7096163
4287647
1302283
5481559
384507
47944819
2718731
8281043
7272547
8881733
4190029
198455427
1488129
2597957
8476667
4393267
7739753
4747307
345197
2763177
5986701
906097
9068469
6324797
4250691
9210631
3415451
3029867
6260067
7393417
4081901
7366237
6090099
2505023
3529343
7685137
3840913
7570579
9577227
7041011
166293
192039873
5583019
149237739
2533499
3073341
119002019
9559341
4409617
287507
736903
7541033
7255303
6152667
1222563
8256181
3162821
4706153
730203
9139841
130463
2801019
6831619
3497539
9829509
47693863
7394643
9239423
2781181
1396729
9588361
556767
9178377
6911767
4877443
5745261
146378699
7099243
9311803
5857379
4905589
4157093
754603
6197053
5795381
66967447
69949061
8901381
8664523
9131077
4402397
8186433
4696423
308321
8612167
619507
1720557
5418763
8217789
9540911
9650239
1239729
8895927
3781019
3481101
5587711
7736013
6720217
4362501
4058193
2057063
9315593
5787203
3334803
987893
5388207
4336031
7953751
9500599
1281623
6061957
6105093
5234833
8011277
3561491
34638291
132020167
2414847
7817999
9370963
7786639
3660789
1515221
367379
7235487
1897279
1007761
1569701
39937
2033463
4526863
9004057
2103161
3377381
1578281
6272061
1397683
3953361
276763
4889351
100149
642749
1619127
2599789
9872427
2007153
9614931
3226659
7184117
5250193
7943439
45748533
6233553
4341067
7315029
6065111
6549893
75711
1408841
978579
3564059
9816803
8310189
183704077
1660927
1660989
135863323
381357
6274469
8262409
8507433
6272831
9119771
457369
2496371
5546399
7490423
8260901
5328329
1426707
7305897
219927
4974393
1483921
5049439
164067217
5984049
7327057
885139
6406457
8103163
5943357
1566637
487811
2728567
5146707
152464883
9356073
1350333
1164201
9796087
500349
7276333
5926679
3538063
7257029
4495949
4601343
7317017
1548983
3662937
8718637
2667323
9871853
1523361
824433
2293813
5192443
6898137
4068281
2943511
9041249
372957
9715121
119439
6488099
7308227
9276391
135443021
8671369
92270191
1627301
87837337
1260703
6614967
1817253
7319409
2132559
968119
7957193
85343393
9375189
4920727
7652329
6784019
6982123
5649077
9117901
8364081
5918533
398949
1986227
909671
1326993
6613359
6583689
6420633
7092141
1601487
1135259
1192083
4866011
7290319
1567537
1346733
3491301
2816907
8946417
9288829
5784181
2576279
3542633
9068053
8793329
6786769
6675567
4454743
8124229
9868017
907473
5011691
509391
5192793
8114637
4468829
7692359
8800061
1455889
8413289
3051237
4487643
326081
7360949
739103
5953009
1540617
2098187
8187913
4888997
5139063
441833
8890087
6736181
9180363
117145381
7597477
7568173
6156707
876937
8376099
6783741
5603239
7333929
5188237
5370117
6287517
9233497
2483477
6458083
6960497
8398303
7358671
7926483
2480979
6443359
726817
8999511
4572249
3932449
6454783
7557649
3672473
8505291
7772153
6559911
7024009
3805421
351847
5014769
8741013
5621873
975451
8622627
3525413
88347
6466617
6325453
8472081
9736221
2118281
6516681
6031059
9311137
2046999
9464381
3081737
238541
6582967
189746039
7952499
8932233
7557919
3912977
76116207
3015163
5801727
3928837
3569649
931631
5683251
2950989
4031247
2084681
4988529
5982293
8332997
9848747
9943983
1698987
4057839
9719317
96918921
7167243
1432947
163249877
2313207
5244237
1855451
7111213
8778097
9418367
1953007
1876153
8755703
969
5979931
2072181
2240263
136415251
4675621
6548759
5997899
8291039
70896623
5090289
6038647
5819971
974853
6220173
294701
2888737
413243
3355643
4137759
3382681
6958871
2276621
8860957
7530353
8962029
6439009
5361273
7531519
1071273
6660033
2155619
2795549
3582043
790497
8956523
8490019
3245489
4311671
8661303
4194289
290267
5353231
631319
8505971
6086293
3967723
385419
184678829
6008983
2526297
5209829
1491553
8035239
105071413
4084199
4430863
1433757
2065697
723333
99607221
6364163
6685637
8496429
9059573
4658911
7110483
3953423
87906629
3763667
7641137
4552391
697311
5062853
5041673
660783
3228839
4727067
5028171
9924277
121761
5006701
65059003
1515483
4013301
1401933
53488649
8801833
6634429
2216187
2536449
5935097
9138443
44752093
7379087
5297243
7474201
2095661
1306503
5035799
8962737
5253479
1706523
5868821
4413509
6478547
9877191
126375167
9157751
134147
8820503
5975167
3059119
4111953
7470291
4036847
3713349
1732783
186437059
159227739
7759003
5760079
29235477
5812363
4403179
8284119
8343903
7745279
4740911
4764307
6733507
6028911
9007401
9982837
8470533
4940149
1084263
4394653
4904177
6751981
1473039
587759
5009827
8950081
26887599
756259
2726699
4094439
9674093
5003161
4736607
8455311
3647283
4615769
791327
6203211
5444697
7796293
880257
5287521
9748707
4577079
5207161
4733307
4937191
4470491
8151681
5547273
3393931
7819557
7584273
7734971
934327
8947437
5033043
1134653
30621
9889113
3452633
1496461
2956519
5301929
2550189
79912147
2416707
834239
9961409
255099
7660397
7658923
6986867
7781081
1047647
7869287
2635497
3760833
4853269
6061003
8555881
8374127
3329481
8945253
1348777
7328387
6258599
1326077
4125029
6070923
5475963
8789643
3879171
1791917
8904823
2649741
3768119
162033
3464389
8319881
2469539
2901683
8149831
8768229
8257093
850121
389593
3414431
5919903
9047589
3070433
966719
3394263
1611683
4303363
7127417
45027289
8837357
6192443
442233
7557521
7985721
2527477
2355917
167351
9272767
6136521
1970487
3651117
6796783
5312099
147879097
3161523
5136007
6903607
5135171
5479457
7307313
7550019
5211997
444401
63312679
263489
2289379
6452843
8146979
3934909
8845901
7695533
3091691
4235187
1834629
97145553
9507947
7506483
3818311
6825551
1790761
124067031
7404293
7832721
3881837
9021333
7890909
3207417
8911869
538387
3542509
5259479
2965671
4549587
9935927
5771581
8898239
1290539
4259719
5648317
8899027
22313441
8517053
45515291
2786201
4605373
2689203
100039
6460701
9419973
5670839
2218079
1812197
7101559
23365393
5525503
1481587
5955347
5733177
2749271
407933
5994649
6469579
6129971
9587857
3344223
9338599
4885827
9870571
