2878201
2747507
3061877
67421179
3044919
2400809
6984573
109553
3676071
364753
117507909
2301153
5760247
8981469
8481009
160697547
5134571
505413
6192179
7261329
9762709
1605873
5532897
8703873
369809
7051969
8113469
4380723
7700987
7840473
3625599
311
5279333
542513
5087019
18414013
1927373
2377989
8086701
4228291
351109
985723
9497141
3297359
8007833
3235847
6661157
1024709
9725911
8030387
6304581
2227519
6804217
3828241
9309657
7005061
1716033
3751943
382121
6992283
3110081
7563669
8871077
172431393
7330547
3838343
6957491
6301181
1117989
8957001
6311027
1661859
8093417
6597591
5872707
5549411
9153349
2041977
5539853
794241
7473147
8635559
650731
6900869
4390417
9957317
5058961
6789629
9345093
9734637
8053593
8449803
8789817
4736127
9548977
5496603
1777913
346207
353303
6828499
7143613
3297953
4937647
3339157
5750209
8007539
308643
1634751
4560061
5555387
2448791
637589
2942689
6620891
2758963
3677119
4006939
5797257
4064599
3631663
4573047
1097261
2722701
1433541
8126371
9970693
1074569
7344489
5475773
3777393
5144497
3664963
7972061
4890353
1082493
4967531
3266651
6359597
9412177
8565883
8183621
6610951
5983821
15163173
1863873
7285667
596541
7859401
6687911
9533297
11697
8968979
4572233
9290079
7442949
2436793
7005837
194011
4733907
2894081
4955413
1422429
226521
2823819
5782321
1744081
514367
6337021
9537343
1675837
3317393
4267461
1617733
4766427
6153727
5789789
5158959
9573593
6822481
3410267
2524723
3404227
7589319
7065271
4454077
4279399
7143541
125736497
8821011
9658839
6458651
1821223
90159993
1021019
454821
3076021
8538959
6697917
7221931
441269
7776363
6300697
1165473
8672191
3365829
3900701
696677
3683587
9540219
4695423
4342453
397889
2775207
134077
8764751
4555123
5990033
4010663
5007733
4745389
6411891
4733983
188913527
7818247
6914481
17689337
133823409
2201703
3152977
3011139
7941393
4401709
6536873
9542081
6173939
4208789
9683223
5861927
122681369
6887473
1269761
8246733
7786129
8055101
2901063
1365079
6719239
414543
6690693
7242841
9861803
7700881
4440377
3647371
9356451
7531
7641841
5849933
9710053
8860731
1108667
2304691
6053479
180230627
5795419
8671791
1590763
5850907
3257499
7235177
81782061
5995747
9981053
5107047
6017609
8887217
9794571
9283357
901747
3341489
1038437
2422503
148628057
4607803
6763471
85571
5869747
9222513
7362729
3252003
1904437
5459799
8906177
6889179
7047941
2627639
3857429
3048859
6735069
1631211
6325387
276887
4782209
3044551
3851349
118768611
2868759
1489769
9660911
6901983
6980129
6900199
6569879
1110513
2860483
3211219
7137899
4642971
1551209
960917
4072567
4624357
7045679
2704131
44647
7334617
9707207
2815637
7507119
7018847
8921591
4790487
5810889
7387279
1498117
5737563
3243863
126467
9758061
4731267
3107501
1692167
2016799
1351299
9026917
1595433
829599
2650799
8623021
7450183
7655629
9115333
113443859
1245327
7452813
9471431
3512293
4317667
5228451
3242071
4587807
1484463
6393353
4931471
6470357
8416627
3506339
9665949
1195709
1134857
4630693
5508207
1637487
8119063
7133489
3751303
8126743
363089
6455353
3326669
6725949
908859
6101579
6113431
3020011
9906013
6025699
6537253
4429129
7732043
8638187
4099893
8641701
2834239
6884027
134125107
5352913
634241
4867573
7729423
8705403
4908347
9481879
470859
984413
1906851
1020851
7597221
8192567
4365701
2873733
2961913
977269
302431
1505899
797341
85954019
98918491
7787687
6298617
1797849
8645489
2617373
1116369
5586709
5714433
4065557
5444073
5536403
4446967
2093047
343577
7291719
9939023
464141
1007493
1689773
7404247
7024269
4656573
4166379
9712073
105440821
6933093
1373627
7889691
4463099
3611309
2542563
927331
3484899
185599583
2853299
9206613
142773
3799219
7444533
6783331
3579127
9115041
8189279
679459
1915837
8151151
7683753
1879651
6145327
9094327
5889529
8388953
3047127
1707451
5301667
6753329
7883193
8838599
4372521
6326127
2666637
9910169
264049
4712889
7360421
2665107
8579517
5517009
9663141
1088633
5119483
5155261
523209
8523379
1138847
3536193
5873523
1931577
6449751
5022453
3588343
5709733
1005183
9033463
7841659
1336487
8004421
2810653
8320719
4509909
8221481
3936443
2899229
8693661
7898687
6297617
5406867
7815319
8649049
7781531
9747303
6894687
674463
113191
6126733
1362701
6495343
7115423
960043
7555399
8277599
4103587
7294711
8502239
123227467
6094319
9763043
3784733
3982111
6039087
3013943
5842379
5357267
720209
8386163
8271553
118204817
328001
8017673
5224941
162912591
6442151
6947401
9808357
1535047
4685097
1845253
4917371
4072037
5383539
85609141
8898731
181337049
4610931
7982093
3541289
3662639
3253883
3105017
1454651
2714141
1339759
6355011
492861
1159149
4055213
6391941
1289501
6805607
710927
144510197
7552023
6342661
72603
6889331
8039873
1041347
3951473
2696753
4974017
1880261
8738663
3723169
2300201
4288603
3191809
840463
1615293
8320357
7591989
57652513
2152211
4029767
9125993
750771
1590967
7457009
6198859
5125141
1183807
6538603
7638049
6148193
5969099
1765809
4958329
1919343
8252437
2795669
63951
4816323
5895969
22649
3243281
5890489
3735201
5198693
645517
9555403
6199939
8063117
9058001
8429883
9787843
6065507
9627237
2382203
731027
6677831
2339323
9867449
2691549
1849283
9913111
2167063
5065649
5030511
6828157
3727633
6486317
9608579
1396629
5273921
714779
5678893
8579537
8222847
9941987
1929501
5440367
4484163
1414143
471197
7012759
3622273
4230227
636771
508711
3646541
1944777
1667917
6762077
1347329
5612547
6909131
6613229
4590503
8042867
765483
6526873
9172783
8846813
2722291
5542277
9957763
5285243
6647163
4400069
8138137
199194489
6981167
7127129
1032893
53084013
8253807
9897413
6886697
311331
299293
6502193
547563
814339
155817613
2826181
6159913
3951547
1193703
4184931
6869911
3861947
5881649
5506409
6941231
3182953
9037857
9657113
1384909
2228769
3241667
2929007
6462279
8655587
3148189
5214873
1825943
51982359
3645083
9310217
8516841
8561467
9748169
3258731
9410779
6034719
7348587
4882767
3878453
7281459
180034501
7139239
2369349
5241083
5693913
6702431
4653699
1819583
7584719
3262781
8288597
162292231
177162149
5841477
5382969
3788673
4784999
6152841
7761223
9335251
7358939
20810251
8360239
765843
1481099
7938181
4868529
6682593
8516887
5492537
4818151
9518629
8375677
33063531
7937219
4425443
2539049
8587393
4266671
3177097
6979549
3457889
829221
9185177
1526903
2566457
3211929
5671989
4314807
9280127
1256419
6121399
5622367
9159859
4172049
4622959
9784669
8675949
859913
3735417
5888489
4182169
3426653
7844211
9764681
5383469
7363717
1966323
8070901
803411
2387773
6168609
5090743
6594671
7302111
8187287
6196187
2878437
9410981
7643939
2633183
5737057
9291593
5246073
2263457
149413869
8416237
6692571
9980849
6086971
115719041
8105601
776923
