6820953
6898151
8238117
5767029
4790883
151884061
140967501
1285023
3152063
6325367
6755457
1302417
8180217
3946621
7526997
3317641
5026561
1396247
6751287
3969501
7639189
489209
1249319
9345419
2619799
8810373
6474847
9305203
2610187
1036351
3419633
8892709
8664637
6070361
9508219
3905739
4579439
2886119
2951383
3948051
6134859
1339107
1102777
3749381
1247731
7924241
5589719
5671947
2936427
3180709
5309517
4387513
3827933
8862637
2381421
6146767
4226317
5540433
3248763
5071757
61028779
6101523
1607027
4736113
4119397
8049539
394801
2085157
9325207
6350021
7163627
411951
6479097
9545939
121867
2868237
260503
1109687
23314883
6666149
2730087
6581627
9422619
7588789
9448827
3480977
9585103
5012237
4247197
9554311
7734127
579553
5363623
7939339
2255483
1314191
6967747
2329129
2098239
7333849
2397741
5207493
3001441
5073497
6392729
2869479
4453161
8928177
7648981
6402609
2926661
5382261
8683733
5139561
5902623
9310903
7633607
3136911
9519221
4761499
6624379
8230581
3210369
8090733
2469507
46467
9716969
6951179
8888583
5898733
3297129
965263
5923351
1543981
6341351
1045103
8310399
6834733
1561593
735131
9882283
15327363
4119983
5816057
9149723
884413
8466237
5235727
4195751
2081287
91467
16472957
5455389
9936759
8388667
8782057
7277577
6821181
9579601
742907
4029291
2300141
2429457
9910309
1700973
7921573
1545031
2870401
88743
5336551
5218369
6312313
6628273
3851753
3353677
1444653
1828563
3331039
6354821
602191
6498627
5774119
9940563
808859
8636901
8270669
2277431
5354231
8962041
7018919
56734687
9761533
3853597
9086667
3225523
22076863
288947
2440663
8856381
4800741
168717
5599169
1684191
4205271
2988299
2125807
9528989
1524253
4936023
5261771
7652027
6882279
8878823
5416521
9386781
9760507
4792251
2785339
5602663
6923139
8196501
1065223
6830483
7001053
9963131
6941433
380023
44432891
8662763
3023419
7270479
6368667
1337651
7517181
7940259
113832007
1845481
8049189
4088361
5654797
4625707
3434017
5644997
9853243
4715901
3375373
6030701
9715643
1552819
2261599
5624521
5768877
9370067
3014689
3607893
6912797
9053101
3262051
5988597
3748509
396853
6853589
834697
6916223
2793749
3899661
1397947
2758469
2579031
4096897
9297999
563569
6521269
115702829
8715127
2361601
4650271
8813537
61439769
103966263
4919799
2751489
1608127
20892421
1159453
9752767
6495773
6948403
3900561
197218309
3676283
1964593
1194211
3509027
2105841
4244971
8146569
3272853
2205981
2955347
9567253
8416787
7669651
7056243
1581419
591721
9269517
9318847
3588421
9329437
62314129
3508591
7399343
4333733
5590641
146483
9078571
3365567
1509523
5340753
9816093
8444071
3758969
1789071
9083613
2089389
7013807
9180857
8907329
8601339
2328117
7338011
115723839
7472577
4659639
7416831
133577
1517619
1447497
7889919
148807303
2846617
2078971
6509361
7148687
8827263
2257039
5673903
4286407
7094459
4282981
346477
6958443
6144579
2959509
2065571
5719579
1787697
9056349
8518887
1097993
3617237
310217
7007251
8096359
5327191
9683821
1838023
2301571
9907307
7923393
7659721
7008149
2976727
3602603
2649119
6683949
141088663
9026521
7382763
6073381
3280241
4752719
3186867
8686283
5003393
79147283
4829819
7987443
3193939
5985913
6893481
5680373
1954183
3457769
3069023
4495767
3404163
8015719
2849337
6680027
7985931
4772481
3324857
1045523
6133891
34464489
8021433
2129607
666281
3995017
4660641
6165441
6380833
794549
4516263
117356119
9065339
167955243
9569999
6478579
3893231
8861397
9732319
8806709
3612287
5593563
8041767
1850207
140687
4215087
724427
325283
5028351
6499581
9836649
5201233
6927061
19768801
3006681
1367377
8611289
3503343
3398211
5214031
9976279
2420721
2963353
9677103
7478623
2673019
28513451
4038703
9731387
2737283
8231487
1196241
6583789
1813641
5160393
216527
4944181
8805859
8909073
2060047
7994181
6573271
1087949
4614099
7941653
8898847
183485111
2362353
2936841
4288411
3926653
127553
1933079
417033
6909327
8176517
7880293
8315501
2003063
6526843
1161921
4106033
4784949
7516239
2679517
453077
568763
9083393
2559739
9512993
9634121
5176691
5296819
7580981
5920723
1328547
135296081
161807343
7883971
6217681
8091123
4944991
8102941
7949487
6886577
3951903
191794049
4108841
4472861
8625821
460539
8941367
4103317
7877223
1574691
1803963
1452449
3036549
40559817
6191163
1630023
3403117
8708071
8553099
1951421
1578301
5123433
5340921
9656093
8834231
7419983
6215727
1009407
8833901
6223761
1396049
7166933
8565769
4879641
7988927
7222811
2513689
7320731
260721
6667317
7015877
4272551
7839979
380893
3489153
4283151
2706857
2964827
2216413
1990839
917111
1734519
6005881
4896247
6713169
2898309
9991999
6546759
6557079
6169791
5832737
3445277
159747
9778277
9959243
21793059
356327
383287
4266551
6373031
8900259
5280193
65799
3454859
1946021
148503
6128803
8657403
9176301
7508869
1463487
5718123
7087389
4112081
5893779
6212019
7563671
9405613
2061091
3116439
7865363
1180199
7581471
5401751
6349859
8764517
8633471
7171633
8818633
473019
9276101
415243
4508269
5079261
3103549
2371057
9500749
287619
86845463
8886471
8287597
7304331
7988473
3895323
9216523
7663021
4266539
5305911
115556393
4088529
6160073
8696849
4082337
6449401
9990191
1259121
5458339
5043147
149751743
1901191
1387641
6166029
6512917
2614431
5903497
4866591
5825969
9948137
7333699
196848029
5953333
5098171
6060519
4276013
8450547
6376233
8672569
3773199
3763961
9042321
7532093
8643349
1716749
8876647
3426693
2621423
3145673
8047669
8876489
5248753
2455191
3802009
5750033
4043679
33088739
8435707
2751943
176726477
4365869
7392437
8208341
4334027
87145877
2337237
59257349
9786841
1172921
3384219
614461
4030303
4090067
3162569
9407719
7624957
3578273
4795479
3395827
7921667
1823737
265509
9283779
3926499
9598483
2816581
248763
9144411
2235787
4169797
77583643
6778637
4127857
6694041
4737093
3092303
9046499
5287619
2198301
2355869
1100603
614137
6852623
1609999
1547801
2020103
146096363
5823537
1350299
2254951
8297503
6882929
4662967
2982617
7328869
8295527
7975441
111174459
7167693
8329659
2885293
4740281
8108851
7870541
5837421
1916717
9211253
9767081
6897589
5706701
8629049
3409251
1037839
9584343
7923977
7403439
8079867
1519281
9802901
1915069
3765417
8314697
5327757
348509
1276839
9060939
245481
47283
8528143
8091843
9810091
9947019
8494333
5178527
5548059
3699981
1153767
38541619
5713313
7099751
7541561
5844397
6326623
3466979
9850169
5928113
2979671
82391251
6292231
7171707
215183
3487699
4786399
9871001
8937597
158036657
4035167
1011061
3849789
1622139
7701923
818743
1302619
6398287
6011587
2723439
8637421
9979771
7355829
1574561
