4082813
95199
6923823
4178133
9988033
8704589
3787279
3738301
8891953
6184611
3474517
4846673
391281
9663933
8757539
2869933
5283189
4831089
8137057
9363951
6302203
1626773
4100799
73060867
1249001
4950531
9275271
3142379
1220257
4818251
2020799
4277173
3570321
1946763
59421
5311591
7291741
9735213
7016891
6636307
3636807
9889157
4646767
67658163
8926001
4705513
2444333
4246091
3033937
5804153
6241331
7019357
2549203
6841691
4558719
1466463
9854703
1458247
2682337
9334833
3584513
2359027
4072801
1718017
9119443
8645583
2285047
9878021
5546113
7474019
46258989
491053
6239123
7721577
9720739
9594667
346827
6568679
7729969
8659147
1225959
3476309
6785223
2591449
3616593
1734183
6482817
1845151
337063
6404297
4325633
138952773
128479489
559549
4207997
3675667
7311539
228209
2685169
641139
139760863
5195733
1380633
3719837
6320241
3530303
3974379
3897799
1684981
6120413
2227639
9556373
117963981
7361723
2776469
3575951
7508139
1957631
5954533
390791
6179799
2490043
7972323
1724009
7000007
1507297
8134491
7372099
7657069
6259403
5672791
5377269
5741151
5897549
66251207
5290889
4419343
3704241
3955807
3624743
2863359
8047871
8319329
334059
1019887
7607551
761171
2538267
5211293
156270179
8479213
195912357
688107
8024461
4689443
3734013
9074023
5867181
6337501
1916867
9303349
4933819
2394749
6573759
3559979
4738481
501863
9674743
6831973
7891159
9003191
9402061
2042931
3589203
8573139
3337191
6521769
49119
51646129
1799161
5089
2106387
7689379
9886547
9396069
7585391
700663
1497887
9003729
1419169
2943451
1512251
6688753
9440897
6489573
5220969
4713963
1950999
9325639
4366133
848297
1349013
187964489
3872473
1127089
6030047
4037131
1343403
6524133
4951799
2482587
2953019
6279473
2355359
7197467
2720067
3432093
1925231
8653289
1623171
5422463
1439659
308017
124087
4486283
4705731
3248011
1908941
2565539
3486237
2878109
69736681
3978103
3690903
6205413
9152023
7006299
375451
302021
111231511
2676927
4997461
4974193
3672739
1899537
8803143
1851867
7656547
6501113
4825823
7312937
8307489
5792963
658423
673217
1102481
228939
8912007
3124363
7631263
9230433
5676821
7770279
7641863
3850641
9925189
3942477
8706553
6267309
8480827
9610013
1628747
8729769
9411571
4385581
89859069
2623431
2636233
1288387
503653
104389881
9070841
3598097
8747603
5938677
4725663
773439
4450049
7133049
1695401
3820227
1992397
198406423
5160021
689413
2024369
3088429
486719
6967351
9008023
6812729
7188987
9469031
6000797
8557133
5318183
8020153
8631413
7328137
4835141
8268991
8595511
4443211
7728853
1327009
113717
659259
6706019
7839459
4555373
6124631
1315253
3201899
3511451
9299829
7812393
25085361
98438009
2261209
8518997
1385171
8317899
4408941
1004041
585211
2424239
8769357
1563913
3838131
8207769
8051697
5678367
2259733
5653671
4386921
1674389
1098429
7408009
1309999
7880449
242291
2800139
4419653
6115469
6424857
4238131
105389287
2817603
686401
9384033
6732553
8969511
7709989
619573
111978997
6856807
5624679
7846343
3502383
4692587
6323721
134713721
3400577
828353
8783189
3203349
9077921
8823131
5184417
5991049
9101489
8144697
7296543
3458887
5007623
2912967
6634791
3984731
9456883
6966701
5626563
167117
6440799
4703223
4708369
133203
9754119
1917193
870209
3661869
8418901
2316767
7614637
9247181
8969311
5591901
14703203
8058911
148991403
4641661
5414293
184387
80576903
7762297
9404723
4207483
3240381
2480929
6778833
2583629
3379171
654521
2837939
9640323
1788757
4175843
529573
2891901
8400377
2843913
2400347
9910167
2394593
5959927
6824559
6199807
2500309
35921403
140193
4993201
9980729
111579
1467727
2894433
448609
939389
4157069
335073
929341
481451
125619693
5113997
8802221
118932443
9697353
9857713
8632547
6102781
8033909
1765663
2139387
2651287
849777
5203143
10172757
8833087
8458299
6456653
1708051
4747369
141099
6330403
6022653
5749639
7730709
9703741
3550063
2467783
5691519
4962009
90220743
1088991
3387183
3303
1349903
8127173
100989
5236939
3829599
5822021
1528523
6639819
6180823
4918181
5028897
1768027
7335211
7485859
4991677
5908493
5969757
1455747
861201
7051791
109468487
5285727
2967857
1809011
328753
2023171
4854369
8816161
6419893
9921953
7565981
2873629
5888019
1863431
1873101
3234239
2857217
9838989
8589159
1588801
9325787
7953491
456669
3057703
2995797
8930713
758519
6152479
2943791
8797873
7939701
9875429
649871
1127389
7406249
9520463
1758067
5681887
8002003
1008543
4491
3899617
4091477
8177739
6711591
2713887
114963843
2689689
30999049
6204553
4094661
86443
35099
1050553
670781
8347937
2952867
6011707
7150163
3037131
4924199
438877
3281999
6046797
1152919
8751693
6658501
3339373
197004803
9467847
2087773
2157699
1450003
5692397
9224891
1717979
3360321
2307941
5819003
9286639
9630503
2224169
732093
4697249
66839951
5650413
8973067
679753
8594577
4348621
9574721
7333979
2353503
2547247
2754493
1810519
319463
1764991
6690101
5591753
5715673
2805841
6462841
5977101
5876271
1994529
6196419
2627753
7968959
4452389
8781853
5620211
424373
1027729
1715473
9286473
307041
9496879
6193687
3730269
6186717
3073769
2551787
52660351
2977969
4478127
6411201
8844427
3261597
7753637
9397121
6551373
7112133
9145481
9473167
9372481
1312983
9098577
7253399
4683877
1900547
9052533
1401789
7060021
6299867
1455669
171745611
7781
8351661
77213
6699007
4545769
1439239
553897
9100773
9012889
2752007
4300769
6205143
9852689
5390719
3475823
3102897
22865837
2368041
6982973
9141457
9676593
9802569
693399
14815051
7767709
2420389
9233421
8981869
2078741
5840013
3043613
537743
159771
3865069
8647057
1878327
5089313
7117723
49489241
7419871
2489947
894011
2301459
94119
6373649
6125463
8619659
4178869
8600093
9441831
9013167
3594547
8711677
2065687
1759699
9021427
5757047
8363047
8530591
6884239
9633219
877277
1227869
6602751
3648327
9020029
9771159
8577639
5341583
1022517
9676723
9188861
515257
3284999
2033897
7468789
7793819
349827
1200499
2963889
2675439
7768713
2808887
543693
4998197
1007373
3525401
9353969
9678801
2044609
5896679
4667687
158000487
731977
4353557
6384211
5726661
8440827
9102227
3254299
7453899
3646967
8236611
6759537
2305341
8505729
703129
197617017
7425387
2147969
7826067
7001063
917913
4867423
8783463
1559523
1944571
6653351
4319293
6794423
6222669
206009
5839049
2249041
8265389
921899
