5779359
3973017
1127119
2682249
2209543
7806263
4314279
9351751
7988781
5629147
8840161
5709231
9792837
5947341
1853351
5818829
9382497
8002967
432031
7286159
9484527
9534789
1052501
7637301
1148091
9212577
1584769
2727609
1563961
1667083
3791753
20429137
7822797
354339
8850383
3410149
2840911
9041639
5597277
5564283
4692373
208653
2683281
4333853
570311
3046833
4250133
5659243
9891451
2338059
3012387
881107
5453833
9829803
39325021
1876047
1502007
6882047
3328571
2202039
1505423
5326599
3231873
9313149
5403889
6307651
7817519
3945901
3829059
8797651
4350097
4087999
9636213
3055787
2419697
9491887
5438557
1201817
257871
9132687
4759541
4860709
9276669
4022221
3388971
5221381
6691379
4996509
9959107
6577883
7600377
24323
6769211
6347213
3040749
3848599
8797903
3513921
7632471
9769357
927087
5901
3070667
1740199
9745079
7253863
7975703
4565383
5505541
9610839
2326097
9490391
2444041
1299377
829477
3460077
2590561
1898939
3602947
8848003
9557
8447897
7961863
1598767
5598293
2773707
5000383
6486991
6355863
6021963
173567
6517179
409317
9066993
8817133
8284027
9411401
1578527
7660139
7817951
626243
9387257
1337999
4310849
6489697
9980717
8299971
3722251
3532569
4095623
9582001
9037047
322521
105626133
1260601
5501287
1181557
5546123
2973397
2052267
4460619
8816003
8094689
1124741
6856301
1172261
5997181
4287827
958713
7052951
5116117
2744049
9737917
9013939
8006841
5138607
2124967
2555893
1444947
6309447
1043083
2796701
651117
2186693
3801739
1409013
4866973
592453
7471819
9340039
5736809
8503943
2069681
5183301
7429367
9054329
4169567
285139
4243563
5675507
5674669
475839
5398097
9274929
1868037
8365273
9420737
6528163
1294547
9354027
2448997
176714369
253621
5400379
1232869
8259441
69801377
4639499
559697
1902343
5115133
5472551
4479041
3906521
8271689
4931821
3275951
7180983
126149641
7540753
1329559
7927541
6286309
7806177
7005151
3310869
7469287
9974149
2598991
6678409
2681003
219883
9102121
698513
6251821
2077791
6477757
1385509
125403067
2845543
4926443
3795179
9662531
2244099
8270353
9119483
7237867
9286827
1628429
7598319
4926769
5655651
7055963
5205207
7838681
4472673
1306683
5876959
6229473
5597037
5506431
722373
7301323
7592979
9132021
8893153
8451691
3268829
3783031
9381049
7073541
4037279
8981159
8372731
2063271
7804483
8862057
7550707
3896759
8096363
41568273
579473
1108349
9937007
3077029
3592113
2112051
1638279
7288547
7113817
7922241
4263797
9815981
950299
8760883
1217827
3730843
3311217
7393619
199150519
5532207
8239229
2898321
3216159
9884093
8619309
8148051
2478009
7676887
4645069
2437293
456161
8824767
4949513
6239741
8304133
4070539
8552883
1706163
7427509
8267311
1982443
7882617
4011203
891803
1182731
9682431
1096591
121539
26283
161689
9327097
5824699
6736159
5755329
2845369
6764653
2864689
20070839
6352679
1187563
8997229
9925489
7470003
4032001
45151
702511
2451311
4146433
5929621
8108969
6816583
1471901
3984903
8797097
1791729
8859131
3549383
2760229
5574679
2258199
6524541
7132201
3046931
1468839
2521293
931089
5659813
2402883
3517417
7301259
1155397
90417
5313411
1541413
5419963
9103389
7689169
4624307
7133627
1117103
5931619
9657499
25421
5145139
6184599
4895827
2091997
3167497
6900431
6209529
2545617
9788017
99386243
6260369
7197049
8725309
4949143
3092723
1551973
7271111
3507599
8858841
491583
7492593
8064877
8828029
5207083
2938809
229371
3904007
1696781
9970441
5764959
8738527
32271
3082581
9635479
8340947
487001
3790591
3105803
2126337
989673
4913181
8468343
707007
5376763
6360241
4317499
9607901
8728013
5525623
7707553
171353
1469791
6476041
332277
4754879
3474769
3267651
16934613
951979
6001723
5051179
770597
537221
130605743
9080791
8679923
4259251
6781219
8620031
13202237
1340673
6035607
4949919
4350973
6293493
8648687
6253981
3870401
808111
1038687
9636523
4556067
5826479
738003
2637449
3587781
16945711
2270883
8818729
137226317
3946719
8595487
637823
758201
2924019
9096863
9326399
9677123
1627159
7148883
8931163
3883757
59964211
7357601
2921279
3393177
1473619
5567919
7748039
4166099
7123191
4789483
3209561
7125053
8550691
937863
9468027
5672817
4026591
5824759
7471671
1104589
6092941
69848621
3968123
2609971
9834461
49719
313
3040721
152321
9626017
4782407
7110393
8860411
4564007
63891609
7240347
1293139
5084049
2748337
6422071
2788487
2274847
1269833
7862373
7436407
4986079
393821
2433327
2959307
2987499
9006761
5680731
2618369
2077553
7966201
7259473
8535701
2543889
3833791
7078293
6346027
8425901
8183169
1664619
580837
6262899
9860421
2979947
2331571
2258883
6816401
572437
1403679
5640079
5400481
4068057
6313049
3370707
2965343
2981077
3520509
114861253
468179
8432529
7927963
5249501
9088043
8944079
1830407
928383
1026137
9307927
9455649
4930301
7624099
2093163
9346989
194012347
6334219
98917
2918881
4069241
8383467
9842817
1875513
2667387
1467289
9393061
3753111
6274821
4461033
9446037
2736747
4135327
9705031
4690533
5473541
257163
5394171
1805867
1689267
5354673
96382111
8206643
2357411
2088457
4871379
1867019
3380043
9275109
602171
1648821
1642779
4809189
5809647
835231
198049903
2961673
7550757
2970171
5733347
7045039
8675597
825883
2612111
2152651
5421107
5973711
2852669
9419313
296261
9703407
6695561
7173947
7030189
5863979
6315839
8551279
3484017
2067437
3240571
5365277
7018643
1311611
6880091
5806139
8745043
3118817
4358849
5844531
6397353
7085817
5862399
9859977
232577
4861287
122477
2354889
3483173
438589
2239587
7280699
2008661
930789
25222721
4295373
8148533
2213161
2952769
8365431
4980151
3836491
1287291
9517903
9742113
5409381
9094533
7756129
119568291
6886673
5488883
9929827
4942041
330471
1000753
5192431
3077919
2605231
3342041
8992441
8175639
7059267
3220557
5039471
2201291
7420173
7418739
3237659
2907119
5355489
629999
6131183
3918127
1358557
247377
1582317
5992379
3887999
1743079
2081019
3328693
577767
5008669
9400581
288751
8128893
4963759
6690409
7086181
5721567
3652953
2560573
8008673
8397621
306737
6407001
71507503
4493109
8770983
5233353
5326159
272371
1901487
6526697
247787
527877
2585443
8500121
2836227
105212427
4475021
41692741
5561729
934807
9278587
2294551
6874799
5278047
5595171
4289859
9787389
75904273
3291577
2343933
4099933
4995987
2236617
9312429
6311557
1112009
4688473
9424503
8852007
5614751
7544637
8459271
8770963
9670533
7609531
1339941
9209941
6023101
7174933
2500433
7773767
1997737
3874549
5003967
864211
9631513
8909053
4687453
2028453
176435491
9362177
3842117
686589
2156949
4045181
1583979
5942657
114233907
9632753
9914741
2757971
6603043
902029
6066589
