1025619
2598689
8948253
1907419
2553289
1483801
4215401
3288917
8802209
6479629
6957343
1929047
1767001
8727869
4665861
6129239
1475091
7361957
2533853
1481339
9273693
2004611
6318737
4756143
9149309
8024833
5030347
3010863
2346427
9894149
7102561
146527
5378133
5461681
7373599
4834501
4098803
9760501
7166393
4480101
7690649
3429291
2973647
9315679
1457251
9942877
6035141
8851691
8548487
8332097
418619
5186757
8070357
5826609
5001957
2802853
3647299
5703453
8233327
2291523
5265953
781667
8657559
7833593
984583
7911537
5353633
7978489
5612323
8101549
9597877
7064671
6340683
6635987
907831
3287023
6891747
3205173
6205643
5259937
5479373
7929271
2984447
5212103
4646459
36246929
4862263
843213
2537977
28349973
7954533
2408747
2651011
7707499
1596207
1642657
6682421
3829023
3802137
2788567
7639417
151661
4097197
9286637
9200809
179851737
9267139
613749
3053563
6948157
1066319
4174323
1786073
117660393
1584319
8568333
6972861
6443623
6458383
3920757
8383963
8622619
895963
7840897
4177589
6857827
3076533
9798579
7483817
3516833
4065797
2586317
1856491
9584669
2156157
4491863
9831
2166309
3797059
3849677
8834839
184363469
4104987
795983
1634627
5562959
1393759
2277037
7945003
8878467
9956997
123721687
1344027
3150461
2990823
895601
4350833
7511607
22513
2060933
2455953
81946217
544723
820059
5991513
4855269
7634477
8878739
7539467
3682851
7429427
204287
6962607
5152839
1710307
2815677
9462797
441569
7414541
4692731
7833469
541701
6136197
4408171
897389
2551327
6645509
6508367
6813827
6944887
4523589
2134499
4197251
77257
2688039
2385341
1444557
5896429
1793699
1391099
6579973
9683681
9708057
3129327
9089463
2921919
8020887
6708037
8825499
6588443
2474249
5268283
4319077
8299963
3258259
34052311
2510669
57042927
9418547
7521833
416483
5939521
2009649
1571667
2396153
9045063
7945533
3443653
4520317
4167213
151725551
3053387
8528983
1388477
1707807
5203389
4803819
5750179
6294421
5399323
3939279
6312469
3179779
5365877
1319741
6275787
3547883
9841521
8980991
5267693
9056239
9382391
9015209
9574543
143234361
7497433
3810007
2954709
7949671
3075881
6478411
9077693
2198739
5593831
5994467
7458951
8237653
2393011
24771327
4738341
2791951
6561071
1353849
68813
8211861
8398661
9621577
7316733
6498701
796057
3642961
2417303
5362401
8147677
1899611
4166401
5696543
5373631
3492511
31399483
3119999
6236023
6161811
7205071
9964141
4795139
2784037
4183271
8489881
1386069
6270651
5433143
1643487
1060119
5685857
491111
6192527
8460699
6671489
9954611
5578029
2946449
8603607
1744743
5851911
35929
4602819
8135469
5409223
534751
6412397
8302247
7320077
5195663
4233611
1308351
8039301
1763519
8520533
1457267
9130033
1685731
1024427
4420417
85627
2351867
2695461
6447047
210087
3342101
901243
59535459
3839913
1056483
9942353
2174927
7583861
8021307
3983207
3005483
6793501
5911899
9067257
8261091
8426491
7679761
697677
6040447
153990689
29593
1699631
6064719
5799311
113917017
9235239
449373
5930511
3732749
1382923
5204699
5821947
8444737
7631713
1441129
275507
7515947
3308343
6911927
1184041
1358507
1680057
1581587
1201691
915581
9981859
7788533
1333067
5718803
2042337
6823491
6317511
8645429
979673
9864321
8554849
9194997
1825941
6157593
5832061
4933517
4230863
9168861
8903007
7106293
3931251
1578213
2331531
3931127
4009717
5265177
3981589
3064179
7938937
2516637
9728219
9193781
2179659
508393
2291149
3095847
8671573
6948463
2736533
1745117
17267007
6592013
8468473
1747707
4636439
4915803
173248691
9602639
9492801
2750927
9995601
3572849
3421667
7758277
5191159
4037931
4632039
607123
6821543
7587413
4030421
4400487
1868833
8473209
5891907
8521959
3595881
9473597
7669599
4492559
8195899
6053163
4199607
1841537
62811479
8413593
2199997
1901213
7955947
8122561
2305967
187353
7864059
357271
9877981
7036381
7876521
8210837
2129211
3329039
9889461
6208799
5335433
8025533
195187
8471657
1492631
7759589
5916043
9759097
5772549
77660829
9250029
5778017
3096817
4358181
166667
8394861
1204083
409853
8763923
2718633
3472899
8498713
1192463
1232601
7137709
7925329
5805779
6813139
5511877
250237
1562927
2743351
2174269
7352977
1787671
800433
4735319
197668319
570677
9950241
1319893
9428437
6474951
6789321
126483
2653533
40919
4834507
8892633
831757
3413571
7192971
286623
165190929
7763389
555169
4502141
667583
142163287
78645791
9015209
6117691
5175509
3339439
4759821
4123169
6555129
3969441
3195941
76481279
6514933
1298691
4616591
6196063
5377991
9921353
9381719
8123473
4028199
4696747
8701603
6947671
8863027
3398781
9304693
4119551
1576723
7929173
6852863
154747
9394731
6877433
3703661
2090121
8924933
251151
6814679
8039099
3709869
2755381
1410231
3895581
4505131
9137967
4490013
3285837
8311351
6105433
6263941
7777023
6275659
920847
1655173
1225677
3905007
1943317
6880667
5198583
2381091
147226557
3848979
3917723
5916901
5162329
14344243
4818331
1137529
4448461
5398419
2183159
1491693
108773837
816499
8576009
5384891
4362299
8919543
2641471
3519497
7444559
6524221
3140387
180309
4455513
1778729
193894007
2117291
5702637
6901667
9436621
5058407
1202731
2506447
7917167
6937221
2056641
4770489
144397
1112331
6720741
3091627
584013
183599
8762577
926439
6303511
3217891
1251881
4530459
2749847
440711
8577867
3940007
5244749
4266463
7733911
7110061
5563811
3021271
368521
7573681
426093
3078561
3318223
3764023
1608233
4466293
4959567
71969
9304281
3671221
7638787
696637
5147373
4071741
9896659
9482263
3595103
7369833
255633
7297003
5388479
7244153
4944921
6794033
4266077
9236873
2618801
1609551
5890853
4169149
3154229
4719649
6285733
4895789
1602951
4856169
9102929
659097
3882039
5855029
1771459
7063221
2597517
7306827
3404521
9210563
4773773
7078079
9789293
4201533
1878421
3626053
1690031
4007859
9085191
3747071
4970543
9423119
3896651
3409317
627383
6457509
1538211
8877253
7447323
6863679
4864711
4673951
4626181
8041261
36590633
2690963
9388409
3239479
9440533
4065221
30247
119076443
2933331
56694139
7233849
5778441
3407691
9473537
4081921
9229729
3899393
2499101
8394683
8144721
5145187
4762601
9301601
3046043
2643831
6598359
691751
2801813
5856681
7173393
7528117
1918691
8157739
6595477
2941409
9564483
1606353
7284207
3566073
5941933
5948669
4503881
1225907
8499221
1355317
1387919
4556187
5910161
7548277
9581103
9533921
2231189
5405739
9761091
4367263
8447099
4569673
5805979
64813
3312981
1457979
320903
5098763
3708739
8501043
5221703
