7705789
3978451
7733947
8519701
8581981
1561069
9478719
494751
2689569
6248091
1301863
7191833
3568499
4418503
192190783
2227931
6801623
5075719
1002141
1404059
4003559
2087107
1804463
4290033
6302613
2196081
3634147
9762831
4757333
3740301
481837
8773703
45723339
7506051
6637727
277933
1470461
1881903
161487027
851473
1487117
8572683
9082877
156385541
6996841
4241379
2304037
4569937
924687
9067691
7494939
5189147
147665729
7648539
197424637
4727349
6066447
9709389
892503
869373
6070953
5014361
6139013
6107109
5781893
5936843
2149299
9396243
7196791
2804021
7721521
4909331
9967743
862267
5691999
8321143
443643
9399787
2908681
8507719
9797147
440739
4279141
7917223
837469
5038089
133424891
3687179
5099597
4630569
2296253
6665973
1506531
3327941
3257301
6892099
9127101
5840723
528201
1627973
1533939
5524931
8353821
1354419
7003627
52973441
6638517
6743431
1067011
4995189
3318011
135589269
1783193
4519291
4661567
9351709
5172513
8562709
914849
4309
3090039
8407521
1122081
7699341
1555849
8290041
2266459
152374667
492847
7976901
8211091
6423299
4220907
5865751
1063911
141580703
7589001
9904481
5477019
9585007
5414187
3377289
7541259
8642693
6942331
4792901
9165363
3880177
2027661
2154581
9711369
1314659
9941289
887963
7690169
5726637
1772419
3262787
2546843
160144757
5697367
8502749
7457629
1828157
4470327
4500911
6745101
3942897
2397403
4041109
168399
689611
6808083
4618733
8966117
7097939
2187093
105196681
6331719
1159599
6687949
5528747
6797371
2029673
6955171
3515347
9080787
4661031
5717737
2948203
815699
7518839
9713309
4274941
8695541
4844449
2460387
1319893
7922369
6463799
7384497
7146747
4002367
935991
4125439
8856791
8979437
734277
441659
8315903
9204107
3221557
3724649
9450629
6550163
273903
56894263
8871791
4075693
4866341
9897489
6232283
8739001
7749717
7850867
9784509
8815299
2154757
62259877
6397731
5213023
2754453
1293669
2793761
2652851
1697601
1946631
8578001
8861119
5026369
709427
6248811
63042449
2808319
1350783
5145291
220963
5824537
4109793
4662021
7575151
173126363
4013219
3186289
7152247
727927
6492099
4729973
9276773
8548311
8859757
1207861
3028567
6453321
556417
1243283
1885217
40484541
14657
2686089
3626921
9791589
6964161
3291137
1598009
797757
1620673
5338397
7334907
129857389
4801737
190290813
6194857
7617397
7900733
141157
3364953
8222713
74340367
8218797
5674847
2760397
120655949
190889339
8524521
745033
9061947
1583741
7680377
3842509
2061641
2346579
6774557
2187727
5290479
1973399
858603
9530343
1210847
3721797
7976343
646297
9873787
4698631
3360233
927791
7128723
3578969
2087129
7795677
5071317
3912459
6740721
4830803
1831059
2233467
66370359
7052679
1930099
30459
9708411
834729
5079349
8796247
7731207
8840109
5422157
8206893
4418043
2658799
9499717
4808861
1134703
6309219
2572187
4841207
7553491
2418491
1365063
7615757
8152309
9228297
6029911
5103399
67707217
5850013
7565677
2811189
4783249
6113779
1689963
4331373
4253097
9334013
9589439
4652299
5036313
9690469
6953599
3933811
9173431
2758901
8446977
4689657
7926133
3328317
3190221
1206787
5077557
965469
8225499
9258023
3652927
5227587
133041
1174583
9820529
3842657
7825827
4041411
9569327
4529919
647267
3376443
3291419
9153913
2132269
8281487
7846317
166001899
467799
4767653
872627
298177
9371203
7571121
2807081
8725969
8686689
6281521
4772149
1651149
2830949
3363849
7319159
6648303
5698101
7792049
7878953
7536461
1397503
3032477
7500679
7277403
3456459
6179471
6296951
1827279
8548989
2823313
2010637
1859863
5821283
3389103
1737723
4626919
7461779
7758473
181879553
3142737
6424019
736733
1132523
5085633
6175251
8913919
4615423
8376541
3166289
1833153
6755791
5783101
6925627
4029187
1719761
5723251
784427
2837937
1262023
6984343
2016593
2636483
2927843
9803917
6634183
6072101
428119
1924083
1808671
8747291
114250141
9502487
9215473
9051081
8752141
5546201
8639523
4446787
7482213
394667
6424517
170799
6810717
4795477
3223759
7782787
6512543
1487263
6676831
522597
1466183
2211243
4674789
8990181
9411347
6650553
8651201
4941641
9128263
9429003
2920649
9652791
1423737
3065903
3300561
6607511
1638561
2682741
8057067
8655781
1671309
6798993
334347
2597467
7353891
5054711
8265941
7484631
376253
6415787
46829
683927
5564603
5043263
5492473
3067987
1276433
2703907
7644327
6695083
7348721
6177147
4572539
3637913
5128739
3840167
93687
1888101
7318619
3621457
6071869
2168803
3021559
9757119
8137451
4223089
4050851
4632559
1978133
8005281
7692017
6790941
5594411
5680313
2967007
5459343
2069833
3712793
9853647
2591021
8041337
4103359
7329153
404951
650119
5019063
2601013
4463257
5426577
8236751
5735747
1100559
5456691
9959337
66219
1074821
5635557
8692071
8499611
9693649
4012907
7634273
9745019
2142597
7850199
2428721
2582393
7409043
9937361
8026907
3333521
7448907
8859229
7730021
5610289
2160741
1407277
8478929
8378469
8789711
1708763
3881157
7102553
89605557
4640011
7119393
4089201
9045603
6218663
28373481
3819479
6832523
5402523
37879
1007089
9184583
8850463
4022803
1286363
8002507
6254749
9843141
6582779
9248309
7770649
382493
2648571
199265603
8863367
2385497
937999
962141
415573
9084753
5173419
1852019
9241201
9092519
4404649
124036791
2790007
6024703
7101967
38963867
7664227
28526387
9840077
9397099
4542461
5707213
6557833
7687157
7219383
179923297
5348889
2415471
5467237
5956507
2268599
4738041
1020857
516849
5220537
83851
1043717
8233357
1233347
4508433
999699
2084627
7262867
4323501
2442061
3371679
42572851
1784361
7655891
4391927
8672491
8930667
5823687
3426859
2879441
734173
7630911
9195351
1095743
14381863
1972209
7466529
9396781
184424897
7391067
6519481
2668343
426397
7814533
697713
7720367
6980949
2393019
76541
2884517
3724687
5310307
436129
8510761
6241309
5537373
1748363
9779139
7575377
125404417
3496131
8137849
1055751
8562919
7225557
5227539
4112279
4773631
940859
4226333
1040557
9034231
8939243
3402143
7903111
1735877
201533
6477641
570599
8375379
5453023
4435313
4565299
5587399
1237501
7549739
182544381
7531661
1525683
8222107
2830661
756679
904539
9033167
7660009
31181713
8443729
619141
1159043
2725681
9361469
1578333
6473063
2763159
8920307
8279143
692477
6932743
6120819
7509189
9002043
7126721
8946237
733819
1136723
1441793
8322873
7599169
6582617
1927343
4409233
6346923
6487159
1179061
90249791
9046067
8467173
1755777
669129
8682577
215757
4726419
4734993
734571
7016057
3813331
1555151
2342273
3193601
1040199
1890673
380127
9615233
8196741
6717269
3247859
9704163
3616253
4159607
6749753
3330361
2453439
1268967
8795029
8430921
2048659
2462701
2336513
9150401
179057879
1231431
6172681
5732441
6841921
6839423
5519343
9644787
7004589
8128303
3705869
6039159
5342043
649927
5224957
1328009
3408683
2515451
437919
7905723
5155443
5395253
1126489
3986859
6298581
3475671
4692167
3517799
4867087
2017317
432617
972681
9112487
43419
