4722509
3096711
4753817
6693859
1210389
9291973
4594331
4231973
3579557
9923693
4775847
5425621
3250647
4283331
9004883
3598859
6615491
877277
8686553
19541
3938081
7601069
6470611
7350447
3889843
7862523
3446749
2353529
9822669
8408701
6708457
5969547
1991821
3746681
7243707
7700657
5027469
3327009
5763213
208419
5436041
1637363
109749
7848113
6532127
8613143
9847553
9816579
6437783
6091569
4578207
5580157
5557521
9815167
7128187
4112423
1654923
1664759
4468013
967083
9753023
4615299
7346059
8764167
5746141
9988681
9259411
5113263
6272263
143077971
3982251
7019057
6244247
4899007
22737047
6335757
7673039
3857741
4390617
1155417
3903293
1172261
6393567
619709
2950087
8671297
2649891
5444519
2321857
1201283
6767127
2852151
8230659
9786789
7588141
1983901
3290577
5522357
5881091
6186831
3813677
1331471
144643
8172687
548987
8425481
66728417
3047817
7712271
6114937
9830507
6512157
423101
8311061
1315889
2434717
1950231
3694883
195426307
7879087
3733689
4628633
2841689
2440387
7874063
5992441
3590979
2492651
9849701
1204861
1917423
4170053
7298393
1332861
166287
1009773
6216963
9075609
6110183
8798523
3228371
105260671
697759
7836117
9313803
4760467
1827621
159747939
2811543
3121419
820903
2168371
5248929
6139323
3798251
6443657
9825193
2757223
7974691
6802809
4342181
19333483
7329053
5074127
4207439
2080477
6654043
429031
5059231
6660179
633963
3753621
6358689
5209051
3231597
634467
9751873
9507757
293431
6002739
8965179
1225799
4266383
788967
1854069
9065801
114178063
3300767
6421261
9725239
9269543
2073159
5072999
2621023
5481587
7474439
5690803
7069391
4329429
8607357
1734823
3689131
2611071
808137
8023411
5007711
6596143
5057833
8725089
4935153
3680001
5676671
6438617
3406169
1590943
3308749
807929
4241869
66871
1726879
3729151
7008799
51949709
7165603
209933
8168759
7436681
310031
7747091
8469451
1222359
5147577
6087953
4625279
34399129
163462009
1404247
5990649
2783247
2633021
7995623
3336813
3251561
1906157
3708021
8880233
1938141
979537
8248567
2096071
9811761
9333769
51337781
5820141
4897623
572291
1699287
7839921
175060731
3511361
9718841
3867991
3232641
70066497
3947733
184119407
9720491
3112171
179535893
6167519
5697551
5569571
897093
3006869
2702481
2065707
7490877
9811007
9300581
1209897
3747943
2435323
547129
3145197
9983543
9533243
9677779
4602323
7256271
9966867
7994179
7946671
7051767
691471
3002703
7991513
3278821
4384273
1904351
165694119
3554599
8166271
2201793
4426699
7958249
8084439
6607233
7909309
1412621
3224807
9328013
9045207
90933833
5759947
7087931
8373927
1139883
7990277
5900729
9059887
152893407
9984233
555783
2697643
4027679
8893731
82790527
4417013
6500093
883687
5979869
2753269
440321
1350843
9261873
9913913
7522857
1285713
3292183
1474209
6344283
522583
3360769
1854373
2804799
5626849
902289
4261263
2077983
457287
5971127
9419929
6223591
1010879
7164303
1999181
414087
41673
4184193
2159129
7355757
5455263
408369
37054051
7940147
9061517
9640197
143255859
3943139
5800483
2514189
466317
7049471
9059641
4852063
9716971
5168751
111281111
1855639
6992589
5084857
6638259
1552891
2242869
2297567
2665827
3346959
876417
1493139
4480101
5488767
95615433
7045191
440273
2855841
29813
5645177
2416879
2352317
186383377
3800079
4927787
9485739
2704119
3156323
8008877
6099513
7003937
9386529
4809853
286283
7417019
1253229
5447277
86651927
8846413
6358241
7887661
3423797
613929
182823
3395019
9746781
885421
123693
135679
2913117
7373379
7326131
2807647
7642043
669943
127230383
2187209
7312663
185825921
3034677
9227211
8765407
805221
8232511
9570511
9526673
9401583
346841
6606203
5573001
7462439
7819801
5061063
3748203
132751213
7092687
8300557
720827
9720767
8480241
5660251
3932671
9450997
1501151
138530283
7483447
8128521
5788221
2141551
9455003
8841111
3216621
5593407
1042601
6026073
1811489
1459293
7159843
1257199
9746239
33311963
6681057
61689
6351191
2413759
8979293
9351011
5155113
373369
2589989
7764101
2194459
9096743
6855357
1968869
9929249
4445373
140149
8175347
6203233
2147739
9693139
2987513
1920477
619757
6536749
768771
1716107
1012529
8087189
4980193
5348119
2853011
7314757
8870053
3507091
5624787
2797063
2421103
6515961
4532823
8374981
2155983
3918117
3082341
5765383
8864429
7859213
7704921
6169857
5139591
192900981
6856077
8986527
861801
6689497
2978789
4058929
8223561
6216113
7548399
9402883
135398463
5141019
7497979
6620881
4193619
4263817
818993
1702627
5418387
7059313
4242271
6973787
6948631
1181737
8460247
5099611
2456381
1035381
7794009
1433287
4059873
116923479
3974531
6259791
1391263
5226647
3444629
4753373
7084463
3415889
8447361
7712571
9977207
1639077
3291443
1889511
8224899
70442297
402927
9410381
1038569
2956087
8583887
3642259
6573177
4160579
1727807
7705503
9531939
6022523
1719631
1916817
2976383
1761679
7707157
7853273
7462269
6008177
1289801
2935341
9836309
6775653
3144663
1123681
8622249
1302453
1198937
8109657
7836331
3994117
9443159
1002427
6708351
2423799
1706861
8134989
4700183
4599001
4237183
7048177
8112649
9574367
8734351
6454839
1404413
6466137
577253
52683
249051
4354543
4840847
6660977
8062867
5565691
840561
2408277
4388683
27009
5027677
404473
4640611
188190699
1052413
4010249
6323263
8445089
1602231
9536557
4758091
5111179
6088637
9987521
997911
7116041
4304751
8648631
7357279
7851819
1627909
7900801
7236957
9980377
7215161
5091423
181381157
47016977
5617651
2935687
402259
2689121
1395651
39521
4447781
4384597
4700653
2521737
58259
5585687
8357353
1754071
1612717
5674061
33405659
2566491
4141509
5942547
2614507
8588189
1947083
6446797
8371363
6347971
5258381
4194847
172007
9405527
6550869
4597717
1118989
7731461
9375801
7875407
5082729
9951149
7690269
2649473
6987851
2201911
1795291
149109
7828663
4200351
8936163
8989793
9915849
9994481
6054611
5520843
3083479
1242123
8954181
5333377
4101669
2763753
735049
6769167
1527833
1351093
1780509
6883749
4452497
8002243
4357849
5191091
4820583
6325531
3646463
1705827
940113
5878999
732667
637191
7467311
8222897
4385949
1429313
163082781
8518057
7269181
7868161
6084637
6782307
3736167
8918689
58129627
7786619
8818881
8696999
5858067
6421453
70541587
1683589
763049
2766467
1393477
344223
1307423
8634891
3886261
3762169
6923559
3518031
3291253
9704699
756509
6311043
7216807
6075929
4994753
1595543
5303283
3737887
3211221
6304729
4805809
4696137
1104817
4562353
3906379
8630217
5879849
9451409
6402137
6709221
9692967
7814709
4892161
5146097
97247
4956381
4710663
