2171709
1364099
2736333
157998161
6513387
5491371
5097383
9962231
3483677
629481
6576303
3124259
8569759
827957
8310651
542859
7505419
2305493
1346569
477093
2270737
2773201
538497
8736377
3749669
1699079
8165637
5942423
548871
6751467
3228027
4992783
353777
1432377
1775497
4140371
1770119
262413
8155953
6729361
7384843
824077
8357779
888591
7602247
9919071
4711889
1319421
9469969
4435473
3043987
9909153
5622823
8554259
9068443
3632637
9359899
1644401
9555247
4434019
7053719
9676057
125773
7857403
5839799
1951531
5140523
120639
4707633
263859
2148669
6638049
8830217
2926819
4581553
4841251
130856833
8450853
8044993
533999
4612363
8985969
1762251
2492453
8106951
9467523
5197961
178827
5651357
4824183
6487361
8711759
2195861
6499429
1882731
8731457
4867973
5393613
3182303
1745223
1065459
8147829
4292701
6539931
929061
7803
6106797
6197107
6190121
73849
5133381
1370661
3227783
7628537
7124921
1417761
2526333
455787
7689033
377697
492791
9054207
322217
142741113
9154387
6684611
3710903
9854579
7843173
6848989
145194421
4763721
8154369
6966951
5648991
8906597
650569
5666167
2568603
100069
403629
9652091
2570489
3019283
6056761
6654057
9400767
637403
3500423
4209181
5734933
3368887
4349371
3237157
4178159
7880747
3014039
2489299
8474573
8171233
5006747
5669473
3859341
8647197
9232669
5511537
3306183
9924439
3553353
4125039
3903253
8274309
8113551
3661841
4851823
9681717
3072811
1664717
7494591
5485309
2599061
9677049
7490029
5775907
6367579
9495683
6313817
7563711
5568987
4777593
9079459
5947521
5350393
6013559
3371637
298091
404597
9254517
3752321
8967101
8484411
4061019
3685207
7109227
3951121
5276459
7057371
7804583
9697233
3721549
1702199
8917331
9749027
6090239
3143223
3064337
915559
8962383
9546827
5296553
7348739
186909
399109
1651627
1018197
9693949
1163363
4698533
987067
9408207
8477639
5330887
7265137
9743279
5730763
9253729
5159559
7261323
4971513
5254061
2643201
886871
994241
86146623
189605887
8644669
4196347
7528051
6506157
1591711
3246059
1218527
5300029
6923947
3645379
8173199
115213
6133221
1609393
4002133
7410657
9057549
7166937
8729563
6289363
196613
2867743
3801427
3834569
67624421
5572439
4924139
1107553
8406151
993247
5509873
9763317
7477417
5713867
4437283
8102417
8870669
155180889
1626339
1358259
5917599
4433143
5398931
7470337
2918359
162128241
1691657
4812759
1383931
6600967
5510897
8767051
1079659
1551791
4168097
53368181
6997009
2385469
4336043
757411
1877781
7506469
4816229
9401273
500219
7467909
7109593
8560677
6024227
2993949
1062399
4211091
6932853
8817017
8326041
476581
6822027
8296527
9396033
76071081
3914119
3814627
6630319
5042859
8533023
3286557
2989879
116391
9825961
4787999
3827977
397543
9902947
20248847
6270043
3718561
2231353
80145163
5191037
6643409
1328043
10628173
6131963
6342191
8957663
5991363
3389801
9321433
8759229
188060333
3788867
715929
7872853
4527407
4627483
8829349
5635113
7584301
6669317
4901711
9117731
6756209
1542617
8541269
7619891
2252207
8761173
6402463
9037291
2137441
843747
3359871
6864011
5171849
57015787
812161
753209
5426309
1439463
4309301
4779231
6419001
3795397
6959939
7243179
8782901
3299641
7461943
475721
267457
9935959
6960073
8275993
2017963
119658773
331679
180915113
9822897
4004533
2129591
188503
2616653
6850991
7370763
9960537
4333353
4347931
4746669
4749629
4004217
8636713
7912989
8443963
5046427
2260109
3172757
5673391
8944599
4652191
176187
1831969
7195041
1394257
875647
1000471
2519671
6328287
5848469
95389
7519143
2403793
7454487
4982941
7763503
5836261
70826593
9789113
9863171
1865097
6566541
592853
2362891
8870249
313047
9317729
7325397
7328049
7680289
5828471
8844857
77680023
2574079
9313209
3012537
260267
4343717
254367
6573913
2174501
2702661
4416219
7823677
52163
2826183
8682649
7254997
6371929
938359
2650417
5514089
4849437
5718627
8706643
4870491
69403
8260271
6214211
8324197
7016747
9482887
1427929
1722597
5274223
5795197
9928241
8218763
7071759
5191153
1195389
2788613
9713873
2875929
2116981
5061763
1217773
6301663
6675391
4403283
1699291
7715819
1362357
6643757
7506523
683583
6981021
9561857
1263737
6905851
9683791
9986619
9415173
647413
2546871
9945333
9198589
8354913
414811
4439847
3592593
1125427
1246393
6062739
9765077
4923981
6521339
314633
8015791
1729847
9325021
9382411
3433561
8637661
9719413
3572297
9997209
1256703
3149121
406567
5279607
7580999
2324347
6940619
6898661
9783831
726889
7160223
7888449
7359549
2869241
611567
9513581
7410439
9701643
1493891
7484279
7569511
7161081
586757
320199
1961543
928989
4278621
5387873
8179299
1579063
9989471
1319389
9230383
2018371
8607643
9254309
9686803
5232969
7554151
1873591
938329
4286707
9187173
1898329
9091223
672193
2567193
4215433
1594357
910343
5639507
4680657
1660343
461571
9788657
3492661
7840731
8206683
6213937
8082929
2239899
3399167
2142837
957517
6481981
6996557
5336213
5404121
4764689
5782891
9731469
3638741
3899543
9299569
3365377
4538497
4944627
1843577
8826907
8221847
2570671
1953267
3164753
6622939
4106437
9630127
9980869
5177273
4530967
8592753
9546689
6903077
3723901
3882991
6128213
6151877
1948057
4273093
567031
392031
328541
94235597
6803053
345499
2519103
3401403
3436011
9328387
5109509
5887723
3508317
1982103
1397949
7845173
4873147
2686239
5313563
7804311
6924493
290329
829153
4709537
444831
9479093
5731289
3537483
9694897
3687407
96291
7644243
5842147
8461727
8503341
1505877
276041
4836763
58405671
5485941
3832781
7675203
1196233
5937427
8229229
2019003
5551999
1630877
2760303
4484757
353123
992847
4013853
801161
8377203
4745791
9034403
2794257
5366221
4547241
4022227
3165903
1678247
4704127
7477959
837699
1437151
5994829
6080057
6910681
8368981
4689393
2666861
6823611
3087153
4642641
8538497
3731583
5017551
8096297
5137009
8945637
1719363
5817999
5535941
4131331
64866467
2498559
9425019
53684369
4371161
7884791
7472957
8714299
3624607
7823581
7827327
9247537
4189961
6229357
3192171
4911337
3797923
1975381
6847807
9779529
7350177
2261993
4070143
7954839
5168987
9775629
1189253
8855203
5264409
2645423
844079
8399977
1443997
3833537
8083891
735667
1956669
8228763
8536287
9298591
8220069
5012007
1676617
1748347
2967071
7073459
5468151
6744101
9349289
2132183
5446833
9634383
5441377
962743
4896373
8720211
5353893
6701363
3060571
6234157
9011157
9238051
6080877
7446421
9418281
4352701
3878549
7070641
6691383
8573633
8427283
97083649
5157487
7298557
9014379
9360391
9802841
713107
9630399
2035111
6125633
195801961
5087737
