2324059
975223
2005991
9769771
9107637
2398349
9921169
7390319
5255327
1992749
3686079
141109
916381
165922489
2904617
103243497
4097729
1594953
7441913
4927397
4108053
249009
8159929
9641979
1539197
735619
164025217
1504537
715637
6385669
8260927
7127651
881993
9933539
9182579
8547723
2055999
8742481
6240853
6372829
9378233
52577403
5270459
8830329
4630557
3261581
112335179
4370017
3035293
4499479
8251179
2604529
3256021
5938349
7359599
1049123
5957929
2652169
4018391
2416379
5123857
9098169
3108441
2231151
4837037
4314069
2980327
6677107
8865697
116049
6108359
6870617
5199909
5030697
6236367
6719371
9530159
27886763
4473361
8771709
2446351
6237181
648071
2188949
4057317
7210483
1771649
1709871
2233937
6545131
602869
4457661
7408019
5410703
9247899
5950917
8769651
1756709
7590479
5014879
4845809
4114107
9955103
9903531
6938501
2613759
2949613
5925477
4204763
1814073
8513063
6850403
9058337
4894357
966371
128245507
52800977
8653383
8954361
656197
2389051
3222037
6082253
5730903
5809481
1374757
9525053
5597327
6066293
3674553
5542721
5158621
5097987
1089917
395521
84077
7371769
8328361
3576889
7118049
7737891
6909353
7788757
1551453
5174269
7563617
181726893
6496897
905741
5593759
6093423
286677
184221
8033529
538177
5694919
7799683
7994743
8481059
6723081
8925751
1145003
9368643
3307609
1259721
8914691
4302883
5023809
9548747
3042853
7359629
8621129
2253137
7580071
6202151
796391
3354179
9966199
8116411
244629
190964571
1587373
3652907
3129937
5480631
5523177
3397173
972837
8122151
7155857
3364527
303133
4060723
9156103
3070819
8581867
2707953
9716501
8315719
6892943
6525627
5394633
8725763
5276571
1514813
9463809
4429323
8893153
6677597
29787
155424773
1079281
5810371
9384177
2876767
8271543
174171679
8006017
9265377
2501237
599551
8023363
1507699
7723287
2732869
8433761
5069799
7182689
5386547
2120233
9205163
7693029
1170901
6894187
647871
43140159
775577
5894297
6789451
5763177
48166833
187098493
1847951
2575709
9428369
6073719
8727737
4544337
9804059
5816513
3036907
2810447
7513753
5728833
8500901
261619
9170319
2112677
5906461
9303011
3217491
6627227
7729611
4270957
6971331
7479627
4402223
6516061
5459447
8132463
9804149
9180429
881679
2258289
7400633
5491869
856753
9154633
309813
68513411
8623881
8640019
186595607
7449671
9834201
8302591
9973919
2203751
108797
2256637
6578859
8529883
4785023
3945553
364907
8475279
1659747
9245397
7543537
7244351
112753767
5644087
7523789
4649981
3063463
4396827
3837637
6906097
3365369
9309777
3206619
5809877
6083917
6014729
8698937
2756709
3718717
2553
1504043
7668801
4280077
2906573
9382181
8908641
4822531
5632949
5758717
6710199
3720349
2466229
8424999
4561401
2443823
682161
6207989
4344411
6780309
4599491
9758631
7371153
8062873
5676273
8949037
5617547
9359451
2041161
127744083
3533957
129650191
5130641
143183559
5083497
9709171
4692113
2745481
6885707
6604547
2641091
2537929
5240889
1951549
786949
4200117
7934123
8246733
3410143
9305901
1602847
7509113
1471971
8077559
9346783
9633547
9901649
7804947
5900033
1292019
7616681
2675453
3900239
7661513
2839663
2226899
9121219
4384567
4316813
6041569
4650973
3888539
428629
6868303
3928431
2303437
2435073
1685559
9978913
7093637
5731277
6809747
150951
8302919
5642301
914863
5324707
6714441
3384333
8020567
4124241
5074557
6694551
307461
2759729
6326849
4293127
3303469
321187
9511609
213049
5959229
5379209
1573611
4473677
7783723
3341723
172744131
945939
5256663
42970589
5203559
69356233
5629577
8046483
1798649
5123281
8415249
4625937
5636253
3607433
818989
9667437
6637647
6518627
9266603
9737789
8655933
9499227
620191
6562397
8629217
5116889
1188069
695471
406231
32862917
7567901
5359027
7834177
3063791
6260529
1455999
3029031
2250383
2030751
7101631
48714269
109381
3925113
7615191
5737399
5650147
76712901
14341
49406911
4364401
5597203
9792311
1034643
7061801
8044697
9925147
2574573
8641829
9581143
8554857
7375749
3431393
7803169
8939659
6246579
5100101
7190581
4911129
7906839
3416039
6185519
3862211
7790889
3841187
6465293
1491517
4136821
4544809
9311807
3056403
35738507
5128781
8140473
8916023
3802671
5116387
2475101
4657209
4350743
1374037
3091583
8365049
6282773
1403503
7035829
6110843
7585667
887321
4384051
171469613
2598323
3708699
4170661
1220749
3893157
375209
8513529
1651679
2876549
5322019
3392283
9943731
2934359
8135829
7697181
3619981
6744619
2218459
9355327
2561847
7267
8367927
3131097
4429801
7278029
1791323
1470369
4491733
141049113
8476269
6310447
6086921
5301791
149619
353241
2185173
2640109
8845131
5512287
5355607
4601581
9878683
3088637
5722321
75047743
4959637
5354827
2833827
7534349
535667
7489997
7869469
3243727
2420571
4374657
1104209
8683601
1121463
2557809
3901353
8699539
6535157
3001371
4766771
2019397
724373
4813167
9250353
6385253
220189
2312077
8730239
1994233
6045963
6288587
1381033
4081649
7334429
9391969
3553931
2555507
9441151
8546211
5268617
1559923
8516777
6239423
9016439
9218171
981667
3847379
6811741
599669
1750361
4205441
4170161
181177083
4922933
7077963
3991397
8486223
7555427
8867349
9635351
5464257
72811853
9426403
1490439
3982989
39935289
3616819
2666353
2788867
5875199
9131843
9437411
8818791
8809989
2453101
2600107
6862471
4955211
4648237
4135909
4728167
3892173
2762121
6156753
8917043
7638651
2206453
4848123
2747199
3033427
9249529
3666141
6349013
9816921
6697747
6555153
8479261
4232879
5841397
8787771
4832593
2040981
459541
8322271
500511
6645501
7258081
8839009
297129
8308427
5922347
726183
5540381
8561479
2399367
1024001
5729039
7506029
1903391
1020327
10038153
8183901
603423
5126841
5873509
4401689
7939611
9416197
96631
8588599
8570429
5395107
1543743
3303277
3603659
7618853
2371751
5487429
6011981
5827829
5303721
20607
8629623
9494997
4166831
3215867
6777589
7030353
2490357
4610821
5622459
3880283
3536901
3331957
8038713
3967159
6745523
4765623
7694773
8108517
6216907
8685049
742809
9815079
6202863
7661471
5642359
9609951
7689937
653109
8684247
8300353
3107237
9029027
8647041
42559073
8384207
7753153
8974259
3885807
5281383
6586929
5020469
9175371
3834523
4800873
8341663
1013869
9224163
7073797
7872631
8083787
2647919
3969423
2581573
3872373
1024073
7019069
3572941
6068679
192121
9167647
5462689
4310611
7462349
3346843
7482101
8274317
39012489
3562513
7077157
2423553
5569349
3109647
4465349
3078103
865267
9893287
2689097
2251249
739237
