6310671
3215713
5225477
6201387
1550553
1254699
3645583
3555251
9315147
8411413
5850049
2160281
4833739
5608407
7641869
4750347
3764771
1568783
9378601
1166457
7309683
3753929
6092547
7238543
8996581
6242449
7470891
7043697
7702739
5115699
9631879
2109167
8518981
7125361
5554467
1315217
4712501
6527379
5292787
1680569
6608083
3120979
3607593
7505813
2969581
1435809
3476909
2947231
4084611
5164793
2839553
8256919
3342723
4883241
5939949
792907
6459227
4077961
2838701
5583929
8342851
5199531
1839463
9718811
876211
9462931
9153311
3521051
4838443
1217093
3147311
7531643
9728443
31874011
2125091
2300609
6074781
8184427
2046323
4159001
6156007
5905541
3748213
8502543
1680831
3073673
4875289
9902717
8644413
3509679
2163533
1454317
3236347
1228189
7378113
5974087
227293
8271407
2083027
996359
1303201
3944727
5104253
6491409
737139
7478401
8888957
7733647
1201613
7497739
7082517
5365631
8697073
8921613
9296817
3227069
5169643
300009
1940643
7857561
3729913
8557509
9526381
9596837
3482967
1918371
5313187
9262667
1560991
7021451
9357843
9156083
7921029
7072073
4935091
1852013
685887
7367013
6574507
6320829
1364849
8445011
1003183
1195829
1092947
2736907
2044809
7359131
3835103
5022591
4752741
3990483
333277
707541
5294349
9004957
4171999
7007513
7459587
4327697
8402657
5240299
1214481
5408211
9673547
9346651
2179179
168258177
2918921
5950359
7958881
9082113
6064599
5258783
9016423
1116887
7784717
6468809
4409963
9391369
47917
3785321
6101033
5396711
1730191
3799513
91414549
3638021
8093611
2357331
4409169
9415063
512311
5688143
6213757
5409669
1650439
8195183
6650787
452963
1736941
4618199
7292497
660183
8784173
8110411
7158993
738043
2857339
3661237
372987
684667
8547271
7738093
9275229
4137057
2446389
6417851
4841093
8499283
6097591
8588569
9494043
7170317
2749593
9404627
6645403
3622753
2957053
116678387
376261
6299511
510091
94233
6302767
9280233
3013501
5501659
9334153
4843937
2477597
8021289
1480021
9212271
1797959
1779127
327681
3511147
2595369
8375633
4041253
9232517
9357451
9627747
4788409
3087601
9052573
9233569
9441401
9381219
9889151
2722897
574513
9990491
2351189
8047781
9493991
7961013
9044711
4801933
9072593
6804541
1013817
485261
2069771
2300019
9354159
4486317
2932117
860081
3802033
8107529
5179599
3700061
2948541
8416343
3851567
7167149
6696127
7734419
8458551
588567
4462693
3867523
6918133
4099073
4339141
6242869
4549853
2395011
5559611
2935601
9837519
5125599
3151597
7057607
2173081
5964777
9918593
5296043
5190543
1045099
7561723
5329173
7551493
5077311
7387513
3250947
5822161
8211991
7960479
1251727
2246939
6345057
3577761
6773489
5411941
1167649
9838921
5474273
1819177
3702679
136389
3043927
1969383
1087799
7294759
5615619
8320159
295951
6010167
5623793
118184569
7317901
6007269
3747179
7275567
7525041
5703293
3123621
5645737
7771891
2423233
4606763
4126991
9790499
7361661
9811439
3073771
7868553
3078877
6845801
7250617
1702259
6851163
443117
2563461
107841607
9754649
4494971
6102517
4730163
9216879
203467
8203723
167206773
888671
1923153
9460873
1767157
3010899
9002569
359977
3801497
2346783
6904841
5025661
665953
3909979
5351723
4733727
1523983
8667761
7277569
360109
56897
1318601
1266011
5261973
3833411
8274539
5738319
2197941
3356611
4217763
802887
2499759
2809749
2514147
5787627
9354951
3668623
6098917
6739609
134882489
8039063
7596343
5724601
60068163
693407
1296073
1991639
9209671
309169
9119473
744129
7126663
179597001
84687143
2535307
2164781
3389579
9613521
3012841
4167063
6586001
3377959
9006847
1149013
7085029
5393991
4846821
5491017
776807
906111
6509957
3814409
7044507
5913489
8223953
8111139
256883
4986339
1665143
9894741
3650759
9403277
6812271
1024713
1859101
9918909
8477553
5597223
6352233
4142473
3617699
560867
196845441
7588817
4366593
9921461
6326549
7449771
573417
4139483
6737923
141987
4226257
2905609
7577719
7349843
4859333
1780669
3624191
3865321
8276953
2591369
9736667
6511733
133339
6322903
1425143
8782721
7495461
1726513
7815981
4806177
3293699
5391221
5615449
4068951
4053537
1067987
7996511
4983503
5543923
9580101
4277443
3460637
4228951
2141843
4025419
6870129
6209697
3386913
9833089
8287067
1619691
8692457
1126811
9768857
3644243
5006673
1393457
1808851
6768641
7814971
225393
7837017
2858951
1712893
4128453
524357
5764557
9586347
6689389
3512607
5393171
310959
2662021
3447451
1730691
5379241
5702929
2963059
5018109
9299189
9613879
2985119
2124431
5576117
9872403
92565491
3773929
8277693
6676679
161413
741549
7505113
2012837
8998861
247939
6587827
2778799
107278597
6833297
76459
5021643
6823113
4911683
280299
4153609
77784069
7089553
2456799
822409
7416023
8031691
1611471
239701
7100469
6135999
5580677
2779921
9655979
190780871
6776101
4555337
9939109
9402853
8701773
1129717
2660057
8475183
9228621
3531547
2491093
3903957
4212569
4263299
633053
9067103
9168629
6186013
4994291
36727
1451909
5737811
929139
8538467
3822323
9444381
7669569
2544983
1875571
1739023
9302341
5744703
1120973
1646207
5913169
8379391
4770013
8335389
1388483
2331787
1509889
29626269
4932749
2814513
8095781
9847237
9639591
9115807
8183349
137137497
9318781
5513953
8931699
1530801
4944873
2886073
539313
8583653
70739
77183331
5160593
3829481
4534001
7635611
6901901
3396429
9706001
7649531
8624599
8015119
9468921
7949797
7448119
5682803
2080849
1911751
3820903
4745167
6220493
5317097
5647089
6460623
4051091
6800119
7707477
4609509
1077799
4767283
8210543
4442443
9542757
5437947
941731
9162847
8330933
147141781
1740609
1925173
6441679
9031547
585953
1300091
4426827
101231027
7647021
94094349
8945547
7634271
9426463
9267009
63781
2343063
1062549
1332419
7933719
4814019
306763
7797283
3137447
1991269
4173513
2949247
1746489
175131433
8711663
7764157
2799179
1070333
7041951
532493
2647661
417379
4595751
770081
8385277
3503273
5760333
9965021
3644773
3671413
2431731
5479609
5908003
116555029
2599427
9310071
4502587
6857399
5042187
607753
7829273
2136989
1384441
8065797
1931759
2623573
9128283
6575639
6192693
2622439
354969
1574043
3474207
401873
4007261
8828393
3363687
4874219
56566483
91178733
2984661
1268469
136964917
5477739
2485657
4093867
5271379
4562771
82974433
237397
9780427
3754127
1156547
6489957
13739
1880013
1649739
2589779
6440937
8160139
8920419
8045089
1400581
170639663
