9849069
5174787
7400369
749293
3314613
1475531
8065131
6565899
1876843
8452403
1861329
9996647
6083811
7084467
8267849
9130639
6000879
9982843
8086297
3810899
6698959
6795273
4095373
7934727
8814401
1179261
847467
8478261
8167059
2670551
4309431
9111829
6084893
5699263
9780811
3691943
9378809
69089
8438731
1808981
9541783
7442213
2725373
4958407
4568143
7096101
8218553
9761243
8854409
493351
6719727
5961551
80487
1684883
3471617
4229641
2755379
6955109
6797719
585129
4365179
1835907
3737667
9282153
8246531
7283671
2051517
1977489
6239433
1549571
2505037
813263
8451247
1468169
5588837
1406483
4269063
5728141
5820981
1927537
3340683
9317289
5420497
1713961
6238921
4519831
4391613
5092793
9181163
6578869
5586753
2895291
6994243
841851
2129089
1063557
337781
5418817
6144209
555871
4515123
2249137
3307449
9867917
9557617
1597441
7407519
59241919
8349651
8319287
5519211
9788969
4924693
7969059
5365097
545067
4337401
3484233
7333683
6395423
3619297
2064651
7727699
140854041
8978867
4279699
6997557
3616557
330397
8045703
2366151
7437377
7476367
9829889
4622157
5540127
2396081
4269241
1805657
8671199
7544193
356899
5320883
2395627
1653321
1593313
2837491
748831
2083237
3132643
620673
2760101
9120323
5118513
3316857
9887627
1209723
8857697
2273431
704227
9935343
3710739
5757113
483281
3100753
2603233
7081437
789483
6570677
5479951
3026421
2465237
6786503
17124179
249599
9147637
6769249
23427921
4754087
4559353
3593659
8189443
9074471
1204903
66809279
5527073
15362767
2908123
5531191
4348153
4796507
8675323
1876721
649419
9299487
553501
6018199
5496931
6976883
8219569
2324557
1968199
5697323
3959981
9266277
5725821
4659099
1058111
9458039
847251
8436227
9216599
5846513
8788409
1885867
7888131
4986719
2728457
7306679
5227937
2647303
770609
2762871
6911831
8804287
9472903
611301
2836617
8908991
6611497
6593553
2412621
6097561
8993333
6881923
2635929
625453
613007
7515709
2433413
6062049
7605111
658311
4210213
4533451
9079537
4291963
7172219
1439799
3239037
702337
449779
2144637
2591657
1270307
7138531
9045371
9444447
4388247
666603
4017559
1507043
115891
7017709
2177593
5434983
1026461
2082141
439021
9931989
7996641
2825513
1415389
157742189
106239917
6165301
3842723
1872457
2283071
4387233
3918151
4029579
4433711
6695777
4147071
9769917
4874509
888557
3298281
39777
717899
1790247
9142161
6732081
9774357
1708601
5856631
7392949
4199409
442907
1764367
2309699
2251309
2758423
107646887
3984741
124740059
46426051
9476089
6418839
4325763
7354051
29793
9973133
8800287
4782047
950671
7820977
7804667
5484039
7849069
4396877
7306039
806087
8116929
2009879
7703503
4449697
182159887
183731
4323271
5472563
5596097
28363237
8874127
415857
6219679
9823107
5650987
563813
6343269
5557369
9396517
195638429
5777529
8672543
7300511
465123
4228741
6436903
7114057
9475811
7960841
2620399
889653
9984213
9054701
8870369
1347459
6756213
2336267
6729493
353521
1475113
402207
4145899
8037447
4356499
9293217
3443111
2307103
4148639
707287
38478331
894223
5213501
9645329
1818243
2446471
5305241
7537773
8316663
5434607
3224867
1638339
4661891
14047373
135079
6447581
5857453
9796319
4173927
5354101
3708187
5280187
1302267
6336547
121027
6521063
6132703
5880323
4708677
1333017
7590679
165119
1550771
7070937
7941657
3594559
8223709
3798699
515677
7737129
2501053
9720523
7188059
514097
9773541
8980981
1964999
6000941
9539079
4405527
8861681
8673679
729283
3574313
30301161
1670851
2172863
3296837
4931757
2953943
1463841
9256723
9418311
2850677
1039969
1164331
6496261
98587607
5672507
4690353
3371927
9212727
9780107
3442201
7333073
5329027
9682393
4388231
5001241
7188661
3707981
9988059
9674371
8137561
1722963
8959299
7863617
3595841
1497577
1308373
6321223
2048253
6692881
1672917
8280827
7146911
5867977
5425207
8839313
2720141
7879191
3126821
1492719
1309077
7950571
2158399
3122407
1655557
709739
3886951
3384793
169539919
90589
4877069
27153
7760387
5011289
3028653
5858099
9758903
3638151
6451941
9490509
7285403
7208533
30607269
8683913
2212071
3195637
6539307
9258173
2270279
5119631
7188467
3801699
9275971
8633441
1082327
4505101
1849533
1265091
6069837
4618447
7415883
4602987
1194057
8948777
4334331
1826011
8043491
9251703
2207051
2983701
7229451
6093099
7308589
3566577
2119003
6091529
340111
756463
3440517
4252677
5089441
5328867
9941187
2599549
712147
990883
1437657
6681873
2398281
4660609
2105301
2172511
6302661
9111199
4843797
7810609
3336227
5025523
979807
6479831
1308237
8497167
1985961
8334423
5516443
5992561
151463
1014077
2763093
3531869
5918807
172020553
2926923
3384299
6065049
9104757
4631153
1386967
154592411
8232577
4771267
9949471
6752777
8884981
4682941
4228343
3647111
5080413
73403
275031
8023669
7887053
3817889
5323401
4040319
4482949
3240433
8867631
2889837
9798901
1634587
3563659
4355471
826563
9198097
8478893
3001343
8878433
7758869
3016023
4149037
6509943
1157297
4834763
8385399
8004031
6122093
9054419
5409871
2502099
537157
2596487
1180287
1566927
3504653
7159401
7071103
157147
5804239
4004727
320949
3354067
9573199
8049579
5470229
5167721
5206183
5615431
8607111
4287539
5663117
6548929
2891013
6359031
6197087
2919477
2336953
29394043
6091269
3663899
7551541
1624639
212503
6435183
3938353
8502167
780493
3489343
3298369
8256541
2954721
2574373
9514563
6308861
4846433
6816341
5771719
6998349
7753671
2747691
1373519
8518149
442443
3595039
7851731
2134747
7107827
8211503
3984449
21519947
1491947
1022283
1461751
2216989
2974993
2559249
4609499
9944931
6320161
4000097
3178607
145861
7334269
6243723
6809387
4389391
6895943
7496329
6029883
8996491
7193509
7975871
7145333
7775843
8560093
867061
7575209
6218387
8153057
4301339
179863
1567997
9997813
2997329
3125699
9784069
7431431
917629
2172107
7056963
7856909
3357781
126654643
1247961
64280699
27573309
4361941
1980891
34193
2880593
165290223
8892897
1471279
4984449
9746401
8843139
6848991
4499471
5323103
1110921
1873497
3541879
1625553
6358257
8722867
923899
1605841
4922011
3071273
5474633
994823
9785787
8915587
9766233
5228543
7513921
3811629
3374739
4730253
3459011
4932369
8436519
4056369
5576739
188265659
1800933
2849401
4536881
4322271
6841797
5391491
5129399
7580753
8229039
8360461
788461
7049959
8329963
677019
310473
5927987
2235467
4917609
8708493
9732411
565513
2210953
9817193
3448723
338063
56217751
