664603
8571719
9902909
4699531
7057697
9931237
3541401
1065077
2986937
3619461
7819233
9187713
1661683
4676651
2447109
1719529
4428909
21990963
5597007
3224633
2124841
4888973
9531319
9082667
2631079
6398971
8023153
8359193
1800797
5213841
1921551
3516907
7739793
9702683
7935951
8306489
7212203
3062871
4489017
8044171
3771941
2546431
643421
5607423
5043049
2530801
6130451
4780543
6342431
1905263
5935869
1166361
5962833
640821
7555373
80114819
2113291
6354179
9645943
6998277
2484423
6970761
278501
1797961
5426879
7627259
44577
2098349
30073
1178937
6914127
2846673
8971111
6432797
2685771
909871
311381
6320377
7680013
9140807
3347467
3573307
6050553
324173
2179273
5313139
5238393
3450783
6092441
5218103
111411
1031903
748931
146247
1138843
3128923
3435661
4375377
9473643
764647
8636737
2051629
6878127
1301821
4953339
3777363
5223597
8189687
1844707
3803941
4226953
4426687
4123587
173203
8090213
8702643
773011
6009487
475857
8614193
7103521
572211
5817571
6372759
8753907
9086617
9692179
9037793
3873987
1099427
7207317
3832729
6704359
2117577
6536281
8009749
7610641
4992311
3672901
9030977
4489167
5880107
184929
198698971
9164957
5586699
285493
5578037
874833
9059557
4087093
6901853
1523863
2943363
2988973
3924267
2980353
8804261
5833639
2287517
7310343
938867
9503359
4389871
5546107
9290497
6906657
6876819
4102069
909161
6739533
1339453
2027469
4135997
5969073
1606881
5988333
4190013
1696641
1470931
5044883
5321133
2065187
3174967
634691
5189029
9168403
3731201
5198207
7707191
535761
6937473
1895251
7967999
1747313
1853719
545617
2351259
7743589
7130693
6221253
84733
9828567
7262161
9882581
1302809
7056547
8286353
1668369
6137739
7124273
1349097
891263
1129819
295723
4813433
2805099
3103331
2681877
104813
139691
4628853
1803661
2533171
8850481
3947773
8745903
2152327
3258221
8850709
3899241
9812621
9977527
2686639
6196671
8902947
7946281
8829913
4593959
8504723
3687339
9150493
1763111
3768753
65897799
8294451
7168929
5781743
8493687
6291827
2322637
7860227
1336443
864771
4416603
5506363
6781211
6991553
5749767
3041887
9813643
4044107
7933699
8398331
1136933
3984631
2455803
2970913
6687031
7747721
8710003
9194261
28782667
819033
5022301
3113577
1405553
2058441
18383363
1724743
7226573
9349293
4019001
425527
8551381
2610881
2702613
6089743
6824761
844501
4623657
2918569
9245037
2641391
4789407
2762413
9837621
8468883
131090479
6488089
6227881
589189
7105959
612359
1146869
5649219
9164413
1397671
6418893
631729
6260257
7728399
1135127
152663
165991619
3587837
7132947
9772379
4358537
7112027
8149957
7126751
897791
20891
5539857
8892541
3127071
4097231
92181469
6179633
7630337
9730537
7503471
194920581
1355887
4308349
7994913
5615931
9696659
8072919
2486751
6156227
12311
700259
2815567
8896307
2589991
3560069
1876967
8744339
3688823
4038829
2387761
5327047
9972151
3044011
186956341
3183513
4297529
4042437
3760631
3522293
629017
7014671
6608627
2683199
8739567
8832051
2275869
505823
169691429
1484283
8640487
3513441
2509879
5715077
4974771
2271961
2031083
6983901
1682483
4436213
5259661
8966227
3181377
4452021
59518117
5394661
4613459
183943783
9543783
1194747
5979303
146471293
7959069
6816731
2236099
3228549
5320099
4149581
2505671
4086517
9701889
5385019
7232769
7243259
3950519
3587609
802621
4876043
2033589
8220143
3055639
8858027
7272331
6668343
1529533
8518407
6690071
156542037
4328491
6303371
7112683
2383489
6053657
944231
9657291
7742599
5048623
3899279
7479161
1458767
4211559
3372511
2277593
4177181
4602181
8721013
3612297
5155793
20189
9077161
3871647
8044239
7333307
6856763
1656573
7578741
2966659
5824739
367257
1360521
7248181
5596739
3139351
5671237
2819501
3828907
2953747
8099907
2014999
4381141
718091
1965757
2878307
5411207
9040531
33778561
9999859
7021741
4231299
9720587
4838651
8270153
1596733
5304277
2976269
776431
5264127
552591
2440899
3452619
4936783
7401001
7208809
2029183
5614639
1600259
7880977
3288793
6416801
189980207
9582761
3090879
1513267
4746517
2761587
6794857
1852967
6004899
2090387
6322847
5935877
4634397
5468329
5185907
5285373
463549
6416513
3808203
3159473
4628893
2982949
2640053
6012333
7271109
3455693
8956917
3966919
5356451
6337089
6605381
7613243
3404399
3049447
6979913
3766563
9919353
2776893
7525511
1479493
3716539
2514039
4937073
4110537
1853631
3911767
3063489
4856409
3002987
8333767
8848841
5704731
8437311
5133223
6535299
2327747
6341779
7962643
5231369
1601871
7823177
1179901
3357599
3913271
4602867
7344313
4573123
9546257
45217
7079037
583131
9020339
457733
13899393
7601101
5522621
8888627
4171851
4231961
2180553
6999789
2643613
6436201
2023007
7613323
5706631
7886299
7792687
4292573
1672889
7014347
8592551
94559311
200447
20751901
5791081
1705599
9723359
2377121
3155747
1941919
4427831
88004969
7248953
3843133
2068001
1701987
4181141
4560269
172459
7685731
1561819
2911917
6109649
3939649
9177071
9739557
1578117
4174511
3882867
8727533
9580253
3080933
7736747
8744619
4554947
5412591
7050849
1788911
3893429
1623813
4862369
5948723
8145831
6334709
2116589
9230219
3262483
9992887
467267
7478403
8886389
9884337
9318403
5739623
9052171
6405901
8412361
5410539
9321983
9216473
2678703
860697
171401
6108567
4900607
5783543
3931471
1832501
5488919
4456399
156166909
1199039
3889779
192642177
7626599
8052593
6823129
2520299
8031807
2942549
6122409
8056911
8595363
8086013
6314759
2764013
1631941
1754793
6788161
1568781
1138203
7373833
7173897
7780223
5634761
1452647
6422341
467617
2015243
6213549
9431017
7601033
4249859
862199
4093697
8983271
6748719
1146033
2770181
2611933
2250621
4312629
5514767
1894453
61824227
7126941
1551479
8839309
6028239
2396347
1467773
4471537
831949
1424023
6755779
3801571
7341853
7863941
3939003
6287929
3544763
2396837
4550887
1845147
854373
482749
9204423
8234619
4260097
3896617
4505721
5639161
2875367
9419283
3412589
3168367
1905677
2373167
9731063
112286301
1009007
4563711
6298843
33407
1878853
726779
8697589
2404051
8748581
3212211
537301
7970519
9182263
1349249
3780901
7917869
8774289
8969271
4510771
92033
6144857
5948379
6225999
9189457
5783781
2115249
5705997
5115397
531449
1741
4095799
1178441
3615227
2056221
8466441
3571611
3015639
4887023
3293701
9107517
5651309
9411279
5997903
6298683
7801353
56231
2524043
7683697
7632509
8341493
2171493
737767
88491
9727437
51140931
6774799
44799709
8485223
1484003
7057709
486251
8671557
199662107
8048019
3720537
2088627
7911411
6447201
6681937
7541337
604489
7060353
3058587
9497687
9736741
8157297
6083701
20693267
52240633
70519131
6345967
856189
1503223
417537
9520573
6315617
1688259
149746323
17119
4625781
195291
8190319
3126839
8574233
9495703
4292407
2458303
1051477
3081097
8607873
8617057
7873327
