7353779
4083437
7324481
7805731
6354101
1799749
5822951
2289407
3139393
1305707
658867
2644149
4317721
7385667
6140759
4165577
7618987
6165423
1919551
9365857
8147087
9303677
6335419
3870729
20556899
8541659
1307947
4810749
3723367
1447043
9920433
4989077
1019387
8235849
3071731
8124263
205369
8519671
2169081
9825801
3939201
6432893
2045681
6514971
5101551
8030543
2768063
6751213
9609647
146603823
1335577
41828731
8302681
2163147
4406201
6545407
121914901
6222271
4119659
6368951
447009
9672717
9282211
790533
3224043
5429893
7560761
3657733
9458737
7207643
5075309
8271403
3357153
8906193
9848879
1234711
5542763
4562163
6909631
67646199
9107913
8142857
99107851
8670647
6075463
1347203
9005811
854237
319181
656189
1584031
271071
8349733
9804703
6618457
9381909
1366933
2760917
997121
6630191
3220179
451227
87739
4967981
2067453
5661179
7416257
8056193
1919863
5097811
8059969
8323621
5620397
148320227
742199
5584543
2771327
9780411
4167411
417599
9896731
566569
1350737
3818947
2410177
6154369
6927547
6867627
9085353
8008611
2920347
1194837
6073313
2835241
417423
9512121
3797793
6239841
8276451
8011153
8339061
6651619
1250789
6324523
6399401
6196339
8351063
5571407
6791299
6234901
3591731
3286143
1863903
6893883
8008987
3161
1861323
5204623
5457431
1297289
7445169
8867381
5743147
1299659
9598723
1533567
9806231
8693321
6753401
5908679
4279551
3976939
4798553
300583
1957571
1620347
5756911
91213139
1541983
94595639
7180343
902423
4034973
5015641
2329321
1380141
2161009
7558047
8844041
2537517
8219933
9441103
9813051
7975151
3811331
6993041
7800437
5066079
9872037
7323969
5205009
2226791
6877887
8571919
3686917
392809
68283
4172653
1047167
7885779
5717811
2327543
1985791
1612821
2655741
8540769
1030367
5776497
3847059
8009243
61617
1710949
1582679
2665233
5566809
6105033
13755697
7053373
2410037
9345031
7815357
1504087
4430467
1555861
2098763
253611
3692747
8583433
1947359
3812831
9719413
776979
9422173
49899623
7755379
6112601
34336669
220079
8780191
81892087
2830663
8954671
7574443
2433601
8134251
2068693
3819301
6553393
3935703
7547639
1834297
6021833
8720631
7733999
5943019
4935949
2844047
1275873
860993
6723911
1260411
3744549
5508997
2093859
9080261
7638751
122275699
5002777
3403061
7494139
57053143
7396569
3822013
3901007
5080973
3247861
2932829
3483239
8329787
8905119
2732581
1844281
5663207
5443467
499367
8395463
281347
4339521
4708611
9354153
7343639
943699
9041061
6370883
8194597
6350009
800461
7822513
9138857
8965123
9318107
6662809
7339991
469023
7924513
9106611
173293
4910627
3432903
180574247
1742107
7172733
188583
9629489
5502593
3505329
6812399
6060239
1352119
1008833
6729739
9905441
337771
6703787
1861479
8231969
1019777
87759
6537419
2281557
3654211
9393341
2567821
4137807
8860957
7397167
4409321
3149063
3159987
2834303
1341681
375471
917491
1946121
8197711
6643903
1044161
6670899
7309493
8592073
4506601
1267209
6662323
2331689
8300833
8473291
839107
6903741
5935361
9981863
1931337
3522873
2089583
106826959
8877223
8038341
6858837
7778081
1931091
3636009
4856953
3863187
4865809
2835171
7697963
7081331
1612707
1632949
4316983
9109223
5374687
4770543
5954137
2916159
5445213
6261289
2961607
1895679
9576579
2895201
2557677
6451287
3212673
8571537
8431037
547197
864977
90660727
4849233
2538169
5784617
991227
8449459
6585437
8897519
1410713
631189
4248891
7195279
9086059
8118411
4296323
5579317
9458023
2984781
2100537
5497957
7462751
4371789
523567
4740903
8703541
7442093
4276297
2702203
100837819
2422337
6707697
6529243
7452019
7087187
6637971
3501797
8622231
5902227
2156807
3144471
9419057
5529821
9513301
3075039
198955069
866677
7261557
1866691
6321191
4896101
4389033
3006539
1729457
4748089
3615153
1567199
4531081
1757393
4557639
7883911
935721
6632463
5078727
5108427
4708221
8747361
3087107
9281173
4025657
4834239
4669469
1958397
1413743
6013193
3855719
5563629
158277
3510697
3736959
7127217
4925831
6532377
8154541
9220829
1247543
7516577
6414801
6861723
9233029
6007567
7318779
5150247
9082893
4224683
2836641
8936643
4663141
1114161
8251279
9424119
953699
92700901
4182709
4957521
40041777
2785641
6769401
4394543
1279293
9186051
7139811
5804297
8297923
1983457
9117521
8357889
9074569
2049269
2267747
4667789
110885827
6793729
5772653
4752807
2503047
2739099
2322867
125671209
1306823
6304759
9133899
9869287
6210233
4300801
1022013
9459767
5275541
7259657
1047571
2137769
5836461
7648213
40499
3177507
5170331
8143811
3006621
4535999
904507
1213709
2207993
1650431
996401
568269
5584117
9128699
340843
5391567
1681637
8656439
7168621
8094377
3780547
9350667
2459561
4931827
6938631
5057413
5288633
3952503
7381311
3782511
4852917
8013483
1850769
481407
3205823
106248189
2064901
9244329
1779623
7116191
5792983
4298797
1819811
4788857
61797
394963
9081971
4637039
5198813
5072671
7642931
2022091
6094787
5136423
5902857
89334223
7572219
9820951
903493
8298257
8573449
2270547
4413687
6801259
7102323
7807669
7816467
5522937
653923
3547997
2737311
7746457
7533643
7153591
50166499
6659009
407317
2975297
4964779
2123569
984719
7136381
6413759
9337943
4590643
7452997
8878541
113741941
8912199
2094859
9946807
4858293
4856621
6439521
5035739
5915197
9470201
4636401
8843587
1370327
8865153
5367563
4779923
5000697
2660237
9491781
1837231
4873613
482491
117758227
1679317
4736947
9991421
4600243
4558787
3817299
8506387
6194133
3680529
5295089
7076993
3001083
4169581
8850037
7182273
1607079
8932359
8103057
9775797
8232417
7744189
2245441
97561839
7069487
252387
4994477
5781367
9567597
1584011
3767163
7872949
7435263
828567
2133593
35986103
9843629
263697
192741087
7209421
4059401
9515817
4927319
7613223
8148877
9599001
8901817
9866179
3188139
6714113
9070817
9388399
6583887
9102061
199159843
2440867
174862981
9304151
6524743
8968251
79154979
3140941
251233
141449803
5821157
3606071
1896593
7983103
9615753
8776353
5159723
2449973
7417213
9080311
4379419
4927171
9432103
5675029
9945723
6536333
1417147
3709883
3325771
9831789
7698453
6151561
2840449
3858207
9443051
8872219
484093
1051857
5636383
2990871
4560437
7547981
7137383
8842267
6138601
5478577
6361183
8316943
29290533
6172861
8831323
193888019
3449669
7247137
5080499
195645113
5859141
6311161
6664489
5326589
