155064969
3526267
309859
920637
1957027
5093663
3091021
170630497
6129499
8043439
112778637
2064819
3976763
8581367
105064007
9636813
8587841
9999701
6623561
8834957
6503969
1118949
5444409
3226067
5456529
2179017
914051
6117841
4970967
3431129
9799769
9475209
155965327
118589
5628079
7206623
6667769
4426597
7207621
6919747
1410377
2115767
594513
337499
6737779
492127
5391461
7040187
8177179
6349199
1260013
4046727
1560257
8940731
3373689
7162603
9596817
4236919
3092849
1729229
5144557
4759247
105844349
2226421
1588139
5083861
7764593
5688907
4237047
7111203
527909
2608431
7789991
2700419
1145003
886899
301993
3375657
5037411
82539
5203687
6030817
9828709
8360103
572581
72413
8293217
7238781
5522531
9804009
5698567
3312409
2634861
1145761
9556041
332231
7256143
635509
7245527
9056423
4938893
2636603
3575317
4473949
7219803
6909481
7079049
8483841
317131
1714479
9320121
3684547
5972151
5471859
104576973
7144221
594033
9227417
1927603
549131
8894721
2888411
5918313
5020291
175329
6483311
8615873
3286911
7888077
957303
9537101
1019999
20544681
518623
4276403
2624213
1863261
5432177
9412329
7003511
8565013
2470383
174063377
8433661
337573
9304567
3139153
8129953
6008087
2732241
435357
8760207
4383159
340211
4033277
3716769
5640119
8612217
843143
3686479
2232921
6698187
7047199
3094383
9139971
2732991
7192013
7897577
444491
643959
4654707
9415003
7242229
5411743
3330269
7146219
9670713
4854269
9666109
9327291
9043443
6262761
2071169
1743611
2267563
6167039
5809961
5407791
6006547
9665789
1171551
8275727
7720733
2702211
1791857
9879411
2167881
9827579
9905301
2551069
6196241
3222109
2006421
3092547
5498463
6973657
4004823
9801797
2049661
2011903
514379
9642911
3322043
423211
2610789
2337087
5867967
9542669
248653
53497
8853271
9511457
8580971
568351
9595591
9149363
2905839
1273509
1734359
1996057
3732789
10865749
7498749
162589
5038963
6742609
6048671
7622793
7020781
71526531
373391
8744003
7204219
7354629
932027
995069
1399301
9519953
1847599
4198069
1129619
7840081
5457663
7926037
8555123
7877531
8928937
2283671
1731549
7900281
5320371
55519191
9048463
8831583
1974527
1625349
3292539
4342697
4195991
650597
3703631
7024889
9098057
8925589
916087
4701757
7593023
8529863
332631
9679511
9136871
6367133
58313183
761321
8972549
5989163
8027281
871119
190995669
7758257
5744217
6228933
3466291
8722829
9451347
2254551
6269749
3700867
1076667
6113641
29671
1036073
322453
3250229
1427923
3563793
8889143
7880971
544079
927103
4058783
7222479
9279917
9227061
65573213
9284349
4809113
4323161
2414373
5732783
9660649
1842763
753217
5043903
8332109
3996953
4984023
7394019
3604537
2826177
147468867
7169597
3133447
137091437
4735279
5241437
2832459
1201547
6578079
5295299
2836541
9273397
5545097
8738933
4340859
4633159
1992237
5516679
1924797
3150021
2853657
8180931
246297
9995331
864183
5761443
8047937
1397221
9057437
7205329
9451081
155351
9934803
3429979
947597
7722641
5203691
6162703
5640621
177817511
2403239
2776483
7468339
1693909
6539179
4267939
585489
5468263
1254587
5892497
4279183
7152129
62847619
2646481
1082211
1441619
2164211
5510643
5015819
2252031
59889
7195199
1683173
774199
6362461
3764051
5184463
5523033
8109077
7991249
7829139
8765069
3415523
3289329
4823751
615773
8561641
1063631
8187517
7373907
5950489
3283323
281133
5519187
2371917
138532899
3338951
8724429
6424907
9557807
6978327
2661461
9724967
9096003
7867087
6287249
2471327
9855641
9549681
6173813
7876391
5884847
1405993
4427063
7133351
2647851
8951643
6854121
6007421
5699593
3494799
89597
3831563
1308807
9743387
1473861
9033947
9124057
6722177
53827
9005111
8222677
3531859
8421269
3688927
1454183
4437083
3099597
1884221
8854311
3955927
7238457
5527307
8591701
4988289
3975999
3742451
64742059
1610499
5486251
2453243
230077
7939829
6919253
9855757
7741949
3936931
2638099
5038323
9252331
6606907
1678843
425159
9807237
6312757
3440563
4367513
162210473
3613191
2244653
160341357
672331
925929
6136751
9222743
884547
7732839
4020431
4797879
8342647
6781627
6288749
6086107
5185933
5957553
3797381
1271051
8820497
1737007
139674983
6554367
7187353
416983
140301
3357247
6121447
1682249
2911683
4769693
1187037
3500029
6366367
6237569
1725077
8584433
7331717
6658001
1368033
6771777
7422721
6878629
4567283
6881477
1310233
1589591
4196141
1909491
2249971
9583711
3932619
6700121
9587647
7152103
6424981
2406869
9089627
9387291
4036237
4772687
16829169
9882701
3930197
340413
193688339
6011513
6193633
9356873
1773709
93177919
6271913
4277621
5925949
9458769
5290637
3473173
1496309
2040323
5433387
3005691
8880213
9722167
4693137
1304211
9247039
2909949
78358923
6293733
382601
5109763
9940987
3947701
2403863
568073
5204957
1310997
2257409
5015219
8091071
4269437
1146683
569239
2010087
5928451
3080601
7127883
8675419
111743
7181599
378961
5075151
7776773
1063851
3031483
1218883
5393203
6108173
9996259
6436879
1180939
2754361
1162017
2325313
2661903
9847451
2877677
35153167
7781451
1186011
593713
6695921
5088433
9243307
6291781
2877553
1551299
929701
9529551
2696379
5995149
1245157
1618439
489057
3910843
4299593
6860301
6778051
8453029
199897
2165097
98870041
186171121
2755677
3416803
9920471
5430441
9648211
2699393
4729613
8828077
2932891
6290583
8581261
9972397
4273371
3696401
6984709
2469207
5901257
6490429
7768217
8774921
4583563
4002061
1359913
2710497
4622977
9460913
3769309
614567
7277163
4875661
4499581
8171737
165471263
6594603
6762301
8026441
3266419
2593349
8267701
7745649
9492391
1510449
6190409
3825333
3192599
468069
996361
5953409
8220257
9224587
2902267
9984507
4317323
7458241
4408481
7464393
7764881
6175389
8000867
282891
908811
4218277
248367
6344581
9839547
5318461
4710063
6671669
623233
705637
729211
3061047
3643331
5303587
6758269
4692287
9689623
280163
6784233
2176861
7736881
9008281
3868973
1383059
1554209
149005127
7392249
3772061
3061361
2628481
3718161
117849429
55277623
9523249
3550777
2248949
121893047
1429753
8928027
945737
2907379
1883171
8428907
5650181
3058947
8204613
9161993
4328499
1490429
9181391
4613147
8139669
3339447
3416529
5405449
7780271
8586673
3900107
4047323
2140009
4481969
3309083
7762309
5865839
5673829
9787397
5541921
1497847
7955849
84157743
155091
2997101
1002583
9824957
4312709
7231063
27367
3529493
1455617
8214293
3030009
5591349
4915691
42111459
4845187
105350519
9543983
