4502419
6095801
1522107
1009609
8742353
595217
3433837
827437
175763
9649157
5229527
1347207
4718431
5679757
8915917
2425733
4899219
5942041
8339303
5198167
6265953
1341529
1102789
1801071
2220407
7223913
7112557
6962101
4117703
5227563
1151721
1261219
3914503
2585101
3706729
4323083
5226709
159608899
2619347
131628683
8455051
4384247
8889957
7128307
615757
8627731
6652459
9601803
2820227
573737
694811
609239
3827239
973343
1133571
6664857
8360749
3972357
2540889
1134779
3243221
6771929
7309741
7027789
2811753
5541899
3113693
9742021
3368467
7075697
9186517
8447621
9507607
8494929
5720273
176057
8627727
6078147
2756913
175866917
2257333
6201867
2069057
1281803
6136043
6077429
2744401
9178509
5788257
2091477
681097
9911599
4536079
3756499
4307253
2981139
568883
6214001
3887349
5802951
6738657
1291641
22199861
7299459
8080093
3051173
8973443
2533603
3974637
9771749
4020611
5642067
744601
4109993
221937
6754189
1245833
7244847
4453379
2162899
1539701
87718649
368471
7960741
5812427
2136503
5020771
2576431
2062029
7347529
3273589
349291
722387
550133
7037963
2516389
157888437
2162619
2466447
5975093
311559
7087621
926817
316283
4400789
2803697
1686801
404291
6218879
5220977
8902959
3158033
1404503
5201117
283087
1560279
9132279
7184799
465639
3513357
8340929
9811817
1316707
2446569
3304907
8881419
5281873
8177261
2809181
6289257
3368359
4768639
2717257
14115521
6987363
3322021
7095581
3364637
7963001
7706529
3517507
7554293
4422991
642477
8556547
6409507
6054533
3934591
6696327
4929731
6779161
8461049
7458063
885741
61639
2575447
218567
5258597
1835369
8309969
1217147
7926469
4110449
6174121
3567759
745141
8489211
1316267
3823523
7368467
1320601
9982617
7418039
7271453
8275547
3938287
8930923
3312531
45776667
7723339
154729979
4503351
8008853
182861431
5643997
4156101
891293
128712411
90023
8155547
1225899
9605769
6210047
2618117
5594497
9206327
1573819
6436953
4168891
9303027
5939153
510507
9830551
6992187
2926139
7257007
4974613
4555387
2119313
9243791
6071733
8657567
1302911
7814337
8814987
86613
851519
9864089
5645353
9332597
4998253
5857787
5986811
669347
524071
4332471
8456021
1707671
6354393
1275519
9853869
2502969
5189163
1804077
7530299
1798493
538841
1500697
9900067
4667031
1407527
1764683
956081
6214537
7976339
5411061
6485167
5352481
916607
6459011
717829
176851
7040027
9189207
3624983
5621787
4469589
6526113
9002799
9274179
2962527
8488531
1113817
721657
849919
9700189
6869477
8255339
3270163
6719739
2497317
1630479
2321709
982589
3055051
9291801
2714583
3405263
9188693
8699133
9987673
6275859
6299501
7570541
7801069
8389877
2066523
3632759
6209189
5083847
9303779
3727453
2718557
2952173
8271539
9999949
4225839
75773309
9431369
8718669
8925243
6492151
3165733
7435367
5270657
3609487
3613579
2079323
9973107
28447471
1111389
3999959
4497233
8265347
4332303
20295473
8943513
191498301
6803167
6615571
8828589
5097811
9377047
157601
1347971
2043541
5027941
2989527
9707993
1037239
330703
4093383
3676731
9837863
1763843
1687111
7323051
4013893
884433
1531943
3594121
3134513
1690439
1122611
140805397
3860641
805609
8633163
6417327
6953763
2192803
16120923
4154333
8011539
9120169
4985741
1333937
5660377
4082737
806563
5329121
3934719
2783073
3552901
746817
5273673
3568973
8915411
4571213
7560307
4062187
678973
8188083
98137029
3207969
164367
4801269
4809023
5952649
6435813
8015243
4037361
8842859
7895261
3507689
5698081
6620503
654459
7624899
9197491
1079761
2269721
9091757
9020837
8132407
8595413
194107857
2610557
8272227
3709153
7567057
4051521
5422089
8055311
3514139
1789517
2075289
6230953
4908203
3191931
3765579
6881089
9005197
2058417
3510737
9724281
2512271
171930041
5924647
5930567
98705247
8429739
5210867
1943753
3069659
4057793
9646207
8616373
3620371
9923723
3029819
7140911
1647471
7792723
3766911
6121981
8240687
1571993
1150369
6950619
2834761
4480131
6988477
5897329
2668483
9023767
3326597
2483187
7064919
88940739
9845157
9670123
4620841
8961243
8884499
6026519
4005387
8210041
6111003
74335157
337673
6374297
5436689
9586637
8377897
1476673
7972709
448413
2872089
1574549
690419
1759319
2996939
9562263
8929379
2652747
10359
6390609
8859793
6905201
8480651
828057
8391289
9449617
4441243
4241747
4048813
8394277
5084889
8720411
3559393
5930591
4862217
9745961
2701281
6615761
5703631
6888129
4250477
1336289
5840359
4847501
193996439
113054253
6423227
1176193
5666527
4885327
2708133
998613
3953339
587153
1576917
1084393
529307
5786473
4871401
6827137
5526083
6128351
5468757
3307303
7366227
9767093
1173071
5529471
2429889
4022739
2481053
3838131
8777869
2337977
1975183
3011069
2402371
140850833
1185243
9574801
7658993
5105109
4132171
9667
4486839
6893391
3191247
1338229
7527871
6280883
2377629
9370127
8037817
4150971
2845711
7101297
6482241
2001987
83303
9522599
2825651
3245169
4432651
6449077
4817177
1391779
7442933
3139011
3917863
5859411
1352029
4011233
4881901
4813123
5342683
788223
6650859
364743
1634837
8822153
6748979
4199719
1923921
4203223
8092867
8358057
5039613
8159399
9503847
9180401
7529203
5923873
8468063
5889479
4828509
3387249
2005731
6235611
4635179
7866543
2196879
312793
3103769
5976501
4445397
5437929
1973483
3977289
135819
9821949
4175679
8164101
2942663
7543771
7386751
3819777
30753
8817779
9858549
6974773
9499167
8002921
476303
7031221
2510401
3942337
8877627
9997209
7805747
851399
1564849
6554747
974589
9603491
1016963
5729923
48812191
7519047
3398217
1133287
1176733
8242941
4317363
6944677
6009659
418969
8273603
8415017
5185089
37421
7461227
4482099
1048471
5396999
6753531
611897
4912461
4496901
1720633
183740653
1706343
5378067
121577769
8769271
5009987
4594613
2805729
2325823
22121441
6355461
903639
5875063
222143
8477191
6066489
8465919
3595383
5610017
1376187
7159903
3743047
8951959
4151581
9478143
2175583
4033517
8319231
4049579
6013017
8329941
5514703
7886191
8383093
2741413
5829957
3439399
8851213
7948387
248081
3672801
374337
2563341
7226023
2583731
8598703
319569
4631029
6825411
83592713
7686379
1242361
5635973
7934603
7035609
20500591
8052269
5050619
2180817
9052189
7437823
266461
9516723
3415053
9779679
9471171
6325751
5278921
8030529
9998457
4135289
8800661
4393651
7210581
7365039
5196261
2301907
3723611
18683
185163249
3142799
6259707
2538599
3205141
5289919
9503447
8020097
5828667
6710091
1593419
1505767
4504947
9937517
8993357
382373
6026711
164491759
6069767
7757681
3330027
3356413
3682883
7489529
6617357
41433
4801071
93883049
7884591
