781951
2171599
2840761
2419693
1320899
2926621
3136847
6010993
72842313
3191413
1882379
2924687
5233213
4614061
8274381
8810123
33044319
835533
2719017
105976999
3826157
2030541
2569831
2043731
4074379
8186373
1053849
2358791
1472413
8773917
6841241
2815587
9386239
9995669
142070527
8063241
1155687
5722369
1783463
7975073
1625791
5774573
6443361
6340313
4838757
4061963
7045301
6297219
8922179
5369579
3237999
272637
7249849
9669497
2622189
2792051
5266633
4786019
4751477
1815823
3829851
9882101
5716691
8738021
7049267
4080327
2654161
5130819
4858377
8720639
8870941
5698683
1880761
7017347
8966839
6372253
6068177
4230049
8785209
105391293
4437529
2222097
610011
5490569
8702713
1857051
2557023
6520479
8726173
7675043
1640987
4833247
210739
6326097
1199517
4420341
4538501
4641443
5219351
136306023
1844737
16949
5121157
9935017
3971099
6833993
313143
8943667
5139111
4416643
9976887
6401277
5955559
2374349
8324091
4354261
1257563
1593451
6814917
2808303
4527579
6565989
4765487
4025749
1544517
747939
2098879
1851721
1053687
5222441
1358967
5382779
6718841
4132759
1714411
1555659
7053169
9205281
89803
1747289
9105209
2517759
1911323
283943
63605707
3908247
8946429
7699001
8093579
5609397
4691931
2177939
1975853
4038447
7289957
4809261
4909689
5783641
5608401
6960439
125374071
9005261
4934569
7616639
6244687
9490931
4447753
5885883
2148087
1184367
2473733
5992881
836479
5402083
5815557
4571449
5259197
170669
6568653
4271939
7008547
7088777
7720777
1890579
402197
6397459
6362411
3784647
9043059
7149467
5375189
3479251
1502709
9621667
2128161
7409421
7759367
3571759
8353929
510929
7644977
4396549
4999507
6921561
823441
3890189
4621901
1592107
4790883
8496993
4126903
2892347
1591281
2006383
719439
3255291
6423543
386103
2672803
6785191
186789919
7348693
117777
1910901
2303111
2157309
3324443
180605639
2428509
5596011
3336757
7179939
4151103
1317679
9963229
5355411
9712703
5741237
6905691
7636037
143798407
8239681
7719927
4543677
2621149
176288433
9750761
5811631
4862577
5636803
7154637
1554189
9844029
3795703
6135171
5368433
9726771
5448623
155165197
417243
6670479
2506153
3407397
3630039
2680211
8485997
7897941
7585211
7445579
8590971
6188243
5690477
6045577
8955829
1738817
4300323
4829543
5966071
63962299
8826611
9609423
5816991
626821
8400953
9346299
6114923
9754303
9129567
3760611
2770127
5661033
3308677
2785127
5235539
2356411
9965839
2639471
3404151
7590417
7087961
1791791
4177757
3061253
7406447
1439557
2425551
5336029
5820523
439629
357961
7041283
8211769
179827691
3836011
1998773
1396981
7368463
133897
3771361
6497703
6150221
9239267
1736653
2468013
1654507
8071213
7584483
1744977
2417979
160123231
1111583
5302483
6153537
13979639
1594879
5375547
9707573
6081631
1101001
2334611
7459031
9965389
338127
1378939
8708789
2499993
4252231
6074823
6479681
4206981
9547307
472541
7090757
498819
9513729
9293023
3052939
9474021
9112841
6050433
9375213
9919387
1623653
3820073
5536869
1215859
5852261
38306161
6635663
1714409
4530013
4565969
5978823
6766481
762803
3443171
7745239
3749149
8222593
9920829
8235153
2884257
126683229
1272863
6296691
3519237
5657479
9814157
3177231
6161153
33968713
3172791
9539677
9431611
5268217
7916051
1438211
1631247
1950117
2778773
7451433
8823379
6273991
835643
3198411
2061167
1131467
5209469
9993761
8473629
8854629
3694053
4776129
721053
6303507
6848403
6901303
9222821
5062711
33725489
6184107
9034911
7283341
2006991
429791
9709191
1104701
1294477
7428533
7060079
5700163
6895411
2770603
4571429
6406759
9059527
7412539
544791
1302599
809203
1012629
4533269
4421137
187837
4004611
1978317
8017343
66252227
50906521
5956821
834473
6250819
8541291
4193659
2213853
2980789
4814837
1863047
8801953
1822647
800109
3209579
8094831
2717419
5856031
140785559
5359133
4037113
6407463
8087449
6012927
153503589
957113
6843787
1665867
944733
2309923
3432249
7161763
3512203
143535269
4551759
9442951
6218349
7468527
2464749
8907751
5854009
1946179
3419513
8106687
4254947
9329281
9080531
5531691
3430049
3802047
761581
9426479
4948463
459923
6000937
1916421
141787283
9288147
9699191
2748131
104338427
9905881
5523429
9085403
4402757
1800087
9831773
9003661
90524847
5590063
3632447
6760667
1117901
8710683
7648609
1550443
8102901
9352877
88921
581383
7078601
718111
9704597
5557991
3419697
189387
797379
5378183
7201451
2840489
7229533
4547569
9724181
8216353
341223
7022099
582189
9056791
2819567
1005393
2333703
6120777
1442647
8907297
3160789
1137717
4674001
8566741
9634517
7260393
3570197
2077987
5404377
1096967
9134513
1382483
6473867
9283223
2660151
6700409
7574383
2886811
69285051
7138583
5033513
4355211
726779
3193167
5707893
153472333
3553151
8002651
6324721
7317953
7217121
7515007
7743709
434327
8425503
6914811
1832107
2921187
9832481
7587089
9726737
7240019
4567003
4639063
6089601
4785413
681243
1266161
6865831
4659651
139754851
2904383
8298301
8261019
121271
9522027
158433211
69339531
734357
7441919
809463
1296129
9178831
5044191
3212643
42324119
222767
8700119
1814227
2634413
4803231
6903481
5512259
8248079
6800699
3085653
5821821
9578067
472571
51429743
2823591
8277737
8215321
5170633
4816593
2500969
533421
9835797
451177
5503319
4394641
7641557
6077861
2843769
393579
5508751
6414137
369929
5146779
6751187
2896607
5085553
7510853
80777
4896273
6787061
2319663
7782869
3451359
2297753
9731969
4285483
353449
7864089
2268449
3819839
8166051
8406491
51002833
4693807
805149
4670563
6011509
8754521
4486193
2404387
8076597
3991187
177433
6851161
2997469
3355603
5804033
2393337
860251
9655199
3037837
4903489
1365121
38278771
313267
6484801
9732643
5629179
1578549
4206493
2708053
8472759
5514479
1298629
6352713
1605127
6503689
9730753
8420473
2135437
4231513
3587291
7567831
138203507
7105389
2743279
3740579
5341311
4281719
6789167
2553721
7453357
9357123
8469933
1389871
9322707
1319219
4373649
1055619
4776799
3884789
4214253
2518581
2057373
100993
7002261
5620783
3561941
1719921
8224491
2875909
7500519
5681609
5739501
9463139
5568239
52428901
8154783
7212261
7764689
1900087
5004413
1500973
4988979
7986263
4470483
657339
1799569
5703449
5283851
1845381
2070423
6523363
1814861
5272699
3275939
9451909
2461681
3497453
1220577
9406001
4968421
4566531
2034641
198607477
4437403
9901297
7605373
1814069
