2624753
2613121
4106273
1645637
490243
7063847
4253039
2689199
3117469
1771753
5452947
7485593
3844659
73946813
277879
6043649
6580273
2474527
8762199
76191
1205579
7539319
7335549
7830597
20026271
4969707
9157317
999637
104531403
5087099
5467113
7831617
9842951
3360421
4973653
4761639
6651443
2588741
2482587
6152673
6390439
6223281
7668967
5838089
4304947
5875201
5119607
3450003
6476389
30849
6903803
8462159
1240009
448753
4335781
6629057
2412493
5374987
7716407
3458277
172487
1649973
6054383
6772811
8623499
7377223
3370343
9911683
309833
3112739
8764309
2756319
2599819
2988593
4952021
127564491
9413943
1002811
5951849
2553389
7017609
2074773
2560519
46578981
2764321
8840351
8072539
8940449
1804319
1835421
4409251
9293453
9594121
5479969
6089903
857933
5892977
3993797
7925303
2537353
4695687
9579961
5535267
7565251
9111499
7544423
6302843
1425509
4945671
7832327
257149
9777209
5839931
6469543
5694667
8327271
6039139
4552963
8731467
802919
2136511
8094639
1209359
2805501
684761
9414907
259719
5440919
5987209
1086723
2789877
8782021
171912933
3519833
2364399
7813401
8285281
2346399
2816651
5898089
2171557
8855351
8429569
2686473
6127949
1029697
8629019
9527893
9070743
5165421
6324373
7988039
6702123
2632079
5873003
9651371
287547
9588761
62340113
336979
8576271
6861887
6294153
5824281
2959029
9889943
3941681
1770323
36173
434201
209451
4443821
5286049
2414869
8184481
8847429
109045879
132695073
26556087
4657467
1830241
3025769
693691
1329861
5972439
3425109
7065839
8931391
4750231
2050953
1715511
8777299
7616973
7281573
3988169
4382379
3503509
8285891
6054921
1637737
8164443
9946863
5804079
2650909
3957827
9922589
2056121
4453701
7682359
5533397
2243733
6545861
1340169
2707023
711773
24400553
9356419
7924543
6921299
1304697
724909
1224601
5308127
4295359
7490801
2176913
2814921
9225827
810679
5143671
8364823
3988131
2321193
9689197
7742803
5344983
7172701
2948479
8108243
7092853
3734667
53369797
1303771
6298017
7491841
7681153
5624391
5631257
8686479
2100247
3505529
106876909
8586363
1232317
9218177
9988217
7030991
2413583
123156151
4837589
3191811
2077183
3649309
5583391
1861041
1592531
22819041
2716149
2636943
6566179
5743173
694401
97953353
4211919
6454047
698607
409553
3256661
7926407
23470339
6273751
9706839
8390309
1705303
1485787
302111
4911621
9448773
798949
6569491
5385291
6213689
2304037
111987379
87616463
7188309
1094549
154047869
1807183
8782971
9988037
8011007
3926069
1822751
9959041
233187
7975649
4357277
6970287
6637343
5984269
6083263
2422907
3218829
8080477
7730097
1982163
9040661
5708709
7899757
7601483
8332619
4955779
193827
2133571
3440459
2826761
8207767
1283693
3940723
1802567
7068547
757991
6552769
2917903
596637
569299
3380019
1702163
2624849
5303967
1894031
4972121
8781631
139140807
4955723
6714413
9021887
8481459
6182533
42321
597633
9266523
2296449
1372413
4251169
125624323
124413641
3131273
6044717
9875081
2099379
1844267
511397
272611
4893573
3534507
9006189
3651129
1258789
6026113
2083951
4237863
4245729
5091433
5525179
8265687
5830981
7869987
5857861
7859039
8653493
6946653
5685773
3500467
3055169
6244521
7020301
7159849
9446473
4034503
7415189
7265533
3132283
4702981
7042661
4255669
2814521
2281599
765469
5204811
4395687
5799729
8728321
93857419
1592559
711489
3898047
25033
7300047
6128943
2910209
8240643
4664823
1059117
3820339
6167043
8978527
6978637
122563
9988583
4422647
2599949
535771
314601
6141
7820731
1013111
3799537
6205841
4617603
2235333
8237879
5869913
2939607
3321813
5931613
2518003
101801
7630733
370269
4889227
59827
3970127
8091971
5877389
4700459
2162683
657897
5765547
674779
7751767
4530651
8466877
8984947
3035011
2063207
8330143
620359
8176161
147271
5329523
4558919
9457313
4050549
4531629
9638497
9592513
5678531
2882649
2033883
5489807
6333507
8509987
4437823
7311857
3427221
6049541
990561
9777271
9912653
1173359
5625771
7767783
4839999
151813063
1980641
2182227
4184573
2401043
7988729
6070043
5183243
5367019
687121
5846593
9574719
1322299
2864887
7160661
1877247
4298971
5361669
9627817
8825057
8318453
153403
2960319
1830761
2942121
678461
2709309
4994227
8995071
2131937
5840883
47643
2831337
2347837
3808593
8599447
8256277
9716481
7584789
4720383
3108507
5400303
117979
3835191
6827827
1489367
4123561
7563031
4990191
221489
1531169
3345829
6501729
8235337
8448007
9765087
9956299
4382533
7394703
9825021
2397941
9157443
9414219
7397311
3383457
169249
6181403
9399061
6053583
3696133
7438013
4476189
3158449
9582667
750373
3220029
7100083
5820809
6610741
7424969
3224691
7516727
4673393
394809
5495081
3557773
523613
2669299
1692111
2636071
4523497
8492029
5509009
7042239
7241939
2789963
6072291
4681009
6838111
7180959
3324231
1608799
2040377
5611343
7502803
1773153
5658079
9334503
7440367
752227
5322379
4453427
3956613
167285991
7743087
2484767
3746953
1038077
5280187
1362809
7030059
2359611
4014171
9987281
5479691
4956101
5611637
2789827
136163
4370023
5785719
711333
3055017
195542607
3062157
4165919
9156919
5255939
2572689
1519719
54590619
9243603
2689033
223647
2964913
7506113
6101399
6413607
1306061
13635619
4840227
9598839
3779471
1215449
1538871
2420301
8746709
8080097
4267393
5715843
4441993
5086323
6781103
9347591
74906059
7405473
4269451
4502831
870583
8290813
2318539
6441761
8710057
7510529
909987
8468443
5879831
7260621
2449737
3084933
4204467
1152609
3795483
9575573
3629627
3364867
9791303
3208523
9825377
1178741
974019
7862279
6583293
6320691
9897581
6714569
8523319
7351381
9520647
1481153
189470389
4000703
7046521
7469837
4570509
6084083
9760091
120439
2408011
1838783
1294681
1401337
1282079
9546931
7724183
5768101
2117449
9117717
3697471
2134891
9984069
9473991
7770307
7115783
6939101
5439943
7777051
14158573
7987263
3730899
1223381
7415933
9589027
6698511
6062989
3423171
1296247
4598197
158833019
3998617
5933097
9042333
1495591
395463
77619049
2401541
165438937
1472757
8902973
1500067
8594957
9376673
3416727
9557459
5616167
6095499
4846957
143831949
7832151
8920669
3760101
5961193
7849599
4268329
3498169
152167763
6762921
3708807
2031969
759461
4389679
8186349
6480651
3649973
7725353
2553577
1348757
9867907
1702187
1503279
5926793
7097517
2589321
2501573
9563071
9228799
4270733
3633777
784043
4042937
4349689
9393537
6519613
9424791
9341049
4650529
