6570823
7284281
8823943
6900091
9681201
442517
7502761
87761603
5367743
7773571
6023601
2173809
1407263
2300471
429689
711417
4081289
288271
3619121
4320019
8278881
1243331
3984287
5342927
899573
1498451
8914863
6052749
5978697
3618631
8189059
8026253
1530583
5446013
7867797
134230633
335659
1487239
2442231
5520241
7392821
8928149
6814051
119346997
5329387
6696671
7437919
3859747
8298161
8916093
7430307
1988957
3205893
2817733
2119027
9885437
1993689
7895869
6862019
8670351
4568029
141531277
7998243
940869
669579
6118469
9903473
6228119
7052061
8567229
6617741
3151101
9967577
2235789
8452489
4597477
2972087
7554021
7281053
7599649
8792417
8873889
1503173
5248551
799417
2193917
6215303
437759
2230637
289919
7625041
2664771
5559397
7790257
151454309
6193099
9064889
3962657
3891547
6620241
3593721
8600819
1521543
6933999
7243329
8697891
8869597
2880581
6573929
8534921
4032677
9079309
9161671
9735477
8354119
6567217
6912209
1676571
4954417
5741581
9212623
4764223
3089929
8432381
9357331
7136737
2326011
612437
1858277
3058239
5694331
6062203
9520097
4477757
6560493
2213833
7653699
5664401
31558029
8507671
9296293
4042719
7565013
1304691
254521
9178407
9009171
3396473
3811379
84920179
7963241
2127443
1892393
5327247
5108413
8855103
3731131
5575151
2081537
7191977
3520477
17863687
7684729
9351283
9758733
4846687
8359209
515731
2161087
38634433
189672977
7318631
7619807
4813953
7232031
5443729
2909823
5384907
8981453
142351
3888547
4017873
3334339
57563
777659
9868569
5311399
7064779
6639571
1748369
8983731
7024217
956313
8544131
8376897
103326101
3596589
7982137
867429
9276887
8074439
8468531
1361121
3032777
3622337
6138723
4925277
8112973
2588151
4409381
3636277
9926409
5083633
7456063
3131979
128613
9556807
58159
6053271
5633331
177085317
2950359
9803821
2643147
3599769
5530431
8084049
6059191
8545353
3905547
1175477
4194917
1827477
180962799
8016529
7319893
5122273
5074469
5907631
4257577
8994227
139463923
7689417
4119459
7140791
7216543
1030223
6934719
2273953
9299519
2289701
1020311
9943247
7868463
4488071
9159129
748693
2534133
121157251
452631
8151537
5095807
7724951
4430847
957701
9708647
5001511
2494681
8883469
190049
3351539
6819427
1537509
1233533
6732503
9329421
9947243
3323041
3278841
5675959
6337371
3882311
5277991
1387127
2178277
5675667
8602691
3933757
5626853
2966853
7698119
923051
3619113
897467
9845919
7496099
8216297
952817
4688609
2218109
1277171
156264833
2829971
7828143
2321517
813673
381377
6795539
7022049
2650361
6670229
9722501
714709
3095231
3980207
4596589
7387589
6913449
313597
6836389
173030451
1207623
5043049
8075321
8634027
6294069
5913891
2738267
5694343
1276417
2407849
5814449
3594577
3125339
6213029
4190027
9001051
8396181
6575151
2875617
8893203
3354589
15224761
106151129
3086163
5801311
1154227
8008233
7268541
3686403
7202599
3847033
512007
8380561
3847591
8453443
9710297
5718733
932893
114775823
3860401
3429301
9742049
3315569
3970733
3168421
9591563
7573437
7680237
5505933
4607979
9465553
5239077
205593
1089137
9764329
633949
122022309
6408063
3856181
3714971
9454341
5265123
2068089
897431
142867573
1926439
440383
5734053
9374753
2687859
8400611
1988251
9950679
4829343
5014599
2417319
3254777
7806219
8091043
5781691
5093699
4459663
2606131
8060297
4285787
260593
3687439
93003059
1936199
9850879
6325639
7477933
5932591
4687207
7254531
6833541
8165753
2002239
50282161
122984201
679277
5275649
1599653
2024173
382623
5878751
1558991
2736141
6492297
2744307
2010049
9829919
1965797
5205171
5880043
6090009
1120689
1497397
2274749
5232303
6169759
3155533
2537699
571919
4470991
5159057
6204043
199665157
122190693
8913089
799297
1704911
2902613
8281169
3873961
6925151
691481
4841527
4278177
3972009
9348291
8759873
7271459
2747973
8267789
3255961
3849877
109534997
7430947
5863111
2857577
2717281
7350401
6600129
1753387
3642131
6921129
9245841
2214847
6001781
1562109
2210341
8905427
412981
9508569
91003599
9536503
5505051
6082711
7894083
4144251
4992613
5452673
8687727
9484331
2912091
1862571
5399023
699523
5859623
3094961
8359199
2434311
9884899
171099
8255999
5454229
1351667
5974399
9206771
4246541
3510603
3579997
8575887
5433441
109852261
354507
4878791
3644829
2829511
3532449
9187077
9593039
9455441
630617
7266997
858721
274047
600957
4496691
4689917
3060101
5587967
6012553
6656763
3479047
1856017
8542939
133835291
867467
2579849
1177773
1680769
677723
5700631
6707957
7877327
2558219
9909899
7165431
6240231
6631673
123254697
3994083
230377
9502199
5784021
2664739
651499
7693503
9871123
1702321
4206903
6563891
9518033
5709887
563203
2494333
1207403
9674069
6938397
3309629
4754841
588621
5456717
5554469
2275631
4526439
9447689
7566641
5686913
4392759
659769
65787069
7545379
5924393
2872831
3123273
7824909
9732173
8382431
5256949
2650677
30686127
13317133
5383819
9926767
8431133
8645357
4764229
1845957
182169
9990221
5113919
1554417
6087479
133146633
4330609
7125467
6883973
7808153
42088557
6014649
8397057
2129011
1179611
8717731
141042109
2866763
6012743
1379723
7948023
8408579
4820623
745007
8834461
5645459
351057
54925437
1663571
1845627
3249409
7021551
9061919
5784767
7782949
7667567
8537437
105360031
8218221
1824697
5221593
7896913
6711779
4677153
3050279
9951519
5081611
3013013
3237421
7619491
265643
6449537
3132833
8942403
8426083
8679247
2679583
2305247
84301
656459
688221
12853
8013757
1590227
7775061
8206129
1411799
3440437
5340723
728291
480283
6111737
6444751
8847231
1942299
2169371
4027761
5883383
273791
4262003
2605763
1080891
6856477
3149989
6160073
4957301
1497299
115823059
5367083
5211001
456827
520021
3078529
7901479
128568723
6638347
7373
683837
1249353
9365953
6563119
9910751
4998967
4751651
8632889
966421
7606681
2248863
857063
7694743
8173279
7401319
8597551
3812929
5751807
1923521
78999
2798609
1912219
5282479
590159
1771981
8280443
2946617
8555823
4246809
1670853
6816973
8031731
6752871
6775729
1322113
3785053
2685169
9469439
2524589
7915921
2698183
6686103
3493643
6887799
4597691
4824983
2480499
507643
8120429
53581
2882779
6431183
5118099
8710723
1138577
3980149
5421731
4985667
5743909
2178777
9984607
111333857
5735389
2230303
2526767
6863371
1603467
5221543
7714987
2276911
4138621
3408543
1972809
3833759
9111761
4723899
2347933
6684263
5093957
2494631
6761787
6701981
6571929
5492011
278369
398049
4665871
4857949
7298221
8696899
2056507
6527571
4765153
5706469
7372467
4994347
192332687
6306109
512181
333419
3384861
9294899
2244223
6838199
8506901
8854309
5432929
2666567
8839313
1553403
6912337
9380227
7143337
5824059
9315453
5541569
8107139
9182597
2075003
4082909
3504861
686411
70178077
9589471
3215777
8850433
9466869
6735191
