9009781
3848249
9725661
9287331
6615003
4867147
4018171
765361
2502107
7702371
4821321
4973569
2916329
1824551
4030547
3538893
2523931
1831473
2927113
124460277
2790807
1241291
7497503
6599569
175697941
5221777
4874973
1327823
6381331
3759527
2897251
1837791
3030437
258853
5137423
7584537
8288579
2879223
1345319
3079863
226743
32423
1501059
9557267
6182687
8627841
9313623
4544461
738647
7841069
8934999
4630211
844069
6154033
5609219
9705581
8460411
2150893
1695453
3953407
4588507
7427711
3099199
8760913
6900679
7959173
7227079
7247809
8546999
1826031
4408317
2220559
9382463
938243
2876377
8669653
4359013
7341953
6797119
6476351
7870299
2091981
7258759
9021121
8497897
9657139
3668869
198204467
7882431
199747333
4347089
7774787
6700027
8350907
4574249
6865923
8563163
7015901
3601941
9446981
5602469
7158351
3202481
6086357
859749
846031
1671121
3003673
1930777
1412917
1007891
5949351
824653
4959459
987709
7658493
7498301
7297849
835717
9971933
902461
8934543
2745291
9757107
3546517
8030151
8250279
1207249
5132727
1237861
741003
418257
7314653
8086927
4839321
431297
7174671
7926499
1324027
7830941
7087533
6377859
9133683
5568803
8419711
4278209
1643093
7194901
5184673
8117737
5755881
5847301
9068881
6175237
8194381
280509
4453421
3020519
5600699
6243787
9925161
6336967
187857091
4304857
9549251
6415901
1270301
5056467
7789417
7181029
8357277
116429
8284923
5328181
4114679
6808209
2567963
3146693
2943817
6595919
6984651
3765387
4217387
8440271
3140747
6789617
6046693
4889837
6407007
4699221
2739693
6247177
5473539
6060997
611281
5480587
3239587
4124473
5977761
3506813
4120277
7210251
3512477
7687159
9540643
4300691
9254287
4296733
194383
3711933
6290489
34829129
5219959
6378401
5894683
8193971
917211
354709
8375327
4095689
6192807
4358191
6327587
4335477
5870433
2581489
334559
5315059
2158431
5201069
5209803
2729393
8875569
6741011
7507083
1614363
8873947
6323037
8548417
6726489
5533671
4188369
5252031
9888021
2187679
9129287
587937
6059911
8063587
8595899
899871
8956703
8487437
8637461
9570423
4422307
867337
9122609
8259031
8537051
760337
3488211
2271763
9480631
5879563
5473133
9933087
1334729
4345467
6949711
3125599
8380477
9600123
9077677
9243389
8202913
9825553
9847019
5085463
797643
7323467
3163341
3720257
4515741
6304381
435891
430339
8343757
1972381
145106573
3718927
1643021
1119663
7595151
1622507
1814497
7299781
8789151
352151
6167173
1006721
8358717
5566657
172671
2505407
1811419
6098887
9194151
1030797
7317983
6922193
6678163
3745981
2770239
3756637
6051977
4291361
9795003
1657137
4976843
1685521
7849957
8990621
3887599
2272791
6982033
9618611
9211169
6813471
5728219
2308877
9159563
8934751
180466251
7406321
2428589
8429639
4867481
9340249
9949133
7036859
4177599
796711
967077
3951029
6705917
9057651
6448851
9587171
965707
4811861
3590327
4847547
9266289
7277863
9128603
288689
4767809
5405313
9361479
445223
7668131
8810217
4413259
5700147
3850841
276187
4974527
3805291
9052047
3645499
8616801
8675587
4388601
5977899
8399381
5408063
9835267
250967
1014359
8616639
5451931
9450653
5466363
5285781
5508783
6243853
35184897
4017629
5488979
8567323
6928429
4681161
78171741
9186183
4755299
2892081
3844339
1870483
429699
6604749
3471479
7700321
5440321
4122929
8719341
2751181
1222301
7183047
8047011
4801791
7462791
27357557
7645463
1668777
3055999
4930613
9719961
6292321
4987331
1603391
1816527
6553399
8013021
1209517
2311903
9226521
3063011
4451797
3458459
4862681
6597399
3030913
9129811
4465393
4365773
8157531
111819551
3265153
117992249
106892421
9537199
2670123
4565461
9579719
920049
7111077
141641
8231799
2755313
1626877
15491
3159043
2154349
6547667
4525191
5103757
4170149
3220433
2478947
2022381
8994479
6309329
4507569
7979513
4713503
7936117
4427367
3461119
7979171
1101123
1641433
3170459
5545931
546593
7920909
3496103
4313329
528513
9685807
7775073
7032193
5713237
4501661
17450137
5362241
49225327
6839227
8218907
3722361
6926201
5906227
1013889
5454701
8576613
86963
3835053
6837099
6530041
883601
448737
6838323
9851707
4348087
1524931
1161323
9662353
7886533
846487
9291299
8997909
2429859
2316723
5613993
1988423
6620191
3358259
8199793
4943149
5944413
3323491
8698917
2129251
144280921
3436801
2319751
382993
2464041
6125033
6455021
1491073
5932717
275383
7988991
2771437
3866249
98384873
3306693
9963249
8862229
1550731
815421
8782593
4280721
1776343
954067
8616073
2361109
2194793
1154901
2736457
3386779
6386331
8281629
9991101
489839
7969301
2298017
4334087
7242123
9763811
40397
1399547
3020671
1435359
3095627
9226503
2430029
2264029
3552663
37722941
6887841
9362747
5323371
2789821
9947219
7243953
212873
669541
354637
7734629
4308121
8116761
4405909
2961771
3367817
3369037
5975777
9133973
9279507
3292979
1122127
126909
7595049
5738563
6775123
1808889
2333581
7434873
832003
9150409
7260957
5391177
8262879
2114891
7039091
9620739
7425151
2304513
2640079
7893733
2611171
4844527
7567119
3893553
6041907
7984709
1756589
4619231
3765383
1405619
8251889
44977
9880253
5244391
7933561
5681843
3823741
8562459
5535511
1600277
9671689
2801203
6862173
4799153
157713
142211
1231749
9769669
1914001
6616911
3219821
258531
6931701
9049239
4674091
1381663
3258757
9041421
6789121
7362463
9299559
2077679
8112259
7462943
697251
8321713
1332757
3700797
2528297
4170867
722901
8599519
1667589
7262897
8871337
2452659
9320161
3469321
6255603
4722227
2542779
6455753
7138427
2040601
4753473
7289009
6766711
5820039
4829013
1457411
8728791
7200579
6272837
123792021
6116887
3441517
4423539
7204063
6356277
2438111
398357
791137
3982141
1603313
246457
5073103
120155879
9725541
68069589
7078899
8882941
9257829
3986661
361701
6323167
1820171
4445441
6499597
124127
6466839
86179549
368989
5344521
6274791
1194973
28263601
8879759
6564881
2482921
2752113
3663953
8647071
2116179
1310119
2629579
3750607
1037993
715231
7861439
6645831
6831629
3010617
7592653
554829
5387509
205603
7829501
6038217
2959953
6004097
618083
8085449
2904977
1481617
2348333
101707
9458399
3423023
5073329
3227867
5647271
2983131
2939379
3858193
7159303
7411197
1372101
2321167
1289027
2003863
257723
179437839
2427693
7751739
3797029
6127663
1071909
3608381
7372723
8100763
4757431
5358509
7491211
6459187
3079121
4635541
3070477
6138201
