9569429
2024013
6702427
3994381
1956313
5106011
7437159
6879697
3246809
8965081
8593013
3537043
4028199
8707399
9961217
6195733
4975017
5943427
5039841
5739849
3820869
5215369
2956049
5559149
2947843
4495789
5782431
3151851
6149691
5675397
7158931
3322121
7921353
1337189
8882271
3796817
6198271
1206747
3075609
8980711
9476917
6460049
5610103
17881
87112831
9459411
4340599
7743883
7681913
1846933
8963303
4056801
9145651
466137
2371283
1390949
2392851
1384011
3633747
8253327
3805059
6476591
2790659
1376861
2033717
6623579
1295143
841689
4351041
5083293
8912579
5707487
39687389
917741
2653149
1170923
5226783
5939277
1919663
1089513
8228683
2673491
367443
3751217
2763033
8600441
2300099
50681387
8511981
1889223
2412283
56519
3515629
4334217
6969313
7558569
166617
9194713
4220157
1674527
9442281
976281
5645923
9387553
1702149
9140267
7514683
4163673
6957261
2888983
4840721
1530691
8874093
9015973
8805437
9386131
5204039
3441503
7901307
5001381
5505907
4338839
9221471
4735747
2679447
9534943
1283379
5051343
542339
26385987
5722871
5455513
121919507
4890077
2879301
9979179
8377027
9303361
319537
8912061
3744629
5985697
9043871
9975259
5957899
972099
6228619
3327069
7012651
6720493
1301057
6697189
5545691
2781037
3899341
4056131
2853147
9811191
8139597
5836669
2486307
4037343
1495983
5330651
5357679
3878669
3946649
7239961
6695519
7325943
5916681
9885767
2274881
4104511
50693
5891819
8834537
4189471
181151
5338791
3637733
5859261
9891787
9664121
822473
8207471
109291293
3149791
6868213
8203373
4298261
4415101
9060519
5583131
6002989
7596321
7365417
3596629
6710263
7837259
2785741
8778521
1445593
1860621
71469809
8633011
262127
3200603
8281139
2353867
9957607
6241273
5122671
9365567
70695983
8434329
5800893
787601
9740953
7958217
2248117
1850987
3690407
7558981
6307203
2184839
9265187
4103047
3467269
9095367
175141
8493803
6384643
3106617
8154467
2469377
7482969
6704623
4510087
9360957
1852181
9653837
9399473
7223191
1953729
849171
1719183
8774801
6753801
8035993
8959643
6165173
7255019
3306343
3625519
370667
96470643
5277527
1579587
6491823
3954927
5441967
8996843
3736641
1219209
2640403
3096827
9407227
7558767
6305779
6057081
5759071
5307519
43153
188804559
4730811
3702887
142729
4553181
2454777
839717
5738469
9425709
6712989
3099773
825957
3902791
8973897
3793453
7769987
2610853
314673
9290821
946691
832107
2588313
7033521
1861723
87707587
995759
971337
6303441
4551393
3771633
279871
5785151
87909681
546571
3012039
7994547
4561731
4557207
8699739
6604603
2139437
165317219
4117123
2066849
9181387
5643197
4966089
6204343
1573569
1873437
7187661
4872977
4764249
7471717
546131
3406991
8071167
5165833
4678203
5507677
6921779
7650937
7009081
2013767
168898867
4860907
5644961
4172669
3219759
3548269
6923661
275927
8890329
7981933
9175153
2751317
1251161
129250401
165867
9151371
7916919
1854771
2263149
8879401
3662353
518801
4139301
1710261
7726519
3447509
7460201
3798893
1181511
8491473
6401849
4725141
9457123
4883283
488861
7241131
8143537
9656373
9223243
1176789
6126229
3979223
8694783
7120519
9191901
1859589
3252943
2688369
9396439
4755277
8417369
9737479
5233027
5120089
48409659
3399953
7480199
4037427
5299543
2632533
7766203
1938393
3994617
86406751
2896307
2827621
6361083
7383371
5668881
4195151
8104801
4289793
1706287
9640901
5528823
6851981
3198561
7832953
9352143
6276809
5189829
189776809
6500133
8839779
199725759
2943337
3235079
838123
9721929
1444169
5737249
1057583
3477121
3054687
2071261
8506893
8085387
17369759
6437337
4306789
9482279
7595627
1830239
7384239
3241417
23137997
6084503
8068489
1246427
283639
1818013
6071721
5763413
72894483
7114537
1104331
4390803
7953571
2967653
7847349
7146997
5516641
2528321
5364989
2320691
5777141
908727
4345189
7849509
9842833
2688581
715819
9819453
1552149
543421
740877
5669003
5683467
9487063
2689477
8359389
134992081
2987331
3389651
6628713
8589709
3906213
8897719
21059361
6608039
6992721
226939
9935973
2655331
6465217
185162683
1680413
188821003
4932883
9917757
9642011
2253447
8091447
5599099
1216717
9711037
4946563
4407167
4411737
4684709
8171003
3679427
2227043
2151977
3465603
1402789
3947989
5170457
241863
6701799
6448909
5798067
8353067
5396431
9455987
5488821
641107
438529
3120737
4492299
333053
5371239
5477921
2816571
6144193
3435061
203703
931061
3707451
3768111
1113167
7545573
4234733
3293569
7039687
4314351
2277641
6167469
145148867
10757191
8835023
9871807
1990599
3483313
2345763
3972209
6020519
9414421
3824127
9049379
13061781
9260661
7865191
5786733
2481213
5606769
8556523
7751869
4434749
7729141
4654641
75114979
2433089
108946953
2223733
7088309
5344381
2336047
9561883
5479171
88000597
6233749
8336569
1945943
6257189
8777861
8851407
7530491
6810721
3165161
1659783
6432221
4852951
5754297
3760117
1988009
2889409
1353253
1598881
9905989
4220953
3584687
7991987
4167877
8158631
3699501
4379723
3575859
9979989
2223889
7657891
9138349
4679337
7466521
64585637
4201469
9227781
7136087
4461663
1605741
2689647
3136889
1205999
5047353
5157967
4873233
4456221
6228883
1387687
921017
5258559
2326131
9295223
3988697
517467
9485611
665623
2220853
112919803
2683879
981601
7141583
8203803
5372107
8529357
3334469
6520981
5591181
9948981
6474913
2340697
3318721
6435251
1561927
2781561
6538759
8091921
2655641
5122241
3760631
1592203
4523989
1795581
1841609
918501
3238599
1084173
9959517
1034963
7097753
88439
7345237
4018709
1688713
1387163
3091513
1285871
4898999
7002707
1355929
124583
3150597
398091
3496953
6330321
4859461
9601807
8182327
2207879
6042293
6763943
7628081
9659069
115053
6298447
1057201
2427577
5736189
8072453
6671147
5344877
1955203
5742599
172420473
9557201
4216959
5165407
8289353
3278957
3033029
2844471
5685911
7487949
8193679
1832261
1554577
8285951
9537261
5542283
2764549
4694161
7312569
6125679
1386149
658393
7152153
19483001
4685467
1222151
2307771
7772291
8245733
2185197
6554283
370189
8896087
2250187
8669133
2688831
76428763
6249501
9245361
884583
3078187
2093717
3935843
4198249
2197391
4960903
1545281
5369013
7621289
1305409
162509
4010631
6764081
2634779
4761887
5962551
1104889
7242851
5903659
3906811
5354019
4282713
6087179
1420533
7505981
8305367
1791639
7193663
5766479
6694491
4027743
1881169
1890423
6563239
8170771
3802133
173846453
1706779
4909411
810763
3609131
2721137
2463797
8875059
3375041
29829119
8893717
5054327
3010637
9038871
5716481
1748711
5466283
4204519
7396021
2284889
9922851
7675611
6612171
2515667
