5849223
868251
4676961
7529629
6755297
8172863
8132039
6104783
28643169
173299
7191139
3924193
8432667
8519741
7214017
9511411
6596699
3494991
2156959
6507567
628449
3262693
5593143
2657613
5648939
9133771
2752523
5490741
2444077
3019799
5400191
893523
2565267
7536683
1621829
2457259
5743519
2193553
4263097
7550009
8526987
721621
5268749
5411697
2757451
3728713
5094739
306009
8742709
5192137
5734021
7291003
4216617
3902917
2005597
1787719
7252059
5815181
7282979
3606929
8153801
1531519
316881
4822921
3629671
8865921
5499871
7402123
19760543
3019069
7780789
1496333
7941109
182341
8076313
876201
804617
7332269
16531891
2595103
8473733
6888897
7828731
6627103
4124963
8690737
6960451
5063909
125715883
8044997
1232533
131866013
6056941
4786753
3605279
9756803
2935879
3285081
9280331
7288717
6292773
143261967
167090709
43155599
6714139
8679247
9093109
5580591
4664637
8684099
9095733
4434929
5768489
8165313
181056163
452263
3362333
340343
3554949
6446397
7021209
8772197
3853243
4886293
2599787
8737553
7864201
3133323
123653
8156881
2009333
3578429
2549611
5161921
1833317
1567741
3584559
6383777
6813033
2940871
3619291
5595823
2049237
1785911
5940683
3554209
9124971
66986333
116076227
2148317
5403281
5213849
1846599
760751
3826539
2536993
36583
4543019
153374147
9817847
9388647
839841
4278887
8852527
1272953
3556851
7854729
3186971
142749909
6307483
7996361
8130631
5669301
8254059
2471233
6310663
2389023
2561589
9836431
9800257
4947587
3448923
2447259
6667193
2654901
9104711
9294577
6762431
6092701
4911129
4474261
5995283
5361261
117215303
3262811
8081661
5487419
2386179
8979719
8590023
1802751
9710569
7115331
18667391
6442181
1763019
5076527
5315163
2607681
2050337
7238429
7651469
9632137
7446379
2970613
7621243
6605129
2085503
8114881
1772183
1145213
8253721
4582069
3589623
9878511
5078477
7847819
2280109
67397749
3193597
6079507
4957497
4066577
1110727
3081637
4626913
3681497
2537883
5052953
6475249
4737163
2779371
1217969
6508073
5900109
6974171
6706879
6811163
5610749
7210367
3788847
165392493
5174717
1104639
967371
155321
7438727
5481501
2539561
5433537
8299809
6271553
259577
8322499
5791929
6050563
2840383
4609283
3785913
1475657
3391423
2064501
2214373
4468371
5340089
5584951
2957513
5451433
1553299
4927581
7158147
6639093
7539817
3498847
5237303
6370223
4684589
941537
7655663
6999169
1876397
3859791
6742991
6519003
7527461
7589173
7797473
838957
9213887
8201677
720401
2909143
1029153
2080703
2555677
1589329
9245193
7506137
6942081
846691
984939
7927421
2717189
4656727
2559083
6763607
6188279
8849101
393453
6905637
8151233
5720799
7612501
7584157
4284031
2608009
3937447
6641333
4564201
1825881
1448469
7254019
2911681
4445547
1835851
3577299
1309249
4151311
4327247
1423627
6558893
8681261
9125711
298821
5065421
1122761
7232643
4524267
4027429
4666683
8642337
2785011
1633741
3713757
6785663
9540711
3805289
3426677
1506677
5694089
4759917
9801709
3749797
472379
8590451
6462799
732003
821
8312409
6284021
5547201
6284389
6729783
7466009
6779657
6942539
118268191
3769791
5241463
8844973
2489761
5941599
6755281
8499551
1212407
3730379
6315787
7494289
2544029
2764313
199149
8270829
2216479
8309629
9350299
4552391
2240241
7466837
3477603
277783
9775043
3524387
4431813
3029483
6254619
118493
2743897
6131233
3390937
6822587
35467
9956011
4378531
1035737
6796229
1942451
5907497
144759
1389279
6677273
8914051
7301021
1258441
8532109
3331957
5746739
9097837
7677603
437357
860497
9671099
1911011
521863
92373
7024147
5892007
3154261
8741259
4749783
255161
8699111
694541
46374111
7221879
1816511
5682313
8445999
77507
2056973
9991711
617979
1789719
1099499
405577
6782113
6345327
7428923
2715799
135209933
3403531
1252221
8601147
9529769
3356639
1399349
429741
1547531
6165759
4924473
4633753
1694557
3585451
2433399
1903353
9823233
3543969
2557777
9009127
9939299
845209
1708231
3514521
4824829
3167439
5618897
2036813
9996873
377053
6496573
5881613
3794611
6174909
1794531
8127691
3769883
2740703
7660409
197539333
3627481
4107019
22994127
247447
3086219
8198199
96787503
105462651
2144817
8472067
6094829
8402969
6418749
5564501
7305507
1217607
4394823
8907669
3221153
2258513
5861319
4902669
7391753
1468191
2226957
5456671
37585101
8029931
3122849
5857319
7795209
6910493
7460019
8856061
1474213
7740899
746457
51208851
5672453
2675249
819363
490483
9726039
7434887
1748627
7244513
5534643
14894937
4833873
7044101
5027779
8913201
1242183
2960851
6671239
7563967
5136931
3435529
763981
169043419
2901997
7272091
6418347
8327929
6415833
3167281
1566351
4865881
9287919
2583937
3947323
88467821
8937033
73041
6814139
6690009
3494689
8026633
4102747
7334831
424079
8572719
4827509
7796133
1949271
5224571
4941317
33115793
5285907
4984167
8096529
9099903
2412423
2772449
283397
7742077
5489197
613639
275129
9269453
6585893
7125969
2245427
1346921
6306949
9736259
3233619
8705367
2646789
2127407
1935023
339907
6080509
1063579
9830747
8974359
1392077
6943957
9485803
9679673
6959103
3362529
7074749
955363
2760041
3209911
4853217
3089293
9475603
7034021
7226243
1109927
2178973
6838783
8701009
8110883
4212379
3631941
5496209
7981
8454491
6835343
6535103
6481819
6948237
2175903
3289789
1211187
119617191
4686901
9747701
8680117
1467349
7766343
3818099
3775689
828703
525387
7861687
3030121
2382261
9490253
808731
6806659
1246523
9469893
5755249
859141
8602813
5052557
1151773
6212353
4397521
7989889
9263241
5673369
3689693
814571
6779737
1077919
8254643
3301701
4449061
2487871
5790409
3765003
5038729
7066119
6489209
192053013
131225291
5865163
539511
208401
988011
8918693
5868679
41779
6528057
592713
4451057
8801253
6144921
5643819
7181493
1389039
230259
8464637
987853
2359073
6750671
125548463
5337273
6997023
5872023
2565187
81871
4928923
120496869
6620137
7815589
1296939
9811227
6735573
1064989
5201511
8168421
5656533
3289179
6003053
1644559
9657277
1689203
405159
8511541
7811691
4799421
6910167
9355809
3542139
997769
8698961
2236933
2316583
1741067
2020609
4138669
2417341
2854519
1674033
8760243
4324447
7760607
8547039
9525231
2338311
2152421
1836327
3450693
307451
6921669
9417927
9149561
4526747
49306293
962783
2843479
55923
3246259
5480113
8277409
4933697
169113029
7332783
4131233
1661199
1228987
3783229
2442359
5801121
2594673
7167797
61237113
7630711
3716401
