7687751
4153733
163256241
5519621
9805421
8568609
1007231
4333831
7622387
5713569
6537841
4480263
2136827
8148151
4341903
131338833
1482973
3146599
9810663
5604429
9854773
9398787
3358051
924619
8099829
1947479
9793719
10737
2702599
1836873
1962949
1123419
5071537
3387453
2278669
2893969
1597303
7747359
9190107
3747047
9350879
2880253
8827249
466191
4570417
846989
5618587
905181
1720143
9109893
9881187
97918819
8037793
3286187
2450659
3909253
314659
4426707
2445979
9395549
4873093
5428607
1584939
782733
7551359
8469881
8730537
5666137
964517
8492913
8001543
9181233
9272781
4308301
6782137
6130349
490423
2281001
2839093
3371623
6680549
5958863
20325899
6138039
5933807
1280639
176881319
6751159
6855987
1454431
3530799
5086813
4677537
3794813
327311
435427
8956353
4083361
2570571
1971821
136357883
8386687
6330173
699191
6635801
6023853
4009917
4374151
4823383
9599923
3178893
4623749
1937849
1745657
9018063
3194377
2260731
7812641
3856183
86547
3546579
4936449
8650179
8876941
1741249
1187647
6058217
7932651
5946929
82152813
2316201
6931959
1818433
3640091
7968943
80347
9325081
3361239
2401009
9036379
2778371
56012401
5665023
5101419
952191
5127119
1897691
9394581
2566033
2849823
5633331
8799847
5420877
6099583
2749711
6640013
6460353
576247
1884313
7304707
5553091
340099
4314131
3706177
4140361
7621001
760693
7596567
2077671
7326741
182949
8773649
800727
8686261
1343627
5858523
7770637
19365867
1308829
131673
1659073
1852027
642537
3874583
35642567
4531853
5348859
9240547
4245321
1188763
8759341
9247187
2269233
3241633
42817
1764409
556203
1789981
1535667
5570413
3932901
7600909
1481487
1177047
4584837
688551
8113069
7629271
5172393
1667067
4815343
2646977
3055873
1130023
4289267
1807721
8996859
3507753
4223433
781583
445403
3806989
5675439
7421749
129720413
4611827
8947363
7390613
6432139
4808409
3441187
3823597
2317411
6008061
9714149
338097
3644619
2572143
8883271
4391147
8282389
5524737
9278271
6066577
846953
7639759
4708237
7315791
8777277
9386443
6048217
9026041
9025267
181806463
6388047
9269003
4861841
3411693
7688051
6962397
3894291
2392531
5691271
7716511
9104511
5228341
6640551
5228439
9271387
7143369
5362579
4031247
9768591
8590007
591097
2371719
671811
3909327
5709037
4130971
8768369
1590249
2163831
1744361
3869859
3520093
5517263
7844881
2279589
5391243
8793551
254209
2723353
9086779
192063451
7664709
9936127
2055033
1948921
4245027
1924201
191301
9270353
3254559
6909821
20861
1909503
2500643
3380353
1276023
5861147
3430477
6526193
4526589
2338839
4413763
5510703
967109
2246579
8662847
356569
86500393
8078047
2980091
7887219
8443649
5174529
9358743
475763
3178737
709817
6609193
9382307
5012803
2537481
9659179
5989327
3842753
6402569
7761451
7682111
6281403
2744279
1279383
7544951
3655631
6156611
5979127
5356791
636269
2855431
3001497
5681779
6924561
217209
4220979
1068481
3790919
823833
2661769
7246381
168724923
1317841
5325253
5241473
6819509
6990001
8362249
596133
4313049
5023431
3898779
7346777
8766433
1801773
9646497
8999343
607117
3756561
7670217
914647
3083291
5873977
9938689
3650049
5896503
6307761
1266621
64197887
3653329
92145029
2338863
7775759
7655511
8884999
2566763
8600327
114712069
109900157
6634681
1247571
5267081
1986993
3585391
7566209
7629829
1386873
711077
7481097
5553573
6381313
157076809
8994227
6249171
7756553
4113341
898303
1695369
7971267
9332933
88789113
134175169
7182219
3041321
9984599
4110387
4544217
9160619
3327517
8338477
4479799
209353
3658369
137716983
3858247
5173267
8119267
5080127
1263767
2992977
4245731
6688829
7377969
7926823
6441423
5526183
307249
8275187
132668347
9294467
1277503
383123
64492797
8617627
8903839
2386401
3539887
3081913
2893263
4283253
7411967
7918429
8569893
9863469
6764911
5258537
5229981
62893
127906457
3633371
7490239
6295297
2326019
404319
3528769
8977
5855463
191299
2668571
9046717
1761139
3783707
3841483
9126971
8328709
8215163
8833683
8028289
2166943
9988867
8621657
2159029
1212017
3424801
4219819
8389299
5047061
6400813
2531867
4560983
6933711
4600497
3537329
6177081
7724989
8085257
4494103
4377193
4790047
6821487
3478913
2734009
6681739
8773183
5731437
1580881
82819
4440249
2781959
5222269
45249127
5683857
3429283
3562317
9864419
8034231
800749
9450277
1400337
5024443
9225717
8779287
1000387
2882523
7233039
1187811
6794047
5396271
5224493
9074747
2795989
6050549
898999
3421459
6728793
8805631
9809029
2657663
6477241
5155703
3136233
5880033
7506793
4439639
655879
8918031
4787343
9427331
291853
182108629
8883289
9016311
4664183
2191753
8511579
7416037
796173
3077911
1707629
123481389
9386137
1684447
6772929
2408673
1186777
2706163
4377803
7200069
33510621
3609161
9912321
6870537
397797
5779019
162581397
6922573
6640293
7216701
9296799
3497073
9598161
7843589
8675681
4533939
178721
4932887
6338311
3819743
1082061
4209043
477199
3414503
8311329
5394923
699529
5979357
5421577
2090189
9103441
1148997
9904863
4522961
8624269
2520791
1912773
8324527
5640021
8884547
2065017
1067867
194047837
7985967
3905999
7951383
4685719
9304611
3822643
355613
6542569
1003151
8258503
8693213
4575329
7572729
3585029
1668743
7756757
9093701
6301731
9875001
9086137
6253089
8821723
1161147
3740263
4332661
4043313
2264169
129947991
5212231
9485281
5883203
2868479
33397351
781989
5406197
2667873
7542601
9004333
5978481
9263851
5757571
2629233
1201213
5160781
728387
4518697
4325317
6982047
6123363
4951837
5632959
40244673
2303921
75005533
4069149
8748327
1513017
1887531
8730697
195361
5997171
9892281
623461
4734629
3574967
3446759
6252673
6188171
3453269
9179219
8414371
124420149
8502833
6374499
6311097
2211589
5128357
668059
6764959
6073373
8148439
9548513
7135001
1353979
1285371
6634117
4654599
2608457
4366541
6755903
4758671
83763009
4758553
5546123
9998627
9167429
9679831
6201641
9983961
2759489
4932371
8338507
2580373
116053939
7210313
6668597
9675983
8818641
7097821
2684171
481673
2604697
5414881
6593563
9128773
3559481
9306719
8656079
767073
3371707
8065453
5038987
1095891
2572973
5383511
3816929
7807827
678003
7246391
5970713
2953497
3497913
8211819
2328191
1143239
6996133
7691619
6433391
3948623
2509151
1709803
2869209
137128789
7942099
6105909
6376337
1711997
2313863
8428689
8106101
9781597
3159803
4253941
6690137
9748733
4123513
2200119
7125423
6236243
1714343
2742271
1723343
157169
3447621
4167607
2863801
7444891
8324981
4436117
6348847
2453323
2672327
6833333
9728687
5228107
5710551
8833947
7324847
1531741
5499791
9076271
608157
299093
3584531
3594703
7448513
8272389
4767373
8131703
5987327
6917883
5680297
