3195581
7619901
2932477
5159923
5357567
9628199
5339693
3489087
596683
8931477
2727961
6877169
7583481
7741641
4092927
3015583
2954331
6937307
1410967
87443197
9481449
5185787
33277
4954589
5860307
1135911
9442301
6666623
4054991
6451251
2624731
89728243
2973697
8677781
7573879
517979
7469729
4858213
9149821
4163613
4516103
689057
5075779
134004449
5856167
9511077
259409
9343179
781909
4626049
3823171
6181253
3870303
2131333
2894469
5464311
5193863
3484233
2896317
3520509
64882401
2712551
6888357
372563
1774011
7738253
5719
1621077
247473
2456997
8886361
9298073
197094773
8794189
4448851
9455869
57583353
8692469
201843
1222551
2864311
303281
15036417
5804533
2249869
5900003
2901729
5130743
2682281
91008797
8101757
3246071
4158737
7510719
763809
3346447
393549
8983349
5421109
2090281
5963779
3367841
5636527
3563429
7217467
6513993
1137969
2737079
9428243
4274531
9395981
3439193
6380689
4031263
3061351
393687
9084287
7061301
1446377
3720707
1096507
6926973
6434417
5759617
1475861
1080129
6043269
8436697
3505181
1963751
2842257
6799051
5188869
9523867
2833933
194787
1620047
7102261
7490329
2597271
6464511
9085707
2686171
2032717
3335437
5391721
6304291
2614837
869163
1583809
4130363
7401409
8841459
8658347
5703803
2663599
8085747
2262913
1394853
8983529
8929143
679773
9690199
8757713
189949933
8035929
8140961
8611981
6037827
1884659
919803
5874661
3860069
9723511
6032979
6298249
3854337
2893567
7989883
4273911
6776307
4378319
7483661
3253207
1935457
6888847
8040873
1420641
4579773
1731693
5799471
4232927
773513
2602491
9415949
1309001
3294251
2286773
9347437
3044997
8162857
198800079
6132493
4868911
6363291
5996103
1903583
773141
5466713
187432309
8990223
5428753
81446507
4908227
4948581
7252649
160524977
297663
7809777
3190133
1478297
5125653
2242561
7185557
7660993
94934391
5681903
9771241
54393
6060859
8668079
7809381
5719287
1750023
6842947
9017571
2510099
9286337
9965431
161044381
1452217
3718301
3368353
8568063
6265451
1495703
907201
1536219
8464897
881911
105070609
3185537
6234209
2822587
1718109
5682191
6844399
5116037
3558577
21831
6053317
802897
6000081
6530867
2872709
8730383
5187503
9663263
5949963
8081297
9724239
4321309
5806067
9966427
81139
117285133
4646531
3663281
4789813
8385123
3719249
94160039
1794119
9638517
7097649
6570909
3747617
707803
2844449
3811117
5626523
1645769
8008717
2521247
8266859
3546707
2901891
8293669
3226399
8614639
7001641
1428399
1083183
55776129
5953453
7354733
186980339
57464687
9566307
9565429
6405019
1901029
3679261
728209
1511607
8651819
5865283
9724713
8796669
322869
67249543
132449
6550127
8884809
2866549
9743127
1134391
2516857
7323481
8506363
8159723
3193517
168261
5507383
5711563
8020219
1940303
9887377
4490861
5992017
4084263
7262743
464241
1185657
136691
5742677
148399223
1221743
3143547
5657471
8908183
464997
6401767
1981253
9595259
3853097
9256079
8340183
4732641
8840331
3907343
6542563
3181167
9749623
2793039
1287093
2995139
7873743
3403657
1816641
6980739
101450277
1778737
3193317
5984083
4505737
9939507
178493679
2171033
3481717
9557223
1248141
3625877
1458499
9833251
6591227
8335893
385739
8549591
6471391
43298677
4074307
9173847
5631917
6000327
1558477
714809
2952999
39060367
3355623
8591713
758743
710519
11166481
5342131
7497583
7456107
7492471
6920139
5553519
1669709
2474093
5270629
229601
2947303
7411779
9421297
792787
1900921
3174517
1016019
1112047
6463179
8854769
5408961
148045977
6149853
9844163
8420853
6503309
5666781
6511379
652739
8247161
8820099
9113949
1922069
811223
3286829
4693081
6135949
32043933
4970827
960779
688037
1823317
5259409
6970883
8639933
9479057
8209781
5923077
4352019
2429723
3332503
6266583
3939013
3752933
9310561
5641257
6169997
5054373
5545999
2579441
4057407
5555873
143246751
3617917
8432701
44021199
6916167
3909181
412793
6868447
6897183
3225439
9173711
7250429
50447337
970947
7399629
7998267
3561169
7921777
3628397
454541
2059087
15203
2690527
3232377
439533
6958459
5578557
2908127
2654187
4020957
380913
185511
8774923
6440403
1854233
6897351
3540119
4131951
2428831
7588703
7196903
2159973
9582599
3855701
3138421
9219489
2248123
132337
5447419
6407251
9624117
4540397
171219
10222987
2875643
37565227
64777667
63153167
2891343
8860561
7665039
6760677
2764421
2042603
5118451
3118739
5204101
6638959
3801171
1946389
7775507
156527111
2332329
4055819
3864139
6349789
9151201
3379507
5427683
9490081
6891053
6699227
8484697
2065031
1906653
6602077
8687769
1735731
220239
6232329
2566659
1440871
9918889
486679
7362747
9595791
1500293
5802127
9346081
4144831
5127311
6849367
8993189
6893279
2046463
867891
1200857
772109
7765739
8349669
9604457
7913807
9849963
6296819
2584359
7756191
3943381
4795541
9071273
8610161
5567809
4799163
4015533
8819587
1248603
6674881
6108113
6567897
1841089
151411721
68445941
9230771
3361361
47693
5939349
6510221
8544601
6211397
4301007
6928647
9678921
1403579
4401271
39971
571243
1443693
6938597
4237809
4490219
8897463
3699723
4455191
6307577
50077183
8098647
6369189
5028773
4678907
3435289
5881591
1697289
4434479
5479677
3619481
6270219
5691697
2391723
777771
1626987
8428919
40704697
2091911
9054349
7202517
908503
2182603
6531719
3545199
5430917
906471
2253991
9899727
1916271
5776183
8682757
49785777
7523937
5797121
7486477
9872361
2368609
2344749
752651
4992377
8379847
7564667
9820621
1741731
2100753
680539
87122307
4655361
3374911
8785997
9068251
4312039
2817409
9401741
7837397
4770561
996629
3155837
5752529
4258453
9003371
7769529
181836663
4744447
9747893
4249573
7770183
1176527
6744367
1746703
14799
2109857
8775237
7855543
8667323
5864899
5054333
8369751
4318771
8964281
806273
6738427
6691563
2685707
3343391
157347689
7332317
7944859
8040653
2481501
134265627
210237
6277941
5801737
5374067
3234269
4895589
8335359
9519613
132760583
6694771
3582397
6036109
5876059
7128817
7568617
3995043
7157529
4564241
8828149
7994991
6563197
4931171
4055011
3267939
8309863
2346031
5322469
5710577
2607539
3030833
2657903
3911401
5471567
2424109
6751219
4659781
6399639
1628419
6977743
3483449
7082091
2227087
8705001
1917927
940411
111777459
578369
1859013
4435353
8167801
4173649
6275253
7072857
92032631
6606127
9903219
5551247
6585761
14861247
1289599
7483461
1541589
7849803
7156953
22490739
9162421
3952577
3104253
4654773
3104981
51495713
3357719
2705103
6056937
9638959
9545681
8601773
5787939
1948087
6890607
8196481
721007
4924959
6179073
9000663
8751859
3913129
