3527419
5072437
2081631
9427457
5061417
3509773
128913
5244233
2929871
9792091
8115853
7485789
5350171
8877289
6644637
9460699
7864921
4369513
5311629
2072909
4247467
611837
7138381
5774029
4888531
1016943
8806699
5241263
6557513
3134081
5012789
1903869
6207211
8177889
3691717
9394713
2898847
7865321
9733231
5500377
5408621
1533937
3700523
4084897
58641
6898529
110481
42093887
8086803
8281417
1990379
131258981
9283151
3108201
6958911
5586887
7897761
6055549
1762453
3096051
5557793
2243743
116797421
7730441
932249
5450279
512179
3318867
925657
4389443
6745011
3464047
274827
4144129
7533571
5125251
8209133
5813383
3362631
1958137
2057931
899349
6632253
2755911
9447151
1109351
9260939
9367139
6357967
5604961
1361703
5652327
9040653
8303337
9207499
1801763
2369817
8807609
3644081
6462251
6154499
2147323
884859
9291897
3430539
8789969
978221
5432437
5070881
8216687
5071177
9719211
6791537
3502707
6731497
6458191
6030679
4849353
105489051
164957
3013407
7348021
3231647
3773661
8066189
4251677
7568511
4317549
5343261
3449669
1799511
1019183
7763673
3593053
1450823
763369
5375079
9816581
9368019
46714957
6801521
7384373
2911491
6831219
7410847
6490557
1561797
37616513
9558661
73710367
262181
270521
7109611
627019
7032631
3459453
8712673
6497181
8367133
1186547
6021583
7194997
948987
92669
2619021
6342109
9045013
2409433
1279163
6782799
6073981
3196679
9355209
7237811
9491089
881263
9969499
96997963
10260159
6176123
9200141
9564459
5582903
4235773
4583357
7724073
4122239
2468931
8390837
4678947
3883019
2352133
2884497
7276091
7056373
8351057
8505839
5103791
5649683
609709
4610851
9200927
6686141
1377761
7544189
473441
8180269
2575527
112910597
1341931
4280887
7419039
6441753
6124753
3440003
6485079
6524841
2369707
128928851
183527647
7969819
9224511
5367431
7680079
4907603
8196377
73581499
2279687
2716913
5956249
935369
3568863
7912913
5750179
2384809
3985423
8624253
6794087
7562931
9532707
16795153
5788481
2276471
7326521
6569703
3235093
8677247
5842047
9149711
6200189
3244833
6714831
5023329
288233
34422817
907179
4355937
8730061
6609903
1319163
740473
2549329
867677
396401
1188039
6409613
2710321
8407809
8334733
2676609
4974973
5534837
5047811
7947599
7060479
8245159
1593797
7008973
556717
873937
9726261
8435487
723431
197697017
3024427
9926557
6665859
942001
8265653
2209111
4180559
9933401
8595841
9869419
4807797
5748897
8018417
3010153
8395063
1519947
7816389
6495003
7385371
1561379
6473549
8517097
3389711
703573
38450139
5941073
6543843
3133849
7628713
1587737
5313701
262099
1852419
9903469
4457439
7061157
2469207
9684569
9356281
4565811
1012149
9159319
9486051
8046753
2466927
8879993
6948017
2163253
3619703
3048203
4615563
7142039
7835327
2429899
2849827
2926081
1015607
6363847
372557
8312747
6381807
1590067
3652831
4786931
3291703
3052373
2122191
1005411
3218417
5285671
3339887
7585723
4783253
6124831
2895783
9374589
159431111
7181927
647527
967903
4277847
9978873
6839311
8686701
657151
4957
5261497
620633
7016943
3887793
3490927
4385777
3241893
5459659
8441913
8178849
7708729
1853621
4189407
871199
1862519
7447849
999301
4637387
2693463
6299569
284779
4654599
2365343
6765007
4189113
2232847
443533
2166511
2495209
3437317
9033777
1381649
5090627
694183
1055791
1417367
9261963
28297111
8448251
5080837
3386387
4103979
2463113
7678801
4305587
9953489
2864563
8465361
6490929
8017393
8562677
5334881
3529199
787041
2270981
5121123
9851361
3812817
6268783
8169721
2760601
155407853
2501393
3626461
6465451
6646603
1595819
7863777
2125347
2998451
7727477
5610949
232333
5868261
4875159
3166369
9472377
484203
1522409
8983121
127589329
7321537
3949049
7653923
39295421
7034731
7013901
3052067
1729641
8100781
7212547
9583669
180252431
7064999
4541763
2082743
9393189
5217877
1899451
6322931
714659
1483821
2618409
85781
6179879
2647613
8233691
3633389
2180327
9027977
2519953
76503201
8354471
2950057
2259589
9233693
6051131
5476051
1395971
6147113
2591083
404883
1770207
9298687
3472049
68882767
7383619
2591343
9911023
6357597
5712067
4027363
4590683
8489397
9740931
8949809
42347
6485353
6658399
8485207
5972751
6574361
87654907
8037669
5648773
7967007
9933477
7750469
8254681
7951843
6226911
8237223
1898923
4456973
8406819
2521227
2475761
5546607
2795071
88375927
9408227
9537429
9495607
6986269
8854909
4815109
6298139
1961933
5911629
6945089
6055757
7563031
9611189
7116913
5940009
300901
2101531
2715021
128085179
2294333
2694519
9954623
3973439
4659887
5733377
4452423
1927859
4904393
6212021
544639
9731921
2686031
6980057
6217607
3361581
1330259
2247363
2301009
8063607
4410787
8458027
258447
7914271
763879
4022243
8126187
1025061
6900353
5618013
1184357
1636127
4940967
2354549
4896259
8895479
8555553
147417791
1035011
1730083
7901211
4324131
4440037
8090751
8667557
6857501
8263673
9520047
3021583
2588719
9693973
3133323
5285447
3786527
7580183
1133457
1643527
822593
9599533
9808267
6051123
3839291
2812579
6789357
4413757
628961
1908103
711011
4465441
4446967
1837213
1741013
3352043
5849293
2903587
4161403
2657521
5132373
6865657
8055283
2051443
5068221
5139949
5740833
673437
8450527
1255171
7321563
4703017
3745553
5452967
9404899
2735683
6535651
712163
3206133
7889261
9855511
7007827
2967319
7950473
6280621
3578363
1473127
5264923
9551741
6440021
9294637
9590903
3249943
7663903
3556071
6950993
1645341
9560041
3467639
3246221
8912561
4092441
9231811
5507751
7509357
6946081
3203303
1046837
3536391
889781
9102699
8407289
7371649
6553829
4051039
7789109
509031
4610443
4317733
7378319
252757
8843463
6293057
8776819
6840499
4248071
113311039
9279143
4601799
7161683
7258573
8846527
2879221
9512271
109870901
944019
4603399
7341811
9179827
6176127
3541813
6467809
6229991
908159
6294969
1632903
9349269
3103393
4301887
963279
38405133
2859169
5621059
4653183
1464963
5394037
4989433
3930219
6086247
3512133
495349
835787
6488711
6124867
2053481
9063269
5335179
2368633
6565579
3556729
5710701
9719271
8026681
5227763
8632987
2420021
4785511
3955523
7734559
4512559
2555963
160033
8045129
4793003
991637
3291401
1887183
2631789
2957021
9986489
3156237
1405489
8047123
8275331
5964709
7504611
7177083
7284507
7197117
5533109
15157
7199847
4662583
67248643
1531193
4465851
7009173
3309657
151539
8651311
6593407
2597059
7842723
1974831
2176647
9838587
5800559
7479703
5276151
4663391
9957647
9622613
4439657
344799
2504863
3387207
8522149
9356151
1542439
4586273
460413
6586343
12302697
5637789
8363007
9647897
3327837
130619
2020093
5187171
6884311
7380053
6100631
2917291
4373233
1829531
53737
2248781
4295993
4702407
7030961
6427399
8154623
