3696317
868917
5872933
4109381
5411299
1177021
8069841
3052769
2572469
9562551
177309403
7980917
5925289
2831369
9015823
2851841
5041887
4450829
1248649
9816349
5654751
2655527
4621421
8508481
615651
3215181
125017
4008787
4275849
2661379
2629979
9633979
3058071
110229
6366611
40628423
639
1833123
8743371
5222587
6875689
4246543
2005801
146523393
1627469
3237863
4216029
9984963
179003
6995259
4573023
7604563
8467659
6514079
5518287
7735137
6994863
4046557
5829843
1069743
104269
4484601
53094937
249581
9735937
195843
7491477
4826337
5477587
6052759
4283107
2644677
180184667
806653
4356463
4278481
61034667
8670047
6383597
8676257
9012363
5634151
7258779
5756087
2082227
1351753
2687001
9155047
561267
7210079
2228199
9194753
4027629
117403
2986471
7742157
2341979
1361691
451307
2555203
9636587
2342913
4116797
8092299
6193487
2019517
4999009
3143471
9438691
2417957
1133299
6658437
6721029
2112011
1902967
645717
6878493
18698859
3205809
3962011
672701
114301
8439207
4358249
623441
4071251
8846693
8369431
6463513
2660859
4092087
41171
9837807
3554647
6955263
952371
73437513
9413999
524533
5330067
8307961
1932333
1867779
757787
652349
3271369
154253623
9450471
7627273
3842739
5052507
5009697
3711159
8632879
4119787
436097
4544023
3871957
1294061
7746723
4081157
3156267
5583051
2560143
8823411
4368467
3785739
3141891
6704437
4993993
3995961
1232067
8684037
1931657
5329357
6572849
6582169
8791181
4474301
301123
2453977
3525293
5764037
5929257
6887187
5361227
460519
8797119
1367747
1171897
8383379
8646053
6217499
7722163
8664623
2449609
840269
231271
5384811
5942739
8369359
6313663
7420013
1460697
9661773
120765311
1277727
6817079
1005763
7547847
95059911
2008311
4978071
5602147
191857691
2298443
308761
6825349
2365183
152799
6488617
6950521
3816481
9299201
4408033
4953953
2045767
369901
5819761
6735453
2556597
4446359
5937569
4922249
8170347
9602099
5976731
4181199
7802803
8109367
9263531
8614253
1941589
442731
7650421
6142703
8295059
5227249
9878587
55469487
173526677
3968787
9726489
9729199
8877587
105203873
9892387
7740807
2023443
9303819
4910981
9128763
1579573
3417527
9154269
9238423
1985499
6496957
3735561
3806601
9555559
9659979
6665911
1592239
184643677
5759941
2867537
7388349
6847403
560369
2460903
540219
9724091
3338133
9349083
17521
3516109
2105967
2259981
1253177
8860911
1190987
6523321
8044383
9298029
5252109
8219131
4822757
4758243
5059769
561787
3756387
9136773
2985253
6120119
100082253
3711753
197373
9902387
5846469
6448449
2987351
4523911
7129633
3304367
8127911
39703767
6952287
6144061
435181
891669
6457937
5459887
2720793
5983591
6720679
4132033
6530551
120563
3226547
7055441
4460049
4678923
39023
2528083
7818759
4625179
7856017
438649
1782427
4625899
9571139
2099013
2390283
6708621
7464287
2446191
7342829
8205449
3354077
2598459
5136781
6837233
4317003
6206883
2214019
7680201
1647019
1664609
5321007
5505211
5302549
3315811
7233179
7047167
792391
9906239
3126431
1135539
2491451
2233841
9156401
8420581
8684901
1445273
959411
2517561
201407
7127363
2310439
8767787
1847059
119079
2435241
1790763
5302639
1742019
7452683
68171
7300153
2237133
192452887
7343341
7793063
614377
171597
6899593
37738911
3604403
1002491
829199
9320167
5545997
8339707
5537877
295657
3819297
4742393
3366133
506151
5009241
9795241
3032009
8205813
1287037
8712617
1047723
7647119
6446423
3784727
4843653
287793
8535507
6341559
703461
7382583
7105513
8794761
1456347
5385467
3990629
62167
2312509
8570609
6920019
2635801
7641637
4182071
5238633
2451353
2371277
4338013
1786597
2192673
6467979
1905819
6578593
5096599
5935783
2961969
138593739
5679037
3517867
7956653
1323083
8087631
8186351
9192189
36321551
8523493
1336983
3418287
6934567
8647987
4502979
4854067
3274327
9633481
2381199
8292941
7149789
5935199
5009143
5211869
553223
1703561
4434587
7171289
8941181
6643911
1668439
8925899
87560331
5461631
4784491
8774107
741923
7115331
500393
5302049
9912097
2020459
1784937
9482819
6478069
8025121
6274981
9978359
7921677
8064663
2133269
4150067
6068319
9738423
8074891
4365111
2284059
6969401
4543951
9259737
6068659
5042859
5617901
6947071
5043843
7119457
3598739
1149957
5014519
8092973
7400147
6316491
6905281
688941
5448911
96272839
3295129
9374399
2594313
7821367
7715777
5090917
5245351
4372969
3708233
8834773
6158809
9489483
2602029
9788681
9764697
5290011
3075993
501511
3037169
4280561
1316867
5025429
7043617
9588407
4015443
5962189
7297169
4662493
45743
6973877
4179887
4148489
1846949
5555101
374231
5212451
5403597
1042639
1955677
5747511
4484709
1153611
6036143
4330993
2549237
8158801
8343653
2615473
6410721
4845757
3156399
8130669
108789
1074213
4901881
6642837
6633991
6492159
4341517
5217247
2481819
6764627
6943759
9434417
4882329
88215241
122075429
6015771
2981523
3755339
4340453
9415711
9729559
1411817
4507757
6835167
6246579
9535397
7253833
1637053
4455899
4630153
58015157
2861071
9597777
4765593
507269
6265897
318253
5459079
3051137
1760477
173784287
4778169
1680963
8924647
4494089
4118411
6522909
1574497
4748381
6970071
4759673
7524947
1620677
1961393
123899119
4471747
4500171
1777287
917227
8835543
5727871
5555479
9328807
796939
7504519
7911233
186031709
455881
4001993
6373757
8165473
1531279
8127203
3204723
1588713
6765089
5372483
5796303
1299479
6326307
11688113
8897027
1743577
2489999
5056247
4248113
6354341
9555757
3968769
3996317
1192977
9655799
656207
2424221
113983
9551719
1912871
7201817
7486933
697489
5729609
9839321
3865959
9932879
7815449
8844133
8917381
5142293
6516883
4911341
5377033
8854899
921871
6305959
227353
961657
3920253
7953331
9353137
2641111
7427089
3003807
7087179
1756449
5769989
1701981
8344467
9654347
90513
5696369
3544397
2897691
114561779
7608887
9847987
2330427
4334161
6352071
7518351
2719567
6740907
9729011
6817321
3367877
9221061
8054463
6614513
4251713
9151677
135027813
1152293
863371
9349161
2683429
5240513
6617507
8884941
1411951
9671357
37533641
2525219
1958749
4005671
9109801
7337237
9897859
5150713
5520803
6946501
5243663
6919187
5130791
7312007
1137351
4094423
2324121
7395267
7133477
2322127
6419609
3708787
3143761
4554757
9968147
3101693
4000261
524479
9983079
7048837
849521
1817661
6313383
1834637
361131
9048473
5000001
7369833
5145659
6377577
199399
605619
3162443
3404741
3354357
2317897
5179719
9065843
150346219
8132717
50305269
6277159
5851659
5941473
8651921
260199
4252717
2075457
5302009
2919881
1290707
1207111
9156201
1743379
2889879
7625211
9873311
515541
9608189
2874881
5216657
6704233
289961
4864197
