7216667
838519
2585051
6831559
905779
5431361
7050011
935299
1410911
9843577
3521589
2963979
8932693
6343213
9517353
5207371
6603427
7319229
26428001
9492737
798051
2792397
7320831
2220539
5482759
7153983
4779703
8510927
8485639
9898833
2957487
7185151
687739
7899933
175793297
2695587
9145307
3211073
2590813
26757
5562133
6496067
2158221
5274919
1988979
6329553
4515907
1925019
9669563
159583
8278789
4113063
69222597
705629
7199953
7371023
5719283
6504719
8097893
1582743
6600939
14180467
4481767
1422769
2911147
8063651
8346469
1824493
104766893
4220531
285323
5599447
995849
3552853
4464253
84241
2584291
4963683
145197981
2046223
4071211
7832457
2605657
5627979
4141899
9271741
6086487
5236003
3438091
3679057
7381957
7228451
6806161
2178687
1948681
9414319
6500351
9629859
5147313
3107643
51350611
6702433
9763263
6023699
1877073
661447
3169499
507981
7269863
23562059
4786221
7413407
3268439
3665861
9165857
4784761
8311697
179894261
7827069
7661223
9268397
2907177
8942581
170171059
7690537
140219
2096209
4711871
2079929
9413063
563483
4832177
8700707
807869
2577989
3666077
194427117
3470681
1261417
8995957
5099091
1050617
7289857
325609
2004169
3708367
1532713
4955713
1089527
358259
133683583
26432369
3299253
9246501
690247
6901287
2364127
9789
9660019
6953771
4511587
4646213
7311129
7562659
7815239
4689001
290237
7345801
774607
5752881
8907191
3542641
9833789
4139849
6108491
3974239
2219267
2800117
6067059
6313461
7741903
1512499
4179579
389797
1026921
509509
173451333
6401803
4893817
187282321
3079219
298849
5504677
1260623
7602071
6997613
3420309
8726331
4099223
4379257
5764857
1984297
1907787
7349179
7534377
3281203
1174039
7053677
3896023
6865781
7491037
8979667
4205421
8012747
2395743
6842991
2904337
8406271
3994589
2446109
8261881
6315609
4890663
9788071
1140517
5564521
6735391
2500373
562041
6045789
4122013
2446143
8461237
9213003
7178207
5756217
1139331
18483811
5923381
8186669
579607
5673103
415243
6522421
3445823
6480863
2344531
133403
8847151
4979231
7652743
9385429
8493119
2353933
3815787
8060843
8789157
3730179
7257129
6131349
3290077
7824123
5503901
1494577
6705813
1564327
7540467
7960453
9022017
4016247
2441643
865381
381323
9428989
1027673
161187
5529349
295409
1393553
6512067
4509193
392173
3669911
9876431
7313997
9368741
4617471
1049411
7217847
3826073
2131719
9509621
2704357
4565611
7734727
2157063
1060779
7169671
1841439
1988221
8809487
4480013
6027007
6243087
8525919
1250103
6802609
6970949
495677
5210753
3338723
7818091
846973
5371727
2710719
1914147
9574469
9744957
7949891
375111
1608017
509269
8115823
6635953
8721477
9721521
9598079
9074777
3554297
5286873
5016447
6207853
6175219
4423791
6867853
7455007
6140023
2710103
9671273
3508981
6131479
5410739
4474607
1617209
5949027
7357351
183998263
8791211
7562177
58800839
632309
6993563
2923663
1766121
418037
280961
2591673
6559203
5038173
6027069
7671739
3757561
8364287
3775103
2425109
9454029
4612313
5296601
5873941
6238357
8176861
9489827
181251
3022803
1731121
3453111
8087029
3635649
6623049
5045841
7987307
3067873
3601397
861281
5420879
8044667
3448421
4700171
5074243
4244079
1518731
5943991
4244547
3365727
5499561
1676243
550351
1721063
2408419
568627
8656437
9879039
1572511
6937179
2953909
5012869
6323101
9944427
6740401
1530949
4444671
5354417
7734049
4526751
9115949
7758661
4811579
2068383
5982413
657373
9204321
3723583
6799647
2096507
7406103
3136309
3815031
4169393
1681339
2816587
8826207
35834631
598623
629807
3997579
6202727
7525339
6643273
3485553
4301641
7324133
6261753
5867011
7714667
4337557
5543053
8114663
5556319
4651437
1817117
7515919
4581249
4497197
147123
3265671
5567341
1516257
687553
5888149
79153
8427389
6528527
9337693
1113191
8829427
2768791
300407
5269633
1505751
7183093
9905697
8335951
3353501
7519259
3483687
219037
8657429
6552979
5653043
6561371
9092517
1491973
2739289
691873
6113763
6254837
4018183
8192117
2157083
3453201
5824351
2340869
2218979
8723579
4171867
745911
4227809
1384291
3566437
8659509
8943907
9608857
2529343
1502829
4673691
2488423
9545093
5388737
110911
5779837
4829103
7758963
1105163
9607087
734927
9071997
2185657
3432007
4732471
5434647
9915521
5695931
8013839
2995637
9635617
5567577
8142047
6576227
3611969
4498497
7185761
6526077
7043223
7797563
5990999
282197
3529409
8376401
8876547
2129481
1174689
7823919
637317
4394343
9246779
436551
8533021
4136949
1958413
7823763
9727219
7297759
140171879
7319213
9358697
3969997
1168589
2030967
6712981
8298991
118969
9936143
527023
5811973
121703301
4665769
9506961
8505373
161778411
2678053
5606393
2399661
846823
691247
2350907
2175411
4197307
8278303
5854229
1225887
3843561
5971129
6352299
9956417
8623311
39174091
3024323
8899311
2068903
1262701
5982697
8399173
9851983
7259361
5312397
2762047
3629047
2736471
156398559
102652173
6279603
2102833
669231
5546413
7996111
5890153
9093771
3695837
6535397
2663647
3703069
5963973
9982161
3452531
9138949
32747
9281261
798589
18643327
9926007
621283
8110789
1096493
7912029
7471523
2240637
8552247
2100027
7947047
2630337
2723343
2831849
6216367
1525043
6289661
7328621
7449079
3535887
7162359
4840139
4156901
2511973
2446299
7412879
8102281
3949647
9286917
1714803
81079967
5198239
1840109
5804297
4831847
7035493
12387
3540007
1021109
1311991
6973519
8093191
7301349
4010259
6471303
6195233
4051747
8738179
757829
2391171
8259277
380937
5559717
1447643
5121581
7536821
554353
6769317
7709743
633351
4634579
1295519
1723897
5765571
5863703
2104329
195548631
1047773
6952639
5650047
5162307
1614527
2211387
7999221
7588689
5335239
8360297
1496071
3810649
5421303
5715089
2338207
8110603
7784621
88661441
9841309
7558191
4554553
7946961
8521527
3559089
906353
4582543
8877863
2492281
193011329
5542309
9265943
1755691
2930171
3471283
1592751
340789
5641613
8983419
48252477
5874617
967477
1976561
2620769
9456977
8011427
258327
1511739
8704351
7099529
2285219
9707689
2415079
3153461
9022523
3850401
9641917
9110389
6910207
3542699
7205689
6538821
8443533
3448591
5578849
5896523
7395407
5214257
5274627
8996963
5364093
313661
4457259
2371767
9601629
306419
995161
17847839
1642321
1940947
32392299
7073879
8019319
1028669
6322383
4971289
4817229
1123979
9991443
6293717
3764167
8042501
4554907
6399349
3140843
3887291
6292867
1290561
876669
9359297
7232723
4712981
391013
1721789
6513181
4093409
8164037
6615401
3047683
998187
2039453
5892661
7969107
120025981
9764007
3588517
673383
5050673
1591367
1044143
6743297
2380009
