7285869
1662533
6696629
5296927
172621
5391397
7085993
1805581
8876967
3503831
5608943
7609533
5910577
9986597
7738681
2470639
8477857
9925479
2294209
4840827
3952219
4367961
3440019
841483
1540179
7898763
3010431
4974429
3086707
337171
9812603
4819461
109697
2340697
296261
1449547
3257713
2191869
8253831
7391827
3903931
8016209
6110489
2473689
5331119
4240009
6620977
8893589
3972463
7597981
2388799
578341
7010817
3850321
6320859
8055593
5386839
2203241
2397201
3503201
9035371
6770923
2817829
7725767
7725027
1529659
8933069
7936499
1731419
6616549
6952763
3637307
3171951
190829
1693003
8647537
171857547
6575303
9534633
74391
180951223
2177219
4714179
4786013
124411309
2966651
2808759
3293963
2681413
6915687
438417
3276807
5078623
1455881
6824123
307637
4951489
7061447
1776163
445111
2698573
2685151
9306983
244771
8404829
251379
2846317
5673607
2156603
2191961
2459711
1934883
9692493
1385689
2920491
5812403
8937987
2813363
8781039
4300567
157810827
32821007
8905341
122628893
3943629
349323
8902813
9230867
1928239
7643269
6144301
1237057
94957163
8136187
1259747
8269101
6198851
4889911
3872961
140535831
7772511
9708407
4313159
217269
1930071
1883351
2834333
1287183
9190169
5906061
8018447
2171189
4453619
5863847
6519329
1718131
972481
4619451
4420483
727031
4616421
9580941
6127847
2191257
8985037
9805799
1135581
9644331
7776521
4395323
1076269
8084093
141543
3118091
6408831
2265587
8801017
564573
18431737
5586437
6948019
3107159
7443299
6162187
6509429
9774963
7061997
3857949
5932681
4769869
1434029
3860509
5998547
2581541
9120957
2361947
935649
3619117
5927823
1305849
6196697
6724031
8437423
3557077
7604117
6192873
1255187
8144783
526963
2859753
6005443
7898439
9175377
1698857
1423969
2194123
7260641
2706701
9047277
8425401
7021253
8293321
36498047
4043561
6663541
174937447
6149789
1499017
2942517
8974589
994451
1915617
8313539
6050187
7069559
9904003
2960437
2067973
8551289
7516991
2539513
5690829
3319179
6641841
1848361
170723511
1915903
6756399
601663
6300381
1407489
3839859
7126001
5164293
4883293
6630891
8527381
350991
5125117
4655867
2427229
9815343
3198651
6978693
60502227
1051141
3102309
2955611
9256307
3671611
2848969
125767
329477
2565213
5903597
5310991
2363303
35125037
6566213
44947329
8693641
1138993
7271841
2556447
177488057
850919
1199061
7167369
8323939
1538881
5644977
5452171
3401939
4501711
9810219
8766247
6541911
1461591
8280363
2908193
2810311
2274941
2646897
5909249
4162591
6352471
6931043
7362259
3209717
941021
2734133
8042621
60503923
9282847
8556129
2007423
2664151
7124787
5009187
9984631
3562893
1669163
7687627
8410539
7487657
2545547
3881987
4048579
9627087
19997889
3644339
9705791
7834277
8755543
186959601
7318361
4027257
3299011
7813861
6047531
9041723
4980623
1942351
7174741
8761829
7488209
4309619
2597343
1617043
9460299
3212849
7633469
5607097
4902117
9169273
8134971
2879319
2589021
5734523
80288011
1510197
4903073
1917629
642147
110704221
2281881
136882093
6438741
155363
9105759
5594461
9823267
6480923
3714163
4643899
6779057
3769971
2269017
2872751
9503949
3817273
6038017
9658523
6976881
1214017
8190837
4605167
2974497
9910599
4592783
7841497
8069909
4724909
5276447
7879561
923921
732563
7865883
5445321
2805229
180809021
4010661
8270377
1018461
3853059
5329517
4996939
2111417
4438981
4416827
6432817
4980809
4593129
7375749
8182507
3462383
9000883
8683381
2963061
340577
5274817
4285531
3010479
4937961
8969083
9986901
4859327
2737757
3877469
2362797
7183491
5070843
7999703
5033473
592591
9333149
9150297
9313571
652383
4399511
6792231
2440209
3724343
2987949
814513
9315039
340491
8453833
4848789
8282987
1744207
384693
3463683
3172977
3735197
1493641
7148709
4921907
5552723
83407793
8313579
2417589
6379703
8388093
6272841
1756079
6019613
3285111
4464897
4293587
8790087
112582867
1429059
5197159
2695099
3249389
7447611
9555771
6008381
5257147
9037781
9018897
4351107
47598439
6310781
158169
9278433
2128911
8781263
8578177
7945651
1526381
5511589
7963239
3707683
4521713
9328987
2330657
4528297
1565013
6639509
5689951
3325867
2234391
2356337
8179587
530171
4830781
2542577
1948257
3339127
3250173
4634219
4484381
440807
9162551
5999799
3020903
891759
229631
5653989
1190493
212021
3315287
1740743
294531
6601279
2047467
2791827
8394243
3072013
8119721
2497043
1801703
530333
623517
4511801
5217463
7820219
4419157
58684841
6313033
2643101
8267069
5075423
8415299
111017483
9583061
3117419
2901191
5832469
9142881
2670961
7024457
1280323
2824239
7662557
4930593
99509
3401151
3112141
3987921
2569761
7996111
6139061
8781659
664969
3822403
7638223
4303949
8521693
1366173
1073887
4625419
365777
9901887
8682339
379233
6124633
2431617
2353327
1456817
5541727
1977161
5673541
4835317
6898307
5347729
3983541
1092483
2028447
8614589
9194299
1686497
8065857
9020863
129864223
7680937
7040201
5136757
5974203
4946959
8843021
143939
5601139
5466099
7349853
8824613
7957223
185327949
282087
542251
6957333
8159727
4380001
6560363
4346249
4466567
1344857
3992877
989711
6857821
2058123
9180309
4888503
2052841
7233469
2138513
111755613
7281939
30333
8991581
2078179
3770899
3787603
1773699
5983171
2771177
4740973
5453563
3254237
4330761
81794323
6945009
2333619
5940797
992587
3841651
6081083
7222733
4522793
3455107
9071763
3382599
5686607
3202111
6569429
3878643
1674249
3009563
2869583
1697819
8639247
7016483
9671669
5921861
6043293
39836451
8656223
2081333
2371679
9193547
91835309
2022879
3854281
8520341
1560003
2705047
7352251
6259839
7719303
9008053
7948181
5765001
6539953
423861
8509287
3005011
8366753
716933
7949397
5775289
9961523
2012383
579877
1539969
7218619
6536191
3598829
9620833
8911921
9193249
816269
159253973
4062251
5241181
7215287
8386227
709331
9108089
9232149
9891037
626249
9061981
7853141
564861
5919731
6844101
9494879
5284957
5916311
177289
8746113
8221699
3024613
7499703
5335423
4431837
8945291
4720339
5612199
104730057
7510879
4424097
6771277
1465237
4850013
167351627
2450511
6474787
9001519
6454389
153862863
8631671
9049943
8385889
3610669
635481
9359299
4435931
7181611
7957853
111617
7224647
583589
1619163
4709341
2097727
2940471
2143641
399639
289957
4939703
1537139
7396053
25200933
3334147
9027731
4212331
