5622157
5666209
1600823
8810217
2084089
6385031
1549727
196969
8344857
4307731
6156389
442267
6775613
7951153
2342543
305637
3121919
7581839
5835843
3368693
6286621
877917
1215347
4255487
7697521
5126061
8198823
1221231
3764299
2829327
403291
1906043
4023513
8880341
5472527
6328539
5482617
770001
6551353
7512111
8634999
9852197
1518313
6131899
1328759
9875407
4946537
3766851
9831273
1410247
6366383
4246823
7330497
6633637
7390899
7392099
6687931
4071733
489737
4887947
7254433
1034769
4339459
7623619
7827439
3512439
4091283
5900467
4166899
9132651
5619443
64871571
121217
8837031
2608993
5683977
4393213
9433661
9439157
4049737
1424437
7300953
878681
7040169
31563691
7977043
9728813
1210791
5436589
1785607
48111381
3413019
601859
35305653
9232947
5770053
8912529
7318847
3861371
8308267
509643
4986371
203357
5655387
5450499
9903771
9673823
1792573
2924647
5039999
9122241
5018619
8374449
5249871
2075157
1642087
1048909
1062099
4140139
1645767
4735399
271949
9780519
9837879
1523373
362829
3923613
8666279
6197231
5608881
899989
2829341
9146479
7315603
8266779
2293287
7097719
2229993
6035117
5978057
7471319
905891
1407791
4178957
1626009
8115419
3780947
5095131
9824427
1952519
134631247
8462669
6392443
8758301
3593259
6037207
8502157
7670983
2056699
74866089
164009
7757317
1598993
630243
9435169
8638821
1125733
188103
497181
893597
5325033
581917
20574037
7118187
8159179
1818461
4448827
1811863
3792619
3044839
5252231
164480181
9130411
3657747
299139
9273843
1210881
9980539
8153903
677729
30527
3632261
5518841
6968129
7356901
6521383
8244949
3166041
1953919
8400421
2178707
4253659
6607753
7343019
8238259
793839
7197459
7557093
293393
8042777
1250789
7323657
9157037
7700339
8881293
6174901
1887273
6048969
5657397
5866839
208747
6292239
349783
896567
5228733
580749
4994387
8550703
6594237
337499
2749277
50085469
1063497
2717641
9307667
5214181
4610101
5582931
6067247
133115533
7979419
2602629
2401087
2052023
8486461
8603419
6760229
8298569
4726503
5664701
2528513
4098309
7021401
6378663
7318593
7574743
1528889
6462939
3049649
4285293
3235087
8303271
1149691
4359737
7712449
4057413
9683141
5686503
7813829
3771907
4142853
8963427
9204943
9763547
8740451
36641
8508711
662051
141326681
3647633
5532397
6541599
46999007
7249161
4493497
317091
8763199
1516233
6461489
8212273
9278007
1738443
3122671
5701799
4679463
5737231
4927007
3517833
63731237
4948159
2702983
5421947
9722479
3851487
632861
8050161
9129507
5368863
4885423
227507
9499897
8533041
4104703
2854231
1842431
6905219
9686823
4483047
3201767
9104937
1686691
1664621
5426521
5839901
5359857
8441301
8000859
2742793
102441429
7507479
7981341
5657983
3582531
4326799
245211
1424379
4034249
9443807
1762327
51535853
4037903
6410119
8595511
6090051
207827
4031719
4012051
4534947
1627443
8658991
5140471
6950717
2130209
8483563
851359
1662729
9232847
4223527
7142567
2980837
797331
3850459
8779739
447603
5985169
3548407
9990493
9614227
3027499
7740723
5276769
7174499
1424033
4181021
3590691
9539383
4086747
5625183
32001
3459597
9040697
9784697
6605961
1702411
4076541
1379151
40841
4018787
5350083
1824447
7580593
5001399
195185757
2482031
5190019
9582297
9663303
4548333
5798637
9028019
7014449
1505433
289839
3967061
5947239
1298731
6504247
1958083
3492633
5319471
8538469
77962681
4136767
86192331
527169
6856447
3217427
121144759
8432587
6104311
412367
8154853
7794351
716549
163878961
129814853
3909159
103693273
1122561
8144011
7769101
2067019
5533721
1441217
6311243
4649881
6277369
3229247
5730649
397177
3791753
5564589
1567127
6410553
49853613
1410711
7338937
4989051
2866951
6972689
3867023
9918167
4396981
2493081
9923639
9780309
7369829
2248333
9361663
4819783
6919691
1127869
1952999
1343721
3239527
2814237
1208037
1758443
4743427
9955863
6693649
582057
5308561
175849049
140836677
3256817
7630317
4400633
5579297
9740841
3967
885911
1228553
5749499
6602559
259471
1563367
6724889
374507
5998179
2256683
9695689
8880791
8522817
1921389
2986783
6367573
6357157
3693741
215961
5856959
14726737
32849709
2305737
3032039
9780467
7697643
3037323
5854411
6865117
9839661
8866683
9664943
9793191
3686487
1627903
9504629
8805843
3195511
8416721
1208681
604769
96944297
4751183
154489
4629483
118650157
1153351
8217261
3615071
3017389
6166153
1305367
8380171
744957
7203137
742387
328947
8497303
6268319
314267
8979701
5582033
8169737
4692203
5231553
8244317
9851221
5120911
4050339
8241149
54306567
2414119
7868133
3278963
5802327
8369043
6473159
4716913
3280587
2225637
1890129
6550229
3943361
2317969
9041609
8488451
4469297
4131947
3716747
3694253
642273
3286257
7859337
433761
6480947
4382817
5647979
9422691
6147467
1587437
171131
2597957
441989
1270223
7797373
2658699
9261369
2223117
237793
6911703
8603269
25291
5234149
9919623
2380313
796647
5020761
710571
7005313
9686087
2110647
1120787
8320491
7886207
181253
1083431
93204431
7203063
2506191
6082989
6023741
6618671
5696661
3561109
2287899
6697699
7009587
185747063
7022341
9570383
4810699
2880857
9041381
8553523
3417319
4435211
7362493
7252129
154349
2104457
7462253
8538357
7325373
7031581
4240863
7395939
5242641
2045851
1675353
5823959
8603197
9175717
7747491
9704707
5869479
1963739
8837567
1052347
1141371
5681693
8489021
2992643
1800203
7633323
190653
8326091
4380539
4480853
2159451
986981
9439423
8618001
4939947
8973709
9827949
3700001
792661
7617967
6790837
9182649
413551
2919243
4613593
893777
8780911
5166801
187590357
8083163
1627671
2816323
9989881
8736979
7356239
7645517
8642439
284383
4817699
5352309
991623
2697871
4129341
6624631
5570097
2966611
4023341
9135317
8623137
5452599
1976151
1406967
8196009
827559
5532143
3195137
6254299
6402429
2953171
5310503
365329
7125131
299689
6055801
4032777
308517
3434433
649611
8245003
120870619
8737619
3753039
2195113
6059951
4091387
3295747
5293523
8933787
8080817
9028577
5752577
3618063
5367089
323453
12464801
7891357
2657643
7080079
3501221
9535129
2203479
6680753
4277483
4331559
2327127
8978443
6558241
7891119
1161313
4008133
5415373
108402163
4380843
8626147
6734191
2909171
9180191
1368367
6567987
6317333
1170779
4578823
6322291
4453127
7774969
148143
526867
4539453
912117
1615729
43497
6467673
9231651
3867573
9135233
6440203
692177
4035507
9277823
5493947
9155197
8716919
3437329
7495911
4773709
2833549
312017
5704413
8440831
5529259
5240207
6088583
1671371
8784953
350881
9873783
2564023
4340687
8166111
