5238119
9541541
81683777
4083863
6576491
263073
5698347
6398153
7524323
467313
7209383
1291663
6675153
6173269
4100817
8666993
7808371
8829609
2970481
3454229
8199793
2343593
3649713
6496231
8908379
425439
3843193
9133383
7509061
2099731
7856989
3348037
5092219
3330183
2509633
9020353
3270503
7346833
6146079
959007
7873213
1076359
7281573
5357989
4067969
3514489
3664841
2160571
4719021
156627189
7838817
1582489
6737391
5574343
2927323
5195879
5729157
8773001
2506573
5848399
95517
4429497
505419
3847669
5112887
4704097
4011963
8803947
7740907
146614031
160753987
3741143
485063
6629271
8071929
957761
3211289
9310299
5550437
4315549
585739
7310279
1537887
644779
3651309
5484173
8660823
509999
1663947
3769899
7818477
3097369
59611
3884707
6518339
8103973
9903829
5895937
4238831
9058139
5916361
6702849
8390869
5220369
371959
4621887
1434403
4093691
7936999
7906063
1391007
2643203
5126707
2198679
5025549
4767753
7457707
1103543
5981597
9320511
4233369
94450447
5915871
2061697
5015621
5420661
4619827
5196363
680623
9159041
3235401
8712029
5899459
1478787
2448733
9960701
2473421
3131589
897781
8811289
550101
3019507
1149931
1909981
308771
1388539
9724937
4146021
2223533
6870877
8544489
1954929
9452253
4335341
5848949
7014903
7850083
2674969
6663077
7194799
5835723
408837
6980471
4538827
9750157
7834219
1185807
5158339
2930313
187659677
45539463
2896207
6718191
5768461
1782659
8956607
4335937
7555929
1311789
5355457
9585177
3519731
3233811
6178701
5422039
5879959
4792699
4181309
7466339
8571197
1194409
3400217
1180727
3433887
125793
741847
5943271
6568771
4264363
7631629
4039593
4856447
3951301
1636443
5761663
17907
5444397
510591
7398199
1582641
1360983
5681503
2989519
2264173
4609813
6743287
9070199
1708621
8527089
8437941
668757
2932037
6051907
6425377
8284187
159125929
7895601
3101739
3892349
8676581
1820237
2819109
987359
2974747
8113257
4297047
2501897
3129327
2509549
6970087
46297
2664889
795067
5346843
3275777
7609771
4333771
8306561
2442397
6669463
374213
940683
3232313
6744641
5202977
2778779
9717063
1311671
5285781
9500991
9422413
7614109
5161803
46824339
8683879
2298831
1123821
923739
7093343
2623059
5427081
3818113
2320471
8622963
2385499
1228831
9323787
5353489
4077071
9152401
2148349
86979
1915343
5849049
9401109
8583723
5651451
5316083
405837
6777287
2612389
4696263
1230301
5171097
985533
101773949
2781357
3672977
2489101
3370259
5102887
980811
1465991
7814289
192818787
3391987
9789239
3710719
5851879
9336293
2609531
3856021
5626571
6320129
8753049
5943803
6231813
9402053
9047231
4878937
8655331
2109629
2686991
1865511
103521771
156799
3370787
77467549
7184263
5152727
6910139
6020831
8469807
141999027
7234583
9750241
3411457
493137
1085313
9351877
146829
153645357
4153323
5732567
5136613
7482971
5735849
1938913
8657991
9978829
138721919
2634853
9599663
2985579
2350727
1686543
4493373
7389557
135119239
6669441
9174787
389049
9397233
9341557
7902069
6270981
3192981
4154323
7976877
4176757
3006591
6493417
1587927
56735373
5462563
1025771
9905711
3876559
8859039
6882543
4219241
2722857
4531543
633737
5773549
9922103
2366111
3023911
2706039
2184633
1180169
4029603
8900167
4435757
8415757
5548651
8908983
7700273
149709149
6161697
2604189
8736997
4416243
6491271
654377
7449849
7529089
438191
1670383
7023733
6749603
1987939
7505503
6524519
2380423
4263823
9234771
5760439
444957
9534961
5931517
9643783
1008587
2265213
7497287
8964159
2144009
9671637
157649999
6116779
95139053
897309
5753061
6061647
1132083
9511709
6113703
9239033
9203251
1125389
2615791
9383871
6591227
1390681
4764623
5580437
6012639
3441213
1782201
168529129
2842149
4524467
2375081
8590663
4147197
9320171
7027447
5816283
4486317
357619
7259971
6464671
2749241
2144531
2018619
572367
1097211
7792251
6923643
4192509
2528533
5596241
6377713
8812563
4361011
8767243
9743727
2527593
167390641
977093
137120771
1916837
684727
9953499
8456271
5834357
677481
54191
2687243
909177
2299393
6935431
5559901
8791169
5486553
2833209
3404407
5772441
9549411
173883381
7780919
1480153
6234151
5863561
8487697
4434341
5246183
43530657
2538321
4360443
8553937
5852081
91798247
4123383
884629
1479617
9846589
2576937
7394307
7206491
75781089
8328049
4155053
4925639
7902523
5152673
6254543
1523829
3658009
9788861
2974997
4019007
5175273
8755679
4669941
8231977
3718973
3540139
8451487
3837903
7603411
771621
2385459
6998147
4927481
8631729
1836993
8784451
8433851
6768643
1139617
102409983
83142481
5295283
182418469
2408307
8612269
2489651
3624111
9487461
2566231
1279601
3975559
3870049
7435761
2729757
6900869
8712281
8623979
5429683
9781367
3931967
8536183
2208731
9961409
8969601
66675057
5188147
5840997
50751397
167347
6429367
8873929
8314747
3861957
6419453
9809201
6507247
1613661
3369949
3160173
7668259
362553
6281141
1218437
4556737
8328517
5518377
3874633
4989267
1125021
2291813
9857739
5615041
9295779
530117
3960677
4319901
1335767
8607567
7789971
2965307
5149963
6504811
1545917
8619751
3539629
4485821
7945387
1548787
80413681
3700403
5264913
4902639
6332601
5725001
4389129
3150661
9753689
5170413
7974379
5764543
1218499
9025141
3402751
7852339
3431763
5588191
5530499
5998993
9720679
4311103
3054569
8275727
9110709
4355409
9609819
5805983
4430339
8009803
1814241
2746723
4548027
6929671
2194411
818337
9488361
228757
8883331
140699
6515477
3719449
9947039
1883279
3939037
383979
6915841
34559281
3690749
217571
62247649
5047177
5609557
6988221
4254473
8378749
1460011
6489153
1077423
3706533
3969761
2299191
2094691
523663
3829891
3103207
24070059
7481619
8537701
6201313
1935213
7893627
941639
7164781
5781841
3626757
3181483
8013803
4486289
3783539
4927699
1936113
1499359
1301859
8264517
8121563
4454163
4231469
637547
2607451
9243051
5226871
3365001
5132041
5623717
2789353
9125177
2555863
4813899
9509717
5108107
892953
1324679
2533053
7043461
2290767
7027023
453827
4330157
5597009
9361131
7370701
3516367
2490677
3373159
8074199
33077
5240139
4745531
5880643
2159419
9020799
559511
6704397
5858941
1231823
4229417
8809797
2139493
6355597
9264751
8828587
916261
2451731
9889797
8697849
4052699
8145599
9923997
7398207
1568253
952491
2561463
8746493
6044689
2447711
3492897
5538979
1791909
9543663
9529721
7319589
7963809
5364551
8779817
7674749
1851363
5822299
4583367
9806731
87372727
3097893
7830529
6693053
9917237
2065033
