8373557
3949299
7895507
9781321
6037739
2703301
7678207
15763
4009451
2036529
4684361
9841589
8737513
1219161
3641307
6436299
5114039
3239343
3007537
5221933
2594831
482749
9358193
5880379
912419
7265209
2318647
569597
2125611
736557
2044909
450401
7212321
6230437
7562741
2897257
6169819
9214361
9730697
3360643
4561121
156875017
9320347
2606187
104137137
7341821
153247
8136089
7995649
690571
6078201
5390571
1414073
9693861
79251
6686473
4364803
9735687
25466467
129683
3999511
755719
9321871
2078429
1218897
545553
1914559
3986247
770647
7865263
4757417
3088739
790879
6055911
7481159
91035363
316097
1217971
5534399
6300349
4509973
6241573
5341419
3204391
6004339
8268093
7772481
3793399
9080287
9194861
344281
3995173
7132261
2710449
2760151
6745019
4491201
8462379
3914453
5816551
317679
8127909
1410229
3902401
5476243
7837481
7634681
3724579
5854287
2381851
181238049
4252301
1054119
39426961
8008951
9434437
6594117
9759509
2312281
4099523
2136787
5406939
6713133
2050719
6095349
8767203
3354123
3121011
9158799
8879569
9151871
5846527
9223101
3488517
5853313
9091579
8458411
7146533
4597343
770861
2931131
9772341
4615257
7752293
2359541
9533851
2022711
3160421
29723
3351099
8318503
3592959
868983
6835857
1671589
8537293
1142993
1403609
6339511
2828537
3034943
1425679
5611871
4515051
6294269
6354581
9124941
108519359
3215759
27937753
4208207
95644643
7896367
2221071
4978687
1767951
4700367
9674337
6973321
501079
9726389
1521351
1095841
4491743
5372313
7221203
4273357
117878321
3148451
8267219
736203
5131953
4680359
1990459
1767783
2483003
6882879
2377899
7530849
5536803
3526819
2149727
279119
1730863
861807
4589483
176795229
5184289
2221051
7580863
522303
9522611
2615179
1923511
7504261
1640369
68890087
6419019
3511561
4235319
9111173
4463703
6866549
5616621
7583947
22952891
1134659
3699839
205849
6664717
3211837
9647971
4338913
4665559
3218103
9521091
5221991
1925261
1921349
4794639
6578257
9001651
9272253
377991
919947
161070553
734399
732763
3070253
8006219
1897763
1552687
1065541
8358779
5237591
5466259
5998627
774043
6145963
3826677
134215043
2138131
1785857
8615449
6374201
4248177
385883
9730831
7570421
194672119
5521883
9208527
4181701
1714899
5859753
8572003
7609469
1369107
3849511
9419337
3574589
1184399
6673903
4017657
9312823
5862867
4495103
8661639
9345697
8965869
1089293
5345787
5721779
3189217
5297191
913557
4566107
6140947
8267541
468911
46995221
8422823
5996031
89635209
7667997
1974773
7438281
5817401
6915829
674507
2801451
2431137
9784909
26553857
3434311
52347887
4776229
5720999
7331421
8514901
8883779
2653159
9564121
3859499
6158411
824327
2245681
4337831
3097781
4516767
2443669
6707839
8661967
8483193
2357237
2209563
6656443
5539713
1309019
97447
120779
604611
2719759
6919413
9628887
457719
3666257
2349487
8528527
455421
1696707
6538643
5257651
9446583
3586359
4741301
2383959
7468117
5975973
2093367
9897493
931837
1188431
8450369
5872111
2224367
2908571
3259893
4647659
5713403
7051657
1664419
3504231
4562461
1853447
8531829
915381
3596377
778879
3699153
3170801
1256997
232881
2135049
3925371
781113
6204847
8037113
9717223
1733981
5852747
1482449
48953
1154083
1596559
7902829
5231957
3813031
6314693
7220061
810943
8764121
6653353
2477599
5031281
8835337
8236897
9456057
947073
1461643
2930577
669757
7068819
8278723
638923
9040313
2337547
4704309
143373417
2169171
9986939
1952531
6912907
4761147
8143089
2137657
3408873
4465743
3792569
1377861
2974193
3937911
4900797
8670307
628851
7022013
2310059
45613
1736861
7118643
4043197
54476931
9142201
8262707
43097327
6768583
6326189
6665367
8915611
148188393
2979601
5755769
155753897
2440037
8308317
132204707
4779939
1133329
2850043
5927143
5237011
4236727
6012401
7341339
494313
3695533
6696857
4610957
7506411
6459369
6882263
1538273
5346289
7996991
2237901
3792969
2569773
9560457
4269069
3574157
867449
4461433
9692981
2718307
3084221
6822057
858619
7440581
4153717
1430559
3391723
3932349
8687471
7878899
2375791
4049797
729813
5658609
8142239
4919053
3061593
585977
5704471
7560707
2379301
4430309
9468429
7305863
2518217
3103553
1079289
7526229
9545649
3567383
1148729
2221937
8874237
2785869
1179493
1898869
942029
133736249
7106349
7189077
1939503
8492521
4124889
9716503
24891797
2008727
2314463
8235841
2876907
6280989
8437071
1969693
1171261
581627
8569959
1593187
2508517
7447927
300031
8976817
3409367
8523983
4078759
4277133
5893167
295521
5813367
3128787
1805717
7590993
297233
6704779
1053003
8662713
12747799
2837059
2670313
4817607
1652867
95981
681801
8501231
3881981
5734381
6023893
6299851
396143
7708587
7318123
7854509
6965689
1520449
6373237
2019759
5170517
1015187
9742751
589597
259477
7553107
1631389
6137429
1879157
8625233
5078789
1197697
9549721
1241801
4745931
9527187
2836841
9116153
1219589
6626613
4072189
190715689
4544557
6616211
983459
9963401
8537529
4358463
3340071
2614223
4256867
6177601
9849003
7458501
34183991
4960163
7842777
5159479
2403471
4606793
1834007
4510507
7524069
8742343
60408651
1918981
9579847
6122009
150713977
444189
2146213
7622291
1506769
7324053
1235161
2426893
2628263
4429663
4849697
2403941
767957
1995933
2892387
5633941
4715283
1271211
2962129
6434561
9704553
3092679
383009
313271
6727107
3445947
132523947
6534499
3596039
9111467
8950877
1227561
3289003
1040427
6920737
3997611
3794109
7940353
3291139
170669619
129304921
1664649
3469791
6384037
5068401
4311631
1890677
2802923
3905199
7805233
263381
2923831
7773397
1018021
1260939
7570543
797949
7720193
7228441
1452819
6554209
644429
8280319
6158463
7843007
4121047
3433193
2318581
7846933
2558903
7955351
93637
8861567
1134287
8463333
2076387
8904883
3928313
805341
6273979
193305053
6895759
6708013
196171343
3835759
327429
554377
6654273
3713213
108805399
1081301
4699451
1993503
7305839
4583093
2597013
5701729
9389619
3291821
7037133
1004447
9621173
4684483
6553919
7521233
5485613
8682279
2083581
9693403
1173701
5022389
587937
7758901
5249233
1965027
6814411
6620379
2610481
6529399
795067
8064703
9638121
7099739
63615713
1977823
4541797
8700589
6570899
7996233
2979591
8531011
7988361
8238047
9697353
8027923
3776627
843339
3120139
4024117
6456043
6617631
856987
1772857
786799
5303849
152869
5856163
394261
5824053
5203383
3405757
5968469
8069209
4472867
1997087
7236351
4883779
3427033
4333079
4667657
3084921
8520281
4275009
5237611
1976067
5095231
7156857
7456403
4626223
9373063
5295769
1409647
656499
68299751
8248159
9196753
7539083
9857741
8564133
1909987
5080983
