15557
9212097
3594639
8828211
931877
6981013
4600871
8621379
4018549
9664287
7411957
5848821
7127649
5958481
9173747
3585467
8980669
5690841
3973661
2510243
3649849
6968289
9558279
173230169
4317229
6704369
7627821
854787
1050767
297333
118699
6336557
3195397
7133271
9714441
6082839
8864137
4584897
9384527
3196487
1209617
6419959
172276727
3070303
4776487
5823481
9678807
3213313
5511811
8843541
897291
7590177
2832827
86863487
6390389
5888601
7077449
7562729
5721403
3683043
9291747
5698547
1411101
9169593
5092167
97593401
4781501
9783191
8133757
175570189
7010413
9744789
4028963
175062019
4660453
2446913
5970319
941221
8005627
8982421
230657
4442341
6838329
9644887
7272149
6468337
908019
6912317
641417
192698879
5181261
6675439
4113759
3116913
1708113
7577161
7755161
6647177
4115519
188440461
165695409
2303601
8719387
7475331
7031509
9841317
2372877
31861
3156819
829597
5991711
2614911
1316573
7463743
8558867
8758803
5971643
129778511
3788119
6346279
6139767
7457577
9940857
9542757
2131409
4904809
2857751
6432393
7486301
9992539
4362709
4369017
9330123
5144561
8478863
2584199
5209257
1065313
144571273
6089813
3565423
2544663
1174867
2235199
7319463
5018727
6302987
7771257
1805689
6839879
8718729
5552207
8293793
2304927
9761579
1760887
3402329
6828507
4328023
337677
7089959
7504287
6737787
3498769
5603211
1292379
8486461
7848001
9463011
4050103
4571659
1573441
5162987
7871699
3838083
53547
178749
4719031
120186387
8972679
6458053
2994107
5163637
533301
2850811
7030917
1279347
5065121
983487
644403
8429537
2709373
7516873
668737
2014533
7488523
5667183
2009971
1296849
3927721
7690219
9197101
4120387
9354827
60084473
6333979
780761
3358927
3832551
7908177
9984851
7951669
264193
239767
9219303
5774513
6083829
8541417
4449309
8861423
6715791
4842571
7260381
943777
5176303
7490079
8843691
7459883
1809329
7032153
8305497
194071
9995053
9609553
8685669
4547747
1875341
2974863
7798197
7666443
7825417
2206231
4333481
2097277
516933
7666307
194006159
2698577
3174937
115665167
4338969
1463839
359787
117593989
3295709
8660583
2836059
1773283
8839541
131161491
112608347
7871301
9964361
2313593
976577
4695391
172781191
7466349
2825819
2491059
8227361
6009767
1199493
1576343
6833721
4172601
6077841
370143
9389989
1738809
3462893
9373471
361019
5401617
8462191
8734029
4051013
3158079
4095107
2405371
9990567
4787201
44997357
2621573
6913821
9917719
6559799
9300503
5620587
5816473
8773811
1042987
4608611
2845437
3600991
3401597
3470561
9847979
5187223
3894531
1159119
1744683
3190503
8802739
4743061
184019057
5022251
4310067
5526867
1572637
8205587
2583689
8809823
3477539
768917
6376503
7388149
9766127
24839757
763827
1120377
818937
6689157
6572387
1553469
6745667
8650561
7195439
9021817
1200579
8224433
7533557
2393479
726869
6669433
4279227
1667997
6447981
148448797
6777671
4315547
3262899
8040403
8628253
1458479
4579867
3246197
7794147
5803341
2606589
5455297
630021
8863857
1269293
8218361
6552297
741689
4405249
6554213
1189487
7508293
8396093
1949991
7404419
6681531
5358357
65956647
8596583
1983559
6878263
8582403
6543641
8358563
2738753
8822971
5615873
8757423
7410061
4503929
5515621
6778831
1964801
7490433
3673307
4105329
9536767
1421719
9528569
8654929
8118103
39189149
4165723
1522553
3675733
4516961
2334023
8145571
69938163
7045153
3483461
6567447
3753603
7365701
2701843
2020199
2871529
584131
9996759
7458713
9094623
1919579
5425113
3777967
1770457
9851379
4218343
6609753
7848057
7538917
690589
9346623
6738857
899287
267399
7193093
4404771
6905387
1105563
4143607
4270477
9746309
5832193
62777391
8034917
5923087
5121621
8794583
8983001
2929369
5563351
9664707
9123321
5832013
3468869
2289119
8455873
2794183
8422099
5598809
7568787
34355709
4312237
1137629
4777607
2662489
9698253
183028183
5981693
145791
2309737
142774733
91997
3811889
9965991
192281321
9275869
1988889
3554131
5260661
8972269
4764613
7864397
5104853
6190293
6412941
2392487
6953421
9270857
3626757
6151453
3086149
5429867
6285117
5089207
9634841
7775429
8618963
3045049
2550977
493067
9199673
1257809
6267049
3141813
996787
5654457
8927967
3761269
4803101
3342591
6175901
2703161
3227483
1113589
4766747
4726757
6648467
4864269
6850537
5053711
4976947
209237
551901
169293501
5156821
2017791
3897261
6617039
5915613
4625377
85484569
6259271
3141443
2610153
2662841
8636069
8847469
748007
4189351
6901709
682101
7792381
7069171
284729
5579839
1829151
6156321
4430857
7502589
2097161
5119733
514579
2696789
8681069
4817027
4256269
6167787
85581
6807249
7281581
8334047
4922183
2354677
3941243
1813631
2092119
6907891
3414621
8359891
1384203
6054183
805221
5579303
6856299
4524589
171721211
7107759
6332839
5593483
113626631
835529
8929047
3322873
1567393
87081
1390063
544453
7322257
1522411
9292907
6632189
6783583
4918933
1147377
9673861
5155681
1143917
6918369
2603033
2140871
3708171
9787993
1720339
3126911
8544181
8343389
3227973
2730801
4734769
6058867
9995723
1840969
7361009
6417137
380287
6836807
24495891
3568541
2137577
4278889
1248169
1337929
3636869
571259
2944603
940177
6825681
7525993
165906777
3222547
1556821
6179059
379147
2315983
1250093
7722501
1914477
596531
2262579
4656317
8581439
9292307
8026817
6309457
5297341
85811437
1991101
9477459
4869113
5276149
6666999
1010843
3408243
7773393
6142947
9852297
5562273
7606079
191615097
5137481
9280233
1662307
3795909
2473377
9213073
4540543
6088123
2250637
5102953
7574347
7923699
7882801
744333
95089
8613001
2582889
6118793
1997741
5599917
5213691
2048297
2334659
8984457
4358441
1923387
5726327
4461531
6996729
2839369
6430371
2035081
4344817
5241163
4522527
6408923
1574523
3051159
327103
951229
296857
1623603
4064421
3729069
4319083
8685809
5829607
1241079
3277009
2762269
1707489
9057121
3425677
8446341
7675157
5510321
1358179
3160011
3444969
146066513
9248591
4754773
1798227
6177379
598873
8792237
4463149
6748481
7745077
5597773
9116299
5513671
3130301
7851847
1578269
2378019
5137107
1308159
7643209
1887887
2107013
852077
9083117
1953081
6809019
5684943
2472687
3115753
5553533
4538693
5663679
9417991
8215133
6345269
6920953
3090801
3255823
8467059
490521
5508957
3450311
8039927
3723887
9953171
3946033
6117061
2742499
9678887
226491
7087763
2700337
7619587
3575333
9100403
2901911
8221563
9841181
2400943
