7628749
7432133
6126357
8451503
341411
4541419
2536663
4939161
1076771
2701319
6020043
6564519
9634829
996867
9702479
1566221
3069217
4168149
1842577
28733203
8544961
109367241
2704037
2273159
114206127
9943203
6816531
142091273
5635511
7923691
6181869
2343007
4933527
5846239
3136607
2153293
9148197
83287417
7936947
5527027
1845403
6968969
5716177
3777073
7513187
1581963
5679499
926931
9605889
4672957
2005023
7460291
1099273
3285487
3848003
3243467
7322643
548323
6288859
5969941
862561
7022461
9200267
8348257
6690107
6526967
5201553
8997413
4652177
7866913
8244647
176289
7053579
5136589
333911
6365363
5180221
7202357
3986747
4984789
7396081
8161247
5440707
9181257
8331571
6044071
2921119
6100753
8186529
7668587
2045583
3937689
814933
305423
8805441
3898451
7354097
7171967
1352871
3671749
708957
5615243
1963067
4179527
3789861
8663657
1118629
6030579
7740887
9645779
7056303
4021583
115613103
2189761
5212297
6166823
7832181
536021
16772771
1651103
8554861
8944541
7973079
492273
8205873
7856467
9378863
6892289
1225373
9596669
8163751
8986627
6191231
5989053
2883891
60999
8091197
2566039
7722423
8582267
9811279
6586747
6844461
4750611
1262881
6145261
6686359
5709133
3654803
7847241
7838333
5353499
5776037
9253059
6784653
1192577
6305991
8629019
9056349
7306331
5023677
9841611
8375851
4259529
4563379
3747101
4416081
3516229
7689017
48764311
644247
6677037
9102467
5605579
1629609
5705723
2745587
8679657
3657089
6512869
6468389
2876703
708637
5326393
8055223
692443
3215737
8039519
7843861
9224833
78381941
6854343
100812751
660943
3607719
5766241
6295449
79743107
7625459
2349751
4315993
6333913
3094167
529231
129765763
1959181
1816967
5830141
9108399
93647749
701357
545893
9771139
3477653
6244639
6507817
5072701
886003
7300081
7468569
9282147
4482697
4281043
7564133
3845413
5136413
6309513
1326191
1977683
1263487
1633319
1641061
1142839
7371571
6838719
1827759
8109631
331929
5586433
7894307
1987521
7923923
367757
5476923
7515673
39182281
9144269
7841781
9200363
3473183
9199517
5865343
1426573
7011801
6357927
2547409
4570379
1570833
7041341
654009
765029
9071567
5624203
7967483
1406213
5589753
3979759
9620617
9926757
5416073
3725269
5050259
1650369
6546423
73164811
5748241
1476559
4062117
2216857
24347
375403
2120981
1836167
7530947
8797563
9657949
4718719
9366499
7987553
7913603
7371299
9398593
2117821
1202663
3043281
4229389
750259
155018739
2545543
7831701
3875427
7334143
2575079
2013303
3503491
7159193
6437557
2294839
7513999
4507443
5859081
2254649
6433673
3679031
4755421
8098933
1959569
2421497
8901117
241997
4480359
191640153
2643281
8100207
1609771
6274671
6213021
6364933
4417727
9329539
8517161
9608207
6568871
8162597
603033
3851191
110857333
163623
3306277
6796791
3072129
8902067
7751667
263657
1750871
6368757
9293133
953809
3244767
8513327
1971147
416387
9810179
3721957
3682601
7003879
5400539
11293523
7022687
3538261
6882391
1072499
5100471
1457087
137766483
7568969
982079
4104781
7766347
1111083
5875263
5223521
6432903
8798229
219503
696847
73077
9173399
2713673
91051
8332503
9416101
881763
2202441
1891987
22015303
5260539
2239069
7343929
2498333
3135933
4889763
7995527
2135707
416541
177178223
664881
2651829
8285417
6977329
8499459
1935239
6104979
6785481
7291277
7001701
171353501
1522209
4363547
1967651
210653
2861831
2483389
4363207
554843
2081303
4466909
4972787
7570191
7656847
7460869
9044837
9909729
4014173
7125899
6457793
9566083
237343
7851649
4107999
9619361
3093971
8407141
3776343
2898883
145919229
2175049
2990879
861083
5122461
3631791
1135857
9705593
8960327
1952983
2503929
5620267
1661207
1811519
3560071
9305113
7266079
7048213
5166143
6561243
7355957
9757571
5352871
7132701
571079
4087057
2695933
8869087
1128949
810241
3652857
3236471
549207
4323557
14628053
2811311
5996149
2566483
9935047
8638751
5676591
3908471
1727757
9323591
3655943
2393079
2534661
1808173
3388697
3857137
6141973
2375931
8335177
9559467
9985163
7355061
440467
8532469
4418037
3053017
3237001
7119407
3333443
442799
394091
1869559
954449
254823
16108573
5520629
1398311
5135617
2943713
8121469
3939997
8883129
1998053
585697
9903509
5333951
5656981
389199
2037891
5242223
9801771
1595843
224511
3222433
3152811
7408797
6635673
5031489
8864321
3153009
5110589
5999269
5839917
8151679
2104913
2317781
8445401
8270433
131607
7802899
4054483
8755327
2209839
258393
7857131
8662699
1595679
4231543
1262461
4278047
1407069
2552291
9462389
9365803
2607703
2231091
6520313
1509523
8980449
8014383
640487
3610199
3752529
5223353
5719393
4749473
6822687
1592067
7309717
1374567
6420761
8852621
4890343
4014387
6257477
1664317
5864141
4102157
8290679
8451737
8981577
4305671
3625907
658403
7341101
6513041
2188487
8372733
846117
9384621
5752861
5851763
2216423
10856449
2072561
4389983
162297907
7405727
2364789
135783893
3511097
6847317
6351037
8564339
8784279
4707237
6086821
4067291
2137421
3150447
37900679
178833091
8162243
2770091
2069643
2493353
7483511
8702177
4879939
40579
4796493
5501359
4415217
6894737
5202443
7996211
1619499
5222237
9037031
4720469
9052011
6358563
6314771
8708287
284369
7336867
5632407
1602389
3683279
6245747
2777249
7729727
3181379
47136779
6546613
8092321
2485409
6915337
2616369
2103233
158374943
4585387
7304071
8891351
950139
7053493
143163123
1038449
7579833
5723723
6187861
628679
7944081
3637017
60229507
6681049
1762191
7061517
3501483
22945779
4282801
5813091
1987701
5005001
1015063
1021697
1478359
8436597
891729
2294699
5231899
8338917
2587317
8363283
1200789
8934917
6833607
7846407
8572979
8384047
4626323
6023161
8023459
8952147
735773
7543737
2355991
8867437
4232547
343097
6905043
6536437
2663937
9916619
4024287
508591
9060391
5131499
2442559
7312223
7776627
2023187
463659
1746933
1173791
4713927
5872657
4455041
8847927
3435107
2668857
9043793
7056001
1978467
1991781
7543799
9340813
1843883
92047271
4995057
8425171
1744241
7975691
8944043
1257989
1000991
5657961
5545061
55139
9559881
5754839
957737
2852551
3078841
7425663
1346839
7927649
181407663
947731
9345323
2409521
5909739
1395663
8109381
9664813
5065547
3372181
1130349
1716039
4061299
9791331
43901
563483
