7782809
3628313
2587909
5892237
7279711
2355203
9844383
7191433
7249851
4234553
8421747
9744203
3657521
1222549
2373071
9853197
8656711
2586397
6356339
2175909
124199623
4330469
6642539
1892639
408549
4859147
7152739
1707929
7316727
2964311
2778151
5076329
5003777
2307023
9438499
9510591
3904447
4519891
925239
5052527
4996607
9927381
9056497
1680329
3081339
3794239
4111433
4037397
7647401
91243
9225391
4113017
8651197
6413517
8338529
3093897
7255067
9614879
9976659
986629
7094503
78330131
1429401
28686203
4185173
3254153
7737809
2246199
2748279
8162747
11615271
9029813
1680911
2450131
4616347
2786541
2092911
8759567
9469597
3628529
6167417
6795219
5330703
6632713
9781021
3814563
4297033
4899073
211339
6384963
1224637
1855313
3004057
7293193
2057141
1450847
837673
7006553
8767687
181857081
9636767
7824109
1049011
8750231
5352301
1214997
1450039
925959
3021041
1213651
79365621
3138041
600789
9781849
8747399
6590351
5390949
3318901
576121
9391419
6846483
3176439
2308029
4562041
1384871
5509057
5437761
6663287
4506101
11056531
656051
1009897
3162149
7228993
5247557
3470421
5203599
7252511
3551693
4297809
8081313
5695781
598233
7536167
9090713
5596131
1954673
155910689
3050207
5505663
9546063
6303219
95374317
7460243
1217341
2190689
549749
8501749
8170919
1673179
8443737
2675559
516503
5441533
2222867
9618907
4415717
5736501
5036053
5682261
1455971
2775951
2476139
5786891
2877693
4222019
6301423
4172251
1056599
5599929
97158047
7180379
5325409
5081329
8408211
2274639
6948777
8430627
1281133
4106699
4037763
4335039
4986259
6680927
76267991
1774217
3619117
177246111
3718793
8485139
3369849
9083281
2473849
3526701
4382827
5643983
1653231
8462629
1503673
5242629
895153
445319
6056813
5860123
1396553
3896711
94133
1715509
7060243
5717259
4330039
8634881
1959479
2964511
8091183
860917
7877701
8731679
6465181
9125149
5327053
4307461
358563
5642373
7700971
8675017
8185963
7840311
3448331
5895959
1281529
376969
8652127
6271461
4385301
3221589
9428057
6460977
8890609
3210271
6597017
3994651
6622541
6056111
5858563
5790849
9350721
3343421
2632371
3912273
5693289
2601137
8007727
9443969
4474891
5840659
5443689
8456833
124812997
8251107
603111
7765027
7018821
8542827
6790583
8078333
5317833
5746591
8664939
3413697
2372297
8877181
9445019
5544511
3078103
1055339
148128301
147830969
1878093
9857909
6256271
8252371
633649
19345549
5511063
8488391
3212037
7507007
5701909
3796877
8113229
1458417
3345283
3131743
2370669
7555857
4861811
5842883
7799461
369331
2540293
2822569
2926577
3375067
2690617
4065811
174189781
3940287
8653397
698703
891331
4012353
8432467
6850533
3761953
9239557
3172969
108772651
2476181
2508433
7832851
7987937
61772833
9661263
6237267
174207127
4883383
7575061
5049827
5241171
123511
5483187
1468603
1078707
4433301
7124889
4911009
167912691
5760623
798889
157703793
994093
4714303
5219891
9759229
9442151
590311
6551533
8159733
128361807
2466193
4047433
7347273
3161321
1419353
1495041
8993239
8678623
6914971
3109079
9870887
769013
6599097
7524811
184039
8146467
1570101
1880521
1623133
7585649
4926791
8373143
2175647
6536587
5787253
15142537
3371513
9484217
2147919
271453
4031367
9788851
9407757
740233
4194783
2584307
9447539
829223
9288871
1246237
6268097
9822171
6035953
8613067
1204997
646971
1458669
429847
6833433
6253837
1197363
8264519
94517
4278277
9122353
124554509
4398719
311909
6971219
5326359
129203
7737903
7124063
7036071
1247917
7510207
4448223
8824399
5676659
2678359
2438241
6012983
9819789
6926063
6206593
40531323
2138273
1338403
1489891
6791933
1481607
2635189
1888041
873271
2212801
2101147
3343221
6799783
1556051
5780543
4309211
7968281
6501103
7372019
2238049
6596137
621707
6941739
3567317
7144991
1584573
5815179
1138551
1064139
1290853
7208469
5424153
3422791
2917587
3102081
8805767
8948253
946199
651827
2850499
2684489
8917253
5610073
7785393
4088213
3344459
3183797
1856161
5526473
7561583
448791
2791719
575889
3139851
1757253
1017201
694593
6852781
5943487
9689559
149354111
9157511
2931899
4421123
7108851
2095673
6905859
176581973
7377861
8417463
7685749
6349047
9996711
6251007
6154139
9138519
8723877
1797039
5586499
3005861
782193
6753407
2899379
4085237
9309271
1546789
2455881
6300561
7224533
1140703
5509001
4186403
3943853
6019751
1501311
419367
70390613
9870351
2796641
8599621
1212731
5536523
586303
2654981
1700153
4697833
2799473
6510703
3178289
6817741
4142973
2015069
7581783
8511671
9387101
9649029
4484539
2689053
5728687
1729973
20894359
8570673
4607303
9815227
3088923
158859
9930703
4642619
7277963
9916811
8221839
6988173
8002053
8186589
9949911
9432217
7647797
6498179
1301051
1799177
3640943
2673183
9522887
9542681
6467747
1178863
9144787
7889087
1151499
5796009
1031421
2513977
1835001
5948639
69469949
5616317
3995587
6024753
1341497
5124177
3145649
1529887
9704973
3405403
1027149
3049469
5404547
36531
205501
5917849
6431879
176737673
1015311
8284177
201713
3497479
82728517
6567427
7065567
6859539
5863701
8690429
6652629
5533773
1934591
6966971
4165531
4058561
9741033
6918317
3248951
3246443
9118371
178797
3943177
6716869
5537821
5905487
921589
1361273
8339159
4847717
3477189
12861
3368079
8633843
6181927
7969441
4486803
3112331
5494697
8837687
5464731
8293033
3042469
9279593
8717423
8390617
6343053
1439271
1239033
2345351
6206999
4550817
9563271
2425119
6714337
660093
55819
5741411
9086553
9510603
8240299
2828289
4647237
687391
4875491
2407609
4758249
8104779
5935929
8122819
6001857
3712109
1277077
6079759
4684571
9125141
410223
4764483
9666737
8994091
4425899
9113463
9518449
3704997
2436191
827557
2178719
9138271
8585781
9760701
6578547
7497907
4665137
4877787
1540693
8329441
7541437
8237547
50891
7446999
1479557
4977807
2500833
3803257
7268999
6287197
1060383
763199
4929461
2612151
3518793
5540807
2147159
5229971
380359
9688897
7303827
9482001
4759307
2944931
5380769
3730631
9767449
3814149
7939913
6019489
9038297
9910269
1787859
8401009
5517343
9249801
1125483
8619049
1086503
6112437
4194159
9595727
3542599
5581039
2011019
128023
7859963
166537019
4805679
2246521
3285647
5892229
3574707
7104603
974477
194911
2996783
2868101
5161597
7471677
5869177
28819
84943
2344767
344083
2898427
5356997
6720841
3231689
37907
434667
3526043
1805917
281117
7273229
7215193
288213
540849
65438563
7472587
8218553
5286811
5263881
1831797
9978923
416789
7165743
4953979
1607123
6573651
7436489
9438877
2840053
6208037
6212093
3212139
1313203
3011689
4690923
4961577
