4542707
217887
6163131
1482103
9470627
6092179
787583
3172859
6773357
4208661
7939571
7130737
3469489
3062287
3455811
2254773
4154001
6785199
5164011
4157293
4557819
4843243
6035747
7692311
6090261
7503851
9716829
3772717
6669029
314697
241399
4628393
6058099
2385983
9056997
149922369
4561059
9354479
4268657
7724967
6636413
7950571
1844979
1443653
9796961
8680851
5439603
8891363
9452697
5515841
1911719
4419993
93188949
1561333
6011929
1644239
4943867
444219
3025431
5875679
1719121
8178429
8456423
8673501
6497477
7661861
5105381
5241569
6342321
1201531
5636111
1044717
3119187
1714303
3433077
8494917
4753097
7463727
2895031
5821959
1614411
8709821
9015857
6712073
9712431
5550603
5501203
9735567
3851873
4299749
1454627
1308571
2813317
2270913
7329183
7772243
8499297
5623971
9158683
3285191
8207029
5967047
4707903
586097
7384337
3846503
1439339
1331477
4463009
3019457
394011
177962929
1667129
78689
8156647
4966657
25511347
6759343
6422291
1741727
4463263
8859411
6058411
1438101
5177687
1207717
3535081
106221
8587431
6809779
7528951
5159679
7553503
3452201
1205719
37244401
7880003
1173373
2161563
3146351
3202827
7404921
2224811
6819493
4144127
991037
7099753
5511471
4809161
166075733
5875623
2928407
4176731
9479501
5172577
9734503
9223549
140735441
6383339
4186963
5535579
1030659
9223129
1361541
1874589
1978321
2965409
3410751
2931809
4773417
8181023
8946509
3910037
692897
1600043
6423537
1745303
8745797
6960829
47767
9233539
8426871
623057
2002113
6609173
4827519
2594267
2520437
8724161
3771067
3057871
7024251
5397011
871223
8271079
2861169
6071103
4414271
4943331
2829207
9560697
566951
8159847
6383221
3149649
9305679
3399347
6557087
9685677
5667801
2645329
1841339
973071
9665003
5289021
8694809
24521657
3685697
297419
6327759
8949943
239941
91321683
5568449
2027787
1779407
3861189
4560011
77879271
5979907
1901503
8378197
6923911
5238147
999111
5310267
4791487
2347799
8820739
9422607
2074307
5780439
2378103
484739
5020613
4967953
2149437
7436621
3645971
7432961
7177453
8306979
1873369
7328019
8244323
8763093
47637
3537887
4107981
7172361
6955119
7598643
8199947
493337
8762807
102660061
2238441
7034053
7125061
2001861
2457227
8282227
455239
928833
8287393
2060161
5835359
8461643
7410987
7925321
461027
16939
2061101
8730937
1331683
3029441
8269639
5345131
2989459
8984313
3592353
921591
6761969
6266867
4518267
4520809
4759591
1110107
98554847
8585753
998637
9084241
5438271
3271379
4195389
26620479
7371839
4961183
736311
2697603
7273609
8409091
8033439
9217549
7352451
5394853
2674401
1331161
2179557
8584827
46297229
6947639
1422053
5157101
78660277
859151
6893503
5029819
3535867
7239339
191162049
4949559
5742711
232681
6539491
9927199
4310369
61401267
4195211
1950887
4398233
1363769
2510907
9457457
6137657
5831051
4130743
9384753
1919137
1619083
1343837
7199831
5301383
766263
6846681
6835521
131311
8186127
641289
9589667
1707799
9095291
4107639
1528297
201087
1144263
6824717
7010891
2262261
3221339
9709811
5470043
1616877
8239777
1916791
2728547
5590933
2077543
6064787
3469187
3366899
1422119
1357707
8839521
3906889
7181741
191409011
6062651
5248669
5592477
3628281
182154447
8099413
6333771
1825779
245511
1613943
3911027
8983479
3533901
5998087
4894391
1373129
8688903
1580767
1508989
512419
7106337
4962949
2212757
111353413
7743967
5079161
5862089
7301817
4142953
1901489
1611079
5992813
2513981
176567
1288979
363193
8018381
7885657
6213911
9893391
6430359
802267
7102421
4297371
3796159
4215011
181248807
3274717
6252367
6238067
7526279
7477991
4608413
2294213
4045771
8086247
5094097
1006727
355481
5663899
8065959
4601047
6865179
4881831
7846169
8640853
8537521
6731921
4327461
3368727
8423811
3911841
8248837
109921
3649417
5261151
4707663
1080373
2293311
3654803
334211
8205879
3317889
5272067
7235867
9457079
205667
5210599
1832723
7767299
1242601
8276243
4230623
8843317
2467017
7955569
9764453
1805289
3050727
9019331
6550477
4612111
7898787
8624343
300737
1241869
5487941
9480603
8791743
3076597
4260267
2968779
7801479
5939493
6635213
569741
3911321
1260587
778999
2784783
455023
2090897
2695939
8235741
7381393
7530263
3484513
9327203
4378913
166191
3268849
1418083
779623
5683961
3017701
169633
5328983
2140173
2545219
1295321
1567639
2759607
5125299
2631943
5954893
9158683
4658459
3352183
3071741
9587999
7132849
9200581
3627419
20043
3670017
8996671
912349
2765303
7949209
6545971
6385463
4053917
5506537
8067783
4277903
815161
9356229
5374123
6875397
1542267
7738359
80562759
8568879
4155517
8618783
2581337
8298553
6046401
425413
2936243
4426003
5067311
4817543
7505461
1877373
2734657
154679623
5437973
157823417
9077791
4523277
9803727
2931489
9960871
4149093
965843
8727329
6977723
7178917
5637447
3686181
1077127
2326357
2436763
9664317
31094539
8899483
6610527
1640309
7035183
1061801
8407817
607017
3275003
3524439
9792873
9271589
298569
208987
9517077
7767351
9476353
2984357
8067451
128054431
477869
5902009
8559623
7601601
1072667
4089483
2291239
2182257
2524503
9528483
7378133
7342323
5336261
6104703
4014227
9103757
740409
467689
6004771
5792367
549003
4239937
5886789
633703
7729697
2916713
3498701
1731721
40341073
7842831
8845141
5655169
7629871
7444067
8471951
4925751
7684427
5103931
66040077
7446287
8317067
9666587
4642273
4363021
3148949
3287493
3739209
4945617
5666789
5549581
7354231
4460819
7712821
5255391
2996347
5283063
8922837
612413
422587
2787453
2317849
65823197
1061097
45169549
2219461
2548141
6794243
1263471
1967237
2306771
2465369
4503659
1741799
4318519
8012249
1572649
2624283
5981751
1334587
3867653
4005741
5057401
6651603
1497889
8995553
165705651
3082209
8469657
2855979
8385163
9107507
9142833
9125551
11529
82567
8660087
4955947
3240979
4959257
8284111
7529983
208723
9696637
4427957
9189143
3063039
1258853
6902807
635643
3905781
9843141
5592167
8895267
3450493
2559
7129909
1597181
9831533
8303517
9290617
9315733
2403601
3104587
9824129
8529219
8373699
7254703
7196299
8617219
5747939
2641987
513113
6557751
9769763
1864207
9230173
7771577
43403
6690167
7196721
6320601
4707873
507501
655161
2432027
4567077
23195367
3968571
5873337
2300177
9736923
2413117
6757769
2790963
2053949
943623
2042629
5035957
7191477
3185951
4720781
206713
134815887
1511481
7838589
5330923
35333217
1863957
3245279
3206503
2682297
