2088523
48579483
9621767
3316097
629449
5732631
4657921
5425747
5235099
5298783
9338333
6005383
2097847
1497569
4800087
6176451
258677
1868951
99021681
9556431
1934997
6055293
6479459
6542471
1266997
4386521
1571883
6815487
4359631
9397901
7549343
7042283
3623219
642167
9278117
4876791
6317147
4007457
6415989
5803337
9587213
177273
2283529
2141799
1235369
6726521
4010473
3170493
7994423
5136357
5977977
2594113
6069959
7610257
1233847
6907337
6164367
1322691
8201229
9164003
9240433
2142343
2741843
7488953
1828387
5566911
1303989
4754731
7073619
6809393
8758639
975041
9656107
2083851
8358547
1341001
8513597
7369453
1966691
5331291
4497711
5389411
7526619
3465909
5624441
2814417
1391853
7206523
5010947
2011537
6054093
31578849
1755111
6002311
6752197
9982631
2084143
216431
3432771
4718083
4488191
78624949
885683
360929
1031577
8385933
1785911
7641097
5046549
9992247
6832847
6570891
7761903
3144153
2798529
1008971
548143
70051
4313969
9218499
2889487
5896227
5287051
4002647
3165869
1879567
3008329
7509501
5226213
9884797
5089731
3137423
3492547
108931467
9709747
9814679
91426501
5740809
20621
9996631
292523
1567123
3467327
617761
4939941
1435287
2698347
6664859
102721753
6293713
8927517
2096819
4378371
8167739
8158343
143150839
6007709
667769
2822797
2384321
288163
6524889
2908041
1661571
162584523
1427869
5760023
6480769
9125097
3264117
9175547
9400053
2556837
153465533
6896673
1354143
5387227
9356197
1561
1124829
6657539
9891559
2397259
1994679
7071303
8029921
5454431
847291
3010353
5384943
5879883
7255553
9021887
4871557
1939169
9150107
20557
186226789
468021
5466547
8935361
7500073
260589
62971
5386719
1441977
3244763
2055117
8134993
5313971
3003979
4963387
3015899
4805543
8390811
3363459
6542129
8673459
6136777
9254331
9989301
217449
4711191
1651271
9776441
1407557
3155163
166203587
4027683
3666517
6391609
2191913
88783
1517103
2643287
8324681
11491
3487983
1548441
1843117
5980457
5445701
43057603
7061449
2759031
9078669
163747
7088997
3248383
2519267
65101039
1496109
3993687
4883673
3541501
1542657
1008651
1392297
3326679
5798241
8539561
42547
7119411
39336759
2650779
619823
2046021
1444857
7861171
984869
6156667
2600581
592821
3474203
7888703
1352551
2871679
172147401
771493
2998219
4015023
4451119
493117
394111
9206703
7575923
3063373
1870817
4749721
5034901
7253697
2381937
7331549
816357
4551569
9503069
1384223
245631
5473661
2135557
2381283
4970363
5451253
2774961
5856573
6836509
7328221
977489
365157
4286143
5205067
2036309
5568663
2463017
7286607
6205077
74260157
1856367
8406153
3671171
7155163
8401353
3946411
7849693
2372493
362239
3523709
5990307
7919397
9064343
1144469
2207293
3563257
2987203
7697779
7839809
2418361
7174239
4384791
6748639
6676329
2754369
3114109
6345907
51880883
172151451
5558973
1666387
2492057
8414873
5818059
6056107
8060623
1078573
5059131
5318461
8562379
6464933
9713017
9942471
5095173
1841001
4141377
2107609
242309
6930171
6578683
1638901
6863511
287257
2330789
7093157
4712799
6663281
4798969
5968881
4884129
4281011
4603823
4041771
808373
7048319
2368067
1161391
1071577
6606661
8898137
8524949
8938301
9738777
4914733
3578137
9364089
2126141
475803
657151
906029
9613493
830003
8804491
2549107
116909257
1022537
8961513
5820779
5982313
5239741
4675239
3681583
7625247
7297469
4640469
5248961
7708743
7362811
5986629
6641583
9146279
2565893
9335129
1716191
3569911
9143181
5320931
5061833
6371929
7932907
1305583
143657
5140949
8609437
7068311
9452067
8325321
9025351
246057
1347313
2082751
2344241
8503533
3371651
4172987
428721
8134283
4106133
7883301
7976093
8890013
1014691
1677781
4873871
1974529
5914289
9650271
9602157
2417199
2786257
1003687
9985997
6475023
1892517
8045003
7096591
1010703
9835577
7652027
4711241
8237293
4241711
1561577
9303483
1342361
4081081
4538199
1964283
4536161
375737
73149293
492387
132984337
432569
597233
7550883
6085337
8164071
8190057
7918539
8245951
1186381
1032887
112256873
4501549
6617077
9726667
5341367
7523307
7271711
6759011
5438953
85035573
25089
2878913
6408401
3139941
4131541
5177653
3102527
5356141
1437101
8650539
1855801
3494393
4151007
2205567
7754381
2971689
145903
9516927
1133397
9985893
6466753
2215877
6679003
5435217
1608733
3451821
4770661
9513793
5567451
8935113
4088307
9249457
4876161
8122437
5425101
4317497
8303231
3764413
7395923
7942533
9406399
4663061
2448971
81264127
196885561
9797469
8100023
1647033
8029131
6340317
6125199
2906201
91566043
5712127
6861257
3392283
6855087
6891483
9021739
2753797
6629453
2149473
8369319
2815393
5408641
814117
4766371
8219099
7598573
6923447
3388171
922111
1820409
3653753
8132099
4236803
60199011
3165001
9713411
8645899
2763331
4576583
8295727
8509139
2628871
4699647
3173121
4225987
2856521
6676819
3561243
1515261
2184807
7750271
2318263
6760919
3670707
8775167
7016703
3810953
2241423
1346211
1882819
137874723
2279509
7121111
2375223
6417459
9526381
147591
5073511
7745999
2550909
3188957
4282213
1059741
3213571
2972281
2619521
9380091
2715349
9195329
9355717
8815689
3793607
9797971
7627437
2435443
1619513
4359021
8708457
5446347
1234567
2134643
6615347
7230957
8796613
4079709
4561759
2045957
500399
7551049
2246913
8936369
5062491
8813631
4327589
1205769
7344507
5047723
2537649
1460991
62433
5561421
4038033
7084009
4944991
2237031
8043361
50686669
146902813
30665853
9162543
1880717
8046469
842001
10372901
475349
2164203
6727263
4132587
9058839
3405711
3653147
163764297
109542611
5762933
7444731
8736327
8144339
5985803
122483
5323729
5239589
4207757
7027297
5392891
1600229
4620591
3513399
2583481
601073
9527799
158435217
8786221
1666011
2814297
805617
9165381
3857019
8288617
2357371
9184519
2540839
8330681
6602089
9987189
3924299
4334309
3167539
518787
9097883
8977607
1249351
3891083
8207633
4559621
7590171
6982963
3974573
135091641
3956543
7973929
8835553
8059461
408453
1624739
8999277
2960507
90145687
7817097
2243587
9404067
3972409
3729857
1061581
1378977
1418871
6215783
2765567
2825373
2490667
219757
9539093
9172127
6414993
5772557
461273
488297
3529813
9140683
2729593
1974127
6244763
6601187
987743
3542817
1709579
8495143
7450237
8155073
5599051
6979827
3606361
4659527
9818287
9488487
8154299
9278051
688991
6949007
8403229
7593389
170492299
7054431
1948611
4300061
4923563
9361249
6257223
8891341
6402713
9792547
2961923
6617273
9557793
9094281
3448773
1191011
2151319
5024727
7346273
6661949
1310147
7534641
9585639
7400579
6146721
7406957
3436727
8681851
3223013
2925461
8715137
74700999
8926863
8935653
98313
151223
4409969
1034613
1288273
8816347
1695319
8738973
4795651
9401521
933291
2338633
4248661
8381619
3808441
5871277
9509793
6694089
1301121
6305177
4328461
1842873
1548719
8903839
6171329
7893131
1207187
6731101
4365757
3451869
5265899
390871
4283059
6041467
3131929
8401079
4683927
7312647
360249
27728057
4453583
7820701
4412151
3213063
685809
