3897701
3904379
6443151
8347691
5964349
8070701
7091901
5084541
7636419
9235651
8168493
9633167
9072637
693197
94045679
2016619
3253029
2754021
2851523
5457897
4611913
284531
6189279
5863971
1402967
1881717
5836819
8529327
6980211
5925421
8283109
6190899
7170071
6373839
9362341
7073023
3583233
3841671
166703229
3140091
5730887
1090903
7119519
3926801
8275161
4694397
6364611
6951163
1384781
3366037
4695641
2015737
8841877
4539037
7308239
7670337
4992697
3675969
9348001
2589411
1654193
8451551
9672531
4020853
2760213
9344463
1885969
1209197
3739997
8990261
2828083
9428223
2762517
8660133
6291161
8997293
4822311
7020361
4710919
12799
9144769
2062839
6315041
9273727
9852489
4747307
3265921
83314751
6479377
9548237
7865973
9451137
4549811
9793999
1214161
8201081
3841003
204399
4129241
194580873
8692823
7449091
2386031
4239979
453523
6217317
9180979
5058333
1241613
4269677
7414893
7766511
2683883
117856513
6616223
7153791
7091937
457371
1211769
9046843
3947333
5836659
7681647
3005001
4506831
60153839
8241291
2699513
5108497
8202647
19233039
8911193
6678683
5681629
6755171
8499917
7898843
1261257
5615883
3787159
83941
1304713
7088827
5789493
1996471
6829041
1586671
309333
3730549
2287717
2433459
8711049
3667731
7109131
732943
272089
5596751
4889047
3444517
8522499
9763609
4969453
6156303
3216271
3860213
1375347
7778457
1596027
5663223
9284653
6781657
1001611
8550153
2600997
4746569
31471951
6154711
6395957
6779213
7283869
2887727
7845267
5175803
964401
7041881
6837603
174857307
7015587
3622867
5606473
1148167
4553791
6625213
6009047
866261
6195583
1300569
9791077
2190941
1714053
1913079
8935787
6798963
162687613
79135047
7834423
708071
4963287
1480289
8445213
7425509
8363259
274273
9983713
7632119
6718343
8687131
1269547
2753397
660051
3035121
7500883
137262233
8847927
8136473
280199
6741091
7593631
7149913
2115257
2792263
6715957
6563529
922369
68513
1727847
4352331
42059
7756587
9975367
2034413
5981937
9011519
1133409
8024193
1146887
3351113
5455517
2825149
7929981
1790199
2096267
13091
7231511
639799
6796059
4008911
550367
98242803
2554037
169062347
80290149
1669687
7905587
5667237
3243211
8359017
49591
5398649
3155771
8917617
1525187
4896007
8537789
3806109
3118287
8697263
738553
3870471
194603
3749289
2035887
9954029
1563359
8666409
9127161
5702571
6916177
1041437
7311527
4028289
2300181
4159123
5929017
9367381
2916423
3915291
6123473
8347851
3426129
513439
5413897
9196997
2648843
174878883
9496919
5176163
1357903
6960861
2061857
9309453
1349559
4109703
8713243
2594963
367627
267037
3549481
105923561
6340111
4481723
4719009
1228061
7021529
9122333
57019
6718103
5467097
9320607
3897839
5997651
6911709
5502837
5513137
3076967
584649
7372231
4656329
8061991
7232553
9951581
591301
5461973
2494207
8039723
2861651
3105581
2256117
3935637
149287
9427567
626041
5413819
9566109
8424281
5772759
4902821
9509719
1807947
3635137
1556541
1033217
3444407
94048061
3358589
731599
7802783
8422041
9234487
5746967
8037549
4280533
507511
4782429
7474957
9308773
62907
7981637
870717
3152323
6128621
3721561
6309941
5799503
7868863
9061731
2502207
2454709
1765503
7767067
5275841
7713053
2146661
1165093
8165977
5022823
2471523
6639189
3032987
4648867
1793869
9877969
8579827
2001869
2768917
41589
7912789
6884611
9856777
1220923
9079221
4618047
2287941
2981683
5465843
3732483
6033499
7335973
7148531
4141787
2812757
8285681
3036403
5531077
3859553
1733671
185453
3598451
6201659
9726103
8251319
2786931
7231627
70504449
9808931
8652913
5045407
5866573
662071
49613
8739403
7160009
7255683
9767021
3798623
3427643
9165333
4324203
8140517
5412577
6457131
122150871
3396141
4681307
1971703
2301449
4470769
9394497
6199911
7976691
8247727
6303279
7342351
6879193
5890281
1407749
2470871
5643051
7127529
3154759
4467929
9898973
8192453
2872809
1970567
6527489
3638601
2468319
3224871
6121403
8436683
2241271
3279903
7766707
7911389
1183981
2114727
3227397
9688989
8103013
703999
6188347
6970487
9175281
4564571
5103811
6783709
5631473
3788489
9047329
6969967
139809
1942639
7778771
3970451
7331143
3581181
3838039
2570977
7029267
2997831
2301559
9581987
150900249
1982263
3088217
7052157
1999349
174221069
8882309
708777
9700947
9655179
119045711
7430423
6179279
7698151
8497519
7667089
91265719
9781993
2081007
3884411
3656661
398081
3708337
5246511
6254351
9152549
156027
6042427
6094617
4691887
42747991
3255403
2788849
966291
1370883
5126321
983457
5546743
2939813
7067631
985597
7268403
5401437
1961997
3587979
3441099
196539593
3039401
2009849
9854489
6108647
4394821
1461167
625937
1683423
111762571
8681309
7792201
9128963
1788121
4801981
467549
2716201
3541149
8233381
479527
4764117
6425881
319767
5907049
584393
4617737
9358223
9109251
349601
4681169
4741279
6920153
4675499
5251541
8106907
2455373
3304061
6078769
4905033
134150607
4253239
2092093
6012213
6912549
84061037
5354087
9714637
5894741
8683949
9846769
3565703
8667177
216311
11036629
6627203
6808817
358699
8496221
6770337
8877409
9930949
786449
7512217
8209417
4426547
9586231
9770369
3023761
5702903
1667637
8971167
6928839
968819
3800941
4224123
5487971
1053701
3039263
7365619
5682867
9558143
6443259
427629
9496393
8498669
233549
6416363
3848021
4220397
2579969
4199593
6346271
7712247
232517
2130247
9409609
5562747
1306147
8529593
6957607
6717171
2280923
1042707
1778677
4178053
181672171
96275847
3572539
3352247
8933269
9460681
1191303
4201877
1721761
1216613
7584233
5796993
7680681
3629617
1829239
9171881
4562513
5608703
1071207
1515849
1146313
3267853
1720239
5035037
8595471
3359651
8622237
9281769
6195631
7002541
7985631
8190993
6035243
20113663
3400123
5530567
9092973
6112527
6761009
3984547
4914301
7860631
2971271
2240901
2702119
964613
8538713
8213849
1620399
895793
8875819
922491
3505517
7031407
42298063
8686027
8825287
4134203
1941573
5677387
2741467
7666903
3614393
9187671
7907141
4915961
1162259
1711031
972051
6823919
1393319
4474717
301719
6550007
6948217
3594421
9403021
6766053
9293139
4109521
2741891
2530371
7140941
3217977
1340299
7803417
505941
1536089
6956539
6952229
2009371
4800113
7337449
8564107
8123177
9301647
3981007
1398053
6399897
6957883
4384271
4802067
171659171
5357903
2653463
1592371
7609327
1509619
3126011
6898513
6047311
4809039
1014349
421181
6419963
5658491
