4444903
2064407
3271741
8843879
2936339
7179561
9749561
5918241
8115213
1117059
4333249
70299
6080641
4865737
4289001
5744913
434939
4175927
1799421
101564249
7090733
1055549
4562447
6488767
375273
2279811
9394149
2066981
1252311
2516593
4842661
2911021
3468401
2703443
6908649
2055111
3073213
715379
9328013
3993049
41214299
2161889
922109
7376427
2947307
2418313
3489057
9678407
971701
3101233
1088371
5369819
155221881
5022861
5871537
4841839
40723099
5920189
191719
3367359
3738827
9938257
27201
9938703
3023991
9613591
6436037
6237643
5016861
1001901
5399389
3965507
7047619
8414227
769799
4003643
3970367
5672517
2463231
4719719
7835221
6015961
9592527
428387
7067209
1111091
5601879
2329623
2302317
2484233
3497433
128985057
1377709
79341
795333
2987681
866693
9262521
495451
6115183
7048803
916607
7850143
2592869
2254251
5184939
6320281
1819821
5445333
9460577
1108513
8137793
3224059
1491527
7531017
6300639
195468379
6638723
381121
5741481
6374649
4351689
533029
4167923
1477187
9200473
1580471
1500499
9043297
6980153
4865761
1385807
3865441
9590897
1758461
9656087
794667
6945909
5103729
8482101
67917
9550951
2435053
8163767
4102977
8863497
7768953
6941683
7444467
7237699
167556363
2925351
558891
2812151
2155601
2632937
9755959
7556581
8291971
4460543
3443517
3193139
8988587
168235781
6668831
3950777
8656483
2319537
3831809
5023773
2492299
2159239
6997453
5287517
9121617
7805887
4287853
5497553
8904839
6048091
2639291
712061
1898789
7412209
6130489
7669451
7559051
7511063
545443
9659213
6924539
9635463
9453953
8063107
1812281
1264489
5534269
852893
771383
4653253
654249
82557
4765913
8597667
3665813
8049437
7409687
328881
2216937
4751427
9072497
8100667
3280523
4127773
6454377
16039091
762099
5595589
6704661
7729837
4666827
32609961
2009427
7066379
4584523
2146637
958083
8383497
6898379
6492201
3772683
7614721
6089647
4915721
156053
6681419
2895967
7790981
7692879
1952023
9429837
7498467
7390513
97315809
6650251
9832029
225883
5452343
5823397
5476019
6188643
9604077
4146393
2910953
4117353
7505851
1846461
9301913
4420607
1370587
2017159
9561519
6324539
6510331
3302687
6348027
1296741
4661317
325367
4063521
858613
7457307
7429809
290119
8034087
134593997
2753837
2732711
6942061
7577533
8349369
97017
8143923
8928839
8452423
9414111
4892561
9654413
4161931
9949373
9789417
9361763
3445121
8983883
4810331
3959717
174876303
9841883
7419489
7970843
4289739
5553373
3862821
9450271
7353059
1987347
6794319
4714323
309827
7540499
3018013
1782403
1436699
6915341
422739
1037219
2643559
2480081
4821843
2646659
7192307
1739573
7945433
7982221
2223021
9462251
49679867
8962723
4733667
8800847
7357323
4263261
276029
6943109
3135753
6792563
6029981
6051277
544687
1490181
7483727
9418527
1855779
4181993
9421851
6562913
1053931
6827751
6406169
9003127
607097
9475209
4887727
7776017
5228673
2090457
1880219
2029897
5618949
1092469
2092209
7280669
4493813
6031551
3305123
4424941
7462383
6634487
9643169
6017623
6988171
95008481
6932379
4738389
9265207
9686051
354963
2288083
4348677
2285361
2416741
5696301
5478847
4115189
3736513
1235079
1628203
2948021
8301521
7155887
9699289
6671587
7564163
9631517
2967267
6333941
9738857
1527843
3102399
5185877
6667779
1871739
8473533
4447721
6763443
2053659
8577859
6757081
8063677
2400363
4571827
421441
6685227
7406289
99437
94827117
1155287
4651747
4236263
4168787
5246401
2443451
2927917
105077179
6489477
7880997
4184787
6214149
7369227
2162061
1243163
2014543
5667081
114084369
683539
660601
8361877
4471871
7307597
1397859
3967781
3937453
3448503
3441499
4729389
6585603
1973473
4035431
2838943
2494741
44133791
5287493
1152411
7825483
9373507
3623
3640419
4159301
69696161
4387569
2101687
8797061
9514429
2784531
2029229
6893603
3461543
806541
1043363
5496603
2122197
3236429
9382663
6126723
5031301
8445283
139697039
353319
7153507
8762701
6386169
3343827
3368927
3425683
9065441
4311371
9814497
5395711
1100537
5220671
8520577
6855811
6151499
9429749
141479911
7769153
7474157
9275181
184293
9848469
4991823
1425151
2810409
1391069
382211
9519119
7377139
8975211
5938331
2482133
9114517
9004261
67206259
6805509
5925247
177624739
9354957
1961339
7762893
6811727
4565757
3688949
803607
6108837
471739
8935583
2660253
8875927
2252363
4319719
8613179
3901093
4235757
3371647
7158253
2581843
51007
179481111
6512877
6526291
100544927
5609431
4964037
3371421
4869883
9501667
805013
7827397
156605683
8734369
4748921
4539691
9426593
269553
3746029
46803
8598613
2102377
4046167
4187699
41311967
199264513
1372317
2308339
4138769
1304121
5689841
5479647
5233039
4309281
8152911
9877539
9401471
5052141
6393193
1602589
3052539
9941867
5308837
3528881
1965237
1316887
5916039
3956241
7882983
7261409
1457193
34100351
1196097
508811
9580271
3664809
4181393
9464649
5774229
5385533
6068887
8999793
5233427
2979279
6784239
8735947
9357559
1539889
4669497
6519703
3490493
6257651
9458951
6980367
2265497
1270071
6370747
1694661
1605121
1076613
126761429
7589133
5482583
3901877
3714297
5118063
3085569
7247551
9531773
4084497
9585939
5917817
4790927
1879493
6240479
7786067
5172443
2077473
7994341
7819199
9523337
43817961
6135143
5187599
7003477
80358133
1350169
3821203
3121471
3424217
5387347
1184613
7969533
9683039
6526813
7387171
4695809
7147083
152839933
5422523
4644889
9880491
7157417
7572443
223381
6579989
2525467
6288943
2943101
9967941
4332677
8748349
1334701
5009183
1552919
197102983
8522767
624817
1691433
9276743
8286537
855673
6295163
3553881
8652571
154543891
5634119
8977167
193249173
17989
8024451
1523097
7171447
7378283
1327763
595663
3499837
4229719
8955873
9987941
6372709
240333
9275287
4485761
4001019
6518803
3984647
3893457
1460533
7195037
1582941
1709903
7950269
3302703
183623
1402643
9692963
6731661
5627427
7536287
2121303
3220629
4432227
5009559
5985247
4157287
5204809
610941
7047187
6244343
5128041
1532833
53639
3609743
5180921
1484307
1232933
6594557
1013527
5022331
6412649
4106891
2187217
6414329
9443211
9472401
6065671
1044827
5434761
1565319
3430429
6666533
1552499
8727573
3124243
4018519
966653
6859723
298877
5102793
4877901
7917993
2001133
7174809
5413193
2225837
1049741
1664323
3370701
2466377
831997
7940427
5432967
4663457
5945193
9667923
9894763
5699727
8596383
8423541
5120547
791619
3716847
2576959
6206247
5755507
9756327
6708531
501607
