9767943
3964897
2303651
7838963
8604859
2234993
4221931
6132969
9177851
7235109
2641417
3401613
947547
1300047
4584877
7306653
4295513
5001929
3875441
6157303
3936459
1736879
1712277
33762679
7058027
4325291
1955587
6633057
690029
1008311
6870281
1292687
1451227
4451217
2836087
179768421
4788197
9652191
7643477
1128879
5349749
4303411
2531129
9503351
5806871
3700749
2687791
8368487
4139017
6379151
7023037
5817213
7150837
4835893
8915189
1518389
2048769
3501549
5752731
5112229
6712429
8557087
4227049
4833731
55456531
1421587
3023973
8357069
4747591
8938413
7205167
3790309
5842479
68955321
75994163
8417773
1037283
6362949
24323361
9526309
4667979
6558109
1523591
9577499
1303279
8683173
1020919
2833437
2757679
1779981
6318419
4111701
6807187
8528799
8803707
9232563
106571
8479469
862661
4302039
6332093
3876827
1383919
5002267
9566429
168946019
6561591
543747
3239279
5828203
6099007
862081
39149
187611
796299
8842367
6711201
3756947
1004111
2956237
3296621
9294831
9537221
3158871
8274933
5350677
9215887
1446769
9236853
6021601
4270583
4812941
6795223
7842377
8042803
678799
102438107
8260323
63328359
3311197
723009
4900469
8043721
7155111
76472011
5636863
1742321
5619147
4240811
880531
3525409
9527819
3592931
2790473
2670067
9909543
4443299
2411951
6979979
5877139
36267
3568913
150823
4679373
8177843
4073521
9200177
9511831
3617997
4904001
6581677
9162843
134642753
3862709
2444393
2544549
1352331
9437511
6394769
4381573
2869239
8290411
4034209
4568203
2973831
8918123
4721869
587857
4893851
1424461
9764723
7094899
164069093
7506517
8218881
2374253
9954219
9599481
4958553
6198007
885161
626531
4544029
3656201
2155513
951231
5168697
9668253
162984049
7871197
7188547
6188393
4606483
957121
6133583
7779807
6050161
7737037
2215691
6489421
9959907
5926529
7635653
2436731
9654643
1628303
127904103
6803621
7050957
5447663
7374797
6753713
9431033
7692953
8631507
3893051
9489193
3995273
5303707
135227683
7475513
5126229
8253227
64989
3948209
6213443
5449913
9472999
3974323
9469321
973923
2305879
6573829
4337321
3071989
5451619
692317
6243851
2671459
4773617
386837
1671019
6825947
43221041
763873
1421123
6051529
2581261
2935549
9839823
4071717
6041761
4656211
8219527
1592501
13883
4983771
7254113
9400927
8773971
946377
1847739
7503101
5876027
7200349
9234603
2538863
479633
9499269
9858301
8974527
316453
400831
28190347
9110733
4040343
3794449
6158897
2034697
9181737
5881777
9013997
6076529
359751
9678011
1383527
7981557
159572313
7924127
9708271
4637703
8094149
4919471
3540061
567433
3181373
9644483
6855983
5618853
3960451
4954449
528731
8938219
7614031
6626239
6006233
2896249
9435271
583317
6610129
1713197
175787
57280139
957623
1969881
4805693
1612853
4072713
6651381
7342229
6276367
7312379
66581
2176349
570841
6208707
6484231
8566123
4051603
8094729
4089269
6286353
8187013
9743737
5544663
485601
3580209
837141
1110669
3786227
3504749
4892443
4297401
8642997
7532423
7321477
2141447
2541231
7403663
8106161
9813871
4574063
4988033
6558317
7995879
333689
1113777
7668237
1052211
5738879
5858347
536209
9817879
4568643
7598369
8220097
4371399
1966569
1713947
8989643
6451217
8906203
3339359
5116367
4812553
3896569
8558379
147417911
39515121
8887577
5216251
2780233
9163849
9973779
2869999
64004679
7500133
5485699
6864219
7782199
89651233
1158143
369593
4478277
7180527
8674619
4803929
2695829
8048371
2852901
2870843
1439269
1593469
5201671
4380441
4665529
7702697
2161851
3628749
1788697
7777809
6408683
9883993
3538651
1625817
3486151
7887513
3676157
1582351
7574823
8630187
8881593
8192851
1686457
5543339
9175443
2912783
6007221
6808717
7781091
998801
5852181
6924727
7778391
7218381
8149173
8479669
1977317
441503
7022921
4783481
3790157
4059463
2101787
9353003
3359549
7483739
4144701
7219243
44209679
9965371
8812639
2702413
7490497
582373
7452121
4905569
4470239
8806269
1547999
1467931
4432501
602999
6588211
3948339
189363303
1120381
9954177
8977813
4742327
1306149
727103
8584271
689901
7196767
9821061
1317861
4902889
917959
9925787
5190329
512767
1572431
3218723
6409109
6355731
82373847
3410577
8121617
2804977
5162377
3375619
2975087
5778791
9539509
3923319
9663479
5860581
160113
4167283
3001893
8604319
3206109
4384827
5343377
7873343
5336337
8533531
6815177
6511473
5205889
9489657
2835639
7207863
6912163
4612301
5590123
8742203
1744327
2728323
4766487
3236979
7167759
6547357
41453791
1917381
1042653
9735573
7583807
4533261
4030789
3695939
864249
1081223
5864237
7936431
4937337
1005817
8126269
2380531
6613277
6285591
5026217
4561229
199363
5441611
7152839
3481113
1966737
4438839
105427977
1883097
5426903
1861603
4408239
6274977
2465023
6485701
140986333
3610443
7211267
6597199
5344421
9102869
1376283
7508981
9129287
5869227
3955887
8717723
9348263
125736847
1240377
5221449
9047117
2043051
6882403
47891547
9056297
3608451
7145661
2504847
9958297
2773311
7471437
224733
8779087
6840731
5445267
6616179
5976377
8010773
5326819
7277043
8201723
8778043
553503
114287683
25326637
26165393
3505151
4109963
798699
1691379
5244033
5470061
90323489
5991649
485863
4815139
6024617
3397531
1276211
4046981
3928997
7754459
6082467
1347079
2778437
451233
1366379
8074883
5370237
1828957
1207977
8791023
4404639
1905923
2078279
2671917
5337413
9836249
604101
9048671
1160479
8215097
3346513
8572811
2487941
1866427
4373639
9642127
609427
1474769
7391051
1672607
611163
159443973
3347709
4720057
3861673
6036809
442969
7242589
5559101
77520231
3809901
7592009
6303717
4164781
6173843
8954581
1915201
4741821
7152581
5304087
9375221
513323
2125283
4825081
143915177
8257313
8801001
2439543
9422371
6114787
2055029
4994889
3246803
2300297
3049931
1692141
1359701
4917663
6597353
7420581
207063
6983829
2561699
5694921
8120277
3506339
57442211
1761553
4318463
8020781
6759823
1972733
2545917
5850393
3944789
5072257
9140501
5898449
8551397
3678981
1051533
2839521
2928971
5704899
5067813
9503883
9255507
5745243
2951337
1262463
1521727
8688699
7752381
3184989
568057
4395201
4948297
6694847
76404417
60980937
6568793
8995743
6641823
9678121
3669153
9664381
7229577
100464399
9314031
8941051
7536251
972943
5107539
9730057
6290179
8260483
605701
178232067
3086427
1432431
226123
5754971
2218969
7382331
390539
8360831
2262079
7799993
7658497
558363
108760713
4474229
6432517
1401847
9168303
9613893
1827377
5502937
1891291
8324541
5313691
1728669
2534121
4446723
9225933
5916163
300959
8291589
7609121
1535413
9333027
80310259
6812037
8522611
7591177
2553307
4289159
9149671
6321771
9208481
4246953
13713
3976601
2722387
3182391
