3646207
5106499
1345461
2334669
2127971
7082511
4602061
7563513
4854769
1104699
8792943
4928641
7505419
5233059
4280651
3165419
8146677
9692721
153112043
9284367
7378791
4266807
4012341
49095251
6743319
9448927
5916277
6620961
8274993
5453313
7993661
4802893
4686623
4779913
6195079
7502797
2563743
3730117
2197811
2562911
8710247
7395329
3417591
6863327
9664157
423807
1627767
549499
879847
4622083
7889473
3651563
9415089
1724487
7791101
7147707
9435427
9321247
2826253
8039687
683407
3902507
6911679
7793437
3500183
9846913
9046667
9445143
9578407
9416091
2661411
1360301
4457171
2414833
3814271
9564509
3096417
6193857
3934389
8929173
5318453
15747
6137313
81280873
2566307
6037913
4304947
173490929
2379667
3391851
4369677
7979293
6757679
2783147
7106173
6286171
42054071
3509997
3218723
4196239
2176959
6963499
5606003
5188569
4606533
7622353
8330857
2679891
7316371
4482619
7767363
177721121
185170947
7037793
9614917
8724713
3022249
9883041
6369781
3594223
6065421
6664747
6899513
293347
5668219
8360819
6170121
7816383
9391583
8265707
3935721
323697
7113423
5183881
1500949
324349
919427
1830221
6512531
6886289
1341761
6039953
3470417
4275753
5668883
2001939
1670393
4836157
7079681
7165817
1102967
7976987
3920751
1551971
2208179
4636069
1671393
925029
7556329
9027071
2092101
5144227
2756789
5028071
2895127
4570537
6177073
2335899
1000539
4939091
5472089
9620629
2502787
5512469
2211191
4719617
8602509
9437913
1139011
4876921
4347263
9936857
7091087
2061071
4124859
9058537
4275813
3350207
2926629
4302607
732979
8255661
4719741
2823871
995259
6072213
9692161
94086659
2222737
183693493
6478083
9206641
6529879
323087
997213
5291611
6312841
4969967
6845887
4747393
1607117
8331139
8536069
6444233
9427831
7621041
214881
6757407
1752949
6376521
7727671
2065399
2759569
590889
3052357
4617051
8703053
8544139
7056199
1681797
2539613
7164187
4290831
170793
1437527
82685853
7345363
2757203
4252649
6844639
5038239
9290583
4318253
9559129
6210711
4749699
2219583
6413143
6231501
4484517
2834547
8513159
1158409
2543987
6477381
3003727
2201263
199973369
8326043
4075077
9831719
7922661
7152223
6381107
718429
5721873
1195191
2431713
5074303
167057
4079821
1791787
531783
5794391
6621161
6126573
7507343
8563639
7042269
7357757
4216523
5476707
9991583
1599117
94297321
1476741
6907251
5739179
178778659
1136217
8641377
8594181
4700799
2376587
2784899
5002959
1986437
4801811
3721573
88958379
994791
1471233
29001401
4329873
905349
3879043
84331583
5838027
2751493
6424871
4668319
5584269
1913097
6982379
5080969
3446191
1852163
3036327
5555213
7388567
4007347
9665121
6123013
1068999
4677213
225829
3223859
1326019
8262023
1387737
4693219
4354633
3765197
1910803
2230349
5178783
4183137
1223333
118631
8401033
1848621
8312421
6249083
4743501
3181969
5568351
3613947
7881937
3775451
3501763
8234999
102541153
2341113
2428433
8951507
829327
2375119
5963133
51737597
178498043
5988531
8648711
2519377
3757531
1014801
5114861
2504467
3885889
230461
4096349
8832751
7080283
9060039
5917239
22756371
5778129
5533709
8700529
7761769
105095159
9411169
9691339
3944443
3404581
7384439
5649707
1682727
904093
1492627
5317839
3206631
6189759
8595931
8221141
8484667
3667991
66273
5458749
9475679
84561
3715041
2128699
1787489
8929017
9952243
266529
2743641
34195821
5481659
8100349
3093621
3634859
2568527
5323909
4926469
117880367
4817183
8329459
8231193
3254187
5204049
3498129
8466071
5548677
3545481
3172337
5674177
9629877
9314899
2556127
3039499
415841
9973813
4884923
7828861
7400017
9420559
715921
3707403
1381657
8589801
9294987
5777061
2044261
2701967
9591657
5057737
6174451
3045527
1341867
7434421
1707429
6885311
4964209
9028357
9466917
2303671
987081
1772039
9934239
275163
65003
3473109
7279501
9022097
476201
8298863
1754861
373407
7508963
821587
3262521
2821069
5126913
9342029
8401741
9342643
7132001
3785741
9277819
147553327
5111403
869497
6486213
5959263
7544583
9320861
6492573
4259719
8126037
8171773
7788307
2960891
4938543
4202583
3033067
3614433
3677779
3432107
6066113
6900167
8866011
3203391
9116549
6084503
7108039
1761827
7730039
682987
5199711
644691
3530151
1773827
6436927
5187641
6895493
5532629
4605789
3497497
2915599
3224039
8670079
1309037
8308387
8610221
5732043
6881089
8681519
7450301
8552001
5020139
7793623
9965201
5322391
4618379
4176673
8486071
4914863
9740641
5653307
110538677
4404949
4920839
8411857
8888167
864723
1585669
882291
8789201
7335379
5998519
2418843
9891239
1705837
3854833
6493559
9201997
3300597
6504057
7562303
151677921
4507741
9766031
6578773
7200539
2589229
1135389
3253089
5353949
9181367
23704589
151531
9686289
8042903
7462499
3352029
9964441
5784283
3331753
4697657
2703303
3528403
4648691
1971327
1084943
4500177
1081073
9320849
317191
8302143
7464987
5859647
7161563
9992929
7547637
2909909
425179
1064201
4672721
518327
8117529
9762461
1368207
3144477
1860457
8913129
2147449
9805201
1461151
5773701
7277743
6714701
76950949
9097021
4098413
6655809
3236383
63566107
3829687
4966029
2159269
5654303
7494037
8651227
4183311
9193557
1614211
8971221
3754589
4370853
3478057
9602389
4051429
7397281
1773581
8597347
7505539
6821339
1668971
8138361
4618861
2127589
4395337
1075173
135589221
8983201
6488059
2256261
3216267
639833
8161221
5207083
2322479
3585767
8094581
7173061
1890761
2332083
2308959
5229431
1783127
3970297
8737097
1753429
358877
4609309
6277731
6001969
8058711
1113819
6541329
8183001
56693093
8441063
782591
2257871
134858231
60939277
9545723
6016961
1618521
3941829
4294233
942861
8232359
7172597
1619447
6475987
9137623
6855319
809123
6961927
9536593
254319
4797333
2595669
1572773
6235973
7964219
1416459
4070999
5782989
8308089
3307607
2472623
141305747
12376813
2417219
6372227
7296257
7375701
170741057
2963269
164813
2897739
5021429
1560637
1916121
451921
6606801
8827051
4509803
1479471
5785813
3051261
6488301
5559891
4251721
9576723
1733553
1447757
5391303
8497473
7415743
9138883
700267
9838309
4901333
2237671
9799899
5982147
8542519
14817
7384047
2018621
2986577
1864279
8418407
52672279
3756279
5394607
4303431
8994731
2098967
5086179
6174117
458333
8955023
3892857
3738579
9987103
162247
9027083
5938879
4726817
4377583
8369321
129231
5682873
6625109
8044747
5508293
4580289
9047719
9016617
6270027
68273177
7308197
9601657
9421711
9444201
3317211
8859373
3428293
387597
9853799
3172027
218869
7345411
7781871
