3962933
8042751
625937
4456893
2081157
9931049
3641091
1102337
9417563
7846609
907423
4443147
8882387
8954247
194689403
225367
8014031
3760261
8508301
4395801
7805259
2359797
9964923
182727
5375593
8486461
9192237
8084341
6784377
1617847
3939051
3642821
6037097
7172729
1276717
6736731
8678951
3801311
2593099
3976377
5675069
2777869
5762569
8248281
6744529
7868109
116823911
9096513
1760983
3807559
615713
2136149
8918353
393753
1834341
3922349
208677
2577827
1900089
4538067
3932627
5713321
7579401
6574353
4285091
1538949
7354399
5114427
4557833
5410047
2121473
7726731
4923497
154890301
7671609
5750869
3215587
473259
1333377
4807589
8135121
8616237
1017729
1568563
4290673
124978717
6239217
545219
8116431
6374417
2351469
606229
5713007
6561881
8898567
7468641
2919147
2915489
4469303
328803
2262891
6323557
948439
673127
8384573
761211
2526147
6276597
1592491
6582959
7441907
8782587
4455821
1081183
3905903
4237763
7088009
5496257
5218031
5698719
68884891
1680249
559017
8930203
3180169
182537
1000943
6832589
111706843
81385771
6627349
6075861
6701129
5977493
38630243
1616391
9581439
5898623
3681961
5640291
7198387
8389731
3494879
8657873
9794249
3699047
6354609
8355531
4616539
9558197
74883
6390257
4940471
6415979
3146933
9694721
1849829
1214297
19438299
609173
9888201
1741531
2543129
7486461
8330937
1382283
8673941
4021719
9458629
5964287
4103629
3193407
2818493
862671
83214481
3567553
2484307
6593213
3479193
7483817
1338953
4973319
1523409
1419273
935507
8167059
7750833
7525297
3929653
8870771
2181561
2015263
7277157
122675537
7626199
874083
8714413
902717
6050779
6771061
5664547
8682871
53939377
6524583
4319207
5470073
4742823
9181923
4502623
129567
929751
3027729
93567
894507
264799
7010439
5689491
5657209
9347321
2778267
4304579
9502473
2579069
2937817
4537193
3623677
468599
5014153
6588851
9331363
9204037
2399883
7783101
6076663
6110289
2229561
1668079
1624067
776019
5221181
3427373
3356921
613071
7057053
7923459
8288113
28846533
4742409
6720549
7502717
1454111
2893537
9042209
1024859
788787
195891259
3861119
7013863
3792533
3708453
2439499
4634973
1192171
52828181
2994393
57955677
9475523
455299
775323
7161663
1352447
6198851
3621929
7689399
9018727
6723773
100842219
8962169
1065433
4908573
5150533
2869311
505293
6575899
7325497
2213717
4280229
8169963
7099333
5756637
9807637
6391611
4303117
7372683
8369013
5670453
9898961
9007073
422941
8324257
1528677
4880177
7074541
694329
5122657
3436171
3455163
53095961
2706111
1999849
7765181
8348189
3256671
3969541
2846783
7461691
3311041
7281037
7040747
1304751
3249713
8380059
8439507
2923841
3821027
5303401
174992709
6307897
1469939
957683
4363429
6265289
2392809
4048527
3926341
3548297
2083559
395083
3014907
7488033
9117447
957331
7822393
6237243
6090807
3176213
9894741
7611129
7701319
55681
4006743
2967587
3576073
1181267
3907247
9866491
538617
3373097
3528073
4375657
1593873
6948029
1131401
8832747
2210083
2648093
6854779
8727297
5670631
2626157
2607839
8645071
3840067
2065377
7937501
225821
9466747
1282239
545337
5531161
1696119
324083
7244469
6129999
1675097
3130663
1275711
2857939
3036113
3794279
5979769
8279091
1371487
9249259
6718599
4821483
2164727
3742887
2733939
9630839
6975599
8149163
279703
1849373
8823371
1133669
5406299
2513317
8291627
1012257
40841469
4712381
4367449
5001289
8407589
6657651
9119781
554889
8662419
5771731
2651643
9470327
7152297
144120041
9386573
6729511
4365289
5182141
3223201
2771621
7686719
9795973
6171887
1760407
4715863
5119001
7002711
918151
1304711
315639
8993399
6449437
1139879
9198607
9899931
4148103
516077
3485289
538297
6448719
5090719
766307
112921463
7702823
9282517
6811143
8459843
5905783
9885553
5920303
8368373
9156731
9156209
146351807
696659
7355191
5051431
2741203
7963913
1952911
7499393
2916353
5399039
7294663
5020817
2711991
9672383
2429253
5299243
8856991
90590117
7326163
9484669
1182231
1289
87785193
181187617
5200451
6045929
7326867
1437829
7900521
8596279
1225411
3052811
5333581
9235027
9709571
8808241
2961337
1887709
7841773
9303951
9967827
6432723
7814891
4882309
107726399
2203263
5042767
7871573
2713027
9231913
9620049
61095387
2331761
7355103
9236507
1638107
7126579
6219313
7151741
7386289
8950987
4218509
9603187
2270049
1199583
8347323
48309569
8201269
1594831
1500599
4492127
81339
5568571
2645829
2790549
2502321
443931
9544069
7570379
89048737
8752373
7215859
4585429
6697277
5673021
7611981
6124681
4643451
6523327
2953833
5248931
8239807
500969
52277873
5695687
96591967
4244799
7332923
6567883
3084123
3132597
1003031
6096657
6729087
3546511
5896361
4029611
967157
3032947
6952587
3996961
8270847
75177439
149901281
6945513
8710547
28172881
2546549
7532951
2105353
7416253
5773639
7119349
4906423
4774209
7827847
1552797
803219
5171631
9743477
5538529
7038327
8972339
9906331
1545707
7998891
646327
6236637
2424933
689077
4294739
3890941
7524043
9419913
3519209
3530931
2008013
6900841
2214927
4767421
3756201
820227
2163611
1865053
5166131
7932801
20313779
4961773
2942577
8982143
4478661
1018263
2328531
559343
4252099
8267359
9623727
5799643
270579
6572483
1477991
668133
4695263
331877
7233359
1693867
8181447
2638691
4872969
6721
6005491
5641819
3766069
675523
9944649
7718721
1860913
6414133
8478277
3692993
5148051
2304973
452217
2179629
2910043
1758091
8230839
6178449
7283327
5554441
1286141
1943621
5532919
1929321
1388421
195881
6792077
9724277
4921869
2841033
3225519
7718143
8964101
7111533
3920149
8432409
142961
940857
3801599
3226727
7728543
5114757
2091193
3896547
2699573
4446517
7330851
88087157
7595699
4103359
485727
3010317
2184487
466001
172618297
3835207
3421803
3429121
7890229
6455877
3241363
2991677
5832051
8424569
1311401
7304957
9125437
1461049
6690643
3463963
2516481
62682547
886907
8687757
8418783
861401
9392679
1118109
6695879
7862009
1274243
1689091
1261341
2807389
6074007
1639029
6948599
1780009
4207687
1609197
2561001
7267169
1824733
4855897
9673323
400891
1966561
1952529
4876001
9629639
4833041
3303151
1853901
8545447
1524497
7895791
2090553
5460757
6960761
2315341
5598341
5724367
7617491
925177
1007977
182247037
7705161
1089159
5080343
9183597
493393
3288067
3794499
5162709
2014313
6686891
7805903
1430629
9273551
8519647
1638431
4742219
7667097
8535183
3152909
5064901
5008103
7489053
7940789
58123
8783727
