4278411
569887
3167633
7056901
3715623
1724281
6079289
4519973
7877357
9467803
172039753
5725127
6020777
318887
1842067
8613777
1788627
3078341
195083
1762703
207007
2641871
5572451
190400911
5584409
5327723
9752733
6053369
7657479
1687909
9391179
175620833
4739347
1515607
4577211
1668817
2533571
3303969
1196793
9301277
9647899
932793
8732619
3997909
1960129
1189713
3750611
8308239
9131219
1282131
5558601
3432923
9586699
6567091
6630511
77207
1536523
537469
5759679
776421
8143197
9570787
124171
9989753
54467
2924771
6229663
2445991
4457163
3055561
135871789
6787299
6024517
1286023
1290241
849643
9787563
1750761
7889791
7457119
712953
5628549
4279367
2699001
957673
7070833
8909023
4699989
4056049
7580317
6754027
191439
2562163
7615577
29209941
6765551
712963
8809743
4802599
2788709
2830191
5672409
106743531
4143357
2800427
122671389
6590487
2492857
165407779
4732333
2010747
8375427
139747253
9957339
7262307
3873277
6554987
3431371
3449589
9353339
6929783
6525213
36285187
6009291
1038579
2411617
4566047
7462233
1250879
1762923
6969571
7283211
6666791
9600183
1487407
5015383
778033
5872469
4367723
6174529
7553743
98532993
8618401
589839
632791
1285247
1085907
3603133
2179159
8763517
8822847
5355991
2541309
6729959
9631837
1208417
6004369
6468177
8401241
3086949
71128233
78366127
1022061
7933423
2223659
5048357
82619201
9737767
9104187
4210361
1993733
1740883
4362453
629359
6619659
5127007
2786739
5437807
3939861
1549297
4158173
1315257
4828607
6971221
3403813
6394333
3782943
7875699
8864291
1507099
5546111
5323591
3477873
157449
9554527
5730781
8923333
4162997
2632091
680767
6502191
4583577
2867237
122791
4733531
8337471
4879419
9765829
7807249
5694823
101439
8138281
1870867
1063391
6805913
7448543
4048967
7865403
70611
6843003
6205331
5599217
7715193
5042513
4960403
9019313
1326633
4379261
4224053
5031023
6831943
8428571
165808473
5311083
9764119
2318919
9065293
2224161
6658383
1514827
4157243
8388619
1426407
3223417
2990173
9997913
9462407
5370629
6078161
4412371
8511161
1244589
512839
2246051
3099407
4642281
6774353
9259751
6253601
1814779
9477223
4586363
7724961
4995733
7083917
7649803
61499
6261561
670491
6669437
4377571
8299027
3190701
118837
9314033
3504537
2637031
3521091
3758237
6524587
1311747
7802551
103620713
9973341
5117823
284067
6980009
9553041
6917221
628973
6095631
2501811
5575891
7440053
8321719
6448787
2690081
717421
6163531
1368613
6434991
6243897
69799459
2955011
3689859
2890539
6602847
3880527
190006533
1517987
6890449
3793211
9849869
4338553
558391
6978321
7519469
1293591
7974543
9960757
3280489
5009289
5228781
536367
819627
6509021
6530983
8147411
5697929
3937443
3660163
361921
4395383
3600409
1485427
8782181
75489
8112071
2987451
1035177
1020911
3697941
6624897
4716151
4287153
4133807
1521289
6137941
143468169
2784013
8274173
5123059
1376761
9393011
5164851
2964683
244829
1150749
9890873
9160261
3114661
1400699
8704451
85043037
7329569
4358949
9044431
779221
3214889
7064797
7414137
8625701
6730769
3154667
9589403
7803141
3042031
9153583
9299871
1307509
309011
2029357
6063411
747017
6269171
5964579
910411
4493367
3970393
3563719
8200397
5938097
1927487
5576507
5534037
4483587
3586127
4123499
4596461
6266197
9275361
1631111
2189261
7011679
2517721
1771389
1229781
883857
7963583
1449759
4760143
8052547
5527819
1822707
9247481
1422193
6860481
9855041
7500003
9564169
81023743
7348691
9346677
7236963
6718033
1383301
23961
7430359
1426901
1638277
2319941
7641567
7595853
3055189
7919919
3156319
7537003
8229157
4121589
2353671
983749
6875179
1663967
1873339
3995121
1853749
4364511
5953511
9669989
5099137
2629757
3091157
6894929
3878799
458317
5358283
1551661
3900577
8495113
337299
6805551
3827669
8250271
5495703
3106223
3052607
4512931
1391649
8075427
1396571
4745451
1626993
8266801
1970267
6419441
1027217
5009691
3386227
7066693
1072693
776759
1510841
9656939
5604243
2015783
966633
2151157
9021989
4258937
2320067
3844601
9873827
3666169
5158889
8238373
5307103
4019721
4253311
3510763
2313393
82705609
7742451
6436789
9676499
9044061
7873457
7702331
8084009
9851007
8157221
5755913
3670977
896017
9053499
5960357
8477751
2147209
2423243
7681939
8754709
8697493
79358967
9930023
4402553
4072497
1214109
9372807
8126101
120302687
5598721
5880957
9233381
9170557
5177901
163404183
2960823
1250069
88109
1752507
7222643
6038329
7145239
1565361
4180107
3666441
4988897
120943599
7489727
2160027
920359
783213
7548197
8346501
6076599
8988089
136587153
1465111
12089
9827073
1199297
1759579
7696211
6605477
2186249
3524899
5918759
5726493
5059147
6825113
346833
3014277
2129843
1957029
5004733
2390033
6994941
4925839
2571963
5652783
1205423
2274989
276641
83051967
989573
6657783
2701497
5513967
433593
8286293
4550257
4175673
2999277
3466401
4421691
4934531
9445597
21924419
5743713
912283
6373171
6802431
756261
84603
9240479
6127869
4765821
2234349
2423747
1181213
103637797
4481463
1828509
9572217
2529203
1498307
5854271
5402839
2189277
6750893
7785957
5900457
4011257
6336619
27863071
6057717
7666029
7554147
3902003
1061283
4153883
6437489
7346819
6644819
9790569
1477659
9497449
4408171
5422531
8394191
3892283
82791
32479327
3303211
7309479
1827237
5283649
7821671
1087567
3867541
8999307
7054087
2890301
9176121
4745673
7091269
2805611
3478957
958819
3293841
2994571
1518539
7412137
3238671
59517871
6350987
7039521
6489857
3002751
1181521
2491407
1317383
9595001
5634107
2242689
1497369
34063709
1989579
1808267
6711131
8622917
2903933
6662443
6771363
6938181
3132527
2431457
9328757
592553
8577399
9939863
5849523
4216537
2627333
6535169
2189167
1026709
1525309
2937837
5842079
4695563
5178461
9454337
1345809
4466751
202827
190005209
839927
719213
3968789
2114869
123924439
3139757
6681503
9045741
2088083
187803
9875657
3413319
8237773
4858557
2112001
3671957
461933
156153
681517
6063681
9357409
8382637
6737841
851369
6457489
3722701
3028669
5722071
9487323
6833713
7933777
4791057
8658219
5624757
5877419
4655987
4495139
9065543
861137
9182299
1794829
5697697
8857157
493617
9218573
8591819
3890113
7676829
7892109
111202083
7120353
1917877
5422277
1869113
5684937
8713143
5583309
9952649
106363139
8994779
5279939
8982293
6451479
5409309
1649969
2024557
8681673
105498939
5364451
8971843
5829203
3065759
7178807
1196327
7159139
165757
1435997
254699
3871799
6025769
1805971
7733517
4692569
3732297
1698827
2062173
353449
1191061
7242427
9168973
4611289
