6182419
1959079
445197
2317351
8528839
3765483
8027351
571129
2218641
6567439
1958777
92199
7822021
3542433
2536867
323503
332921
7378031
9368361
4377733
1758131
4331509
2044351
9860349
9462881
493541
9041489
6104479
3285877
2572309
5179193
8975539
5787057
6877997
6206563
8436613
4873671
406681
1108159
3765921
4867527
9986217
5379511
189337
8577749
8107287
1332219
5543661
5918621
5340631
5737089
9582063
1795643
5677897
782461
5445263
8133883
5096037
8658301
2088837
4316963
6228787
1017109
709291
172007421
3431117
2841131
9582261
509977
3118521
83289
436483
2285427
136550849
5244163
47687
8343077
4565783
7271073
2814367
2431027
7127979
3354639
7081507
8592891
8272881
118653539
2122467
7848267
1585333
9783871
8796349
3666003
3908963
303923
6633983
8395873
8275039
3279073
4046841
4449531
5038319
6387623
2337003
7135259
8685831
4844559
3477401
6379381
4523453
3766791
146735563
7484781
240219
4478143
6009139
9235099
3142957
925829
3208827
4818299
5388871
678323
6043309
3247129
2130353
3220211
1400319
9927627
6321879
1528703
8320173
4347883
1040213
5862159
959449
3910061
1987521
8393741
6550521
799627
660839
9340517
134527
2009831
9669557
8291323
1506301
1267199
1785273
2249203
1643997
3137759
6696879
9130109
9260757
8948869
2073091
4498803
38823753
2938849
4650043
1621039
3016937
705099
2063299
167753
4605677
6663217
9955741
5195559
1054611
3671367
6597421
9038089
8049943
7749749
6063199
8948759
315909
947423
2916309
2141141
1502097
5158039
7685909
9190401
7642219
8148091
5289859
5881129
4112869
2063607
6013239
4549523
4874553
6275991
6301737
7628919
2839461
4785343
5818819
2704491
13688017
1328133
8436609
5853369
7319517
2003281
8378729
2755097
2391311
2573987
3755541
3102967
8088119
5646629
241899
8403837
4341971
5392327
7337801
8663477
2471879
8176367
6726327
8821387
9767869
3794537
9379293
3362981
843487
1787877
5716707
9994741
5064771
9448997
4226373
5660033
11841739
4728723
7219857
1717993
4608769
4513021
201693
2143267
7871491
5813439
872113
9571299
8545699
9545761
7716043
3211553
3952999
3761199
7097929
619429
8229629
2684077
7859657
8755657
2163599
3353419
27219557
6872867
4772317
6279277
887649
4647901
8049649
6401981
5851333
7902059
5014689
2519601
2747959
8006873
8502291
9190143
2560307
228513
7413029
5971679
7332861
8078991
8762957
3899213
4845647
4341447
6720031
4394191
9897039
1044799
6226409
40819713
2449501
3520391
2910831
7954151
13367993
39095477
8254237
5272859
7330219
588807
4425559
4750179
3027327
2652959
5700907
170561651
117521149
7631529
6552833
5755841
4462517
1962027
2783531
9461337
122118813
2543621
3663767
8669931
7813059
1038771
7818697
7339443
5295631
1795899
8976511
6460803
9323943
7914289
1243497
6736943
7515563
4241507
943009
1398341
7027931
7290447
8456513
9957599
7702409
541807
6654837
4324637
4964811
9792419
4951227
1161763
6853529
43551921
3098671
2575327
9098259
172246233
7378339
8330269
71164347
3244603
1342931
3498263
8947701
2767973
5708531
5674043
4646443
7287721
3497593
2331701
6884333
927881
2858253
9329567
8238349
1399589
4247517
2848799
9010873
2846259
2454091
2015313
9129187
4780479
5285007
1596791
6841139
7521487
8274559
5404403
9426837
5747593
5766129
534231
165667
8109467
6940333
7360073
107278353
5852533
1308991
9718157
9573993
160217
2827779
1957873
5616981
456173
2457699
1161511
7588029
5955033
1242291
4245807
4534773
515899
3890813
8888139
6112203
5527927
7661191
4889949
2096527
4416649
8990877
6632297
7254657
4394057
4645467
3785757
6892671
4289843
3830729
5216447
6758237
3059993
1876229
5625943
1024391
3060643
220943
6014567
5076031
2068803
4689213
9957623
9981369
3905061
4784131
8326619
8698467
2779861
4917163
4921357
8404819
4099349
2380051
8176403
6310109
4906013
2097933
6563091
9492253
3042443
7862749
5742123
5566109
348217
1225279
8826009
7564919
7969681
1409013
3327971
9028851
3370223
7236563
4900959
3709681
1048041
1034483
9236873
9669069
7374071
8365923
7692053
69243917
567797
2438319
8912979
9716669
5329099
6780553
5060119
371773
2195633
9065171
8142123
5392791
6323467
734481
8862701
8705283
8638633
7043027
5496311
8471789
3642913
5469343
9304151
980287
4247787
994529
9963459
9224877
1828483
4728537
4587537
37087
7234889
121427529
5015939
7577397
8929289
8713687
8829479
9964563
4032961
8703341
6459513
2032891
951917
1905231
8516777
5233051
2544261
4515387
809969
6709879
7142879
8310283
3074621
8795313
3864609
3479477
5816029
3177373
2584783
7991693
3945709
1416559
2464757
1271
6825733
4469929
4315723
5979777
148869
5236019
5001261
6558193
64706049
7154709
176916367
150659
9104159
7852917
4934987
9709197
6094807
5222877
653423
4373923
6841561
9146751
255257
166321621
5759421
7851391
7821467
3847011
1448413
3834449
1282349
4599717
5034719
2297821
1986171
2225321
6298731
6958023
96984767
1713021
2837897
4596433
9015713
8379891
4338841
2078491
6335051
2701057
1990559
9063947
512663
8396703
1393423
1478889
8449137
2339571
183547
4054513
1768921
3870303
111403
3766399
9103033
1688419
4112563
6416659
5062741
5669141
8286943
8690541
756021
4158279
400859
3749811
2129981
7568807
1997097
2588159
854621
1084989
1495437
8090663
1910989
446031
2706537
2902337
8761829
6579827
4853313
9037327
9616681
8743927
5732331
651209
4556389
9811067
5725587
171297251
115263247
4803811
2236927
5434303
1972453
2564227
7665867
8760513
1564501
2353679
6294489
8944229
6115757
6768589
1085387
4504333
6398991
3241031
4324493
3526653
7453201
8909449
3440183
5261731
3287899
9952469
96584437
1447333
2628873
4668829
1803343
2210149
2241509
7219219
31537
1862671
9063313
3705531
3958689
711369
137738513
3412209
3914869
1414599
3101979
7995189
6325387
3149639
7854479
8747373
8427761
5722601
9237817
1664181
3417461
172514981
457049
5808613
2469593
61555739
1254337
7968147
201727
9877581
9926327
6996049
7658213
33398623
6582027
332251
1680089
8036251
5074329
6317677
7216889
6854677
6609677
3914083
6253149
6161471
1652223
6271651
6211377
1276283
1780723
8045187
2201283
1750197
3792829
2073291
5902573
9252737
5716701
5849283
546627
4478451
6499467
3706953
179966169
5461811
7299301
1813049
3023673
4714741
2611343
4239447
4033027
2986991
8230413
9639631
866137
6346859
9970373
1243673
7528181
1020079
7561867
7705843
9517623
8098579
2993699
1361187
105533427
4719507
138501003
7514047
9283337
815519
8208033
3032517
1176819
1867703
3664663
6879099
9067309
4494549
4317423
