3097731
1179769
2036811
1681223
4103289
3769677
4041577
3177163
4640823
6956527
2703793
3255057
5667859
172998021
4283457
9781443
2591429
1108499
5220171
7041613
3690277
8481237
9682053
8952161
8824673
8296187
241211
7678211
8456639
94884459
5934483
98253303
5386423
1424453
125053251
73582531
2955663
9385077
7408297
2100367
8918929
3206507
154949
173552231
7153639
332813
5215961
2014681
2301237
23495237
5598657
2228311
7373107
4255611
8092077
612607
7316391
7762457
9164091
706307
9096493
9166389
2522781
6547429
6296991
6929129
124199
158850629
17183323
5878511
2609093
4229219
33758929
869733
7176263
36710447
4114039
7984847
2972707
4984669
6572439
8832163
1917473
2256899
7543429
5614147
9403219
1653491
57533
8720447
485661
676397
95268323
9306993
657323
7866879
4122731
7412393
2114051
2616143
6070987
4237177
2417509
4319771
8043379
7753939
2104331
8095223
2430327
6090641
1457607
3546127
3613841
5488317
6970193
269451
5733039
365819
395879
7532071
4952841
1489457
5186181
4970203
6223177
577749
5796533
9421729
5358793
8790951
9402511
2900557
2312563
3558317
5359117
8208107
5784401
7706647
2615711
3839873
3360823
6129161
8495001
966187
8737651
3710267
4104947
9276019
1999749
9539899
1653549
1250541
9161053
3149753
1985691
159316251
4241863
23362527
1993029
4260589
134550523
1212477
1181939
8937311
192886121
1699519
5680597
7082397
2389181
3702639
280197
8020379
7691623
2994041
8710969
3343371
6729443
4928837
2299911
7832937
7097273
139099
9130403
9073933
3167609
5267281
8386963
6619393
3367243
5188587
3671359
4814053
1470127
9575999
1192599
8285291
1110687
9070493
2824679
4858513
4861443
5582503
7736983
245601
8560387
9490593
7596011
8718429
9714709
6532031
889877
8205917
841999
6924077
6831903
3585147
7257659
7452047
3822321
1427489
7288651
6417517
1792297
3969551
3728859
133937
9646423
379533
2768217
3517611
7289379
9450733
4529777
6140307
7484479
3489459
2465037
6485851
5592361
9408181
2066117
8064629
4688071
98399133
3228991
1039153
9335707
6339611
7624349
3466747
5818411
5452709
1036611
6751557
5751257
2211941
3354783
9834279
3249563
2018089
1165859
99403
9825007
593529
4872421
2197957
170346241
706387
4635249
7720141
6036217
1519073
2193369
4184483
5046283
2626239
2320511
6844753
13687269
2252293
8865663
3461359
2688263
3810043
1570363
7221091
4617397
4166699
4895797
7486921
3556901
213261
7346891
9036331
5360943
9046773
15371
5517703
3366773
8050623
5948777
1282333
5769859
7479943
3663337
8777269
1726723
6111547
2377557
9259291
6788377
7836843
5409397
4393489
51369909
7917727
7370721
743539
8180163
5979761
1417581
6876933
8495957
6358909
8122323
7756481
5138099
4931747
13607843
6705067
7710603
5936653
6522697
7092841
4164941
8310043
3391237
8523427
6071791
3131887
3260279
7067523
7343607
4004551
7618021
5253703
5128137
831329
1134997
1509143
7368049
9898627
2889507
164881
2565701
7557161
4365791
9487527
6555831
7891857
2531803
6039653
6207229
7022871
9458309
6007641
17312937
2478679
8471089
9949947
3130317
6519357
4687239
4400291
2630447
3367681
9603971
5323913
4025839
3497333
3158301
4821827
9050293
3996777
7808971
1924763
5647027
94077
1735749
8967653
9403351
8806763
3024057
8060231
4260281
5002799
6588577
2843309
8026997
4463377
9236877
6565173
7515597
9551741
8473487
989373
76993
6615207
8615609
4363629
151000181
1489007
2237811
3319901
9549377
5277777
4628871
55707
8356313
5923369
181216801
3583893
4209677
5239439
5893681
7023177
1696829
5463769
4710201
117806209
7965863
4272327
4572039
9307261
180318371
6411433
845563
3879263
3663003
7707623
162761
8092759
8511769
6558019
6288737
5771361
2899581
7336317
2253027
4289629
5917103
6721379
1784047
4106787
8870609
110485333
656661
3505001
4119781
208741
4130347
8554961
9851041
8403957
6134281
2353269
8526711
3931019
9459147
3324733
2457287
2454949
7420801
2045597
9602787
9842041
2491937
3392767
1307697
4409951
761931
9949099
4287263
9651579
572463
7402171
718219
1390869
163577187
279861
8856339
4621907
4714363
4859723
4363633
1276177
9439481
9148603
8979507
7893497
5871317
5081979
3637383
9848289
737571
3767043
6923821
2954427
1931211
2923471
2309277
23849
2030507
5008791
4967111
3723271
7839523
9424781
146219
19751
2837177
1005419
5373377
3069831
9367347
9004593
9436173
5677867
2077111
4086971
609481
7175617
7993363
5005749
4705891
8196823
7343193
735131
6632829
2983727
9415227
2336049
7379623
368363
5506287
5515827
2170849
2124967
9935119
2440313
7785221
73634919
8646333
7010277
7636577
785177
3430443
2233681
1557199
177023503
8855719
7028589
5195493
7942879
48972819
391187
3951051
4252349
8090659
5354731
1429441
8099383
1606413
492393
7834297
7227287
1411423
7567981
665203
4587659
6321357
9750727
9940529
6609461
6791341
9554053
5002901
2385609
5558919
6982199
9695611
8759621
1141841
1066593
2205329
2190083
6131063
9522311
9365781
351523
7586023
1447019
8551893
9104629
131960007
3509719
4621197
4422559
5030341
6920263
5849077
6932269
5984309
772421
1099969
915333
9943393
2660323
9868237
4244131
2389381
4225699
9019639
7666651
3563687
9669103
4575419
1929723
506617
6148521
30870361
9177117
7667477
616729
7999179
1965917
6222027
8444853
185151
53407497
1055897
2532517
505087
5827073
2475613
6976759
8315609
2927347
7688569
2210477
6610497
9864323
1862551
3290759
6131519
8894003
955363
371917
5012831
6306133
88272419
1932047
183138279
1261299
7011341
5222349
5370983
6313241
2843759
7929027
454287
4734327
2311429
3703769
5807969
3607171
77673789
1408301
2689981
9714793
7641463
5507207
61311
7730923
3542329
3850991
7606517
9203969
5880647
5322923
1307219
3192807
2217539
5449699
7926141
8580951
5349171
8324643
183909051
6469021
4985831
8657971
1174083
2010941
7187193
7508833
9108949
117711447
346359
5684327
8170151
9149579
9614101
8442211
1229671
84012621
182727947
428001
1428721
5424479
532789
7562993
6277033
7046443
4305961
8116863
2722787
2803883
6864607
7633113
6739163
9424723
2554159
6024471
7819561
2218419
8438049
9601783
7078311
2588821
4012379
1519733
9687527
6060559
9587997
8780519
72177
9964681
2428597
5646019
5787947
4135061
8924227
151068321
6993163
7747839
2919937
6185203
7782681
2516627
2075439
9921957
2845549
728473
6102659
1848163
8827163
3367697
3237077
2633001
7341681
9221229
4269011
2216273
3246643
8959173
9618247
3828803
9638757
4700629
7345529
3718579
1837979
8343823
108126029
7224801
1960301
4120357
7907513
1862087
3397087
2604033
1234713
3829171
4370191
157221483
9559361
7093453
9214411
4313213
119655361
9507591
1405073
3165431
6037513
1403931
2843249
9204989
1265129
6598831
7273347
2684863
7831521
8624953
3545059
6219967
2015019
7103227
7995731
9534827
3855523
1758131
1627749
5631001
5829419
