193607
8603377
1784097
3938131
8793563
9455913
3654673
1659219
7910309
2827403
3516109
2554433
4159517
1098933
5970689
7870023
4613269
2631591
4963677
8204891
1173831
6627473
8189327
8652817
8607863
8767509
8877953
7020743
5064161
6575567
3891799
2466917
3720047
2282333
7156179
6559709
8125353
4036247
4612133
7587751
4676393
9376239
8361801
1690317
3456593
8603419
9391401
9464443
7820103
1437341
3436121
2933787
2974857
2239471
9503217
4332231
6031057
1419241
8932429
8287337
4278577
2843553
958123
7486909
3070369
7738351
8138959
6846621
110659
1481679
7752051
2861323
2393959
6526101
193734573
5283171
7907679
6087343
2107323
551281
7834917
5000751
2721121
63961237
6016781
7318301
5315953
4577277
8267109
7992899
3511819
4262049
6364247
6556533
4981113
5232367
564869
8973589
9753551
8108689
7901869
9634337
7789487
9677631
7943351
5365431
5434231
5276343
4757637
8606037
5825259
4167997
6926341
625049
4510957
5207641
2775727
8238779
7533411
4547253
3457091
9334949
8560339
2487807
158863833
9581829
2137389
7564933
1737631
8743439
8341683
7076971
1055371
1264221
63496603
9696019
7526207
3135683
2234147
8694343
3716183
4836173
1073503
9542059
6984541
738889
34752819
9499037
1974053
884327
624099
42910519
1301431
6474933
1983763
274017
7366009
1116297
656813
7509961
1487569
553703
5618863
1018531
5595151
134541193
8301983
9177551
5230113
7342289
1195009
1421277
9742899
6629101
5898023
1802289
7075251
7311943
6911509
5129661
9008083
4345471
9914063
2392043
9781501
3216041
8701779
3179479
8851599
3659381
1281707
7701983
9327251
75734779
1611429
673751
1886791
9605193
5483359
8235753
6555811
5792483
779251
5158677
398151
9974667
7766611
8746923
7376959
7755453
6239333
8513223
3873343
4804421
2234333
4105743
7991157
9704619
463173
187231
4630739
9093277
4168949
4958553
2754157
1846313
8255687
3986917
7313693
585309
3032601
6283273
2282967
4429341
5748967
82081559
2050143
203321
480713
6913201
2539221
4879879
9317847
34332713
6781191
914729
472589
6532123
590791
2211351
9018337
3181881
2575949
5631539
8849943
3343109
3445009
6373359
6646063
3543851
6434387
4281949
2875933
1337137
939631
8404893
9673371
9186477
8715777
3204457
1295879
7721191
7172637
7476683
147093437
2738661
7259213
5415743
2400931
8005061
782311
5826969
8113709
8132987
8506037
3842103
2737433
9779173
7519339
6915881
3086183
7605971
6511099
7045299
9142371
8123311
5216573
3281529
2689829
447131
5585373
726233
2569381
3911277
6536611
3626329
328769
1926063
8997053
8297171
9707447
130047421
1886457
1841783
4686027
6514187
6997817
2230373
2819419
4064461
5539139
1664281
5437799
8665173
1338153
1484953
3941983
3352471
2202791
9364213
1391413
4919097
3011243
6730327
5777641
81759039
6292221
5663931
6223511
5150867
2340179
9667337
7415827
2795791
9526521
4308039
5858627
7434131
8928163
3232731
5622863
1000189
9247173
9399573
6282309
2278113
7103629
150299333
8680149
8624413
149922999
3487297
2526831
9902857
2915149
7941803
1463323
3147449
3700301
3806821
8045277
178727
6187897
2541091
355729
2329489
1256489
8118653
4740549
813493
3328231
9563949
4910999
9482439
7869813
7674367
6311993
572637
8684923
7913609
9257233
75123
9293913
6540649
2845663
4267117
213389
5498301
9234911
9366867
9413657
1563729
2864527
6023329
3620023
166143127
7889877
8743747
9738517
5218523
4585401
2472767
7494481
5567511
892903
8031167
1982527
6352979
4071989
1686053
5374903
7518847
2655271
8723161
3252207
162499
6793791
2682661
3521379
126263
7621739
9672193
4021471
4490621
3645883
575641
4548521
8211633
9510013
3769601
9409251
4868243
5860253
179990173
3252653
8319391
2204847
4579383
8448571
21943013
7281471
2845619
9728713
872217
8569681
1701221
6446697
2277073
783449
3398811
3389811
1962621
5756611
197135547
6371853
4058329
2490383
5949251
6990491
1082357
2658519
9308309
793491
1611301
5082357
6983349
7248347
8062647
1536729
4403687
4490711
7871209
8533919
3598219
7867891
2222279
2883783
2222311
9388629
1295769
2786111
6682497
7779513
9621441
287897
1351589
6977437
5096957
60079183
2115439
751247
5040139
6871463
7504313
87963
9267061
1763413
9074459
3757647
9517819
2731327
7308021
6709421
6292021
498531
375049
2610661
345747
94681127
1735699
2637791
8997419
6319919
5288677
7388299
9037751
5951097
4405749
4154511
9284933
8925261
5769597
1902711
2150073
3798981
3507293
3502293
5205677
2942609
7098311
148391
5103567
1818099
6137479
4600889
6526691
9449241
3094093
1172051
5436361
3510049
9047289
104801
3391799
1849943
377683
8493183
2273039
7976051
8764043
4125829
9610059
2580937
9945599
6637567
123537
4870153
3757613
8045129
9521017
96781747
6375867
5192363
1860491
8784273
5325181
7782909
176620953
7694057
2822523
634113
4059067
6151167
1065369
8242167
7283649
8973687
4146609
1951023
8494373
9331069
2244043
1104807
4903101
6679407
1866937
1699207
8830317
6878889
6550851
4864743
6674733
8575351
4439773
5627797
4998253
6165283
5692393
968231
8707807
333553
638483
1188313
3072641
7157417
1908479
1612607
725959
4914239
277727
97057587
4999501
3355703
9905007
6611177
9838361
7359223
4910703
2427121
2016421
8750277
7038583
6541671
8116637
2305089
8090783
6594861
802903
5924767
3961259
859749
3178523
7487619
3969909
5628811
1416961
4769069
88861803
6558731
5613
7933347
5505439
3973387
3291151
4245253
6788413
8031121
969883
6789387
9266139
1169729
1357633
3592457
2570113
1851237
9953231
3510709
6563107
1112013
9268707
31785129
91215241
5323707
5158537
289169
9221969
8132049
5960117
1082883
2062501
6430883
2258877
3259649
2860351
4161013
1877449
3338403
6165543
3241681
42090323
9304087
2547431
6359983
1212623
1526617
127896929
2879497
2374351
3618391
8383233
8290161
9987251
104831029
8685361
6237179
7064947
3285659
7256633
998803
1445969
5077561
6401507
6670851
4822789
3184537
1473327
3268121
5868737
99823
5640687
281211
362689
4843713
4979757
5950737
8720661
9159769
6425667
4490417
8156853
8345603
3872441
5189787
4701653
1353381
8903367
1763281
6763887
4945219
9856373
5346807
1805899
2329251
8895931
303161
309797
1089551
8508361
3616789
1466877
7549159
2396627
1525399
6980351
6683491
1093007
6039689
790751
828581
1455829
1051047
7364527
9861779
5568799
3015183
127912543
3083613
9285729
7239249
5898599
9086953
344541
6702899
2455393
3186573
9466451
8981443
363023
8010383
9257519
1600183
109196619
4319453
7696207
628829
5500339
3026851
1742011
2773151
9442233
8867627
