7067957
8241759
6712063
5918723
2900133
7955383
6342521
724949
4718173
3362369
8062767
9811477
5028083
1589967
4992051
8155711
5600817
919001
3224561
2505339
6790391
6456711
2781383
6278487
9773673
5483569
1276733
1036341
6925769
7547701
8895663
679677
196795813
7252283
721541
9652869
8901621
7313043
1379751
3238257
4568963
8686593
8123849
3458383
1038319
36188763
94535257
2411177
4634779
3443969
1209869
8285527
95040591
5343039
3859297
9788969
1992357
78481579
1022679
2835701
47227
7143701
2490759
2187249
7447521
2009931
2657723
6719183
9142241
2349141
7252817
7723253
5829991
7615581
8737773
3847231
5592079
957717
2241861
1659261
3384519
6015711
437651
1473467
6116929
1958809
472759
3689011
1310703
4246281
4737189
1665929
3041417
2012029
3375483
8763091
8961519
6670921
1153747
3442539
9194067
3802401
6812469
7735187
5167013
2790011
8143851
3367453
3832153
72429103
4510313
1415419
5134857
2230587
8519977
6945143
16599433
4443159
9529159
3901369
4958299
4632221
5313271
7128067
8825749
2510351
9245901
4186143
4602653
4898311
6006239
7942699
3992673
8543669
5228673
4192857
123665599
2142443
5032649
1947649
6794203
524259
3618377
7688429
4347719
7599137
5864721
4130147
6151723
5470383
6242963
6567283
1156509
8995473
388881
3981883
1194747
382327
6047289
3236487
8356103
8554141
1321589
4390661
7726253
5764141
6140357
456253
2916731
6494083
6338953
5186933
9743787
1754117
2635431
4395849
7120573
5277211
9319023
6583703
163842397
307957
172681
4291557
1390799
5521349
6607743
2201867
1506761
8228431
3931601
135742041
2324077
6656971
1476223
171041
1368159
2424467
8122271
3243267
8391139
761817
2526267
1372481
5563247
7700261
5848879
7181451
3560411
9631023
4092707
1463039
411691
3005909
2777273
774203
6310427
3191447
9146767
1896703
8073197
2566557
1177299
3942221
3304761
9783457
5612101
1772921
2633493
140773
5037977
2269189
1156861
9856981
3090337
7775803
8731619
6905649
94054487
4345027
9092819
8696811
9544859
3707127
8341763
9651897
3046577
9794833
2497557
6848243
3865187
802723
7273453
8344971
3503171
6279621
4788091
779489
162523503
3962547
3646177
184473423
4957049
8354243
6940623
7535669
817023
6823719
8240853
7138869
4275083
8941493
6422661
8067119
7280629
5846653
5356241
7479639
3340937
9259957
8720927
7217227
3961213
8442927
1732519
7678289
6737009
4460891
6731347
4280597
8958569
70129
7789919
2959159
8744497
6375757
6440699
7268773
7138229
9540471
9660199
246173
1874479
165421
3944199
7617337
2628673
2387419
111817
7862663
7326947
784981
1270207
9055931
4753237
5028113
5564759
2262189
5946757
5844493
90165951
2278983
2371373
2491789
9274781
3255511
6765051
4010097
843387
2009911
3282641
167939833
8524539
1628733
9955959
8319389
4726577
3177659
2334417
384881
8286091
6031459
33660549
1569391
591783
1619761
1580437
2105311
2189047
1105877
683461
8874531
5273269
3748951
1629687
990573
7585987
7170589
4384879
7248301
124001921
6889351
1666233
151129947
13287
8315739
7223803
5417483
6493953
149756117
3003163
8352853
3693177
8923967
7737137
8282839
159649
1318883
6141863
2825629
4773969
5153887
5426203
8429253
5091717
9233607
2648999
7031573
7026529
4435217
6373971
879947
9587073
185590063
6085117
4383909
4748211
3630839
6525917
2469383
9445503
7991423
7212473
9000611
6576063
3189103
9344189
1154477
7904503
6523687
4774573
7602017
4822111
9337373
5760369
1287547
4799233
7921989
5940907
1634977
9996847
2777773
126463
3420963
5607339
4306639
587417
2509853
7408071
5351573
4956957
3314551
3802861
1406653
3611521
2441023
2626983
5641293
7567011
4524619
972883
3967047
6504849
8690063
4801431
1624333
1355367
8493223
2719583
5888459
8379353
6490789
8761247
5596703
7260077
7959563
52118761
6718243
1467757
167377
9865227
192079207
2533313
4240863
5414061
8126937
5907747
3442981
565727
3008617
2908049
6610599
4540567
8683751
1961617
4341357
4303469
999523
4321057
2154169
4677979
4518647
7103353
4590147
3464533
2621783
5705743
41225399
5575733
1132569
5286467
1171699
4350643
3300427
4500601
7717819
3006157
159654643
427313
151271483
4151709
549381
2000751
6189147
9429857
8942383
4551103
4040581
1190069
7718901
8053321
3842687
2274553
4764677
5488857
3422191
799973
1283993
3066349
3133059
5871979
2049719
1643557
3587931
877879
2324417
5001897
1890977
6571713
6609167
51474323
1974387
427489
7229853
4321019
4250491
161734861
5132999
813411
6620631
3108233
2477859
6330103
2391299
8672937
4779773
8492811
4251641
8439229
35095867
203923
439847
6153351
6349621
7778491
2636569
632883
41328601
8420217
1171317
8054171
3180193
6275781
827693
6771499
4446157
1982389
7222229
9058973
9265301
7212921
999809
1795361
3150287
1961763
28360011
5664623
9785087
8209881
3714127
4862757
9233719
3529759
4869593
202213
5242563
9192707
2033713
6885709
466453
3708729
3804833
4587461
1686823
2643781
4102743
808091
3793177
7515389
371219
1518703
9202733
2489177
8551831
1865829
3975931
2383839
9287781
7884777
7185513
6744713
83647653
6008279
6998533
9098739
5273551
776209
2304491
7510411
6073859
433039
9111877
3670043
8412279
4047599
7644741
4828179
2866381
3043333
483331
8424109
5198339
3599049
2037961
1940753
7654681
9735333
4580819
16552867
4992397
9600361
2949047
828497
9198313
5938837
656271
5225451
7344787
3672933
3103257
5681831
3795991
6704831
1296329
1379551
8217193
8132647
8945567
400459
9419691
5006323
5964379
7792019
7029921
2893473
5986711
5430863
220871
9657677
2895931
9459329
8293733
193060969
6462907
130596981
1643533
169607979
6165487
2020927
3969709
3497799
8559473
7210571
6690733
6518947
1715087
8705699
5668819
9041017
7033247
7447373
2067357
2296671
559249
9334279
6872047
1002367
3536161
5606197
144020009
9999989
747439
8833681
3479319
8361223
4898973
577681
365729
519333
4858853
7355067
7157999
2693367
1879559
2892139
6896967
6641341
6181859
3766083
122398887
7571929
4481691
1500189
160385119
3959793
9923833
5308567
4109361
5179659
7913151
9939313
2168219
1230939
7345107
4443237
6807839
9162037
3645103
9041727
2237521
7102263
996469
37157
537877
7558179
8386641
150117331
2075769
6024681
2293487
9963969
557841
5791053
2005087
2376299
715947
9139509
9876987
1723899
9373019
1266141
9508521
8035157
8799987
1398879
3952729
9535379
3909281
5213869
914857
8380937
9896873
3093343
2776783
308229
9730679
2911561
4883429
5120867
6895899
3929823
4679819
8799217
4967487
9254709
676683
4513747
26049841
5840701
362371
5631833
3624951
3747419
8843781
2571353
8081171
3720131
4339733
3053743
7586197
1937511
864873
5976609
4831857
6162571
6602509
