5228737
3573513
4467651
7475069
5669143
3556749
9343887
3739993
3518581
2297587
3183951
3993049
5019551
1367683
59955019
135463861
9136741
1406351
43197427
9181639
9792423
5506407
1585791
20811707
7133173
4780869
2672863
5505479
6435209
3906147
8002913
8968727
5867557
5401519
6075713
1824129
1851993
7934033
2529239
4738227
9270813
9518477
3228161
4124103
3425589
2950949
6493513
5099101
5511113
3347449
3574491
1554581
7801383
4454757
3163549
6360069
9992321
1741109
8381461
8549921
8540717
4488387
5028403
877001
1001659
4737629
2173863
7111019
7940779
9956837
9854103
2182609
9705879
639137
1677459
4657719
7983807
5169979
3439313
9018009
1257291
8844199
89769
8791861
2232829
9960149
7086509
751207
9271949
5781459
85992321
8856769
1044783
4595817
3025013
6497929
9219663
6936747
1418721
7219953
7919451
737527
6846437
7948777
4880083
67363
1451053
4501897
1404511
5677191
6474743
6084189
118339151
5632791
9720459
2203887
8161661
8325261
5530161
3872491
1552851
6435707
4807017
4980721
7484491
7669889
5409693
6390161
6097557
9409363
1585039
9156549
4819049
6627197
4241659
624339
8132813
7592593
2256847
5606839
6915651
8294859
8805449
6059159
1112203
9115549
1966641
43251357
3582777
5072991
9068839
3950867
7521467
6127027
1127689
5898407
9661267
2565453
4927817
3409953
3384263
23678661
7391627
4001573
6977801
9769521
8927073
4628083
2521617
336393
4513071
919969
3630869
4366139
3475879
1690133
315757
640039
3876643
3479871
7101389
5440977
8068473
143980723
5417313
5614247
9562593
6335631
304141
1836507
6625441
5090333
5069919
3829057
174779
8930609
9240551
6951141
1928149
3924723
8614743
3392879
418513
6860819
5375809
8050953
1383393
8046661
8064931
3317133
9289519
103118517
7246631
9870389
6312947
3168907
25623339
5090339
6208783
406771
5339233
8528339
3546713
1721001
2676719
2703669
8155397
9037191
334727
7278929
5188101
3188261
1026483
5166051
7738891
1296153
6095367
7324303
1252313
3842913
6185183
8158297
9193871
7609893
5875589
559773
1452943
1640741
7627911
7878317
2870167
2429611
1969609
72135993
8443947
1357943
5045059
5400227
3307297
5466439
125726441
2058169
250031
2874657
6887849
9278253
8459909
6024439
8228119
6486507
143037917
167078813
4048361
3339493
9087497
4401903
3557801
755463
2487191
6253361
8759827
2637773
8834937
522153
2306569
8420131
9780517
4891313
197427933
6520203
2576899
6087247
3732807
7052229
172288709
3367563
9148913
8681981
3726371
6215413
373863
8143109
218757
1564677
6263879
8198847
9367869
7751863
3566751
8749923
7021499
8685671
7455641
2410841
6450667
9965619
5550897
9991963
3637063
49386333
8212643
6502387
6777593
3121831
9412647
2953047
85532859
847747
1981241
8066729
5379673
4247003
7048761
2721749
1247301
182171
4406419
8968077
605243
4571401
589473
3701109
8850851
5190023
5571741
2572833
1067021
9950757
4253503
8670367
6242477
4214637
4356043
3449993
1930727
583529
1558291
9458967
1077973
1146251
2558981
888899
5328049
4580971
1519317
380819
5297367
3002257
7803531
7220649
5268553
9604751
9110497
79239
1988043
6962181
2497769
537243
5769399
6214213
1904113
725663
5575239
584897
7702497
4270013
1397851
9777601
7271977
5759539
1655261
3468547
1398829
8711749
4240567
8215387
5335607
2387251
8339239
416059
7885361
5290999
108804151
394577
8061083
2593011
1861687
9361743
3916959
9840577
8242909
9586641
3411857
3474277
677483
5420799
4137399
6761223
1551081
8094311
2798047
8924687
5882031
1542447
8267507
4476401
80948029
8208247
6415309
2530933
5810287
1394811
1233251
7031769
2246979
8618081
8082541
6205583
8248667
8934997
8792069
2519679
3683113
484609
4388399
4456091
852997
1640321
2625523
3871187
1477937
1075271
89447
9636151
9486513
7985563
8126581
6833619
179474903
8915229
8569717
8489677
7218487
4680709
7101117
76726023
8727051
2330847
2703461
9885987
3981039
5939029
552211
4492911
9448877
8514577
7435979
6075807
5671659
3090839
8182593
6980369
6713383
9763731
1192643
984821
9326941
8730379
7419877
4231493
111247791
120990887
129973229
3858871
2087829
2730623
2345533
9083017
4062983
2674319
7764661
8349303
3760493
1828671
4016489
5320563
3976177
2956459
8588749
7029633
6966211
2293193
1533693
9990511
2160951
8582119
9836179
2153941
8436379
462091
77418281
8130993
1390097
2749347
5970761
8035843
6264983
4226157
6380217
4002947
7189571
8986103
6409967
8012691
88157117
1213433
2857767
4858139
678027
8799397
311779
344959
3364267
601071
6143161
6121729
7102279
879043
2843417
4447511
7973417
7715171
5523089
7305453
1752627
599629
167007671
3540201
450027
103462859
114422731
4628519
110866347
5127249
8542879
9667233
1314039
9874911
8409903
1591951
771863
816941
1360899
37361
2351627
796763
1856957
8458991
9150653
6426577
4479629
943371
9609891
9226889
4418763
43907051
551553
3959253
33531
1190967
5024237
3698161
124651241
898287
7850439
2527907
4370981
4644211
763413
7372507
4691783
6623087
306619
6879249
3759539
7549869
263561
9165591
71523867
2642261
7820859
13283
4816589
2902939
5258067
1795699
715359
8087727
533467
696127
4498261
3622081
9603959
5509741
9094517
5296727
3273349
9727353
4396867
4641627
9021673
9249911
5940099
9646079
5231749
7147701
154320553
9785627
17639
751639
6201227
5166343
3025287
8816797
7287121
725919
1873337
8150849
3946651
89989
1912079
4576793
3664143
7846433
749329
6008071
9003937
4655883
8161013
8161487
1767527
4016539
1568017
4274997
9164283
1022543
7742117
3163399
2874309
5976553
7034993
3426409
9385449
3505869
5048567
2733203
2988671
5679641
1969197
8074009
3705993
9900589
35390111
6497441
1698779
9722097
582897
6247617
4319881
8216749
170497691
7178869
2286221
5048007
9549073
1558033
64376657
749947
98121613
4697457
3077749
2584387
2147783
6331193
4191699
9294359
7762819
6594951
7195801
9711311
3857893
8830921
136849049
3699341
9142779
8532547
42801309
796993
3095759
6026679
1244517
1632291
2085323
30239
3082483
2282169
7144927
6538331
5856829
2382461
7866999
7528777
7547271
2737629
9038601
9743397
3044707
6191647
9120273
618511
8856367
6699557
3533291
4443529
7195031
6005543
5546249
956727
8840221
6488533
8964901
5676333
7914291
9448233
4696049
4183543
1007629
4195143
1524819
772917
6484269
6769747
6192299
8997563
6781567
8179687
1866773
74993013
8554141
5659033
6634211
3511879
4418083
6558549
4061063
261417
6773207
