3027383
3665551
5278913
6235509
4119179
7617353
4619039
9828543
4893963
2467977
8863593
6651517
8917481
5095861
7222461
3480743
9148357
8572977
6076257
4901149
5537211
9453439
9468731
1237861
5399397
8952439
9416557
7676183
3254573
7661309
4209423
5812473
5130657
755931
9512637
1450469
89303
7130323
1520227
1293107
1002499
9583707
7643593
9067767
8838839
1141437
9647703
2481997
1049473
1421357
1055833
354559
6598513
8244727
8918323
337393
7191729
3001029
4087293
1624747
7565587
1219573
162602967
5826033
3579277
4352197
5944759
692289
994973
7208647
7033011
6063731
1233153
4222289
6452657
8671289
7553509
7659437
5942219
9136783
5632407
5143847
7178863
8676343
1242591
2837647
3601577
1793179
8753227
2961923
173677881
7197177
3127853
2008243
2274071
8860939
617069
3988833
2955063
1899253
4776301
1389101
5635281
7304717
5441893
6737161
427693
9784639
6756983
1805953
6405307
8447109
5344529
8445271
626277
6549417
4553669
8972961
113610631
3188777
1460409
4613569
958949
42543
7789509
6475101
7938069
7630831
7394367
6043023
8571039
5982467
8200247
2018821
8618101
318049
6729799
7647901
9033891
7454921
9518761
2707763
8324859
6617957
7053529
6939327
7254579
7095933
5908459
7711453
4400083
83844537
494533
9833821
95149817
4489107
9562331
6402981
2707179
8848877
8429653
5159363
9110339
7175553
7937263
7357929
8127337
9245949
5328969
6788531
4309569
689511
9555099
8495799
2663683
7456311
2653151
2449523
6418963
3563143
5026881
2653147
4262263
5898559
6398259
1171697
6172903
9976033
7513859
8661403
6759559
4325661
6995773
2330039
5554863
1024247
1707497
248309
146051911
2588781
9866901
4335079
8736043
723517
9952507
3065533
1831309
345667
196728771
21109011
6491801
9148177
5528999
4931033
6752203
1596331
6521899
6558011
6836779
4731271
3476983
8966817
976203
3623377
3763829
2708839
6618727
9217771
222289
2802641
1593009
3962631
8425009
9791143
4094201
3590939
3637567
8132583
7675647
3570933
8560131
5053911
9092127
5892607
2018591
7794087
6823811
9704541
684909
5019721
9980351
9399803
4655373
5677871
194725573
8551797
3161167
6513731
3910097
6288623
7602867
4927353
7717893
4275859
2375823
9235943
5019891
5402987
8075609
7381793
4100253
7021927
916399
1704891
131219957
9369637
8772489
1150359
4420531
2947719
5680399
6876557
5620767
353629
1498117
8727079
8397883
2025643
4514737
4340543
6431731
6058593
8712839
5718151
68370247
8814183
3792567
1171789
5120443
8052761
9531081
8084097
452479
8818219
6209331
96196829
6257109
5091167
1219171
5109297
6140307
3166621
1475893
7889149
5651533
6283127
2132947
144016119
5366521
9400371
9983773
4450251
4748117
5991261
6123909
5864851
4076687
8360007
824651
2406249
4119609
8596111
7620397
5320467
7794639
6404767
1672023
8561469
8422333
9307231
2073179
3856473
6757251
5822589
9101507
6081107
6084697
7207983
5701791
9720929
2959957
15601403
2081379
2422043
5899231
9937563
3061699
9884829
8323247
9824433
8782537
7872609
6227041
991091
3457943
9794077
5613829
5097113
3161283
2577569
228347
4383373
2246987
7200457
8682093
3917439
8591613
6344467
3436459
240371
1976969
1393657
5445961
3190399
3386081
9935497
1794991
764029
3097429
4543863
2559657
9688479
6811063
6129891
5617603
3131087
4057627
8621253
1870391
3002679
8235189
8914691
8307161
4644383
3443619
6623149
86037643
558483
7060299
3114639
7376293
6336067
8258311
157883699
6925499
9794253
6048457
699143
9350601
3614491
5794677
3726209
189797621
1454611
4819593
5781037
5629829
1251553
3161337
9377479
1804953
8044961
74738333
96816667
319537
1510139
5398337
8715551
7446573
4853373
2336719
2117787
9046369
4884869
107032553
2799331
6693759
9378513
7796401
2041707
6332263
576097
162236569
4920463
2388609
9050789
3316191
7646653
7431199
3849597
9593889
14907297
6649169
4421329
8978081
4832637
1792867
1528459
9334609
7359489
9354521
8131211
6829789
331259
2595097
5730917
4475473
9035763
7380393
8111581
6221781
6316173
9933099
9246551
3666961
1406757
5457307
2815937
2280567
3139429
6890017
1861903
5920029
7935369
3305749
72098443
4831883
9140423
6771977
1224959
3657503
9283391
9766117
8262839
3448929
8881047
86992821
8875233
9560181
606693
722787
7465253
4470091
9463123
4380317
7140417
4264579
372811
5325417
7320161
3720631
2528913
7676503
2522017
9973651
1455103
9227547
5485119
2379557
84955989
5033443
128591831
1701319
196193591
1908371
9977027
4103067
110490331
9494047
1563353
1324871
9418887
9624187
3089967
395841
7125333
5177003
7596851
8096959
6298223
8628129
8238119
8999331
8152619
8031059
2632121
3442073
2462039
7117337
1436243
9646521
1158421
7518957
911081
8210181
1037527
8208109
6330061
9646407
2948963
4380511
1343831
1430881
4167937
2556217
82814603
9338513
8522883
4460077
6927811
3846947
8746287
2886537
8073589
4794821
5955811
2525003
4363057
4276629
1011039
977169
2862641
2808919
3638601
2029977
8663689
7941557
7946667
9400889
78970507
3598283
1747389
7760799
2899743
2718113
7233657
58743
1592271
6060689
5472891
3991959
3201059
161422643
5833623
4680087
4637207
7470351
6847441
1313099
6450863
5922643
8934447
1672023
5435183
3566751
58981
8728533
7433461
8757371
7282259
8070491
3855273
3562301
8550449
7569971
9092537
1429603
4629461
3406843
9052629
6619179
7577433
358961
8709779
9617303
9818639
5568143
9782223
8323169
6213281
6681379
4763683
1247447
9321127
5696789
5839809
123085697
7885951
198292181
9611097
184403503
4819419
3630989
3261201
7354079
5028207
9912997
4785141
568577
9410901
3684121
7796147
9451353
3581821
9499619
9858039
492147
1216211
4197333
5347233
5874093
6524549
197099
6613213
5204351
8191841
6166229
438483
6811187
5191651
8257839
5367923
1695477
9044183
6152761
251981
1696337
747181
1548719
3428149
134249
9010453
5015259
125004947
5437889
9445691
18518271
4927367
9193519
1362949
451743
289681
6378209
8089567
77903673
1154199
6760669
2141409
9322833
8957217
4510417
8985477
5493601
146540903
2603813
4296679
9468083
5162081
1360703
9845719
2919951
4699109
9735963
3480043
60815721
1154253
7147739
1751073
112183569
7743593
681733
2089209
6722781
6854287
73644783
2779151
5299167
1712559
2477453
9841727
7818853
7180247
9966677
2151809
5005947
2153463
1526387
6511737
1811959
5404309
3609933
7969421
6805887
42746633
7284429
4166773
1453811
1816461
8803119
3436671
1318427
82427827
6349239
5200871
6378343
5317329
8608681
4143253
9570363
9398943
8432503
194493
3757423
7773651
6316781
6229857
72869
5570839
4870997
