264707
58031341
4290593
5227373
4953469
2977757
5024059
935301
7795341
776487
8614989
1487831
2009949
3006963
7060853
5862749
7206501
77750067
4237567
9651463
336941
1254797
3563789
3387457
8947343
644693
3949379
511241
7212679
4397743
5653957
4986987
6290457
6115949
5694283
4410457
4556737
1279373
5772941
66978407
3299781
5868817
4627877
533869
982123
1932437
9619163
6407613
3270203
90259483
4937489
3762279
5757351
195774437
9647749
5565407
4016029
3798293
1577191
988693
6316251
5418719
9890883
1081229
1888601
8976761
6428223
28337251
311351
8024489
7376761
1506173
2208801
8309237
5808947
2269777
4671521
6055763
4035931
3638231
7395799
4146543
1032967
2213351
26783
1365793
8170033
6422977
6894107
5815421
8711763
7956469
441833
8268867
9060861
6737769
5356299
5299797
9043029
8260823
9053587
7388869
4185641
231631
2565811
8613229
648433
8034231
8256051
6759249
168973901
5437623
5941741
6472391
5602563
118265857
9764237
1912553
93361
9311083
9369701
639319
4512883
1351433
8302257
1220587
20699
7950469
8425359
9320753
6482067
4312379
6996053
7794663
9203747
4329167
8513189
1708859
6473889
2872831
9372819
4800321
9609249
9212793
3795541
1344307
7290297
2780553
2281313
1292639
9211943
8372457
571243
8278543
75923
3075739
1376441
3526069
7324511
6524567
338031
1867203
2490381
763637
3045999
937361
5945987
3884249
7758367
7481899
907593
7540887
9095357
2903007
132508041
8497903
6040769
6627689
3095599
7546013
3351397
8026573
8702241
4260207
4560259
4720173
7897127
3620559
319077
7169387
2261349
5659893
4667693
8210829
6831921
2713323
9520183
1392813
7881069
6396229
1139377
483771
3941129
7960221
6539863
7414857
5532129
7469983
3988321
1358621
4272459
8451873
5529503
9774581
3792357
3607663
319941
9528591
175216819
6604723
7292841
6266377
2195737
5744649
3637259
6026713
5561333
8294749
2173061
3757001
4941717
4282121
3482717
652967
4582333
4442027
7347597
4902943
2986429
5848059
4874889
4120607
8069783
8791687
6396779
9439167
25683
7127769
7938069
7699787
5286603
469311
3462719
9836997
6008979
3964577
172940087
1762391
6184409
7672993
3635163
666471
8583623
590633
4856293
4198749
178032149
9732543
9419583
2963301
9027059
8004947
6309707
3887211
8844051
434033
3805073
4219503
5273201
2195949
1063127
5999459
2604841
7763877
9446327
8982589
18500017
4394919
85209843
7545451
3134489
1133197
126263899
7448277
2596517
4743559
2944239
1543123
3431697
9889437
3891461
1187869
4442947
6127507
3802387
7549293
246967
859923
8497501
9808947
44995323
4689927
8602011
2376579
4625019
970259
4287121
4833743
4501781
9370311
3493057
3987503
2950651
6043437
4786849
2668003
7691431
9816377
2460289
7858163
672411
6141949
9302459
1202429
8083207
6571179
4908739
8561403
2545843
6778639
6262969
6537527
7895103
6977791
7534241
280521
8144049
8535151
7933897
55619
3714591
6731341
4043787
7059151
1334947
9537043
9782383
3387507
8764557
9625227
7819319
7129887
996523
8489449
288589
2749863
3696661
463789
7210593
5084153
2055389
4873311
6473333
3167169
5837443
2107013
3472823
6173217
2890471
7484949
639173
9264021
4941599
8925443
942267
9103821
6636479
7114329
1924813
4984573
7473403
8628599
3738501
5934219
3982897
8506263
6822853
6934139
5535697
345367
7657073
3313279
2214259
3002549
1320621
9548229
9087873
9710879
798551
1632139
7042317
2195183
1831109
80855209
112964739
5301751
8560661
6268799
7109781
2109123
1813863
5645579
5971081
816117
861039
7394109
3921621
5275417
6157333
5977421
9689061
6487217
5880373
2289953
7747283
1856809
2688843
8810703
295043
6532361
2881757
9630317
8767101
3440501
4083249
2951177
9463231
5511833
146536653
7976431
9548329
1528861
4353509
2846269
7650327
1713963
3686587
1779841
4251643
3732559
7819093
4561393
110087
2201799
4251419
9858441
8208127
3693243
1196433
1195083
6735677
2656893
1263933
2004601
8323157
9656047
223943
3833099
1351381
3915281
9491591
3989897
997301
1597061
9887651
159505063
8027671
135737
3349377
9128397
6616193
8168473
3500073
6234377
4188627
5561073
3972967
5606329
938429
5738257
3796317
3855421
6581749
4480093
9815009
1758541
8089859
9236227
7137967
168049011
1300167
54489499
3994017
2825729
4622059
933461
8265387
628257
148529
171364707
7429023
1519297
9312029
9800411
1265653
2231341
4240677
9567889
7809403
1267143
1963729
12083
6373471
5871363
4171863
2722129
1033063
7081783
9207773
1035797
5535331
7467051
646593
9418229
5308479
4885299
2846983
1434203
6969277
6924537
5439737
8656033
9028763
8486767
581763
818173
1153931
4908167
606117
5278979
104857779
8460489
4734153
1946389
1556087
2299881
8879073
626733
7173033
12206639
660519
5522751
126037287
7480609
9826897
59583709
1241957
6442879
660017
5122013
7786661
7636243
9018737
9811563
2179171
8347107
9853529
3056253
3920283
8093647
3527341
144975533
5726721
692487
3299749
723709
9583481
7886137
1837609
7691973
1713637
5691789
7692449
6368789
8842361
4446359
9440581
7591183
9125489
9161263
3826293
1055327
4286849
6371809
1376329
4009187
8354301
4401487
4727201
5702937
865437
1985713
6251743
6516927
1520847
5661237
1591709
8147249
91141407
1762019
4289909
5865919
5059361
2442889
459323
6443347
3566919
8932099
9417909
45781
9800863
6023103
3553413
5248019
596409
3278689
3311759
57973
9958823
7621147
4248691
6642681
7062187
7589777
6215997
8346943
6187159
750771
4555271
4165413
4031177
8889913
5111157
3530977
4580613
4648563
8721467
98495431
8944617
4392571
5587321
6289047
9125121
6788331
3390631
8659331
1825497
214169
2988097
7891691
8889693
6759397
6391277
1575849
7748957
1183033
5172169
2934181
5822887
2215539
9738641
5243669
4913739
185333809
5491379
3200201
3493351
31057499
217081
8636491
5413191
8453799
4618901
2931897
7908421
821873
9298303
9903281
7127167
7080191
1418591
7207911
2999959
519267
9971597
2302853
8541959
3388517
180939707
7801903
2884287
4936523
5474359
3227543
5518757
7059603
4020581
6456193
1901539
7417099
9078707
3982911
5561609
3207377
1295637
5181491
3610831
967453
4651483
1477149
4659921
9461963
8090007
138222549
5986111
198546561
3672209
47324589
179449
8161497
3887549
7478973
3996123
7795363
8298137
5134903
5648499
7536057
8780473
1253833
7324219
1973191
3725771
6656779
6363807
3361259
9375643
2634423
3268281
2462743
7784919
7683203
30403427
1275271
3274107
6316781
7599973
5811909
9346441
9371831
8011581
694121
4596417
5343879
8904093
9696489
1020937
4784903
624569
4251797
7684251
9627991
6116033
6379123
3744709
563649
2092777
7071927
6760831
1683283
8211071
2560081
1720633
7651061
8486651
2616859
5602441
1955987
462051
9911597
156761
2521323
328839
2557353
7725899
9168927
6949179
4022181
