8623737
8857979
5717167
9109227
9432163
9481
4497179
3070161
367963
2552249
8749993
9348407
3260391
5668699
5935213
38268169
8892017
6000303
5718711
27379533
7356343
7052793
8269811
4519733
8153803
9449429
9909873
8427317
964771
5510701
5208719
1991653
4407079
7532659
2928349
9855711
9009673
1063393
6332451
1367717
3145853
1756889
4759041
4011027
1656989
6223411
4713087
5112033
2636557
9978111
7977919
7012729
7728997
88563837
4385867
3785361
6040751
8713197
7808649
7745157
10988047
8798443
15473
405679
1237541
9836503
6285917
6483473
8313973
1411057
7315963
1630317
7957729
3973163
3936673
2565173
8335287
4265367
9743771
162517733
70501797
2857171
2861603
468419
7952031
3998931
4274493
3645829
9073481
3713669
3261003
697239
8511751
1997981
5458687
392599
4839407
3563543
1508367
3489499
9516841
2234169
70975937
9812067
82239
7736381
4425063
8625697
6400599
8689377
6177071
3853473
3607431
8440089
2248293
1726333
3606273
3828213
7279263
47957179
1684143
4077479
7146379
3661461
6874717
1466513
6067981
6720103
4541781
5697551
6037487
8554847
1353709
3594811
4499999
1293681
6328941
9340809
1796133
7598939
1136579
7440833
990167
4293259
790703
1969789
1773671
343431
9561141
8364583
9806771
1796251
6345471
4765187
8090437
5991037
4721297
7425399
7562951
6419641
3233291
5339791
4016177
6777689
2373663
155213981
8234903
2633381
379779
2909071
9519897
5332841
8786687
2965681
3079569
5837981
5678361
2984607
8135453
1446433
4414411
4970071
1139701
7512617
4996597
2120877
2367461
3198897
1478997
5299821
2958697
5219297
1688469
3923711
6951133
9701019
1703837
8671021
1953069
4226111
1438369
9334913
3152701
2090369
2914833
9520111
5160757
4896043
4368681
7317137
8029867
6062127
161801
2697749
6373127
430811
7696161
9722181
5784689
2668247
701337
424629
9507797
8528713
5669723
6869687
7007687
5482159
3580899
8968319
2233587
3454481
135274373
1990861
5656803
7155229
148660537
2544797
422817
3300023
7561829
1542097
8621331
4954851
8567197
2111561
2238943
1046623
9770893
9084591
3316049
1647457
7451697
8789321
1359091
3240927
9892397
1214487
3232797
9610231
5494847
7354993
4995937
9180701
9297327
9703881
7145009
3860313
6483829
8188397
9899059
9199043
7199559
6703367
2508799
8523763
6514841
355133
5490593
725237
75159039
883449
5731181
5608467
5888673
7169647
8559713
9468573
2868889
3631643
3966521
5739181
4708203
2758311
6558847
9432401
7894661
5343807
454467
8745231
2762713
1107133
6383469
2931701
8605581
987771
3763911
7027821
4498869
1315013
205783
7215117
349847
8151401
3569159
9954979
874769
4974759
6505477
9077183
5389453
8605149
2552129
5827449
1803011
2699101
2302361
4391877
841097
168590973
9634417
6347621
2546507
4418407
7695623
4526167
4520289
1759853
4287431
924357
593559
2241331
9479737
9628687
9242539
6261519
4243889
2897699
4177069
6348961
6046461
761639
7286789
4516539
7960507
503501
6141881
346793
4845253
3237821
3244867
64359101
251779
3138677
8317331
4004679
973223
8546481
2486067
9447707
2938057
4477939
5744609
7616229
2393821
7047007
3503753
3627459
5131007
9512063
8861489
1441709
2815803
7919351
4603853
9422563
6352533
1204691
562613
2366441
1488851
4901239
3907589
6125717
5421123
6620499
3099811
7724899
581587
233541
2352133
7192179
8331129
1294299
5713059
2232831
7613227
7715799
9026603
2565589
6997409
8408711
8308013
5371
1278367
149154889
9244449
1394229
190241669
8222407
33054247
5294867
1883413
2504079
9643463
2773863
5388151
9547269
8392519
1929893
7153901
73612217
4779843
1129647
6851169
8681103
3924559
192188059
9082607
5239999
3434399
7114273
4441241
824091
5247139
7922727
2938797
8511631
3494463
7087727
3944391
6974901
4913139
9650719
5393949
174768661
4897639
8546973
7851953
4046589
165042699
2289407
7610579
5248207
2942627
3784639
8637467
822349
1218323
2185497
7096367
9555341
3158987
4726703
7664923
5933163
2618681
8143359
4951441
6112821
972339
6163571
5717337
4797449
8805579
3474599
2780403
900191
974697
1590323
2804983
7959381
9008189
6375437
38461
2769101
1048553
913683
8660983
5967033
8640127
2971333
4729773
1949881
2425379
9984033
6850883
4541031
4030631
4797659
4717941
7283283
3254793
6442161
7150641
4874869
1894613
1925669
5153813
7437513
5581623
6191951
5692311
3202843
2590671
2662623
7445313
7826303
8046399
9187
6909119
6679471
60603993
9894543
7742587
22227937
8688411
2029921
244623
9631997
6574013
6995741
963137
5434079
6830021
1771159
2495457
905957
189189527
7613049
2371687
1430177
8172697
2777117
412803
1526209
7594641
1678933
4554689
6397393
2864501
2518881
4057101
4910327
466279
1038321
4160933
6711473
7150431
187413599
8641193
838677
7866081
6600343
5699169
3349267
8960661
3677273
759901
113011477
1840679
2624379
3339763
3564109
6061719
6429559
2097467
5806503
387889
9588169
7811969
6628613
557701
3745569
8368649
120275481
1537117
4679581
6673689
9715911
9028753
192942519
1255037
7372043
3427491
4448577
5193563
5702319
114381581
2073129
9375439
7147663
1275019
1741477
4355337
3344329
490891
49383
5543509
90239611
7432667
3734989
6944393
2153869
4434549
5504011
396467
3333021
7594337
6410443
9261929
256683
7749303
2230397
757439
9500297
2453021
3102043
8589577
327677
7756611
9726987
4757309
8765957
3753151
164651919
2797361
7010919
7944509
5841301
2883441
2434597
2848063
607131
9549069
9100399
160501
2773323
2627557
1495391
4747039
8907459
1232647
3077487
2778221
6004867
2824267
4361457
1952529
3347811
5409579
1656687
6380043
1814981
9635131
35699
9898439
4351891
3497747
4381951
9763563
595771
5824311
367109
9793363
193239
2089179
4032043
2061553
4226053
4176241
6370649
3785901
8888471
8836331
9836337
1422067
3148177
4004041
4965853
820097
7955969
7867853
234543
3791099
6148919
9702011
374749
2762927
4946033
6930269
3552951
1943837
181518921
4755889
1715029
6702351
7626703
123087
4760701
2772777
5120267
7991729
114347339
9348607
8232487
5798487
9358181
112771869
7781111
1575433
4810647
4047751
3889227
4949889
6825091
2914709
1591443
1012953
3150049
7301309
4117969
7146451
1159689
4678889
5093961
1501423
6798347
9550587
6499173
6901159
5479629
617349
9684501
9207613
9845617
2703323
5327329
4034571
7514387
5579671
8819771
7890137
7259659
2502837
9000277
3064799
4068011
4776049
7739927
229537
9496597
8776901
7208093
6212227
1131037
7679723
3424563
5887293
4878887
9713287
9890171
2584247
9180331
3428997
