3265339
9484797
1168371
1355983
3218289
2115609
1769287
5591423
1689299
3527209
7017531
6315181
7386553
1930583
5382131
1544961
8950379
3922983
3593093
7497399
81206947
8971467
3019367
2400193
1973451
8050737
3976479
1328347
7036733
6870649
3126867
2125953
9861491
4888469
1660411
261489
3832989
3566829
2216817
3986363
7476051
9013487
1319289
8037691
4872349
2299673
240351
8305291
7152313
9808367
6339373
57721
7916033
3157709
7452801
3165953
4470099
8176763
2586437
6644539
7998083
7748777
7706737
8985279
167362437
7347853
4671211
3641337
6875287
8824953
8901939
526461
1325677
5077529
5280341
971191
3337221
4900993
7645039
9436257
6543429
1895501
6125171
3806311
367263
1018187
9033429
8639293
577603
7300597
3066869
8832693
136819521
6869309
6272281
7308317
8325423
7974313
9649619
9500007
6924269
8428883
649807
5325183
53921889
4677877
632251
1887459
3212527
4144509
8006621
5571757
7405411
5771251
2520397
8185311
7836043
254347
2063139
3178679
783789
1130299
3686517
3732657
363043
2145537
3855559
1702339
9060073
1398853
6610879
2857703
81781
1466763
6329269
9663893
8642579
147882281
4532667
7866987
6536473
3969287
744601
6980569
24893
30854011
7636777
115789771
5435169
3409101
6505323
9473009
1068133
4841427
1046457
8782699
221693
7378663
8153589
3211649
1830617
859583
9191683
677851
4750257
8168029
4328423
7259457
2059779
3821947
2216203
4257349
994849
2189381
6505159
8477633
9459129
8236811
3165033
1635161
9846983
809661
411207
6327661
1297641
8798269
5370333
5229171
3326937
1677849
1602141
3112813
8030453
99953767
2904207
3191997
9051099
5712101
3564503
9755649
4447369
7418681
4628417
7310789
9444247
9975097
2467437
2834487
5340811
745059
3380171
7124823
3934451
4946451
1251627
360939
7655469
6485371
4953069
1443541
410461
1013757
9941139
67617
3693023
8681951
1555001
8651221
1086497
145755909
9777247
7652949
6659123
1554963
4198667
8987773
8357697
4701647
1658667
8448147
8768717
7301469
195240559
6536483
4282973
7407881
1272829
2445451
100538699
1350113
5948159
2455967
7357687
8835137
4753709
4590379
7333837
3614663
6686279
3326943
1149907
4953057
8162633
2798953
3198961
1405719
7379243
4845771
8697693
105573
3640867
636361
346169
854953
8067697
7659029
4546157
1234279
9300187
5589087
4726493
3409941
3510861
8027571
743423
9599261
1221477
1011133
2224133
6910797
2025961
8866123
3881587
7494771
7883569
8069979
3072159
430223
1269567
96654691
8658881
3428919
5701601
3560621
3277313
4195263
9149277
1366839
5362897
7200647
188219419
8824603
98110641
4585277
4801889
68742281
3790541
9665651
2902253
1181183
9278027
7259909
3221939
5985417
4922977
9024437
4897083
9883459
2977437
6040099
7959381
6975771
6577599
3961547
4333163
9159081
8715281
4290867
8832233
7336147
4179081
4781767
7122601
9678997
2749533
6941079
2882247
3774363
9662833
3508213
2619913
5464039
4654441
5389361
9861141
2864713
2025811
5787113
6510253
7880679
446713
4123299
6222619
900621
8894347
6105803
944069
3815139
6964271
1018323
2064323
1391663
3817799
7281871
5212929
193503
3714027
2104479
5876239
4197103
8370367
9967473
2634401
8844631
9060781
7413811
8777907
1826907
3948143
199411
9984739
4161123
3143079
6428011
537557
145031939
2928527
2717863
1256321
1537521
8274057
1536241
6046667
7708621
4611549
8963237
950647
4093517
8514693
6114127
6062351
4151711
9510399
8892909
3848111
6585649
7462333
1430333
7929647
1920027
6428541
3923073
128678979
8595247
8671903
3273051
6551129
14914727
3871567
3887719
4140551
9294027
3564753
2295967
278149
7926017
5985463
8036767
6271293
9709229
1257681
7540403
2136111
9659951
1776739
4024229
7038169
2654137
1540237
8834381
4748739
4048781
7420079
441221
8778247
5035361
1458449
8717319
767337
8940843
9860007
51923437
8063481
9914417
6811413
6387451
8616907
5176341
386481
93537027
787939
7440833
4778151
4879377
5090733
4452471
1257613
7237079
8363053
9882807
254233
5253957
3059393
3709727
6376963
4862043
5837287
30901
2178539
7908339
7208663
397647
4888043
2037669
1830989
8770159
1175287
585963
5393871
7030871
7544999
8224787
9065937
221233
1059743
758199
7975957
6373133
5407399
1244737
9164029
7472067
2692233
8860483
2065303
35760729
2695721
6818423
1418021
5155167
192319483
8804277
187593137
1091181
7438043
5954089
2888191
7297967
2726771
8402583
4135777
948353
7681431
1107439
5282497
6583291
3874033
9761741
9802953
102447
9240511
9474867
71879
3187637
107607457
217397
4997153
1765887
7219623
8708971
9596179
102784611
3323943
4242377
1778609
1400383
7351319
3038471
6023557
555321
4189629
87532479
8907109
1190433
33215183
927411
3325073
2482167
820107
1563059
4597883
5225553
4855539
4491829
4347631
4784761
9810069
4585521
6377951
9601821
2289239
7979903
4248231
2697501
3256551
877609
584709
6299897
9293683
3089559
5477621
2990037
7709077
300847
9963263
2869323
5838843
9535583
4683359
5411287
2001691
5184763
5541611
8474561
9472351
3049207
4154143
6964789
4209583
3295617
3936369
5047231
7854549
8798283
8465929
4747083
6035001
8514967
131241463
437257
7928849
108362579
5165707
1808889
4879147
655669
1850963
7958807
109210601
6780711
6429653
5279323
5958679
5711793
4379349
3377319
4737431
2246079
4501473
2096803
6731089
5794259
5931181
6525199
2790181
98502949
48467837
2975287
1219213
3323987
9883971
2399169
3553579
1341743
9857317
5462781
9668897
8812971
3795709
6527271
136540273
3059239
8703057
2611901
3940079
5921583
5673149
155663969
1181699
2212407
9613637
6266771
5041961
8099907
5060941
4912653
51467
6096637
3370303
9666851
5076969
3434863
140182071
7503811
840377
1913079
6416711
5302027
7923691
4835167
6782429
857993
3532383
7696893
5171201
6212003
3254831
3412543
5015243
8739937
4547949
1327169
2049547
5855023
981519
5778547
7383527
3847887
2458827
6073683
9358203
2440793
3323557
3342323
5278949
8298983
884583
3007701
8101003
5771651
3974129
8728813
111413
4306149
300671
157907453
3292689
2640833
4734879
35415863
4393207
133209941
9742879
3157303
3969117
35296727
8834543
7583503
117807341
1061293
925837
2613047
76634559
9128901
8886453
8557513
2779837
4136251
5848687
5304603
8101483
8738731
102999
1490029
2802973
3710143
53842087
9148853
7673137
8943019
8360563
203449
1799859
6557373
1874337
7748251
7870277
1532247
9116347
89453923
7719897
1870397
4277083
2278889
6229619
805213
48792519
7922723
5457929
