5002893
3249559
2231411
6385551
42242817
8739503
2479633
9803973
5375241
2245281
7372701
3123441
275549
7494821
2994669
6943211
3862073
4069561
1449609
6674187
2001159
8299733
6044837
8311623
8713671
175832591
2388197
8646347
4733081
1320873
9020291
5629043
8620589
2827189
5332331
5464733
6811433
3730159
1119623
1777819
7986381
69463
6083067
6604511
8746593
104605013
9152673
1731441
139887173
8203273
8828627
3367201
5703281
1804459
9058433
3394657
659973
457979
962547
1782437
4023729
2929003
2637233
8745383
3937953
206067
1037277
597501
3856343
2118933
1609881
5948583
566791
2895427
4179901
1833207
9690727
167316259
5725743
5960463
4055271
6527861
147919367
44879353
5721063
4324381
1201833
86459
1249437
1122483
9153387
4545341
2770911
8531909
6566291
4745079
1195941
8999923
3736333
9115409
7894791
3447481
8226639
2919119
2528189
3249099
178901049
1896077
6486987
4177907
5494347
9742163
3111793
7123437
8251763
9849273
3605927
8165093
95828849
9439739
3205133
2073479
7817303
138471231
4330991
3394667
8033209
4268707
112759503
2476709
8421139
5921917
4091513
148031
1278889
4416663
7533753
4196367
988853
4342023
187883417
604853
374531
6731139
6671161
5254983
2668293
7192187
12116573
3806173
3404301
319969
2045373
4460943
4056831
9998127
3016923
1115241
5298791
7774557
337169
9041901
6029053
6177299
874351
2768769
4040719
4368257
5664851
6094737
967133
5076111
1370203
4523473
8182817
854383
7866821
589817
2723447
6774591
165624439
3028001
2417257
5592177
459397
48739
4995797
5001341
5172509
3937461
829
8673369
4549797
1849377
4674371
8279091
7751021
2943103
1808673
764423
5490283
5152601
2793033
6301699
6977327
4012261
1978767
4003007
7630471
8275633
3528343
1379993
6316767
5460921
6120001
3696577
9377459
3387929
4238103
3730853
7453883
3981353
1470751
143696797
6071779
7200993
5312277
9192623
1313501
6124523
5137653
1723517
2077687
6544481
4063253
2004911
1078337
3736993
3936881
72257403
7213033
7710089
5096283
1962057
8951091
4682919
6682823
6519211
136143677
5077359
131814093
2903353
8229531
5744133
5189783
1424381
4102309
8682619
7925749
9920987
6153779
3287799
4128687
9988357
477113
560721
2744577
2926943
5989713
4007381
5698623
4973403
2844323
1620933
101029
5722521
3330911
84463251
4516671
8426129
6248837
9854389
3819457
5267681
6492213
2096093
6685393
4978533
2231861
6410781
3035961
4985677
4288589
2625023
852363
486791
8281333
3251031
9546499
8605081
957321
7577341
9041651
9640587
9405979
2122583
4125801
3626591
3434969
1769837
7920729
8753321
370523
3181257
104931163
6713307
9455303
8183887
613371
8137999
5909953
271077
42323457
1909441
3924371
3056699
6289117
7380287
6409101
4126927
433151
4076133
2292057
4715921
3352151
5344157
7320949
139243707
45476449
9576911
6013167
1045141
7249101
1099467
2431063
1192903
2988297
134625489
7737117
723889
9643871
8969239
4649653
5174263
1972797
7089933
9783699
2088861
1546153
4668793
8413447
1196657
1100887
534129
1544543
5260437
7304609
197579237
6289207
6042279
1164243
6171169
9084009
861379
6566089
3093423
9379061
1923537
9145071
2582139
5146431
3798717
3417353
2421407
7304799
3931183
5160797
4769243
8094071
3751571
7208491
2898897
9446481
7089921
7515307
7644693
8360531
2548721
8359241
9972551
6678713
2689853
7339229
7937007
4852253
3127343
3132979
414307
8728349
866413
7974137
3365083
8219601
1326057
2129051
6818111
7132239
2722107
7154427
9595023
6925293
993897
1863757
6418251
9423763
4458139
9028181
6173963
7283437
6570603
7179389
1902979
5637829
2580139
6494839
2119821
5767361
2496647
2257117
962473
276161
1718483
8778593
2383297
356483
8163101
5980791
8167309
100277
8369989
159939959
3936623
9472559
4200599
4940247
7673221
6518999
6457217
3533751
5737049
3155909
8765097
5537257
6713287
4328539
9493289
8230961
2101441
3942067
2246029
813351
240929
8133939
55828307
7161991
4305049
6821069
9626843
8135481
6755583
1999379
8558041
9939481
2391101
6386827
9197029
2343743
2583901
2863077
8641809
1940123
923137
2795663
8390809
7303953
4839167
4188211
2026683
5931647
821833
6827397
9526037
4167263
9464433
9999443
1445379
2484703
977639
2653287
6967453
2161519
7696029
6906981
8830049
2252091
3739133
3468489
2358921
4346019
4068431
8242421
5808057
4345829
2849
1936967
4720541
6582791
2690247
8968471
6574613
114251
5858877
1023461
3141417
1201503
4724231
2114193
2273727
225033
412087
181496793
5226541
4791261
3327649
8665443
378181
4619437
3073857
2795851
9619133
3764511
4775573
6466199
7237691
9440277
3208539
1850747
5620069
2242431
5392077
1060861
2708383
6391097
4755909
7666707
3065733
7779449
5396739
8103697
6132369
5422411
9996259
3357809
7925953
4516911
270733
5266119
7039567
6021573
6367121
976097
641563
4296153
3797489
2580239
4894177
1902709
2141179
1321217
5171241
3614561
4140459
4893303
4891723
7104227
154284051
6270537
5915439
980873
6144629
8621173
8740949
7486503
308563
3451353
30447
8741231
7600327
9694963
3546237
6935849
356051
521897
826213
87324131
1008859
7044167
4769623
6983373
6327889
6577
5382401
3581513
3338313
871281
961719
3984407
9746983
6955663
3660311
7538237
3663067
7618449
9073011
4188183
1479407
6876217
5924841
193472127
163905847
4597253
8695261
57791
4773647
5619061
168839413
1923017
3492961
59797
6084427
6920887
3913989
8770387
7894503
2623111
8088023
6855323
8722439
3794079
3299883
9365581
5540651
5396563
6826981
2074309
2556167
51856397
1638743
7358609
5549423
6535661
565621
5228157
6892009
5378741
1789303
2774003
4239439
881477
5271073
7128517
3390783
9082501
826317
4801181
9604947
9026773
798633
7573267
9331351
4032087
4234579
9019993
6095399
6400997
1145023
187059003
6883833
9052787
9969823
2651367
7761819
7339219
2016781
7603417
284159
950349
8552317
5088411
6670979
1446781
1590691
72785949
5119949
1081923
4950303
4623637
8063931
6367751
5791213
3747231
6025793
1567653
7772741
3837361
1221629
4414213
7726037
7968137
8122737
7632789
4358831
134907217
5068829
442319
7021593
2714391
8233849
6837703
8130967
3417239
3850397
9599687
1838317
7225719
3107753
7459383
3029109
3798409
620829
9567951
5875303
8333637
6040247
4286999
225769
5641599
53871907
1967489
5459
8631251
5295279
3741823
4982193
3054781
2060341
1090477
3345091
7124639
5749391
209933
9525147
9232103
7256863
3545511
87421763
7787129
9200509
2085447
1813573
495851
9522891
4336071
9111857
126391
4886293
689671
3551399
1635331
6226087
8437817
3280097
7014019
9306099
361679
7059741
4556649
9237339
4070479
9709967
5899657
4252163
3007307
2319849
1850471
