3875563
1824061
2257279
5304841
2827917
1335451
3711323
4922557
7582519
1071343
8656943
2881519
3277689
4729601
2160149
8033181
949707
8221499
5754081
60965611
3456049
88866969
4172729
958001
80578097
7985531
6652681
4249601
2997943
2264881
6420821
3232913
4860611
1883239
7315269
6311417
4600181
4087621
7453473
6041313
6864519
3705603
172301629
4337337
8693681
2120453
5604587
1577529
3539611
6289989
2061871
5051423
5088733
1759139
7225603
8949333
3549647
5534737
8633727
8336371
7425657
6364773
13591
75725293
6312637
4246263
8104759
8762779
8527313
7838929
37143
142978943
8763541
24881021
7511731
9341693
5664849
7505833
5880533
1181999
2630307
4136279
6574499
8486353
8942713
4075947
3597701
6967301
101410231
9036879
4031191
4914481
4442061
1249723
3206617
215099
4450637
172582413
5374003
9650969
9228331
9111809
5857361
9290171
5064733
7029793
8622949
4078259
9696389
1358111
7753307
2035293
712759
3514643
2413559
1001333
2117677
4226929
7599741
1702107
3036609
4029101
7906093
3217569
3048301
3319813
9528241
5808939
474387
449961
4294139
1149987
8016543
8311333
6950623
6298971
6732077
178929
7469417
4696353
9288529
1430223
5440151
5600427
4165763
6334503
6783441
7912647
9265873
8321193
6339537
4859109
3467433
7088167
30049
3378639
5714773
776099
5103731
8783669
6144591
3043993
8416439
6629323
4163457
446117
5407209
2762479
9320257
7999463
9868777
8368349
3135031
3868329
2413297
7529563
3436873
2543833
9982033
1092217
6750749
7622967
141553
8292399
4301633
2761667
4625601
5812313
9100897
5687417
6407961
3413979
5955937
1335339
7257717
7678659
7556989
9579693
3155271
3990807
9455607
3863089
6183881
8720333
8386017
8858173
9425739
8663009
8823231
563667
9110249
7516729
5406991
5440923
9123401
5040249
7209953
8567041
1467653
3505737
7813733
7205019
9258741
133049949
140829249
8594283
8376819
2827319
4691033
3679871
6530353
2826507
54991
3062373
6183039
3344463
3414271
1079699
4572049
2379501
5101731
2316683
488777
7684371
2720709
5172787
9718467
8085033
3195371
1356481
940817
2897139
3692599
4655997
167249819
1066193
8202217
5800457
4840437
8918229
241647
5266907
6336561
2676807
8880873
5177933
7725933
9442703
4908921
6040387
4274867
2885989
6124503
99573293
7967149
4218253
8240027
4890097
1942039
6553159
4389881
443119
8562401
2526643
5314327
7933131
510439
5058757
4094243
3781921
6133931
1246447
3277637
1706301
241369
330637
3418847
105442567
9341377
3821163
159572183
8593029
8131283
170442259
6383431
1308663
3349659
7963553
7059537
6592741
8577293
1728997
2986569
6425429
9875243
1882737
5097427
2272487
6178189
3873623
8149713
3067083
8391359
3556517
9313107
2250691
4633531
6781077
2088759
6410479
674519
40678077
6970691
52175403
7724053
7584833
1141919
3446701
1833847
1250599
6181887
7457521
1821173
8989841
8203459
1710299
6176299
4047003
9135069
171978137
7043549
6228007
170704427
1457783
5303769
4239223
7424333
3444167
1368647
7699747
5816473
3899751
29210151
102823371
6831639
6491129
93354559
5172123
1555733
8560499
110153
7539469
7349979
1086663
9011459
4496821
6469977
6889789
6591301
8533777
6085877
8616049
3550537
8021747
1937561
398653
5156173
7043527
7437943
8797719
893803
3424661
4851467
3837511
185312453
7888331
5932783
8158793
2669201
8718447
3338481
8575769
4041323
141055931
4386523
3889489
4922311
9079609
6481109
9776059
5664813
324489
1256787
4714027
1759019
9934519
8013547
7115697
2160981
3635439
5134019
6025211
1014321
3339371
4493947
2242037
665333
7936647
9967553
7619803
1105607
9183867
1698881
811849
5482969
9565109
6831123
4361633
8299969
1604517
14543
5410359
4501683
1076833
5779373
6443089
719591
7645289
1983457
585141
7958031
8256457
4903767
5230011
8651563
1751273
7130291
2197441
162841
3134677
7843473
6491119
3702043
2496713
4656737
4039349
7838607
817071
5658741
2788057
5862031
2042369
8682301
6159761
5213071
894891
2396501
8537417
2308811
7202847
944299
8651413
1973727
6166719
45639897
3554559
595719
329119
1264689
2233369
1904669
4280719
8876923
5182701
8239501
24555013
7985219
1336237
7237473
1424603
5636441
236957
7333507
1299757
7501829
7064757
3153697
603339
48591
7504011
9920427
3497077
3845023
4962161
3617357
2727449
3934309
5555147
8348113
2635481
6839883
5817227
4295139
3470617
2722949
4756239
7810841
3525343
9551953
108718871
3334053
5166027
9731953
5228783
997319
3044043
7030723
3254487
89151
8980673
4320497
1993757
1745869
3974201
1964119
7143159
9265139
5820833
5040617
1116901
122189
7599227
2673771
26353207
6620289
3886989
6234267
6872599
6394841
2156627
7920489
3904847
5573441
3889397
3076939
1232563
3801821
8589899
8156243
3616779
2143691
5664281
6246807
770837
1902809
3565763
4666653
155963
8690287
2379219
4609631
5867767
1201933
4590351
7003529
7837661
3419249
7205071
27049
6584601
8569731
9841703
8311843
7517863
7259513
1239027
4902987
7921677
6833141
335669
8189053
4026279
2822561
3089659
3411423
1398933
6674087
7312733
6728839
1395949
3723941
8833267
2542247
5463959
9250583
5139597
7755993
8361253
1369879
1579921
3737201
7778979
3146613
3576771
377223
6901077
7140633
2410459
87945941
5955243
3500753
4861441
467233
9666137
4671631
8732219
2812157
6671749
4279269
4770967
3530837
122532671
2815787
4827483
1558331
2521541
522049
7795081
5557223
190874299
3360611
4178287
860363
8887627
2716417
2744489
3296443
9091331
5494019
3866523
49026021
1273961
309259
5130389
5645817
7861521
3797019
5758989
6325217
9078037
1912849
5400019
7402211
7587993
2694601
1329147
5618539
911743
9389703
9519713
7643167
1314027
1260663
361187
7172301
884787
9473153
6958017
1556317
3745813
210523
3597899
8587537
8341813
4809061
676799
5457457
6961247
7488907
7896267
2284179
4061037
9004431
8826053
802279
1191199
7952411
71671
4283513
3607353
4874349
8792443
191727203
6564791
9871129
667567
46437
5551391
9987529
5688271
8853647
3648891
4008579
5238133
4469071
7281417
4014707
6619581
440633
4348891
9884773
310573
7684831
2472013
8789499
7253481
2854467
5093077
406027
4472377
7984523
6304829
1300291
2638949
9895239
1298569
4423437
4518411
2561551
5545613
4922911
3683343
8097281
7964351
206363
4859013
4819851
9514069
5604519
3468901
130572389
2615693
9014709
5847273
8711813
1396661
914587
6623643
2001209
5712099
756033
977031
9049481
2135517
7525467
144566401
4419937
1267201
9756089
5832683
922331
8052873
3593179
4003217
5619749
210971
2101477
9387551
6639717
7508219
4442119
8951633
5005601
8823677
140266347
7769767
549857
1288963
2160541
871557
1903563
7497771
9757303
7245103
2584531
6403851
36723177
7396681
2876811
256433
2721503
5690589
5088407
5085229
3023863
453239
4781559
4359469
9245851
5639011
362359
7176421
8436427
14207
2812139
1888409
4437819
6092253
1561849
3024739
4735561
6181653
