730187
4993717
7999261
8363147
3484077
8121609
3284339
7965603
8925903
6637393
4399659
8964997
7435119
5130057
602581
4003299
7588581
4562923
6210419
9956129
1902427
1711201
1585481
5037659
2224321
8634063
876497
2152197
6422003
170355259
7471789
3375037
95239
4237761
7742581
4849479
5875399
8497819
5267659
171213189
9049693
3903739
132297383
4177197
6221779
122735593
6026031
2719429
4355581
2673711
8356237
2099737
8539863
7320639
850257
4578019
3978701
18254119
9393101
8748089
2260483
2032513
383377
2272511
3658033
6268081
9137007
1613019
2593549
7410573
1058137
2303053
190800349
4293273
9159783
5749699
1256429
833811
5876409
5496529
7476309
78627081
2944149
7617597
5541697
1239831
3329953
5972119
3875529
1790111
4674973
32574997
5208467
6962157
8543213
5856783
9213399
6825103
4832651
404243
7203361
2986009
9738187
1993849
2387109
9663177
9268467
154287179
5292563
4282323
1390151
7353871
7818287
6522157
708479
2461709
2111107
877453
6365063
4856201
5191503
580789
9372241
3385383
5622593
3978259
3155491
4178981
918047
340591
6173513
8667449
160531
1343661
9119241
6969001
5050781
7530297
5319367
8765323
1791721
8876881
29445761
3403453
4524981
1973659
5699461
9790697
5137087
8871219
5017537
9202437
2836777
3936479
6968933
3832233
293313
4522281
4068827
1730579
4613629
9468499
3500573
4174243
7894761
5139737
171264599
4334233
9174159
166590021
5113537
2032787
4540889
5694841
8829143
7158431
63856139
7780343
9426579
5193163
2117039
5917823
7172917
2823921
7684541
6081711
45408587
8252401
3944777
8526911
823323
1043231
5807039
3498561
4439459
9116353
8031217
7770779
1372601
2669569
8174073
4865289
486909
1269343
2722203
4195309
6690009
383189
694973
1878169
2877933
7589677
5153771
3971789
1343907
7924099
4259487
9450171
4738607
6590941
5420081
395099
2976469
3715537
2708297
7013791
8135021
7377139
1762507
3542149
1904831
4122139
7110397
2538319
8033849
6107409
555279
3956241
7111413
2320109
3098987
8364769
5618191
9878891
8235447
6189267
1752777
9811293
868141
3552387
8584323
5707701
4125367
148149
5389417
1445413
4408141
4850473
3305593
1359257
682877
8230601
1819851
814469
6937171
131443637
239881
6024537
2793917
680683
9904507
5860353
1457631
7322219
8412699
4832697
7934319
6773777
6014881
8912339
9143197
1347341
6518413
1066679
3106127
3534537
9595281
8771583
4701973
6180029
543131
5259161
6138073
6508239
3667163
20769
4229317
8759699
6048543
1203601
9589623
2208213
8018383
127723279
41965403
6046951
3443707
5779539
2063823
7405887
1048891
6778789
4433463
8578813
5936043
4580541
1010307
5943579
9013301
9452257
3006893
8478603
7099687
6144123
203489
5026231
7634201
2162207
4861249
6192287
6573383
2764693
273943
3591111
3681133
8901071
5498229
203197
5287261
5546739
9272629
9485591
30159
661069
8235117
6169199
8656179
2214329
5721573
1785251
117434479
3638189
6437077
6069133
8360541
1199073
6272241
5969487
1546391
8349213
9961943
9074697
6579093
735299
5194563
3822597
3360517
6913423
8917659
1958523
9665047
8139803
2285797
7290191
75264217
2275657
3412993
8410381
6826377
2343731
4439817
2956163
9816477
2054307
7863783
9352899
1501987
8186781
1698321
3565901
837859
1615309
3899587
2433087
52909
6853303
7751081
9150741
6796073
8046413
5954511
2349431
2646989
2174459
8441043
9229157
3361043
64330919
4397907
101744899
3919003
9493817
2364349
7923129
2081897
953841
6562017
3620663
8268081
8760371
4386267
9801191
1680891
9269083
4504531
4972113
5702587
111384123
8621563
8306127
4335921
1431527
3518783
117059
8348089
1804391
9974227
2898259
9878343
9790497
2798929
7719083
1251337
5837633
2079671
65828031
1719643
2093447
6608227
146792521
3400019
6134637
9831867
6039907
2436251
9047803
9747899
7880681
1623817
4606917
6523731
2940043
9817489
8842429
5817467
1731301
2881369
5171463
8461017
5673719
5227947
1661053
599483
653741
7398911
8311247
192385363
2592721
6416953
4923063
4294337
4092083
483177
3115237
2925197
116423
198863751
210817
8812213
3374819
2817347
1068489
27057467
3180467
4615803
8450621
6609389
9847913
8669337
197957
5579109
7570003
832727
4579297
3325109
980873
2799109
4882007
882599
4187917
2527749
4438817
7929001
9928523
1381311
7008027
6931989
7181363
8735259
8047867
7389769
5191783
177702383
7878381
8325833
7070379
5777457
4348179
6998367
1074951
3046959
6651003
7291343
126352697
6499733
7000771
4946389
15056809
9016613
112369953
6131877
8488581
6739271
7414613
7679437
4718321
3576951
1077693
931677
6185189
680813
1213061
3788617
7257939
2956847
9729879
85622053
7684619
8048053
1507781
7121497
5869361
9474891
2039533
5103623
9160699
2496089
7428153
4689393
812977
5439589
3120259
4861033
6677593
7249137
5557207
504363
9130219
7174211
2329927
4323089
7743033
911761
6961751
9989413
436857
1314459
8258153
4741037
9593969
2947333
7577307
8158679
8910083
192004743
4487579
5149919
1251083
220157
2516829
109909303
9208959
1348287
8366907
6815933
1451277
7558701
601613
9230637
3547009
842669
5917837
9171817
4838283
853643
9882247
8930853
4039361
9906283
5075963
6758279
6621171
1094151
5897483
678097
4784769
8225509
9125687
6219131
9364079
22312101
335523
5439549
3376937
8162087
8318817
8066709
12502627
77191
8523441
1320713
98533
4537951
1134621
3365817
9453187
5470983
3286607
2566669
2793471
433717
9402659
5554163
5443297
718767
1598947
4727877
8450199
6839361
4859643
5113283
9262923
806511
25195117
5920959
9064509
2028447
4894121
3843047
9166153
1144689
5349691
2249141
646639
1455239
7027007
2740721
682241
4815031
7207157
4966561
8340139
3692147
3916209
7403517
2291167
3067117
8289399
7726739
5001073
8003687
5908147
30451
575247
1130379
4667737
6408493
4523719
1153203
6278571
2549361
3562607
7220021
8749643
2085217
9886699
1887483
24933253
38151
3503123
1658283
4881859
6903211
9092879
137759
5469203
204891
8412911
2252589
7063859
2604893
4725953
9868743
8697699
3073163
8290841
1365767
4633829
8415133
4220519
9805149
9573687
1698731
1792361
123773387
6420831
8622277
8879179
102413
7212197
5017173
4400171
6667041
3856397
6349681
5782647
3899307
6084379
78894683
7878551
5867301
3442089
3299621
3651749
5249381
4631817
6193983
1241077
3821401
8231569
6793053
807787
6799663
5467017
651447
5017771
4386783
98662349
9707269
20991
