6441959
2841149
6284381
4350317
7271679
8386143
1744419
3546411
8432889
357861
8536643
6291659
187356131
4488357
8149273
9127573
1090677
1464041
3983803
4363707
7964999
3752751
5118281
7575113
506791
8655583
8854783
2370799
6475091
935733
9414721
2283393
5217479
7270411
9713083
594257
776507
4982467
465137
1852357
2023731
3848831
3008179
1207491
2585877
6899813
8232079
1946299
2366229
6502891
4236307
1764549
8738993
1316307
6001819
2202057
6078601
3169297
5743101
380573
8772403
9878437
536373
5304841
5785717
6211317
5428247
568819
3898061
8741681
6480963
2032407
7528673
7981581
5440789
7047671
8515747
144546919
9359759
236477
5867057
4950389
63582187
6929461
1317209
166205377
5640491
4060321
6236863
648147
9817
2969209
1025491
6741409
4438813
5802227
4311899
1278451
4376891
8583509
4959299
9687697
5423587
724301
8444231
6895191
4057683
9453031
8859547
3119741
9550073
2104259
2627943
1531243
9198747
8801937
3287599
572727
6866781
4020369
3271373
9526497
5572743
3426233
167123
125323
9461827
7544489
7989467
3941333
7062033
6391471
2041841
5171773
7282169
7796029
6363269
7626437
3434933
2733733
2140903
2640329
8174973
3606589
6773871
1917703
4083969
9780643
7025329
7460277
729811
6732293
9985297
3115261
9960189
5365781
3488709
690493
5437053
3330799
8364383
128406811
9949197
726717
1492933
175091421
85125963
6618259
4940451
560663
7584949
9964491
5300913
2270433
6905139
9304587
9651063
8800237
1801933
8925461
9169307
7735549
7733721
3583369
4308393
4570321
2444673
7234957
2827371
190185671
6505069
80584199
9764071
7695409
4863101
658737
5027483
3153859
6019819
7541757
3046067
1089823
6550819
8686841
348581
8326827
1714239
6833571
6170281
3902317
203073
7410561
2476217
8361977
4361579
7280089
7310713
4359557
3104421
8416099
8541869
1277027
5970553
9545133
8372903
8843737
6596631
6003547
1128877
3869363
4094437
1603513
9685113
189128739
1038237
7368419
9979831
87736161
1856033
6028649
8543929
477771
5736631
6671521
7466367
4286701
173693
5211731
9187909
318203
778341
1763897
9554861
2842499
5031003
1006201
6745103
9819643
8995527
3874173
3034027
4204789
3862431
6764857
8343299
7970557
186810567
5975571
2162109
672837
5499777
9514097
298319
4378457
7520519
3351003
2166333
5414163
3915189
3521563
869683
1698193
1613961
2385909
2466751
7441961
8748353
1949067
9222811
71309
3405339
2048097
446549
9821223
3154699
9375553
5841519
8453453
6070183
5083561
1688151
4623059
7432943
4844307
37500711
1566021
2008999
7360073
4213721
8945779
2028789
4622899
102797
2800249
5320327
4816057
8524577
9320623
5175499
8009459
6940601
2075207
6334631
79277
8758133
1642983
557841
4924601
9473823
3897979
125364907
9093869
2448729
6278393
7861791
1577469
1145199
2232773
6588967
8218091
2961657
5596627
6264283
6297993
2317699
7880641
9790853
3546983
6708611
7318313
9735433
109820233
3214057
3478343
8001093
5407767
8496503
6476983
6642027
4094977
3507833
4372987
6891441
2496167
1419487
2755389
2436243
7691799
32853399
8103231
3125513
9508503
8582431
7293009
7834767
1476277
1015421
522469
4921313
6248727
72418303
1077541
638493
3700371
7446373
8916117
1604823
8713031
2216949
5035929
4720053
741159
2795123
7896609
1575303
2092621
7027443
1375853
9557107
3103199
5333967
3490739
4063557
1366569
9227181
3627477
6590021
4622809
5145017
3340047
5037731
3978981
4463903
2467017
4277329
2886117
1665503
2185027
2371871
1935773
8229181
4838707
1610351
6227501
9619081
5490243
2424463
9148473
7100041
8939939
4368817
6001537
5974603
115262117
6374527
714009
6330103
9999457
5648793
7782609
540769
182298931
2561289
6491677
884029
5572283
7396429
85411
5300529
1715957
4086893
1610827
3954861
8357193
2462399
1233479
9279191
2458449
7554123
5112927
2429911
7942269
782957
4988429
6540533
5786189
3390983
182169011
4030947
2879711
5936319
5381899
8457639
9295633
5734697
1478779
635301
9237403
3282801
6384217
3989971
3980039
1208819
7538361
9617597
5210989
2495683
7604323
3164279
1681923
1707763
4050161
76200231
9684747
4929021
4704569
9427057
2118773
8197303
177544831
37693423
89957863
5146223
1440523
7132511
66601021
79847
8100437
67043
3301821
7161023
3147703
7946449
2773501
8931617
9539453
7477779
7685729
9037619
7425519
1515001
4136969
2108443
9404029
7067167
2989639
4757681
8346311
4929397
2525567
6107161
73853637
3898317
8110367
1773391
8398491
1986873
2069369
3124177
7564467
8483411
6341743
5424981
8594853
1732849
6058727
1498653
2180247
9639971
9242669
2176651
667327
4658389
8619153
825561
9148221
8458829
5878837
97832621
7038667
3258209
2705929
7780537
1620467
5055169
6980821
4134633
966103
6429803
5346781
4438587
1361911
9239041
5311593
4606661
2252249
4307327
1590911
7871357
7911147
8215691
6963517
2197799
7001201
5689139
5756777
3363307
2900929
7972269
2948139
8186917
1346567
6439803
3807069
9409473
3789567
2535047
7526667
115577023
3953523
8645457
3108111
139813
3493607
7736193
7498557
577093
6160381
2926257
84882009
8580739
7117293
2975303
918841
4706333
9094909
4566423
4885753
1174023
9708953
4228851
3020679
2876593
5632093
7826043
9391357
3890267
327777
4194697
2950279
2187357
7534983
4294093
4908761
7241901
4556609
3607343
6516939
1212339
150765789
2028093
9986539
6244067
3119893
2030881
148080929
9872983
4694709
25089
2921757
9061621
8956281
2425009
4183193
438959
6555727
6262179
9034899
3168581
7460201
5678089
7620943
4027941
3125383
8980449
9071023
9852433
8172419
2295887
1259873
2349289
724641
1740989
9367029
4611603
6436389
8905251
9767933
201577
3240237
244939
7290759
9872499
5486807
8355173
4566011
7638889
8287207
1980443
4551887
2091703
6845041
6934819
8002719
6864683
1950489
5628151
102311911
2007191
2292211
5343637
8548283
1801137
122228791
5556337
1298479
42671689
5449061
1414651
3317923
1608659
4627651
133640353
3568809
2790007
3997621
9427353
8751327
1534783
36806767
8641027
5794749
3311563
8875913
6678769
7165881
1271713
2662271
5318301
2398499
4177719
9460599
5256307
3887169
8962659
1332461
735797
8367087
6890961
2386289
8582373
5821709
926991
3873247
5917881
522769
5505099
9969189
1946281
3990497
6293977
8710371
2585213
1994733
9708783
8711017
5407379
67847217
9317549
1654761
7890677
6898249
3608659
3608753
8763983
2646223
4225781
4495747
709307
1152017
4701029
57896259
7911287
4653513
2905763
3037493
8079259
7193531
3200473
1337871
4283837
9680173
498099
78851399
27039
8618679
3754401
261113
637789
3076261
4313253
5603547
3712917
3666077
