4697683
2377441
8014807
1148373
3217311
1932311
9976219
613429
2273329
406799
3824179
7988109
7658409
1290231
940423
9250753
1055121
5678971
717381
9681169
6557909
6496039
4187337
66605539
8925087
1826919
8507883
5643159
373839
4236051
67581051
836357
7942609
5888073
3513449
129703
5976973
3505837
8047701
4036719
407413
2834019
37433
4744089
428881
4092019
2097691
464417
8478813
3766577
1677011
76829
481563
6265497
5977237
7980631
51176771
4846707
9249259
6963627
74392863
8554703
7799149
1496799
5433683
3401867
4890757
7836653
1880169
6466873
2430693
5779787
1611797
586153
4330923
2375057
7021083
6635509
5083847
4579787
7712753
8876873
6518157
158277209
6505031
8491109
6298229
5839887
6804079
1662209
7399687
9302033
3455439
1643709
3289207
4338201
8678191
4268889
8957199
2412143
3589417
8619183
6656139
1885299
1179537
136304449
141681
73782523
87795373
3794809
2714547
4553051
8202859
9506003
8763381
8211249
5646869
4312871
107657197
3241453
312539
2296629
4996137
5519597
673511
482739
4215331
3681471
2897797
68152939
6775101
8640691
2817021
5247861
3401091
2966099
3990541
1996357
8095589
8991373
4650751
8213761
327309
2553541
9064153
6912141
9886667
8047863
970981
3626761
8711779
6569409
4466319
3200581
3821991
4313837
9971479
3301337
8354319
9700327
9806919
92227863
7094301
4662667
1902659
1198807
2852103
4845087
53213177
9408063
6739127
9427489
6913923
9853387
3647677
496049
3270357
7219243
32667
18213509
2053963
5233129
168990857
4678491
4076679
4003543
2494387
7266219
1338727
1561453
8940897
6076891
4334879
1896007
4041177
9226809
524107
5810187
7914677
4323527
6130843
74976019
5902923
4890379
4679991
3893969
9849311
7815209
1500863
6035681
15151909
563539
4449593
4875907
2722399
2014243
664201
1689403
125474403
4910053
225143
3212669
3114573
8355063
6149311
4717503
5086897
196643
4970601
6154191
2684487
1368081
5844653
8498553
2314659
4608997
7062889
7545421
7762037
4175421
199498327
8243513
5266297
3444837
900237
9123979
7155831
7818481
1720839
8353857
6737207
7619059
4917867
2837111
347593
4472493
3909959
9886153
3200189
8179567
5806629
8673323
9003807
132036587
2600941
7882283
2592181
747409
2216627
9399211
5157299
3057651
3028561
5131023
4623817
5031377
8589983
7797667
3011463
7521011
6095777
8129707
7998143
5173291
2889193
1600469
2361257
3803479
1280513
5982917
4480031
3625323
9194983
4702103
3793129
9780579
9665471
5595293
4903913
5293663
5179411
5912313
8451231
7349927
2402093
2196651
9710139
6415103
9626529
1995703
2746479
7697967
9776043
8441031
8318209
1831253
6997173
9356543
9710783
4817671
7002423
737673
2312041
6166717
5910613
9063863
3193203
2634603
6369607
6865557
1964663
6085537
9503191
27098221
7009327
601111
7970119
3666533
8415637
9661523
38289453
2560431
6234471
6699243
9462581
644983
8216323
954653
3920881
8538143
6066993
6644613
4392749
5977111
384371
2117809
195371661
888917
440979
4855377
7632969
7075927
2320737
8794093
7659989
3675577
8107669
9703421
751389
4348807
9710491
1087981
4115487
687669
6347913
6838681
115160247
7656167
2536081
877251
4227591
954167
7944361
7448791
4601999
7293243
2707141
4748281
5246033
5826379
5949127
132820087
2209011
7763051
3181493
4386659
1081877
2217061
4000497
6203243
2887727
5255167
5420767
153265429
9105749
2705959
9845951
2706743
8271001
3232749
2063861
5461703
3854257
9682261
7250359
2960979
1635751
5708211
2492243
4619139
8387653
8874369
1740797
661741
6184457
195879809
6409761
2233389
197959007
6648697
8571751
8564483
6084013
994999
4442163
3478333
3204143
5608831
7550643
4895557
7729317
4697107
5376383
5644617
6981967
1655527
5595907
3445949
3774479
8221611
6343127
9178171
8611729
3521829
7924957
962477
6246033
9209777
7113429
6476963
6658833
27629071
3058961
4467633
21837
5559709
2954811
616887
2507267
3927653
5356137
3617719
2926577
159916499
5739677
5669477
6988781
3841053
3793361
7040527
8652733
632557
7448329
9488211
5030419
9566989
5351453
2188097
8042247
371499
9336147
1171669
162087713
3104979
3985511
1626297
1813459
4931599
2606601
999587
3954457
106504777
7183959
9108179
5149443
31539699
5245657
5805077
5404287
47816549
9456877
8905781
7349221
3738791
8554039
1082447
5765669
20099913
4815673
8921293
6100343
9862943
7798159
3031231
3689627
8053153
9998313
8815423
6432967
6786887
5864761
4336919
3503847
5802043
8460211
2457501
9011971
6239667
9478133
1290731
3459511
9148489
1980609
7628049
2534227
141095033
9497587
1912039
178386093
8924639
6800431
4940243
325323
6679127
9491201
7267743
9645667
6104819
5769857
4320737
9131671
2113251
1213343
9044757
4856893
8876259
491857
292501
5449729
218161
4754657
9071943
405539
4850937
1910621
4183921
4341117
8828923
6923649
5034913
2138349
7393361
3094647
5762269
1935209
2646539
4599401
2896183
6800379
261083
1417129
1649073
6184043
5043051
5478907
3130251
2156923
6893213
4137497
4557717
5886989
7328257
5143063
5146463
4504201
9213529
1566121
6216621
9664461
7897
1603751
2502469
2083249
9635377
942329
9215069
4526793
4641633
8182577
7460109
1440551
3696733
1773849
7294431
4781261
8306701
6494549
1748481
314247
2036509
1269953
2217903
6471457
5696481
9545269
1483197
3334039
426669
2156093
2904731
3604123
175593617
7427707
6265001
8060059
3571019
7981083
6560801
635989
7182573
8070301
7819017
1344637
3294239
1341487
8175679
7048027
4272879
4795609
1262079
7344341
2176249
9640123
8200373
8809453
6326339
1869853
2578277
9673101
911721
5382099
1308007
4429123
8483451
9100197
8494307
2934521
2450683
6095657
9441721
1720661
7045941
1850677
5062313
3432569
7792463
1301437
1980511
1390151
1070209
9315233
9872417
5756073
1630017
195019
3061103
6819599
4470669
4279061
7738477
6564739
8249751
9050451
7150783
6022753
7034841
5451833
5221689
1107299
8951747
853331
8365311
6195837
1375131
454753
4040997
9997611
5435849
3644281
5257347
8401187
8779861
1228101
9117817
3544237
1378269
2465263
4212017
8600779
556653
9623763
2151563
3029029
1758669
6208893
1339479
8838111
195689
62167453
7231089
166716407
6905849
3750553
1572181
8192429
884031
7466759
685467
6263433
2698649
6435863
1100573
5873873
7090961
7509323
3050203
9257587
5062121
562591
7000621
259219
3314159
4104473
9704037
232153
4158477
2361719
5880351
367767
59124389
1277907
8278903
