16416213
4150959
4358907
8399871
3973313
166129759
5774973
8566071
7566993
8780251
3017289
6410397
7963511
7454343
305707
5219739
388481
8776967
3719891
8641769
9312469
7690697
5131471
6459801
5128877
4675599
351447
4082783
8110413
6693771
272969
17155731
6482267
2190833
4069227
1475097
7965031
3943169
6186681
6446653
2855371
6265377
1110527
2177213
3816527
493577
9763043
1740857
7903339
186248859
327761
42935917
8182897
8478033
9863779
5101167
1693971
2634339
3295027
2621203
7622113
3383213
1506363
7429733
3938001
2737627
9526249
1431381
4034903
8462649
147818311
151383571
1799417
7676769
2517609
3988589
145499311
5971719
7477361
1938211
1966807
1590107
2001011
4856381
6491311
4030193
8725959
1207727
6076957
9479277
781063
2162503
9377189
4927449
9313437
8288513
5244733
7161229
155931
3162433
6078541
86565549
2863341
5474677
8233463
3739721
5112747
6883887
6924603
4247679
1555333
8133119
2398621
9404403
1828413
5438151
2928229
1761477
1971933
134871
6430017
7528233
5354769
5584113
4277069
4415277
3683663
304581
4972781
4389447
1687249
1036293
9367017
8011921
1142793
87224813
2151331
6310899
3756469
4162913
3437
9472559
7884003
324837
6685049
2572523
5667837
2941417
4314389
7479197
4394301
7007169
7493313
6186159
3781391
5777801
9636553
5752363
1251831
7175051
6716983
6104411
2791777
126592409
8408831
6448117
1762827
9337737
253097
7797369
9141633
8158437
5842687
8823529
5820719
8639741
3902621
4072919
4712357
4261631
7318583
6594721
6305389
5443693
7111161
54591713
3200101
5055097
4445451
5496361
4319503
7862831
8442831
9313183
8995361
5693623
517989
170856517
3725703
927081
4104593
9019251
8409077
9283163
5288457
3214369
5708081
3928923
8808327
3941327
8759687
4544939
7344029
2133553
7072333
9889751
7828999
6283093
1353551
4966849
7301173
8769813
234037
1420579
6417647
372941
7293921
5748801
720183
4559783
9245449
173769711
818161
5745887
3928233
7823241
9127669
121978871
4587187
9133719
40067
7760551
7943077
1449677
9957451
5403587
9871967
1914673
6715351
8779117
7301783
5876411
6946481
9379157
1066291
7055587
3511723
3452881
75415669
5023477
4242303
4117317
4213529
6328491
1358139
4188197
6503683
8299421
4721129
6234891
2622741
5778321
77801477
7417367
7116467
5664273
3010093
3059503
7988407
5312743
8198463
1452761
1457717
3193791
2328443
5344433
1452361
6553413
3412809
3951371
6646959
6315941
4303983
3400033
9875833
13361701
5584963
1059359
8972827
4288049
5391771
508027
1629513
445041
1431469
6814761
9799413
111961
2768197
257263
9021641
9196479
85793869
6944451
2956807
1736609
8728677
8629731
7389107
4835303
411983
9468261
7688431
3951839
8941769
9136447
2057687
5813831
9650973
75423
7279539
9006889
6738639
1137199
4168681
4323509
7974977
478761
5504733
8679461
8777213
9326871
3764017
5870841
8247997
9828249
95241937
5075923
9691569
2628011
1417249
149244817
6872169
5511199
401341
3721949
2022707
2439671
2758191
5912509
7417779
4273327
7903249
4174073
4296559
6157713
8674557
9013403
7972149
3168601
1015301
1453293
2274507
7345627
5374423
2411301
4117339
5710129
7012469
4353649
9808057
9263159
5800727
1508677
4838071
2742047
2879121
6281397
4819607
7410017
9530077
6193619
3820961
1266131
5463969
5449501
1196233
9141031
1465047
2063531
3144789
7642841
40745671
2797561
889829
1019153
9410171
4478497
7871441
4304133
7376059
5111419
3603041
9931997
3599997
4511203
9442947
7723473
1306211
2207501
130378161
7049999
9984707
9640751
7912873
780639
8211571
2240457
83939
418661
8575167
4719213
1324209
7389847
308293
1085461
5750723
5218523
9937809
4521437
7877621
1827613
4281991
7669193
4448877
8788099
6344893
3675341
314803
7300401
3759081
4198339
8164037
2236853
7027219
640289
1061339
2170197
1812143
7497199
78034379
3481673
597497
5706953
7652147
2947477
2801137
8703611
5362301
5241409
3063353
803629
6995749
1136861
6282819
7270983
143244327
8936857
2610461
8663331
9442757
8822067
7519407
2950903
683483
4078911
8256511
1856253
6869649
8986649
652079
752861
6594883
4350849
348409
2846339
8090299
5611479
7400133
3663249
9930679
1454717
4890009
4833159
1252913
9402409
1855339
6940807
500221
8145229
4462139
4691593
6402003
4030741
8284731
665499
2825321
5512909
6426279
6713651
7160503
577419
1763949
5165931
8907919
8276941
6483067
8650567
9899739
3595677
1448109
9823961
62871559
1884731
9034637
9566091
8632569
9600097
9784889
8409569
7063341
8618533
9504399
1812709
501067
2311793
2489603
839529
5804861
8554419
7427517
6701039
7723333
4339507
2938881
562889
1566547
394587
3712487
6899923
4049887
5807507
5863881
1803697
5472943
4381357
3441071
4901989
7883387
6984053
6852889
3147161
7882491
289519
7253159
3613363
5636897
8173413
5906761
7052511
125232563
2738939
9385781
9196759
7653589
9518369
4419599
9419567
9556181
346637
2240101
8687413
8808627
3061453
312591
3163989
9599681
3302417
2776923
19651263
2297789
5055081
1636337
6010551
1413919
7038333
7548843
2654357
4300207
2167153
2713397
9261291
2859317
7826299
8261603
7426651
4606671
8355617
3595581
40487
3806059
2056213
1695013
3842281
3037481
5924497
4547553
3919467
4916961
3518093
1262253
7806931
1531367
4477097
2870867
365293
1778721
8912271
6707633
9530839
232979
6804337
6948631
6896661
8655177
5583231
6467283
6978907
9514413
4615117
280673
5028593
3730719
9136573
79903247
8128043
5523887
5033143
1066677
182366327
5459041
3309873
8591781
8077409
6454983
1077337
6752781
7372963
4700233
2538027
7528737
3595007
9183897
1348437
5220057
8351523
6697267
6355963
7944647
9757303
9929099
8173313
5093997
6009723
320013
6332239
2446737
4323297
4020557
3446803
8291773
2486211
9514559
222821
4600663
716307
1422113
9650561
258351
6947311
9576707
141758913
3199013
5561023
7498509
1409473
1211971
2351599
7138227
4461369
8317303
1871899
8298713
5014951
5330321
5201369
6859083
2803459
5308303
4636193
2821599
3196827
115582261
484037
70052833
873029
9005341
6314093
890549
4853383
7276773
6712319
7556101
8173249
448153
3278541
5823697
6354891
8049739
4517301
2198509
9252343
9572521
4849161
773013
5624779
6520151
3621089
4887219
548701
66194133
149221991
4523319
1572041
9348357
9934053
8053043
9494009
7281139
8485699
5522611
43880011
86896281
9926721
9850209
9564439
2929039
980131
1232009
7363739
2966201
9060779
2322871
2980363
104977351
7249287
9036613
1006863
4855347
9361699
4373759
6356309
8404489
8998007
2179107
153307231
1127259
3764039
8764877
68248441
6928513
192196273
6164051
2476353
184882379
7859637
