1895941
3286833
5194911
1928561
2055853
605443
4459157
1158219
1802159
532523
9378483
127122937
2929059
5760797
9231891
7685647
7760627
4875193
6554681
5703677
1480249
8983571
6462357
7890203
3066017
9602847
981517
5617821
5495889
5911899
7905317
6649273
2518201
492321
89450913
447921
3387479
8699441
9895729
6192877
8535003
8610663
12562957
7933319
205943
4338997
5885751
4834281
8372411
9416813
1235407
7890243
1660983
4945731
5340771
860957
1287767
4288919
7885283
2400307
7706707
1240943
228173
1384091
3888637
8533531
4245389
141878197
1924979
7429027
3056691
4621953
6916547
4421789
2637043
9777841
6749849
3660413
3871553
4443977
2226161
5356791
3725307
7402443
2507619
5574127
638563
6714181
2774697
328727
2449221
49941793
1123333
7882131
255403
256411
9897693
7809991
7398757
7189737
5893767
5309247
609443
3728659
2646659
869553
8582441
3771889
8096103
3971721
4309743
6213467
5937301
466691
4798507
103923629
3060439
67844849
559647
4048031
6908807
5639843
9783017
2431479
45399571
9901939
6899193
9626569
5781077
1620113
8831327
1131553
6585481
256643
3864183
4723041
7705939
2149589
4818919
5957991
7117919
8877447
5941423
7310939
144850729
9865933
3750807
8479439
755857
286963
9045639
1437469
70421
1091583
6606931
563923
6648033
9522723
1840407
1725889
4079049
8474447
2300271
180728913
41031
61696671
3053493
6984813
9463913
9338199
114347
1088903
9837617
3433403
3918513
4854967
8591491
52253919
1478591
1910443
4161097
1717737
8126119
9592437
7160301
1814867
6357501
4727263
7388731
3511867
3372977
2753069
777829
6673507
1987133
8230199
5000523
2946661
4054433
8846467
5867993
4911161
2154441
5713489
51633
1081989
5088091
4583869
1911289
1657987
7076257
8712347
9939417
6869071
7261601
50880521
4553127
6741239
5813221
169119497
163081
5135771
1732291
5946789
8946043
880021
6286213
1590631
509997
9102319
2916941
5485361
1139643
8040919
1712787
3097281
9738051
5885971
2924293
7324513
419761
2100601
851329
7676223
582349
8929587
5045659
8197
322511
4528167
1675813
9454693
2196223
2047937
4639741
8656623
6282063
7543537
8634751
7257207
8531119
24007
4429429
6733699
5812411
5065799
5969953
3966393
589181
1872747
1438793
3194787
3900367
5699217
1885683
9516061
6789697
5059049
1528523
499873
1224863
3835693
5871733
5020143
9854827
2253469
8527271
6234433
8694421
119761353
7051769
8468337
322073
7641531
9595903
1346217
209621
192923507
7797063
4581333
7044753
7913223
961731
2957769
4291417
3690691
9479503
9277219
8899297
50170087
1841583
5500779
4135221
4824469
2694987
8482347
189961873
5031859
2343549
9505607
7966357
2416217
8415179
8292183
2728357
7627949
3891999
4618817
8797487
8987417
5954439
1565699
3159141
6767453
3058759
103154387
1210017
8070483
810119
1803967
7558393
4685151
8252233
9268803
3470657
3454847
1985999
4390163
9795869
8303973
2889509
7880951
7491759
5562327
2538751
6819937
5253367
4680621
9561303
7075601
5520727
8800459
968629
78199
1089173
2299877
8476991
6790657
700987
404707
4191387
9603483
8103271
8090647
8281669
9849117
1259903
7339259
1158147
4772409
5089679
3489973
4131037
4112319
3426283
764941
9963293
6136949
3618669
9403461
7477689
4873997
8635221
8916131
314663
8881959
7208659
341341
8985617
1963917
6148441
7699673
3559479
7072829
2402893
8234953
447437
536523
6351769
9485123
1243163
427607
21649
8299767
3098873
3693089
9699157
6520481
8598737
2417369
3460311
4968809
1150809
4913017
2808673
3548143
3333773
8807193
542629
1428091
7438677
62960521
4024121
8835777
1108153
4794507
9934467
8682139
3274061
6590949
7790959
7850787
5767741
4679943
4230639
6797383
63777
6306249
4485213
3275519
306429
5337113
9809337
403343
6234079
43096927
4710339
5377663
9573649
5835591
2260899
8687617
9171849
3837609
2601317
9638231
3584841
1350591
9967743
3130117
3345091
7470109
211311
5284877
6774413
8784261
4310939
1783033
7417391
938137
1078369
7545641
9835921
4936933
3336933
8639491
2447473
8001449
449277
744683
9585487
9592399
2206373
29254453
4978123
4614831
2339757
6469363
7767917
5061367
139445011
45535009
246217
68695351
945507
4092911
3959359
5550391
8684057
58343
7085331
8991221
4065273
9306303
4541751
2662727
1739727
4316431
3490551
2662423
2566277
6801183
63666529
9146647
7584677
19279
1233807
3020589
4107391
3512581
4208267
7050451
7780659
4872553
7372051
1673451
2577841
187510329
9694683
8404871
5649809
8098451
172333951
7865877
152405729
6321967
9005451
7615473
1412527
6105547
2102663
3223291
3168669
438261
9303237
5562981
3952063
2238433
4069919
8078261
6329349
101895283
139250163
4367523
4075753
7342947
183926319
6286243
2180733
3164651
3030859
7562739
6256503
3123771
4331947
6968427
7078131
4003757
7851281
9367023
7045843
8408577
8349199
17268857
8382731
9944113
755847
65624233
4878473
1101653
71930119
613061
6758267
6930253
8650877
9332329
4290069
9540857
9626333
5473341
2146449
2513571
3084233
7023791
3333339
9542757
5528163
870653
6487737
79687577
5822173
2100823
8302697
5909293
2829387
975907
1436021
982033
8707919
6299737
3238961
4036787
8089989
5621013
4686557
2083769
109511723
6943909
7674583
135684627
6636889
5880789
9285697
3190099
2420049
142890057
2405733
9638481
485421
7667271
3494577
7455721
4411061
2821617
1186729
5199181
1672719
78581
6478781
6816791
1847791
83593
7907579
3359707
91845609
7995329
897061
5403873
812357
7508641
52022197
9690357
2793243
9825761
1766927
3651273
9511501
6149523
88339367
4510259
5914331
7938623
5507769
1043049
7981449
9439861
9894779
7962667
7147403
1349717
9769073
8677241
4682521
2006413
9919081
992111
8880131
3864573
627983
4299949
2753091
9435141
4027873
7012651
3472549
6467319
6981227
9407821
3404931
24849533
3946639
8867263
5960753
1291597
4099667
4514449
2996191
85140717
3573241
5763151
4428451
3857193
5432897
5018869
137801
643307
978527
9921421
913753
9979287
7711023
5930437
4747141
1482169
4688117
30379
8447303
1982407
1191471
4689629
3518859
9226967
3399419
2292349
8708937
190792169
668633
63859
1751837
5876231
2065053
7839657
3189107
3732501
3140913
7980407
8793103
5789511
9938113
422793
9520769
6085757
8676567
1836221
5130277
6358829
3619619
4203593
1683827
8099927
8930067
6405301
5343161
1699427
168980343
