7521777
5562069
4971391
4722879
3620621
1161247
3109101
86973607
4702193
3947167
1509309
3379177
5821383
3585713
193971
1342007
2036931
356923
610827
7961441
4721183
5957321
3298679
197253309
8362109
6707309
324581
6455901
513661
8055617
7698473
8465467
2740577
25005689
6411139
4250813
2341561
2513393
1514871
7546307
8384117
4049361
6489577
7351719
3466099
46055271
8214273
8248411
1956131
7615329
2745871
568823
5617673
1716017
2220711
6323811
6477307
3361479
6196277
9434457
1344891
1617511
8401711
1194093
6438327
4509347
3597033
7506931
4734711
741457
9768781
59101089
5671891
8445521
8959093
1723863
1615719
2919381
8034291
979299
4811881
9859887
393473
2613427
2809433
9812927
6105319
763187
6410117
6626003
4723949
2967383
7838539
3835821
829491
9851431
195458643
8588341
5222597
8109661
150546637
3162937
144018723
7507163
930993
4134451
7411051
3430989
9653317
5697113
7045953
5847159
6749601
4592921
7916621
2795223
15448591
1980209
9637227
45389
5557153
2634949
2859977
536441
4674299
3972857
2339501
6059997
9148587
9780287
9956541
6323093
7392259
2798677
7710549
532867
8709001
6757071
3727629
3015947
7017471
738281
3113373
5216821
6009251
978331
462121
6325001
55887009
7367079
3868953
3157777
5763513
5681939
5351949
5755387
3876697
4973307
4459367
9298107
6163989
8940301
9308549
3371863
8444807
9632507
8692153
2907487
2707281
1155529
2827937
1160323
9296489
6348927
1180031
226023
2108317
9080199
6724787
6232663
5558333
4244277
2371477
3773009
2365667
38627033
1481091
1041951
1648873
9758823
7839283
5106663
1608767
3852569
8070169
3812367
4557821
4443477
7700381
947543
1496379
9552529
8359383
1264763
977743
5906019
865409
8720741
661639
2522151
7454589
186820801
8828107
3521831
9931797
9096161
8929819
8957997
1107083
1300411
5970639
8131189
3297921
7485593
3074749
7192043
5437163
104367513
2439969
2438647
4823493
2330311
103641
7385611
1814423
1265481
4738491
6242679
19103427
4585493
69409
4688469
1446111
2220957
3178793
193258857
5737611
7407241
8729189
5015941
3113707
4076721
8679897
5368981
197197
215243
4658891
1182257
5405981
3607743
5424459
2400849
1187503
4642339
2109453
4779439
7711213
8781847
6212773
4365171
2702697
7370839
1663409
6052781
806881
8315457
5852769
6691719
4406311
91071
4289271
3358687
5945053
2197393
31909
8145999
2517639
7594503
4948113
9215621
6609037
6264733
7172519
6618229
8070069
2200657
6946147
9379593
9917837
7207123
9945327
182554901
5652759
9848007
6641171
7332631
6598323
1022179
8874569
56289129
56569819
1086611
129835237
5949213
3527019
9337351
3762431
9649541
2653887
51143959
1100263
4224451
7409013
6682129
7109033
280977
5454093
2653117
4840171
3423097
5308493
1045781
7466423
783033
3339659
802991
9714709
9840309
1787537
1511773
4111873
1956157
551113
155463903
5753187
4416991
7562119
4150747
1687503
7932799
8097173
1461971
380009
4369663
8596813
1005919
3909029
5050579
172576107
5317723
9519153
5108317
3013801
9519707
9926267
1854717
7668893
3189241
2908929
4768099
5362757
638783
9506493
8780991
3194347
277803
1427947
2681973
1738067
8473221
5550809
2015579
5168277
38665769
8023773
716627
191608803
4186797
378671
7226577
3442093
9528433
7463127
7123237
3044579
3327191
3903409
7062083
6627439
3071447
3589047
5359909
4166971
8613923
1185013
5021887
8586777
127522583
5477469
3899529
3031353
5996503
2494267
2394703
4870971
2859963
8677227
171860747
7467101
43909509
4910491
936663
8992569
6774753
1255221
284711
2303767
6837569
1870453
5439583
4470401
6669219
2199023
2567593
4839641
3296513
8192963
3857843
9297267
2246687
6970857
3209103
1520909
2315047
4136891
1829241
7066499
2068723
6616941
6287263
7924949
833137
721641
1330169
145473899
897537
2827727
9644707
9553981
4732671
297611
7196707
1871591
9944849
1137913
8116971
9636473
2281243
4505269
9513461
3451461
762247
4979547
2570671
8992913
172224967
1875767
165267163
1915741
8506383
6617701
8882177
29699749
9497629
5267733
3576469
8021041
949097
2498579
43390509
23333917
5452963
840403
2203223
5156727
9251491
3852139
776123
9868743
1223381
804269
1014831
116052261
7849159
4783701
764163
1795479
3168411
2654353
1837357
1897593
2412027
138659
920391
552717
5844759
8944727
896031
9883173
3534053
4534357
884489
5578359
1770399
412487
6143177
2477849
22137
8735127
2463413
7977363
2862717
6947093
9160407
4674657
7068167
4150881
8042143
3526681
1017789
70803789
2076237
2343189
2350697
824021
8249191
5293789
2913153
6599079
8246861
5848781
9815539
114707921
7428147
8717551
7752239
6050903
6706223
8541311
1602519
433607
2308989
9488821
6599497
7889681
648261
6562381
7283671
712237
8067559
4981997
5800041
1729111
7600963
3573111
3821263
9302403
6894439
2932043
118917
5701341
6634221
166329
131591
2949147
4252751
1327833
7868333
4889397
935013
2781119
8391271
7784697
2994037
1473369
8496221
9511597
7649247
1630937
7101001
4644719
6331529
6855371
1217401
7903327
2476901
6835621
2404577
2573791
53520853
1498327
6407651
952437
2580081
233419
5323099
9501469
3357031
7197173
2403491
7837233
2307009
8949943
6825509
1254957
2264179
2026631
2206551
3971203
9067467
8697079
6015891
4304779
123380361
3095733
8127717
9380769
7870913
8373739
8764793
9728673
1859853
4074197
9035239
8065109
9488107
170527237
143297
5901747
8050883
810251
3613773
6460493
6974309
6962171
2345153
9358097
6914057
8137091
105696593
1061201
2780759
9821489
8621483
4052201
176425599
2293669
4796899
4710521
1174871
3311127
9294611
8734061
4009751
8346743
7630409
5730441
3231947
4749381
6979317
2493713
6350069
47847991
9338533
2194103
3153433
5091929
6976497
6953759
9328811
1402629
9423003
6881341
2896687
3723777
1788363
5086447
7582899
284229
2499077
3725889
8668163
3067783
5113243
7591657
32362973
7905559
3534961
4035233
6438791
1467089
4837761
148343463
4375971
404639
2841943
3758381
2972407
4955829
9950993
2795089
5010267
9440029
5133857
8910089
6526247
2369493
8046127
3487069
9991277
1579223
5498093
5049683
4463089
185149
4042251
1756241
7636473
9671891
9125447
9947869
2754717
9914937
120191
8248053
8564647
203101
5723903
53859
2929791
7000889
19696091
588679
5562727
8540019
1158779
3712017
6958559
9791693
4773759
5638747
5684747
5386023
8958837
5040313
9132289
4372101
1581827
8943007
9766677
2919641
7921471
8746521
1701403
1814261
4343447
5732851
4816443
1265361
7274281
2782417
1321061
8188893
3872969
6901501
7080121
3905363
2375489
8244331
5116437
231251
2480741
4920499
1492053
6115931
864417
5516769
6237099
9397737
3504073
2844683
7426519
3492657
7724053
2463197
