3278467
9894547
797833
9207633
2913839
5685993
6033141
8507751
1336101
3119389
9515233
8161541
85963
4788307
138455061
7951823
8867759
9621673
8798161
2265063
8798733
9246807
3093349
8660909
7771057
594473
7619607
8079307
182451643
5224999
8973213
5607607
5193139
266641
22760827
2168889
9183849
7878361
8650601
306353
3023561
8415159
4767549
3189331
96741041
8849651
3145153
6151163
8741161
5471947
1771863
3888027
7355731
2036209
9020959
3495053
1345447
2802199
1565219
876561
4540841
9564877
2927253
6406897
5095717
5115371
7322917
6966933
8992597
3853521
2264639
2415041
8530903
3029163
3173473
7731727
5792159
2418361
9141051
181542553
86896369
51353
8622607
6563309
7760033
4981971
9381607
5428447
1172421
8460149
8394791
5572467
7408897
8957437
136560999
5245117
3883467
1448843
7724317
2285601
6046131
8058859
8758771
1593803
5447473
7590857
2363049
30731189
3707363
5500369
7832407
6393651
322387
7690409
2465999
5580899
6402661
3741543
4203631
461393
3588191
3358723
8056927
8791433
7076293
4237139
3985033
7127791
9662399
8903801
7573223
2536597
5650429
3495253
2892407
5455693
2413573
4712023
7758109
4977287
4845981
3262729
6008579
8430267
8722329
282469
7080897
572373
8847771
5921133
7865087
7371031
5098987
6867161
9900817
6069553
3985231
3513229
5613783
6325883
5170659
637079
5940183
9533633
3403049
4663603
2184193
3364221
1923341
2757161
9787579
167483
5124229
5596043
614421
1958033
761483
6071831
3479469
8811181
1634211
4122317
652497
2710113
3395117
3101599
2110161
4968927
8723633
337087
5372221
5898423
6173013
6003167
9254069
8127357
2011897
8241833
955277
5197519
7248529
2771273
9709099
5295857
5970677
7605731
6498843
2480751
8788081
5452993
2809469
3249821
2909223
4908367
2295301
4886403
5732559
7328371
6762399
826041
6769011
9745967
9836517
4582459
7930401
7643469
7159779
9034753
1614289
7728713
808677
3800461
5012549
423833
1299253
355413
7567907
3056871
9891499
9634343
4142859
2667679
5755449
7698253
5065857
3682103
1210971
1305821
7281091
2498733
8844509
3548891
2858409
4472273
2577793
486917
8482289
6762337
9966479
8937621
5545981
111498959
2049733
1837299
6269847
5496207
9539539
1290893
6832779
5668699
4642097
3615931
3094673
5067071
1473369
7524349
343617
3951909
9769911
6358213
7943843
6250853
6024999
4576757
2212133
4690413
4488227
3510407
1392069
9101877
5837339
6821209
8339641
339119
1486199
4359299
7591547
6334501
1621219
1396553
5290277
74433179
6869637
9741599
1174659
8673599
9526091
102388089
8199851
303857
6543407
9380401
9901289
1253347
441181
5917181
4754811
5741813
1223821
8264527
2884649
803483
6837647
3518671
2783127
6956891
191465339
1472717
9000553
7039201
6660671
8214803
3225613
165006933
4905193
8785521
9181033
867227
6721243
349047
6545859
3425779
9568207
8241601
694307
8453339
6785773
2842119
9225869
7600517
5927193
6375471
9286837
2712953
554757
1095831
1246683
8935571
8940659
8736981
1969441
4636997
289603
4700291
529367
3723247
2719229
5783653
4277831
8347297
162948053
8335857
4617889
1222017
5363089
7247457
5631607
5889409
4973767
6917509
8469653
1516261
2431111
8899647
6753991
2085783
4161121
9523677
259309
8647919
5518931
1407543
6493321
1509467
7558523
6359003
2445157
4448453
6361209
149046431
5224651
3904883
2819797
2054791
4108327
3286583
1655047
5855991
1429971
1852531
4841991
7185033
4943801
7340011
1682147
3002181
6412391
3073737
9612531
885517
3180379
6849209
28660127
8162521
7251143
3424007
9702213
5036687
451697
5506457
1644191
7692563
705423
194879573
7480621
2434839
7554969
3622599
6575019
4976111
3756567
7809817
5027497
223369
7550119
3710509
191451269
8649959
1303473
6495279
6611631
6036677
6241101
17437333
2677571
6375053
1824729
3204627
9571293
687023
1380397
6909799
874629
3747557
925697
8217999
7745783
6535711
1768897
3170877
474327
9634291
3469129
1090061
7317409
6824009
4502837
8560753
5094787
6837413
569157
9103461
2971019
9725659
5990713
6381349
4127857
2669603
229541
5786219
3468111
6913553
9143211
4835747
1176627
8809273
7489933
7690869
2909367
2718893
6209323
9514177
8879779
5664047
9882467
8979019
2903321
246113
9172857
6752697
4721253
17481403
9394263
5781093
5540171
8683601
841691
3840607
1021049
7889007
7421967
5763889
1231877
6417451
6674777
1846803
9651171
3420867
2952887
749391
589573
6744453
1881189
640361
8215761
9050183
4111691
8988429
4758749
1377121
659253
7982191
9613819
6966231
2278609
5504303
5211309
106957
853047
240047
410671
5206211
6361119
2776747
4261363
106315091
344211
2549159
150277051
2243993
6335267
8524591
9832099
170723
5606353
678489
7810747
2740813
836499
6462571
8674067
50001
7361649
7943321
1042767
5014307
613887
7712073
7309223
6541669
8567021
3343711
7251041
66281053
3997259
8941519
9202057
6285401
97229389
1735803
6791351
8106757
194083557
7704871
8475457
3071613
183129
8491653
5211631
188004761
3088349
171094137
252283
3306743
2109577
2423733
79451
8591463
8684339
2790531
358047
1552917
8935919
174741
1819959
8239869
4579129
7197489
3513853
9845121
5800283
5418769
3632049
172127
1268457
7300661
8611327
136227
1419019
7642403
5053287
438909
4858771
7266691
2918093
3837931
8428317
5597511
5710383
6649003
5862751
7155723
2384149
5807569
8233147
5781621
59880609
3447143
3580517
3499801
3154829
1428131
459847
5746233
294241
5863567
713209
4941349
758681
5570759
7955667
9186779
625841
7915319
149657
3252669
744249
7487883
8827243
1097489
2168369
4507669
9568599
8726911
7455467
727247
5822509
5532563
8649997
5300219
1550469
3994747
4895859
8180051
7155813
3455789
6635207
1218737
3984851
326763
3805411
9937847
4629939
8416071
9645781
7367821
9967317
4138317
8038061
4550401
5077449
700799
2824133
8768663
5845549
216739
1787497
6104183
8807717
6383131
5825939
6361677
7102823
5251531
65462667
2937247
707091
1959487
4396617
8449267
2208759
8415601
312137
5874121
9904703
4031947
1735957
4355371
119392649
2531617
3698717
8459169
161453717
2024299
707207
5078459
7640323
8910321
4471697
6438231
9921717
7327813
6859199
1972969
2130673
8974467
3246961
9655557
9103123
8712219
169061
1067971
1151053
8969321
9253771
7522641
2128609
6979643
2911423
1161151
981689
7263369
7713249
9666019
5057821
7756167
5666303
6125271
6817
9029519
915239
1548149
4306327
1841981
1962971
4309947
7844411
3519859
5256833
407751
8863443
7466191
6273051
9951781
9241349
7420027
543471
5602167
1405459
4092537
259839
7653821
8997181
53648693
8936813
7082969
4107161
1384557
7777299
7684369
4583061
6967549
4385789
3663543
6951787
4962001
6026441
1810013
6096349
840753
8658001
