7117161
2005197
8011707
9916113
8478733
2351211
7559269
3425593
4380789
8285073
50467
9311297
3169697
8990241
2640351
1579267
4694753
2124681
7432727
3883059
3878281
1462767
4383063
4178121
673767
7831211
6160281
7368227
3787701
3955183
6384433
8626359
130709
3861453
2819501
1798621
2500691
5888867
7251761
6593251
4352047
7559807
8786031
4607233
9628181
2797201
3685239
4323641
6718589
8314339
1081999
6758247
6904289
2878731
7725351
5801731
3016867
6613283
5250289
5085491
8943247
91199099
4632717
3474361
7851269
815623
3917551
1062633
9391863
4245123
3032733
7352313
554051
1146897
7507241
375199
3977661
3531661
1962523
444369
9776747
10904947
9767051
1250191
102233
3887773
8537021
9382279
1751551
4396549
9922999
2943987
9981881
1984779
3232031
1665991
838093
7116831
8003593
4686477
178893279
9177599
7595657
1637367
6707077
4086389
5809839
7347447
3467617
2686111
7345031
8138211
1116279
5528079
7530999
423463
1472741
5993361
390539
4065697
1540399
2589831
9768467
1600347
5280921
5235891
6379589
4076311
1531921
6200043
2365467
8004423
8126379
139621
6152791
6584383
9493801
7025541
9070919
390631
299467
9465107
5445461
8646627
2284773
6344351
524629
2059029
3740209
3625071
96254311
66579
7038287
5210571
2799413
1232751
3591969
6991891
2559291
6055959
6978909
7085389
8466941
1132821
1350441
2099249
1853393
7902557
3152259
5960957
4588293
8329349
8689971
537349
3041443
1058233
1180869
2455329
8221379
8094161
7681193
5751629
7558487
7201947
4012381
8390951
151986663
590339
7684363
7305407
596813
6538639
6262243
7618643
184488677
6220081
3510921
9863571
2225521
81660513
9064919
8301327
8473291
8028781
6904067
3452711
9707981
6261679
6969293
7028969
8884047
3214571
43695863
7099147
534683
6295321
8074831
531371
4826027
5346973
1836613
5963981
697673
569413
5597241
1962611
2570459
404347
773967
14620953
2574759
2017301
6753133
1815901
7608323
9386673
2757663
8138967
6409431
8243269
3863867
8944881
5620099
6227041
927891
1213561
5710163
4398441
7238941
3922841
5962641
4944761
48850469
6417959
8905371
8854891
6497681
8157603
9108709
6687593
2137661
3075789
4908547
1126201
8556043
9425939
7700603
3266247
8952333
8239313
5846071
3521167
1205571
324147
7131341
7185357
77784271
6594493
41627
69085009
5661777
1122509
5605511
5585823
6271637
7574011
1516947
8248713
3809009
857243
3162889
9472961
4676393
4301373
2110191
4157299
2075361
7937157
5125977
523557
3793381
525307
2846417
6394313
5756383
5185137
3488209
1046793
1695731
3272763
7653093
7802567
7922101
3047707
33217331
5139833
420417
6968227
1517169
2796929
6349687
39993
1277
133056639
7733409
632099
8820073
7232921
4453973
1796897
4102593
8047441
7533917
9138627
6703779
6627951
6249287
7347267
5315819
6990797
2752811
2027703
8847309
9390363
9458353
5028029
7295891
6810391
4350613
5177419
1779201
470513
4454011
5783507
6888897
4506889
637189
3579329
1074919
5556289
9076407
165156339
939921
3348703
960869
9015601
859303
9917049
2818941
376543
2323747
7559817
4663289
6460863
104274473
5324789
5830411
3916507
9711037
6722883
4522327
4138101
9490121
2432597
9768687
3872033
5218107
918199
1241019
5634293
8125687
6261451
708733
9040961
166031
5548369
6902137
4569697
688551
506987
1419689
9025769
8531033
8966401
701143
7039727
8617273
6036307
3488827
259699
2213921
1710079
7651333
3807179
8118837
6748019
3777769
8212547
7014261
1325501
4241313
6647017
2760019
4766037
7131137
1289093
9611421
3784907
6929049
9751227
9942609
9689143
3593723
4008407
1773733
9692751
965073
6291121
17144333
9001519
2945087
2551969
7216901
4068727
8108931
1146391
3533749
4395577
3426629
9952401
6865803
8818131
4404731
6773227
7482753
4910883
6228187
4464191
491751
8343377
1373683
7111821
5275239
618093
5161089
9453773
3832253
7409073
2378963
6651383
5640163
738367
8465867
5659031
8212443
1554057
7294033
711727
9747749
7491713
4922483
7202509
3096599
1174573
3971873
9370351
8440253
6747227
1699417
9379901
9390711
9987267
1537591
811563
5384023
4031211
5280307
7804769
5999763
8519119
12891073
5368757
320077
244649
7220973
6620081
206327
6481931
7370157
9558391
3061883
5327411
6015649
9788917
573797
3866339
8011241
3555887
6188121
4897481
5144031
2211211
993223
6127687
9827221
4459827
5706907
2009711
196877
9086137
3558301
6511819
4445123
2227981
937257
2148247
1091707
868779
7955843
9222489
5032913
2008301
141689743
6962957
7136061
2315363
3363123
8956497
255239
7402899
2714397
917601
7024571
9756797
9529129
6791953
83731117
859071
6987447
5378389
4392087
5627177
8203121
22247663
5466511
168323257
2127071
8810861
58845087
6043701
9610719
2958937
2705491
9587597
67633
2688759
1182723
5939869
8297697
165417323
2391453
828383
4396149
7541521
4871469
2036413
1066717
5719433
1046691
4441863
9361423
8870007
47019
2999349
9924567
822947
1267177
7891587
2507011
9606491
8275849
3290557
1293709
266529
2950731
1661417
7790053
9867467
7522609
8191667
4566103
8228383
6930389
6032491
2400973
5006939
8744041
5373519
1434841
9247061
3976977
3493679
4107309
2682593
7719113
1551571
4097867
9452801
4233969
8398281
9174143
5349961
8687941
7061103
58847
2268919
436831
3560203
9166321
7682143
3150933
11599197
2942491
1317877
3393107
1383569
2365723
2171071
9112299
849129
4144837
9788637
7554321
1370691
6952469
824399
7927697
8805063
8971847
8674731
588541
2493871
7128659
2832511
2665119
715357
6026679
2675063
1890827
4282377
5936181
4738653
3374203
6886347
8841077
2050257
9589819
5497121
5766427
5830159
452137
7609367
4179623
9736139
9077813
540549
9726121
2364913
4008683
9567339
3743321
7963409
6426103
102026187
9640011
5853333
638191
7038253
6566689
8740249
7245987
1156929
2657923
3560167
9505999
2348689
891517
9035307
4577851
6231047
4346363
3578847
8676323
4958953
6787999
1844493
191371
7412773
3181177
1561519
8702951
9460441
4138861
3452559
322261
5846627
51898753
1430789
43004573
7154779
5943697
5064661
1540233
76459923
7396527
381627
1585941
5902377
9991197
1198303
5459131
6446099
8293707
2381147
2064171
9112277
2970297
6967133
1057681
4083861
8285991
9648403
8041047
3644899
8316991
1719947
5658943
3642773
4927351
1138029
1398689
31301
8958199
5118573
2597627
4187073
5610109
128009439
6062661
9593283
4009639
233677
8431397
8144509
5211929
501871
33790113
3091263
2219379
4150921
4302333
8012977
3168011
3579437
1622531
8684491
7809403
5869623
7817629
7355691
7961857
2815597
87709501
5282817
2532673
8953659
1225987
521103
4391029
160899411
1706739
4988719
8347879
1635673
7610313
312367
6156147
9993633
6576501
325613
8960187
5062363
5063281
1741083
9052749
6081847
5842869
9317757
3489437
9083787
1857867
1806131
3847677
6177879
479617
7271779
2541929
5478097
7610021
8703123
7701401
6411177
1108909
7402911
