6230341
3003963
3279339
4376373
3377143
9317259
9265157
8122437
5998223
4910951
521279
679971
2096361
8621679
3254863
8777503
3094703
5519619
6650707
9938893
379821
5539703
9020011
3253381
3866301
9471881
4818737
1662069
59513409
3066137
5157403
6914373
1472771
278863
6665259
8873847
2620049
4833709
6745371
5066573
3205191
1291757
2809999
2952133
8399831
409629
141472799
1500043
4383003
239601
78919
1280443
9043857
7370451
4261237
7542597
7141589
5327541
8363369
2519483
3257481
5792921
349403
5635011
4802429
6979891
4528303
5819387
5365681
7415901
8003569
7300901
1598047
9297167
4251181
2070917
6924487
3113419
4716803
1358301
2613099
7870737
74473
17297
2706947
5887381
7965377
6336537
6971689
8116199
8503759
782749
2749499
3961853
2093599
5844379
5420889
4552697
3581391
8816993
6975269
9746509
8871469
9729863
4601017
6941887
4143519
3609269
8553433
8077881
9483177
366177
1987659
9168779
456483
6751187
949693
7041921
5042657
3273761
1175823
8366331
2610787
6417271
3768343
5906481
58771
4686747
9226431
1273731
215147
6619049
3651031
6890063
7973889
7075421
5486683
181508011
2324979
1645917
5723783
4469499
5473639
8730689
9995537
4405499
6715243
2784191
7872923
6118823
6538149
1259479
3527491
2045093
496891
7124509
3229031
734291
8297671
1540783
9818537
1913269
8753597
1550847
360613
8559669
2696371
1191633
9561483
3395733
5088071
4347373
9789989
1583651
9488399
7571539
511961
9666289
5611003
8554999
2543769
2702197
3120577
6385451
6497791
6764083
3802529
3669401
5306539
5696441
5447323
3466511
9290919
8697607
3712869
1145763
3238927
4155417
9971423
40719041
14679963
7712227
8828297
4379273
6040067
955419
2219321
7241429
2141807
1303201
3702131
6241187
7707851
433827
9530221
6383341
7467991
7379307
189843
1423003
1870321
4994467
14148937
4403471
7676853
9119197
5977913
44946013
2146437
9350211
7208201
2687857
7184363
4640493
4303011
6945351
6431249
9001931
4692401
870477
94921877
122171911
5024203
6286651
6077621
1622473
4754871
82336393
2098439
3568797
3800647
1743107
60706741
5811737
4706843
3636429
3380237
57932943
6575229
8138953
89833
2355837
6638413
6211637
5968043
1599773
8936731
603137
4525951
2321121
8037557
653737
7178607
5357673
876159
703061
5638723
7068863
2300069
7157389
4944203
18444211
7249129
5180489
5792749
3112661
6490951
1025313
2603267
6622491
4318171
5927471
4002669
8204041
6477639
7305193
8839843
577623
8457829
4457569
3302051
1047409
95536609
2940427
7563431
2173139
4879747
9604777
5544131
410207
8581681
9166439
3913113
1922191
5346163
3952537
5858957
7390861
133226597
7060657
5125671
9970159
3612953
4106589
1208339
3736667
8885447
9217243
9511189
5034797
2566227
8747921
5746251
8084727
3140201
196862731
603479
1477541
7684833
4462301
1812163
2668923
2144383
4561823
9260113
8010899
251143
8189349
5873719
1587673
3921889
5612073
5960093
4167031
8201361
188158409
9410737
5076483
5916967
9658711
62991233
4223611
8371663
4993727
7302729
57224411
1756677
1797389
5059301
782851
7280291
3799127
7624503
4179209
6231681
9520287
5292369
1603643
4882047
843289
4110039
1169847
453273
3740049
6397191
7744517
570573
8293409
7555297
5246051
1527891
5839807
3926829
66322379
3519639
9488323
7153919
98628241
7390487
9750641
764087
504321
7405211
6703807
4762553
7253721
6053431
543791
8812423
1163919
8096899
8998147
4667947
9557113
4343617
238769
8661487
4881903
6171043
1840157
100157373
6570461
4542031
1133689
1665393
1061159
2275831
8740037
9762501
4539909
59091
1146073
850987
2713849
7437087
5892957
23915073
2091159
9725973
6520387
5967001
2737381
2434121
2698883
7290883
1835611
1551839
7006533
7536377
8089183
8485841
1032091
6207149
1118697
7007393
8880359
5842079
9179577
5204239
3813683
3267591
1708607
4131931
8946983
1334049
9106807
9551577
2299509
4299681
7212787
3262847
2168723
1370133
8496677
8321017
5671261
1730671
4518919
3691603
4595743
8979491
7632821
8085881
6716087
6470371
6323233
7848411
5061311
1872217
4508207
144349
9885283
8799097
6554747
6414639
5098149
7398843
437383
7603767
1380529
1475929
6758707
4911159
9858321
5750773
3926593
1421973
3187459
7136361
246471
3627099
6440417
7443047
9748267
2229271
9286037
5574257
7175919
117819229
571831
6066497
5864019
3471719
481793
7893979
5339073
7637801
3537819
7994431
2685849
7510117
5680763
3609097
6118291
8361469
7050109
5378443
7703393
55571307
303803
5427447
8744059
1605113
4946631
190104383
9813321
6776121
566969
140230873
5429537
9966589
1102603
6450083
600963
3552607
1348551
3774663
3334831
8843831
5541687
2905557
9247803
3794411
7760701
4017493
1194339
6742959
184878413
3933007
3163167
4466839
910137
3004393
1032519
9861479
6870043
7001333
1265799
7127743
8577339
5894979
7996509
4005807
7521711
7331629
8160259
9678177
3680149
5744343
1186057
6567541
2508657
8548777
150923
1065487
9147231
7924701
7944417
4860449
9669797
2535841
1218031
5018973
9085647
285481
5772631
8791921
1180563
2445291
1939611
6303117
8675509
2769693
4566657
9947
2440923
6125769
1940913
4301759
137441
4463693
4303971
6323029
9957603
5855603
368361
247971
6534279
186341
7251729
1559259
9354303
8191453
1430071
7820151
3452369
306063
4333177
6108079
8300243
5615423
3289651
123917
9601439
3404343
6529153
1626807
9219879
4091401
4127093
8796899
6939791
1552001
3327047
2038353
1376091
4725089
1780903
2209597
6820193
9659233
7261163
5296451
2453009
4681443
4890623
6178877
3198279
7413489
8473523
5446249
6671577
4924497
3527909
4830637
422001
7825573
2725303
68147
7175497
8712191
4291751
1629217
153418991
193177
1812971
1978593
6847527
6448313
6065547
2876293
8819621
2885767
8658969
4569159
9022177
8523491
6014467
4394631
3183903
6378113
2198327
9802263
642281
6892179
8797337
5179229
3661117
134335009
7792849
61991
525489
7864159
6685857
2081853
6654581
9110551
7444617
6543501
7448469
8456127
8210153
831187
7283053
3008317
7730441
9100463
83434661
770869
1300473
2250903
1091667
728859
3770001
400929
5973023
5287469
4303663
4475763
706107
5634343
9057471
4799167
6816193
180412801
9933069
264699
1346371
100663049
9444867
3526739
9618473
8981629
7028791
7708431
8829507
195282949
6066367
6797807
4430639
7153313
2184319
5807299
2435809
3572973
4775131
734053
7653071
64187
6919431
8047001
9022561
9910387
2003073
2319559
1383383
1054027
6561871
1989097
9422921
6084733
4693669
4849361
9886493
3872227
3217243
2190031
2043181
2061613
3742733
7745369
5559419
6304007
