6885087
82558477
3236217
2890607
3781209
7523427
9744527
1088759
3694403
3721173
69551
5361871
2571103
5335421
2564117
389323
2372339
3879741
4718401
7972669
5493917
8588467
6410569
631011
9349287
3658347
4955707
1642571
4021591
7866247
7336437
4067687
7558953
8084369
5760453
8487447
8413649
3205689
8348927
4861351
7826563
1242747
5356141
4053497
817933
7632183
1398929
286797
5905569
368579
4664581
9811727
1603053
1152701
2083373
1490753
26260169
3223261
5523697
4568737
9918021
8783033
9997379
3758243
7623453
2556313
9664119
2674461
7896083
8839823
1563683
2943249
2345413
7160289
2237569
1300061
5494143
5520983
7740423
6482161
342753
2672171
2583339
117042987
2397379
3452863
1794159
1790269
7983777
3783909
4875347
6130361
903137
2916499
7285447
4677393
9698771
4389127
5331273
4312101
1069363
185431
5810907
2408237
2351337
9494923
6860089
512463
869053
8612691
6404727
1924171
15036653
8166317
7606363
8584891
9439903
2428741
5899663
5777153
5680177
8231389
6511521
6609663
83145651
115739
6570353
8802409
4187009
7089331
9470919
6573411
6419413
7049081
9818741
4668619
2857837
9547457
1202569
8115789
6394299
3081739
2824219
4706607
3322619
9649899
9368161
9613449
1624141
5595899
5615103
3733143
1567029
5150307
5806383
4992811
75245789
1782521
8737547
1021947
8958847
1178171
4050867
5381549
7588053
9122099
687703
34475813
2487179
2770287
1696027
5997997
5157531
8322279
4324451
9704373
1800357
2001863
8836991
2438707
47401
2519909
5024369
180267117
9901909
6829231
69502837
71145011
9172923
1568747
8144913
1816877
1446413
415787
4514157
70142111
4710627
8700691
5712461
7300907
7005253
6213639
2437911
7398513
9867417
2000743
7651163
8673263
8340843
5940699
8490851
3503283
4932117
8376617
837231
9662827
9082737
2354713
9417221
33540157
4290669
2850837
5877061
4743729
28084423
3477867
6527199
6866581
32266397
4401061
4201701
107221057
2818179
8421511
3987477
8803679
1674101
520869
8464271
718799
3173853
4907541
9986767
5142199
8656751
9275809
3536601
9706789
2339869
6749781
59135539
5780329
1412703
69780917
3815667
9005161
4483701
8854561
131539
5085351
2411621
9867609
4827519
8197059
4244337
8274479
910523
2855921
4447427
5775903
3618639
8542523
9019719
6626111
4007589
2094571
9752003
5111673
5018949
8799143
7839417
9220239
5168631
8596571
1280569
676129
1562653
6287157
6670907
4767261
4821349
7463557
1668913
7136443
8044513
6211371
566009
2621119
9694969
8578393
8877731
4404693
9106289
294839
9866871
3905641
9184533
7856131
7985561
5273403
2898221
7674873
4073957
7914001
6929039
1871827
6886159
3364307
1798139
2735077
3793787
9964863
9743427
3597873
113681
98163
3391859
8417517
5697183
3927997
9199277
2231751
7114941
6126961
3870079
1920201
9488393
3791331
3527441
9583363
8432593
3628477
884633
6579037
9546289
5143557
6573323
6608101
560399
8104509
6907371
646959
1288699
4862401
7552211
8085023
7963513
8913683
1013631
3379817
7989637
3280147
9086909
9252523
2712799
1986023
1172341
9439501
157287
4027397
375581
1824947
4909597
7493421
1544363
427219
7054671
5742133
5169223
7862281
7905281
8541207
5770509
7574887
2882379
2781481
5792793
5186469
6884371
3688273
183743383
664187
6812099
314431
4151983
8988651
8701447
7377377
250539
4250999
1085877
6129283
5744787
7915227
1828629
2293473
1998963
8369873
1201101
7215213
1000029
1839981
2234551
6784207
4864373
5201507
9622851
714777
37176967
6272501
1502277
2330383
5881023
107041483
9207483
7466313
6961581
5118477
7633359
5801609
296519
9532199
999499
9203779
933023
6861577
1553899
1266829
124376907
112043931
8979991
3510773
2532893
9074191
2540827
9981713
189291737
1322861
8393107
6633993
8372727
801677
136419711
7601593
6914593
2024493
9007249
8001147
7753961
8618309
4490817
4248539
3170151
1654443
4562063
7943429
5117529
3866603
6509887
918087
5983837
4398137
9431751
9258331
663437
3910269
4438097
2279703
1238649
425731
466977
8340111
9799363
3662217
9291059
689171
8245267
2759301
1418753
25089
9860481
4863107
7942497
640767
5451379
8012889
1036691
9766873
9284649
3868199
5919021
4913419
5207461
5837127
5696731
8346051
5239933
1020249
2329189
3142599
8377881
760921
7307751
1139239
2848079
3575389
3045617
5465159
8367417
9943949
9937867
4832093
6797841
3211047
9431901
8627027
633771
6626047
7595597
4221391
4871473
7423229
2737111
851209
3601453
1337471
9791419
694371
1552787
7673711
5994341
5915759
9922413
7428243
5111543
8772511
209689
5993719
2769683
9934239
9693943
3316721
3422589
3570767
6732561
136501
110926199
4407653
1101293
7582657
2277093
7766109
9583661
9919577
1896701
3519181
7971551
7480371
5651263
5926903
3141561
4684939
5864497
7639457
3308379
5077577
5893553
535679
4486733
5921247
9691897
7914951
5191597
2075391
9986249
2331959
2350907
4151547
5651467
5948223
8292033
40643903
7976351
809697
3026799
8038883
3584519
3907811
3975933
3844641
5584853
2248577
2876047
5643887
7060517
2925897
1630571
7397761
8836233
7410229
3524419
5987047
8097187
2365803
5224251
3978269
648763
853493
2658197
4987317
2472747
6730763
4833719
5377401
3698997
8738617
30481
9132009
4226013
1158871
9769031
262571
2492697
7739103
3267353
195669
1408597
3099677
9592681
6586187
8064763
2885653
4131983
9924649
7317691
6232823
8825093
1162859
1339013
859339
196977
3291049
98770733
6282379
2116719
3261151
2938993
2844543
34027693
7845583
9091647
7314263
1230953
6399129
5782027
8288811
6237743
312161
3450843
7857639
8832567
6508273
8659057
8513493
833571
5473593
4693221
3294859
3231019
3037117
9277803
1191409
5248873
1138523
4765001
4048961
9516183
126421
9588133
3824097
3502189
8637743
5836273
4940693
4413271
5952403
9885249
1325281
9130011
4467467
6711389
6276541
5202773
9990253
3061227
9642639
7388793
8415941
8317141
5352683
1402821
44720277
7104393
168417
7040089
5567179
6266453
3753267
8360469
1915129
3164001
7365363
4108739
669339
2249999
4930587
4996187
2960841
3678241
5282283
9228409
7711707
6237153
3406157
9443
9057517
4290467
5921409
7618589
5504343
9568617
6211887
8895913
2888259
9367439
5101621
5061477
9611573
440743
6217013
1411797
96833
9139193
3246201
4917899
7621889
57700219
3542191
68452321
7359489
74112759
728391
5222901
1994937
7006069
9967227
1902899
9757363
4856483
4740107
3540957
6726481
6451563
3962783
60654867
6699257
6261681
4349761
5645753
193693
6146721
3980457
114801487
2556487
8752397
9048491
9810833
1934861
2271347
1411269
8575043
466587
2918507
55564041
2258731
1506659
