1952629
5989963
2603869
4817983
328813
2111177
1174267
5211731
2844443
4398323
3608119
240317
9984101
5072827
36303
3821913
9366583
569137
65207657
7957289
3923319
4780581
7284771
7581279
9247101
3137097
9876011
226947
2279051
5484307
8941533
4711397
1330249
171483339
6430691
954551
5839949
7328087
9426023
1087803
2209719
2767107
64348357
4195583
9153697
6519161
2182767
9045923
1731071
4573021
5216671
2411791
85609
4033601
527857
3980153
5292391
8987193
7924193
6592391
3443539
279493
1605841
6231211
505541
1562699
1905929
7664953
15471079
5932831
80421
4143741
7295861
2339849
2890429
5454527
6751107
6860541
4121431
8333597
3321079
9093223
4290917
1933957
2317423
742551
2370051
9157769
3967009
2296081
9351131
9375901
6385691
9546323
2669667
3673947
566673
8209093
532477
5090937
35339
3339333
7633193
981619
149558007
8703097
326049
2402441
3387959
5728307
7233427
1628663
1118469
3048589
194451921
8952031
9408067
9884179
2030753
9360841
5298831
8289151
1958953
3228951
2620461
58617
3715849
9406467
9291713
2451353
9233671
2982509
524843
2477917
1230447
2919767
6218073
9075491
9026447
9153001
7691707
6340981
1732247
5750979
4995673
5285437
9803197
2710843
3153061
6474587
2048503
557153
7988513
4542773
3961729
3871183
5275851
1155753
9496993
9774529
5078691
7391439
5287223
1672257
5500737
6563397
4415609
83259
1353171
119010327
8003691
9683777
6717237
8263931
9329691
1490359
4417731
6076751
1036131
1399543
2682787
6610327
8633309
3765531
3871999
8309171
7643827
4710013
236339
7989467
5706223
9714159
3184041
4863923
2775653
1239631
7834883
5129573
9061103
889053
4257993
2353479
176892289
2981203
20843
2802239
9614927
9765577
8661357
6384851
6387431
699101
5876833
8224387
5200003
9395479
6767053
4417733
4634713
4947769
452559
2770007
786669
3546857
3843227
9653157
863891
835631
1644851
7047747
6955247
1132159
6926971
9008957
6867357
8928461
7002213
3443579
4832169
792971
521717
1567143
9921939
7316577
44043
5711269
4083483
1583141
142479413
7178503
580253
4553837
2792093
7021979
1790909
1646289
6474497
749863
3874047
98578901
829933
9739359
7394343
8327553
7522197
1798489
8492381
697291
1781123
6282569
8182553
7698839
3232641
1998109
1261461
7099067
8422591
2502769
8854161
1235623
5477947
2611579
3375829
5618209
8693687
8350511
9237179
6166703
1181581
6395119
8356657
9428847
2741393
644229
233231
4990773
9216947
9416349
3179461
6968359
771229
8878279
957717
4391433
8823517
4734063
103883227
2362973
4572853
4359351
5395047
8560243
4021397
170047791
6192857
2457389
108713467
2486023
3921751
3019033
9606329
1554197
8677991
3968507
7653809
4008799
698187
1704729
8951567
1032629
3157923
3107049
8996389
5664043
8257723
8587417
2538551
9637571
6388051
3016459
3006503
9311141
7813413
6099363
4092883
982297
9188659
1597643
4212647
9829933
7620917
3926813
9824629
4247639
7862639
6256881
3433269
5559453
4897773
1873657
4700529
3071037
5944627
5244541
9559157
2286873
4935633
9789361
63991843
8068221
9518749
9073039
789169
2287243
4874069
3018549
3107337
9470171
8024029
381617
8728817
2530811
355463
650977
5444731
108241263
4792289
2890543
4840709
1978919
7117073
3686083
9860499
5854409
113627053
5330163
5506923
4645693
9054133
2481549
7313269
7278901
369817
2439349
88866469
7072423
3036711
5455123
6433503
6517749
4921003
8129197
5282289
4689587
5124921
242611
734003
20653
7964293
9463061
3254107
8968859
3756617
2836897
5286159
4749147
162333277
6513971
4746111
7102797
294229
2393253
7451377
9728113
3874531
3277623
6680381
1324721
9377111
946563
361451
264779
8080701
9049603
7326679
2853383
5525943
5710773
7606167
92251
2686551
4474827
86908373
9661583
2456763
3688381
5379163
8809031
2036469
9420599
8662271
1142449
5028701
8086923
1010779
2043841
5672841
8314823
3304289
4076743
6299453
5050643
6986103
6556101
6430379
3019881
5217227
2235831
6550493
4270407
5731381
7655283
1998917
107217
5070423
2318691
1526353
135276811
414801
8650363
9739031
3273827
6969451
4709463
437181
1455311
5210843
8172037
104958641
8538949
8469559
9792821
566557
4349687
8977889
2680451
4581237
171478569
2047799
1848313
8629199
40563
1925267
1257357
2086419
6823181
8043461
7002099
5388673
973729
5648597
7438793
97713
9891771
975227
8908893
7789613
10979371
833163
8641731
7874701
5650447
1965391
8532283
8334491
7807281
7372653
1408447
1337527
8994391
2198473
2362771
639541
9594031
7135971
50785741
5607219
1987017
7425817
8700543
6004509
7383651
1064007
6341869
4229301
4509407
7095141
100698421
1613353
3054007
8020623
98846263
34017993
462879
2263427
7653857
7688669
3369633
9915237
8212699
4224211
110262939
4454429
6457903
4797599
8734059
2934389
2509123
4472527
4378897
9190851
9642083
8175377
28201331
8809989
9375607
9603561
9269893
6399249
1004881
3552057
775597
8440769
6414463
9019429
7986651
7660383
5564201
448201
4554487
8630983
1053527
6605913
6300853
9311207
177002407
8460173
27427
17068787
2750907
6838341
947391
1324953
7557017
4083561
2679357
8993619
2786229
934669
317107
3486203
9799991
7162491
34179
6405059
4555671
9389129
2630453
881751
2075781
9116739
2750899
909753
9039611
6959151
6648437
8928861
3342291
6495907
1553101
3492673
3381217
6767699
6410819
7035191
6628101
2405059
1495677
6417703
4820509
4905347
3330129
7833941
7770153
3054299
9436889
2467631
8355669
5544763
107225571
65308621
5449319
885963
7182141
519419
5854593
6492349
4881203
8669889
5247373
6723649
8736639
1864607
3303527
9512327
3565253
5429859
111391473
3996741
6141861
108864901
5613023
2700859
6851257
4425349
6368457
3149029
3672237
3410541
8050593
8436329
185081
3318273
7313889
7804137
4724873
7963571
3605603
2158203
5197091
180506721
5537787
144925321
8477603
9460727
2535579
3240779
2001081
4867269
6049453
894531
6685019
9752133
8779399
7273049
2765417
7751169
7135363
667359
4351147
7263087
1791219
2209051
3036529
4682179
1592367
4332883
141606019
5161077
9482167
4738717
6746373
6843739
5245019
7115417
6318631
7578659
3482029
4294881
5535061
9811171
8980241
2830171
5247669
4046451
5341597
6780567
2763763
7629709
9374413
9605433
953473
1219541
2452141
6186999
4521247
512713
19333
5274459
4326963
1662989
3767643
5363821
2661899
3081287
1175877
1994569
3354643
6202673
5855117
4205987
7625989
5808057
4788427
