156011997
6669891
6066939
960737
640741
8888043
9378343
3523597
7813067
8786099
7135709
596903
4506903
511007
7852473
2016309
2425677
2352271
7251773
8386233
4096371
5784169
3508351
1456027
9016297
697513
3955901
6772203
1800261
4966823
9534231
9094977
7898833
5361639
5194347
2498071
4063249
3727373
3396949
183471727
5703453
905853
6365513
5275169
941401
9876013
5347207
127207681
54087
9922467
7980573
2084431
5999479
940327
177869
4674663
1633861
6334457
1707547
9663341
3514669
9597237
1177087
1668831
8837921
698463
1761123
6184887
5803661
9757869
3456767
9341213
6192607
7851771
8438313
1724719
6754669
63673009
3944181
7083233
3034191
1359609
981007
6323391
2485377
6556963
8466893
3639379
4575043
3373237
8588863
5111223
3877363
8799763
979867
1554211
7240799
4265837
5665633
6937173
2819439
8070431
8634601
6443587
1393607
631581
1175281
4187813
2685793
9968479
4011661
7419221
146731
132560231
9294439
5479591
5222209
926999
9850171
7488283
2977397
74823
7915137
6695061
4297003
9219909
8082213
2947991
1092223
5547653
4073579
2899107
8058799
6156137
8669289
224327
1271507
2656313
3842679
6518533
1501691
705913
3497089
2063307
111061401
2945987
7656857
5665541
2135719
8543223
9961001
3855713
3571883
7129851
33277689
771897
2766881
2304499
7554499
7180651
6731093
9551411
85066579
8333667
7872191
5054859
427297
1973379
8312059
7153543
6664667
466853
3376747
4462847
562431
7730599
5940491
5604263
6146489
845219
9818561
6662393
6221967
1590033
6496307
402693
5570369
9009347
6516589
911973
9628777
1001057
1587737
7262203
5118469
9193837
99119
1086159
6758827
6821689
3675543
6129217
1602089
9941841
6783847
181391313
8275351
2031667
9032639
9616819
9080577
1762879
9355569
131666533
3531991
8560989
7701539
9412371
2967821
4422363
1772003
5995687
7303721
9559239
7059371
3274609
2772687
9832247
3242199
3598883
97853039
3029677
5554949
4310301
1101329
7948631
6804107
3735031
2052649
406577
1750837
4214473
4788333
2113057
9899431
9141787
1961489
1775013
9601727
4037551
571207
4814857
9901247
6659091
7865899
6580337
3203133
2218489
8428377
8112089
1924779
1574087
9733029
5461049
4541351
6746829
156833567
7755807
5792663
8095771
3332957
8093263
2535953
1592513
17406333
757763
2636209
2434877
4058471
33509761
8844211
6983607
794199
4500999
5203589
4135833
6623467
4672581
1639121
7382807
7831907
5122601
2372539
3537679
165677613
3238779
5120973
3393817
8669631
9180063
9601033
188951
3584003
8684929
2659887
5173429
5297619
4301029
140058657
7802793
3312591
7848183
7163651
5752039
7651547
5264441
6472583
4693871
2926163
4013689
9180433
4193551
51254263
137857629
6422081
579807
5682391
197338773
6498731
6249733
6081687
7297557
4542833
2579701
461229
4555531
3040621
4851193
4356339
3719653
7281871
2822527
1538791
5774643
9020917
96806533
1725999
523943
7448929
8815187
119775097
7875263
6177277
5202127
2396389
4907313
2889319
253279
3990953
4071867
283659
2665657
6901153
434627
1607213
180039331
6375361
1928923
5040037
4132833
8960541
5983221
1718281
8686603
5103017
1873367
1987549
1550127
8453989
8419219
8755849
1476747
5517211
709549
6403673
3030683
5082637
8595843
5566069
172672587
6532793
7133783
1154623
9857461
2464383
9685169
6176267
8473041
481379
162517019
5229593
5676881
435761
152079
121694023
5445951
3336063
4185331
9491197
3156911
4860561
5359219
7113639
2706147
835809
6072917
6109849
1280109
2583521
5328407
9582501
2191463
3398003
615683
9769313
9800867
6609227
1154461
9307681
7135907
1701417
7435613
464319
4448377
8398377
8726207
1935879
5666569
6046017
7555143
3139219
541201
9634077
190410149
9892497
7109089
9946009
3322913
9651277
2784801
5269603
7343841
6461057
1652759
4048589
5706767
3033009
1827899
1838203
228591
320329
1182047
7569799
6331363
481769
8552169
7633453
3695533
7990613
3304497
8132791
8639319
3394067
5537923
2114437
8782697
2908213
3568091
85827
4166831
3333861
9365887
741693
6772413
4654843
3053653
2826297
8221139
6194623
5681103
9270053
135917
2544831
175266243
512587
9578293
1756189
9897827
1311647
8745043
8284169
3409187
8922711
7643547
3049239
1473507
25536501
6538319
680231
7669799
2953387
54593
8117419
6114923
9929877
1250561
5144353
3160197
8865081
8280063
7884959
4563773
7929401
3922183
8242109
8378863
6584357
8181207
3895547
22483
8130319
7308741
494079
1863887
5660101
9363437
2018557
8362273
8345559
8069131
374101
8680417
2826747
5013203
1347881
9031931
9845861
707303
7831861
3190639
9626843
186688029
1270849
9816043
5216729
3040507
602651
6087377
4347243
429421
2209037
23949707
3367691
1868281
8305363
2883071
6501321
4417323
139564971
172911529
7893741
7266069
1951321
4022079
155731
216131
4126057
5433599
8265757
4860191
316941
85733191
4910059
4658971
14504333
1775407
6247007
8800139
7669213
522137
7147841
4957599
1377463
3638051
7885513
6586421
3212247
1552671
4092909
7995439
9139087
5146081
3126773
9180993
5297679
5360927
389279
1126841
2644717
848329
1770717
7845259
3860567
9441323
4737943
199433351
1037481
8472067
8503831
5331587
115840343
2217827
1719381
7575429
8563633
4989023
6998129
3165381
3436699
98858459
2234357
8944579
6821163
133640667
1423947
743409
3089551
9420759
8982693
7691167
463401
126556869
4915043
605431
5365241
5661867
6871061
5431023
9648109
4813409
4162101
9684199
5437829
3008483
2848387
1620119
8183887
4007833
9043989
1229399
1921943
5528839
881917
167312007
9411377
6744917
3154693
4564683
342973
1912539
1829869
9880917
7001409
9477461
3051721
1938741
207849
4421273
3072189
8202247
9404651
2872211
5578463
3131043
6811079
1141049
8142083
2965583
285711
7170947
9985273
9506773
2846461
7722429
6403649
360819
1016613
1093411
4232649
5624889
5742449
1683821
6671923
1821637
9046821
9599239
4793493
114513
7826703
899427
7507201
4681869
1186541
146527651
3546287
3350137
3507971
7288309
152323297
539287
48656677
2238193
174939771
2892989
9202869
1732143
6136893
4262733
2787223
1798957
9149919
39379659
131453751
7892093
2503683
631891
9249943
5916071
1929887
2470021
6572407
294153
765413
8091779
6552137
3732521
9411167
188808723
1190059
8011191
424921
5794277
9528489
7097567
232843
8742161
4994369
4531021
2214501
9245883
8383487
3390333
4958011
6474183
4704593
3979567
6721609
9270531
2290481
6095303
8036457
4888249
5803943
8036831
2093997
2915683
8738729
786709
1807797
7190933
70963079
2445973
1337657
1402007
7129917
6984049
6294547
7948589
1351313
6888907
8446881
4174989
7908907
1694829
1364307
8375071
9491767
1790251
4296861
9881573
7769971
5034453
3467421
4777533
9624847
4496707
7877933
99188763
6416557
147497989
1599799
3007153
4778133
8856299
7724479
6863433
2567223
4641749
4883593
190151
8921873
3903217
2800207
2025507
1837
5580313
4191341
2208167
54962427
5918511
8686273
2029593
8827241
6480229
5333121
158310427
1383557
217563
3299449
8354869
4575013
5058399
6536027
8788643
8932043
8350653
3375733
4979297
2654447
8398671
4681757
4692371
3941583
2795373
9554329
5348607
219803
