6681277
2452771
3171543
6566437
6400371
7867247
7629131
9885391
2943379
9041103
5482387
1084449
9271433
4785221
3755373
4859627
4491841
3903657
1803949
7423539
9311311
1991679
3127027
71194017
178978443
7802483
6868681
5132341
8245643
359113
7773173
8689307
4307107
3640329
1214637
7932183
8025769
1788387
6319097
3359841
6321879
9718893
122664383
527133
8571681
9793233
3203593
7348447
4642391
9598343
7198667
4591367
8170701
160043801
94213189
5794643
3317891
9131159
7797841
5491919
9227477
3032023
1891761
8691597
7598469
8711367
4316953
3280001
153984641
9559317
5435803
3085637
4367719
127703
4199823
339713
6516659
8037313
5264107
5527687
8824981
6222637
1834899
4960083
3830939
9319097
944481
859117
7601557
3266597
91427
4151791
4775359
9595787
9760533
9151583
5608371
677629
8405261
4593841
2492151
8875651
937551
9022677
3360613
6432909
7534693
7548657
4754671
9327341
7088897
707797
6609011
5535017
4026789
7647029
3298883
6433889
3556219
1336991
1571161
4130403
99644469
2526681
5374733
5621
9417943
1197273
7693187
1744163
4293723
6780611
3658313
1385729
4290621
9590007
5528557
8134209
5946443
4085623
532809
8675443
5086261
6549257
6986203
7978749
6617627
8253557
4760093
9295869
8528399
367969
3599787
4092783
3411071
2502041
455311
3404357
6321397
6062569
5967041
7915857
5536393
5738697
8577811
7828683
3999233
5629587
3936701
8265493
2006303
3868747
8509953
2558707
5744733
2264173
3172897
6893291
117450251
369931
763803
279637
9188741
8144447
4648473
3528157
125706633
2590847
9820611
4584567
4212939
8233269
125679
9274213
7303143
1660243
9247797
7049677
4184963
3094467
7800383
7997713
2146839
8613127
742381
1711409
3464807
1925941
5873771
3481707
8418283
9289553
3312623
7208883
8551467
5205743
3644717
1055481
2174489
4223721
4800517
8504479
3668563
9801227
200267
165307413
719619
2738717
7225839
107891
9229871
484073
9947589
7935121
6020829
3115959
544527
8231931
6232499
4394391
261609
8304283
7860807
4541243
4674061
9937607
8173901
4299873
8553583
9501273
3095923
1510583
2121553
123673
205843
4888899
1858331
4403183
9233777
3686231
9359653
9186619
6559533
7057291
957833
3566739
9668459
6731861
7543477
9644727
5371663
7917773
7498989
199361
9136997
35061
821459
504907
167026799
5178819
5219229
2172293
73537471
9777123
1580319
8195729
3270917
5989609
5783067
3985799
9731823
110694887
169323
6022781
66262499
7029451
8328083
6395029
9415759
463007
5041381
1012361
9805097
7141587
6195583
285803
5037439
131750471
3546679
2148939
8393921
9075981
2746533
4454669
5829311
1566169
9005073
817973
6434703
5151851
8178579
737023
9046383
4003867
5236919
8161331
3385241
7869703
867751
1171819
3620449
883979
6835227
6415637
1085839
3551057
4390227
9760341
8654897
6946743
7946297
4996423
1353163
9795421
7879191
97021111
9413653
5468513
9550183
8736491
6104441
4421679
982271
3736487
8974881
9893277
3840179
6934511
8770011
5851379
2448121
7859363
7069893
9856681
2370129
7442891
9237659
4988577
9981049
6611121
5410067
9939899
4685227
8474823
2174777
926519
7776497
6668411
5496659
8551039
9298461
7705457
5292151
6803707
8066351
384017
1504121
2403021
2408767
5926861
6525847
6070439
8210861
6906169
2508481
5297177
2631903
7767081
7897489
9034333
5858151
362147
8847637
2610901
9214141
6163619
1625131
4018017
5399697
6270451
34370179
982907
4268377
198939
518259
146983033
9959439
1490661
7309429
6861527
2542589
119323601
3971201
4490163
69531
2260383
6132927
1195689
8236819
6596819
327459
5186569
2995337
4933663
2323139
8709759
7864997
4571861
4946047
2759313
341339
2902291
8120917
1265397
5821939
8311057
3747217
2656413
9590821
6410561
2061957
1562207
1017649
2943723
3264121
1614373
49726289
5004781
4619853
6522459
7775387
7811169
4518473
8384919
767423
2213897
8380089
5453863
432951
155419017
1055361
8997923
2879313
2322729
1149007
2421661
6182409
8323821
3023719
6463509
6023091
2971101
8612209
2993047
3765501
255409
6036319
5880911
2537209
7683839
566181
139646401
4414399
9915819
4864117
3120893
1815401
2382389
7464371
6271307
4270469
4744617
1085879
3311167
126168819
9459459
2028801
4341171
5304413
9546073
6111453
2065029
2742289
3476111
3492397
8028303
7432327
5030343
9130081
3164503
5151859
892859
6037637
847203
2782193
1348893
2379791
345557
2678949
2985627
8648189
7935967
6167523
8021569
351319
2001193
3166037
9262807
3173303
9215253
7040623
2921813
8017213
4212601
2648603
7820467
615839
5558331
5993267
7988853
7969371
3218401
2808617
8352501
5945697
8203933
5310729
6576829
929927
4433903
7967301
3613551
6829861
6483669
2210419
5595117
169567
9204717
170557343
6540983
38757
2195069
942571
345323
169295221
788931
9025947
5560819
9966391
9393303
2889749
59317
8306067
5287649
5287181
5179553
4705607
3602697
6910071
8325841
1024457
889699
8192007
4054859
4692843
5047287
1555433
2427599
5226743
9248833
7099141
4499593
232343
1866559
506833
5709747
1533391
5015939
9283191
8730679
5962869
8570411
6998293
37775307
1531017
7679143
8886603
2510697
53945289
9604511
2803279
8251007
5454057
7832213
9066121
9744003
3851791
6045399
81676959
4935867
9886097
2313253
9068437
3807223
7633583
2993579
128460651
1342739
2936393
77334059
53928899
9813293
1167987
2012791
9156751
7348941
6929001
2029993
9858867
4687351
1143727
4937297
9685101
5047641
1996347
191511
920007
3417241
6639593
8808057
6706059
8501501
4479177
8834357
3940403
5391867
9118657
6328917
4324881
7479089
65305479
6359233
127899171
9193357
4874859
1692429
2633259
5789231
5078629
8511711
3291031
77520621
6084799
6166163
6672451
6438537
9683251
746827
5135711
5390301
1499633
1623873
124967
6631399
6379837
1418583
9774359
9779871
3516699
981877
3319349
5391991
5002237
5666879
8040659
9792589
9991977
5025509
8858443
8428701
8474629
6139603
6063221
7516241
8797239
328359
1263691
4715119
3991053
5208443
7401319
4609413
7803891
6160177
2323989
140221
2052789
1484573
4501557
7376981
4400511
5926631
4987641
5188267
8309733
7378623
5087819
1931057
5754293
7213051
7274939
1184411
5320929
775909
6267727
550961
7250449
6777513
4801563
4980903
5776063
1747659
2366801
2478767
9938693
4860889
3154181
4665677
6935753
6033959
3628301
3099517
3615829
3013601
1224653
441939
4594299
5104439
9474703
284243
6130943
8363229
2569519
723823
7198203
6727883
5341299
2273621
183593
5158363
4514847
31807637
7223471
4429573
6570717
2069469
3520203
2000339
3367871
9879683
6108363
6969087
3737499
3190209
8665811
8453237
5631173
540529
8519777
8416167
8315523
3226177
7609079
8085967
5719003
