8231387
6608869
165154063
1030563
2880913
9071821
8639581
3309923
3724643
4753361
14743957
4697443
711187
2912147
2052621
5888043
7727553
4234961
3347887
7973559
4258467
4625049
7254471
1173497
247549
7124523
154680263
6993763
7105267
1439509
2163397
7061017
506431
4229807
157375221
2151171
3961033
9408263
7454311
7421827
7526603
3693369
4951027
5663947
3950407
468371
126875063
4393877
171638471
155127917
9342411
3437973
1058043
571773
3245969
38044581
51511817
6823017
6122203
582763
82071
1658773
7089429
3879031
962133
3757359
7966357
182857
3571263
475791
9079239
573869
2712657
8336981
3940211
9249091
8106661
9981369
7163611
1643911
9604907
8223711
177941
8406977
1827551
5103829
7997969
7324779
9451517
7710527
3549141
4100133
1889821
24841
2919867
1230613
4802367
8801901
1998103
5169743
7316803
5916837
6830399
3088747
1367623
6531349
5813009
6753609
6714067
2992921
1056783
705763
3811491
129073
673301
7626629
6992449
5721083
8615791
4805321
4467483
9058641
2462559
4776211
8611429
3117393
1333273
5279569
9656101
5981439
2024977
6045303
43424351
7470129
235509
3025917
292171
1297077
5738031
4216099
5084407
1686149
5557621
6164549
8913069
152309463
151969
944313
4355003
5543807
3134193
157556753
4498043
5091973
3988591
8839571
5626323
658079
3300043
286967
7248069
1405433
10497547
99856433
4991151
5054573
7508933
4204131
1909051
36986489
1437417
3470877
8008323
8862087
9683761
9416489
8105839
147591
83362829
1251787
5814249
5388923
1631877
9066059
9863293
8710349
1372477
5640589
9905843
4594907
6857603
4481203
815357
9653871
1171619
3221619
8342831
2067169
6766421
7300201
4933603
6454553
9030721
2980701
4663459
9814089
6811471
551541
8654257
9250007
6778259
6974387
6092657
2852489
9471857
6093681
4218171
1446573
7240593
7543331
3963069
2284877
7536957
5858573
8740961
4536623
1574731
7181171
9843823
9721249
9146659
6831043
6029643
543693
5105589
62900197
3038689
6798877
4249293
4718151
2542863
5195249
759769
9292307
5646997
6033489
8973659
6687247
2779647
3810407
6154839
6160793
8807649
5670369
8770713
7691859
3191383
8198097
3447303
8354657
6444679
9803081
9150837
8011647
9990667
545557
6393949
58915393
266457
7921281
515629
4465999
170917803
3771783
6623981
8614161
7458427
8296109
7779131
4446059
16537
5506257
2441813
473517
7836453
3786583
6109847
1905247
3833069
3650173
8699309
1589769
3769497
2978897
9601403
5971511
6249019
164331459
8913927
2741849
6651523
356853
5768759
7534433
6851947
7412847
5446161
7299321
7417013
2833609
5375827
881137
3274027
2505189
6534793
9252301
4553797
79581
8887051
4604553
4056661
9787389
7749129
3455031
6376129
6456947
1622757
8057697
7325403
8043157
8426883
140283
3456091
3651247
3289427
6750647
2509987
8254889
7102319
4392793
5084159
9366791
1959059
3746271
2826113
8902623
209389
2859189
456053
461931
355997
2603773
3924889
5271241
1805091
3015843
143403
2832071
3824429
8519307
1899647
9252513
7207571
4853027
7722543
3154287
4139357
779761
3809937
116711
6187803
217561
2459407
191327
148091129
3501207
6024571
7439663
7589067
2088769
5749751
5125849
3916279
3483339
1
2755693
2378633
29995771
926489
70266371
7808289
5613977
6617097
9058579
6719153
20229
2739301
9610537
6097187
1410153
1443497
6180959
7326023
2783993
4549999
5093143
3274709
4847861
5223477
8121717
8407171
8338917
3561677
9869493
19284369
2052531
3915959
4776213
8680403
9402949
2396367
1490563
12955113
6466331
9735501
7707
135290227
5647829
6528361
6189329
4458511
7869517
8982827
6465083
7872357
772547
9707091
10876843
2982987
3133961
6102587
2680507
856157
9532943
2000467
6579709
5558867
2621811
1893223
3277007
9514477
146968117
16293
5760659
5541943
7949429
9982579
787099
6703927
6659609
6639399
5080213
1156927
8782411
1371503
8432233
6607561
2891991
8433091
6428403
8026179
8802153
7140061
4752953
1340743
6602771
823939
493797
762673
1182969
136135501
3918973
139016243
2405819
5270493
6703529
3028619
380481
3063709
9300891
8980397
9213593
1067513
4528577
5390291
804897
2466337
701001
9884337
5705497
3947153
5387697
7210007
8345073
4752073
7320427
2901679
688947
9121971
3603851
5315761
9911483
2975743
7186551
1541669
377393
6160261
9947669
3080333
5150289
3676029
3900609
4460497
7952471
2118049
6241699
1506529
1372607
7500791
1219323
4091777
7543361
7912223
6014907
6141413
5013757
2709571
9120229
6453849
8555037
6181223
459111
6184231
1241181
928113
4984173
2914633
9639701
380089
5620249
2640903
2341893
4962333
5830391
5297849
9145697
395997
3822587
8429043
5493429
22250369
9772619
1778953
728987
8909137
9996337
4381141
975723
9887581
85414031
2705919
127729
6393777
4103929
1794323
7065637
2760589
9872491
8663139
7021537
80527
8614409
9490329
9277861
9705403
9162087
1341311
5995811
6053543
6544057
7176353
4418723
8510209
7821143
1482311
3231103
6787027
4825329
1466571
3595291
4931299
2304063
7156379
337671
2980993
820191
38007
2779363
2503677
7559441
181155217
9956331
3342839
4712157
1954803
2602433
1073159
3949179
192619873
5468283
6985731
4085271
48348431
240463
4169581
8739389
4629287
7352321
4706471
1167803
3174241
8076831
1918281
417059
7402033
9845341
2818213
1165541
4336639
4084767
2019007
9974487
8891009
8239263
9190941
949597
9050303
6969441
705967
7077133
9029363
4577631
30207671
3997343
5067579
7394407
7337281
7225657
6339269
130993331
6292667
4677943
89237337
1627389
6803521
2961667
6921361
3138187
4937257
3223543
8379227
5284749
7482497
5982233
8678663
9860927
2665659
6447673
9565671
9782617
3853503
2019383
6739763
131294737
2622763
1652313
435441
179650281
5393681
4233483
9614367
7044107
4248509
2056623
7468887
4750201
1513029
273161
8465181
6110851
9193137
5275003
927927
4295609
7586899
8713717
7451883
2941797
1518221
184016211
186324533
1415777
5425087
2207771
5973801
4376163
5562019
1313749
8311661
3896737
7768309
4142667
4816779
2486811
48590041
999049
7360349
5003087
6342513
4644779
4933647
1682367
5646013
4511881
5582479
7656917
9148677
7877687
5544327
9873931
1743257
6909729
8495557
795687
2761333
2702649
3980059
5959823
6589911
4841697
9279287
1929759
4389353
9644683
2353661
4433853
2223761
3408521
4677951
4096741
9925333
4739757
5685343
4081821
9319881
4892903
6558399
446419
768017
751473
6810953
3057887
7091521
6829129
176933351
1100803
1125367
6110471
7418907
7444859
185331441
9640681
4359787
3283719
1877519
6487279
945091
5447203
1801529
4302319
7558889
5530463
