8315211
9783287
508213
6725813
9699083
39974819
7787221
609561
5834673
3686113
8002807
9101047
121725573
9495357
3929999
3694279
6330421
3970503
912263
1421737
6255439
3354123
4550469
4122681
7654993
436591
3546253
4916277
162959181
789669
2493507
2467279
5540351
9966999
8072169
8956263
3298773
3010619
7564599
5129691
5014121
3537269
7991641
211113
2463657
5286413
6432043
7068907
1417831
4448763
98842661
6104587
6500857
1438363
6124831
1643231
2585729
7035521
8228951
1227293
1786443
126113673
4554639
1134481
803327
7328161
1855317
3037269
4698387
3952559
1814041
7234177
8231983
9133681
5358931
6892517
9160251
4371637
8359951
5225459
3849479
7793279
1815297
21852331
4704291
6546943
5885101
119820651
4984081
2991709
9966657
1870569
5708617
4463961
9991293
6320979
1790991
7450103
1845367
57881173
3252081
2091239
988753
3452467
6380033
6571133
5379337
4356531
6625709
1737229
3914301
9500883
6849043
3355849
3189589
4319167
1141373
8976683
485413
1269831
3529747
594879
7118643
3152831
466147
173047441
3593307
9724589
1953947
6383559
6767469
1774303
3144331
79624659
7966907
1077781
4574179
7744529
1727783
4423531
7519593
8942109
6218503
185241381
2494627
7570227
9406991
521181
7459097
429537
4281997
4709021
6593609
3356031
1907327
1990043
4684383
1996927
2926047
7973543
1026931
224969
2005167
9695173
9873003
1962423
7003281
7710539
5058301
2134153
8078607
85214643
8863453
4825689
4745233
9229189
1208927
1059883
32399
3306847
1784031
6170731
5081533
6847793
692483
9559011
8946177
1527461
8528537
5436561
7248019
4208517
4426699
7950793
1669051
8742167
2371549
397731
2559981
1874423
2241667
7986117
92994741
3328831
7939099
2670707
5399847
4226467
3312579
2201571
624777
126689
2145177
3036553
9606583
4256899
9443621
1009839
604943
6919609
763323
1471221
4549107
3285817
5668751
3451729
5679211
1714577
5396661
3900467
1251647
3074263
7820311
3679377
9328737
6333747
3723467
6845241
2367761
6707533
1872881
7138657
1579307
5396041
4242777
8137823
4698019
9385741
5122573
9473221
7068069
7993021
53506119
1271283
6050293
6356719
1922209
2757069
1220877
5388267
6879283
1924807
9076703
5383787
5664919
4913251
1731389
1450627
3108447
7738711
46772011
4240863
244399
3135241
7316869
5370811
194111963
2650359
2450149
6447363
7502777
6644543
3244091
9222131
4294941
5085081
477993
2878841
2951707
9555249
108055873
3549291
4918893
479351
9580137
391369
4640317
5686807
6890381
9824401
5631277
6097309
7217529
6524157
3086037
1318079
9448707
5876449
5435979
2876403
2369267
9384959
576863
7693599
4097003
7560601
4714447
4343243
2975983
1335777
5105743
8937451
8261917
3335911
2257171
9967291
5914367
980063
7421109
3068577
6435909
7200157
133208901
1870883
8732567
4389463
2117543
8997501
5156323
8014897
4751351
6918531
713417
7126583
3110517
2726507
7119993
173501351
8353733
1183493
5578163
1424617
4952713
4528951
47835327
4523283
7041401
5394583
4198997
5504979
7050047
8363601
4185717
7571071
7525019
5637421
8160379
4574709
9034243
5309161
7861929
7888193
842839
4199583
9372401
9436961
9310089
2440307
9716899
3508493
7606247
535527
3555317
9890757
3311523
4532817
7673081
3177403
7416909
9972777
1856741
8047199
8872301
8907659
8667237
4682337
8941937
3988721
5417971
4048421
6488459
7290141
2946927
3806621
2789461
7259471
4731651
9212789
5344051
2795317
6394379
3735721
101639337
39507
4274231
4729931
6679929
3000239
1842643
8613749
6255139
1781129
9485207
8813379
9462357
3792207
4341697
26029711
3845679
7560309
252511
1676223
6010443
1073879
7949277
7804859
9708557
2822561
9577067
6826691
8895659
1899793
9498607
9308781
356683
2633061
9539807
7437967
5149127
5633899
6807561
5302013
14519343
8413737
9482339
9632081
9399101
188452031
6542453
8216097
3026301
471843
7588149
7260331
9992241
8766837
7354289
5997901
5275477
7069793
9421731
7975389
6443011
7334089
6017787
7132461
2654893
807071
1055417
8986817
2301467
69629
6136417
5369789
5611407
4564231
4041919
4634743
1995099
1382177
9804301
2605181
159564273
9401729
2349117
153494401
2202347
8813353
9799359
8472519
8872583
7392603
3656979
63669973
4194019
4085751
4229687
7729437
7464639
7492287
4843411
2228481
8381213
7366187
6602253
3113379
3084261
6715091
8342171
8538879
4147507
8740917
9508057
6465427
4372553
6506177
6870759
3708947
145139803
586159
2524649
7869999
9186757
517489
1792997
6581629
9390797
5024097
1123617
5812923
9303281
3501
317891
2744413
3098937
47929051
91567
8375433
7065397
2414971
3230689
1603177
7947537
6878059
9340807
3303567
8270681
2131993
2267267
9800623
7220703
8445891
8693517
5187059
2674277
5276739
9041239
65997
2849283
3433749
1315721
7090219
1651533
7570707
3509027
8058353
150081247
5427367
1055489
1514651
7847133
2184293
48978867
6914397
951289
412187
1270967
140877553
4722113
4296641
5335441
7884389
4111957
1154361
2738903
4172293
977831
3856813
3509739
3007781
2672711
7193669
1130259
6993299
31855703
7862799
3340187
1631287
4353831
8762657
4571283
638003
6741271
1853759
4147877
6623843
4968401
85269
3001173
7475229
8413987
5808121
4616663
3831203
1666273
47775427
6927067
1715943
6160967
3821737
8456937
6782611
8198737
8534439
4264233
6724543
1572881
4564699
1180959
6262523
4982403
8840631
6546877
2542281
222377
2262401
2113657
7518239
9222317
5115503
4062921
2621
64702923
1759453
8024649
5657773
3047953
2699143
3216319
1109023
3074767
39159811
3388977
740137
579179
84593843
8109441
143477033
1480709
5876419
7015511
12668723
9802369
9530873
7639389
9955509
1661579
6614103
2170429
9652441
9786789
54655269
8709243
8645099
2824901
623507
3053227
9269279
435123
4357663
1667611
173859
4269517
1002287
2218349
9190759
3671573
6321281
9194049
6221147
2994917
4593139
2217257
6792267
182436857
1557887
906131
9046743
1071629
4294009
6592957
7915831
9478147
9044659
1267061
2301051
2264907
5942943
4053847
9588943
1235097
5607587
795183
4935669
148568933
622473
9792559
6314073
9978879
7943193
4975719
3757399
4886859
2309711
8853397
9067397
307667
4306341
7768377
4168179
9074311
3495061
3511741
8380949
7350227
5519161
1524219
7740777
6132117
4548293
4422599
6128441
9609493
8629509
7867373
6555153
3262853
1060257
7006209
166143
6640561
8917499
2852011
5650063
8484749
9440043
7832457
6151843
6198937
8756731
2301831
6425167
3643667
6326927
8274859
1636639
1498323
3651191
1764797
7910833
2812589
9159663
2319469
1242387
3146499
7598497
8134881
2150771
1816261
1335641
8874481
4877727
7698003
1361667
7344957
8679551
6672093
8038003
3232687
193769
8109491
960159
408413
7748377
2344163
2827731
9100659
8881009
5360697
5685009
6723563
