8441911
3586899
7656611
4601541
2525631
3155307
4849937
5101549
4448223
6143043
8287077
8809889
6659317
2739961
3598293
8947369
4361119
896781
1313491
9047269
1138451
7550519
1529839
6515507
8181867
7041251
6288213
17281963
2392329
5131921
665797
3252119
9394231
51899
5686791
275879
6106033
9325959
2492831
34441
2714951
5844607
1321599
8528229
1412817
2192363
6685517
8225089
4121917
6997781
1312449
102871473
4765339
2125791
9261581
4978211
4294433
2292973
7440727
6728987
6722313
3484781
2666797
7123039
45638391
8019501
7057447
5418477
9043663
7249359
7306461
3536703
2255353
5272351
8945203
2912891
4724899
2575337
137631
7857537
1185921
2568647
8296917
8040497
546289
7702863
240457
1010683
9721697
3195331
3040331
181667599
28589201
8096171
1156961
7493991
4051011
4038187
9059991
5730457
1919299
1703819
59569077
8105227
9718213
8733993
8183647
1266841
102871739
587603
149590839
4808739
1796159
1754863
7447047
5008033
3711461
178316453
3892471
9614629
5710861
1340197
5955897
3332547
8515833
8281223
5617153
4270017
4101063
7747991
9592223
9040357
7246317
9843297
4396499
124425943
6092091
8421011
4893917
7796519
9718067
2786743
4185723
9062447
6264063
3281449
9437659
8809501
1972891
9121419
3373203
385127
9749137
151496441
7461499
3371003
4805893
1475083
158951
4486673
3390789
5187911
1638563
260907
3464049
6836243
238537
3192843
7996403
1390701
1687761
5063663
1684637
7895283
1855289
9711939
7373601
3318319
4327597
3551307
7957399
5223029
7871573
1728017
5129673
6433921
28726653
4844769
7677557
2994033
7305169
972297
1437667
2230901
1361097
1622459
49999
2911497
6100849
3943549
3825671
6800593
4584503
2125561
7497987
8256431
6286579
7177933
2984811
2637637
4507589
5181247
2604469
7748393
328311
8023897
6484739
3001287
46237
9834923
7260069
1005501
173553799
26590923
9565457
5611889
4566163
9729333
7370583
4728209
6792401
991147
1826253
229239
7182567
551829
6651957
2967007
4914333
3169281
9334001
35479767
6539093
2475279
4382617
6264191
148831
1251673
1476413
9148577
7672089
8780081
73140981
35355623
3897591
2114129
2962061
1462757
6289927
4504213
2825129
4283991
549631
4872347
9994813
5344233
1673737
5511047
4689897
95203
4221201
9589659
7758549
92316767
8110389
9302869
4048437
6294123
9839151
4545439
7775119
4534761
90259187
9723981
4780353
5355093
9879531
181773797
6483227
4864843
172489787
1128543
9371437
4024571
529443
5453463
7145873
1639931
8391723
9973191
115814831
4022487
7775037
8286679
165571
974309
3753943
3748331
5581477
8662999
6094439
112736037
103824477
5125213
157776407
9890807
6063749
270679
6287019
2721081
8015863
2581323
9181883
7409303
8256937
1550267
6681059
8023173
9152983
8678099
4081159
5611377
6017473
4652323
5005497
5799439
7921133
3076771
910013
3243253
4281307
5347671
8670511
347079
1168267
95095271
1992741
8877891
6626897
7878781
3499733
5781777
2956437
828797
2526283
1200883
9803773
5510289
9743703
7529513
7716951
4793401
3584109
9569479
8485587
6245329
9501081
8099259
3395529
4614923
1695979
9230019
14944301
8240927
5591103
1889731
7185663
7011329
1504893
2984689
5244813
3743521
7064269
3317421
7853277
220211
4836629
4204171
184822307
1533941
4838343
1430357
9116427
4857619
8298611
8731001
2808249
2348641
2393933
359053
2804957
322889
6111621
5930929
9083079
6377787
2718011
27679
5385459
856467
6988633
4810791
8027089
7847869
3040901
3965791
2721309
7120439
155492953
4812703
1587223
114313
3764193
8127669
8665737
275933
7093551
8678601
6465247
2377191
3213577
9714593
1564403
5081297
7035851
6738681
2236027
4163181
3873279
1019637
4125801
5857873
3954161
8686213
3393461
1471957
2658229
4524559
9558257
6650007
1788467
8564367
4442133
2980521
2644813
4755253
104428863
988323
4460019
4072629
142993229
1803969
3621831
4142869
2162967
752863
1839237
58950729
4263287
653281
9260331
5580959
9145991
9332341
1255509
9014377
9289367
8951953
8645149
8875719
4780811
7478621
606971
6156789
8275693
2692387
6294637
6810957
2812281
7897713
9582897
3623789
5108749
6920837
3991451
6211471
1523767
5510883
2042349
4529813
3791301
45013
2353153
8802483
6874337
2248631
9072637
8529603
102304743
4197817
1136019
2552599
4753351
5957561
9515193
572233
850987
4951453
4050203
182377
6261239
2159661
7284687
9191613
3669349
5001739
2922891
2309093
3262889
1518049
3367447
1262959
2909227
2377283
2847147
3497927
8235841
2546943
45139
2828667
2887933
7548803
6746241
9800327
9866867
211917
197063
9191773
6445131
7873397
4694793
2133719
5170209
3241053
8505237
455887
7710659
9644861
9462427
575501
774601
9943667
6434571
5801879
2208921
7378121
9788291
696029
156107
3161053
5812739
8594513
2930359
3946039
1716313
617463
8826153
2742807
7774467
9443069
7574457
796627
2040117
5006277
5404977
1119027
6714229
8932021
1446029
4474321
1204779
5629241
6498223
4072301
393011
5723929
6577949
2366733
1701359
3859601
4040221
5085669
7678979
5725211
27119861
5125759
770509
1337117
4601727
4326127
90053
525177
8561997
6688867
7368591
9234111
2602321
3472089
6775457
47447221
3120739
89182901
7799621
1687809
8406599
2361471
5232743
431451
466977
4488583
435533
2035643
9041229
737113
2815833
120957907
2709131
421411
1951059
6492579
9026799
5416781
5671199
9236591
1899113
4512749
7015597
2557103
8407867
433929
9785991
2001773
6929507
4687667
9873349
6704207
3137589
336229
687299
3442589
1310447
20396439
9477061
6245697
8203457
5175083
555137
922867
4087239
73670937
6826323
3744189
5405277
8903351
6004109
8287577
3269621
2074849
7085439
2112829
4592137
8373013
9377969
3454557
6052661
548689
121161409
9638691
4001449
7481679
445467
5529429
9396269
129184717
3795577
7697387
6859651
5700707
6682387
9444003
3696793
1167737
2887353
5687619
130339887
5120007
9307079
6597097
7211029
3351259
4901221
1813633
1279229
4960381
16037509
9249149
6936131
5391751
1686997
2784077
3206731
8140419
9433759
2473003
7815203
5257079
88891813
6982073
7177567
8874531
711199
9896379
8351451
9175841
5947689
39574727
6692931
3188419
1557491
2763969
8294177
2448687
6025807
3306513
4374499
7742343
1935117
1718173
7835873
5277149
2008469
9603763
56175437
1282873
5075333
4808477
3350279
6811247
2103149
7902609
8394743
475397
7052097
8870291
4682529
4237443
6726003
3926827
8315953
4895343
1753409
2490013
7724761
8605373
7917597
5638459
8688371
8577131
40488121
9615621
192621413
6778511
140128933
6128903
8442253
3024453
4208957
66002413
9058537
7756837
9196229
8535729
