898477
9949501
4727641
5957987
8116441
9774093
6546513
5017251
2491389
4694429
1229447
7133417
8796023
2178587
6671573
897787
7116897
9656647
4146353
7791971
686711
6907631
1993961
934943
2947699
1363223
1085941
22366193
84368729
6910499
3495197
7516259
6381533
2956569
9590861
3964059
2639323
350757
7259537
7843939
6477107
6339023
7323141
4797401
9599309
191879
339329
5378549
5150903
3398387
7404569
9519937
500521
8283319
9502011
1128219
2690453
4964063
3702291
4644239
3602667
1104317
3506027
6672063
2947083
1856083
8909591
1915541
1547739
3944983
7850637
5559387
8756543
4698769
9150471
4175579
136924357
2950539
9093277
352781
6650549
7306683
7635777
5297449
1978521
7135881
2880093
632093
1220747
3990833
1683239
8450689
8566253
6461113
3759813
9568303
7696629
909113
8371401
9301049
7472607
1225283
182553
4349339
2959979
52958901
1269141
8006161
7468253
870211
9003167
1573543
3243371
4277079
5245019
7286939
97526007
5332889
552661
3410341
9777503
8254467
7628803
3049657
22514251
4177277
9766451
5621793
9837943
2566003
369189
2774899
1888333
3132109
82321869
547493
9948811
926433
7979167
6054089
7111499
8974153
668531
3833661
19779661
9506437
8691757
2511699
6511523
1816961
1470359
3033281
131050421
6843741
6919607
1833177
7919073
8942337
5907863
7278497
4700221
3641037
4219999
9666107
2446129
1113847
8813693
2851931
5364359
2854871
3659899
118173
342011
176851183
8267979
4753171
6681547
3175223
277827
7357047
443321
4797753
5109297
3957209
1904931
4806077
3879439
1878501
9812331
7066079
9636139
7448249
191977227
151122123
7953507
2376027
3202201
5633689
9237579
4698041
1364047
9225389
463431
4572987
4800391
2536983
7608553
7942041
1163507
4279411
7016571
1238593
2378721
3937449
1833869
8503303
982931
377673
1613783
6572713
4685423
9540893
46582091
9054133
9454637
3110897
8495353
5081967
9055561
4228501
8808927
1226911
1864137
4871067
8809649
6317739
8912723
4354659
6376831
1480129
5831307
2631929
5052557
9256033
7551757
3863731
7710413
4136297
8879127
6871953
7749069
8939317
2366881
4164127
7202833
8102607
855557
2344677
4732753
4991023
3842901
4235149
7783451
2580651
93981
6787397
7514261
703397
1968393
6260469
5735761
1879297
3035939
1410793
4156281
2540973
7234441
9126253
7036421
9000031
924067
9803883
6101707
1436301
4755521
27897411
76185203
5202571
1189253
1904647
1971549
2442939
6292977
5124191
5997619
8628863
9960521
3534391
8525521
4087711
3474303
4134291
3551303
9490741
1447633
5251481
2387883
3924207
4147521
1525207
9369141
9064359
3841837
163943
936727
3394047
5071287
1158919
982921
4824721
6751429
4522789
7284823
2519537
8803193
4610477
2752943
7678953
6765371
6415531
2913537
9749761
3250547
2303763
6455587
1262369
6669759
3512993
3134641
3184621
7932607
5516051
7701581
2131211
1379391
9608803
7932997
7440001
1521841
9935677
6507399
9058351
4106561
6283743
1597593
5473517
8800417
3084823
2570101
8141581
5097971
5631679
6044103
3930839
6453407
6120163
2313717
8075227
5865459
51061
1901673
9724459
3095487
3067517
2620511
318991
4665409
23407741
717489
6403477
7926663
5861133
1524581
8785763
1166663
9560517
3355143
2777543
8919169
5481531
2713151
5692023
4320837
2160783
288947
2003969
1578897
5138689
1029189
2410999
8649677
5717721
3189981
1253773
8567797
5782269
6088949
5899239
7892597
1149591
80351
2963709
5704759
6626979
8316907
5919679
6382107
8396919
361933
6780139
1902879
3087439
96489953
4522601
3280751
36511727
1475043
3187593
5040447
1284393
5239383
4008473
8123563
9937673
526767
6820951
7648757
7860861
853273
7293537
9246733
5378367
8803199
7723397
4788709
8462157
37897999
4998429
1583451
9357151
6897811
8375267
6487701
5889641
6423269
8806923
6779271
9999657
5468943
9213961
7641159
5380283
2663433
3681573
3511589
2935127
30793761
4010359
7556117
4407339
4299691
9610097
6847379
8602443
3551707
2578743
3864947
2884429
2755547
1354141
4292767
9747379
8843401
7887509
720957
159289
3574441
8262411
8728059
4662219
8569773
5079919
2744313
2600021
4551931
2672063
612669
5647621
7622813
2207767
8317461
18187
5808083
8734177
5202251
6087739
8975229
9875609
4605289
8046429
9352987
6278209
1457561
8889633
3077073
602103
2931473
8374559
5761331
6333423
2596397
7969023
398361
2880113
6231841
3033413
8684017
5466343
1735747
4893637
1528909
8586803
3104697
9163547
9487053
6396689
2730009
6837299
5401159
8148451
9887983
2483793
4627487
4780843
6116989
110702033
9564403
6250159
8402967
880099
369027
193477
6884163
1929577
9893549
6840919
1090633
3066689
8185043
4878859
3926069
4480773
6195743
3393779
1656479
4450223
6781113
9470509
5414337
4568539
152528557
3180689
6547057
3970777
6307589
8802081
1512391
64491869
9834857
8638581
7471361
6851529
2285559
2312977
9358977
2883161
9147211
5327653
7661871
2744169
803327
3513561
6786623
7936249
4297917
8476251
8670831
6093073
6972791
99478801
3562361
6608831
83901
4850329
1791111
3583121
5388037
1146841
6451471
2110531
7351767
4013837
3379759
5186881
4994589
1017489
1129577
9055183
9789379
133982923
8751357
6561571
2990249
3251609
5484217
3968499
2527349
344939
4032119
7745139
2884609
5546833
6868929
3477623
9566329
7929701
6375361
215047
5990061
2827489
5780207
1894853
1385669
7509747
1352241
891887
6728287
5800041
2371169
5439377
2712991
5101497
2060573
6386249
9410033
4274789
9629213
1375201
4626081
3617807
3354203
9394689
3199319
8039383
5536761
6094033
5780943
7010789
7663849
5599971
7803971
8119311
6002269
1436097
4978409
8034729
7931533
3175039
555307
1930327
8890929
770907
4003721
191294363
3183839
7820261
9663421
7981643
142340313
4131159
9161267
2750107
9019109
148895677
5836631
8880567
5110861
100657
6395927
4389557
2442241
7118513
2667807
8974659
4168557
2691741
436049
8162209
7594891
8699579
9494839
8330361
7378827
8280781
12693813
8147961
667981
3841401
8342261
4964439
1469527
8557427
4195119
6355557
2985949
4416779
1910741
463879
8545791
69313
8090229
4385763
8600519
8762251
20184297
1470121
3800259
2105433
3984647
9967049
224351
2198569
9299399
3266303
2486057
1148699
9523741
6777891
160683753
4324771
9173571
5634719
5700811
2858907
1203751
9002351
4749339
4145789
5405107
9183217
516767
1427801
7708201
6993743
5140333
8433637
6983963
4443449
3216431
5135779
950521
1470391
125743239
9457111
9952029
6058493
8857983
226519
7920867
1674543
1198893
6418673
8705399
9081033
8803551
7185289
8920893
3495569
870081
7933733
704237
8098231
3619519
7272721
44387
8623469
9563101
5001397
6872501
1504411
2003583
3331677
5487353
4161313
9509027
8739531
2724327
3506667
7277083
5346309
1476429
286747
334743
4150569
5109153
8243093
9378941
7196177
3616823
