3717339
1252111
2420861
7102477
9616481
123949397
3000201
3016687
3333823
1371269
3438369
2273577
5191881
1363393
4080991
745493
7114029
1396257
1893919
867139
8463821
171824151
3363907
7344639
5508603
7912893
9234069
1704209
3983779
2198213
2573389
2571569
130860139
4994113
4476277
6865923
9715639
1309061
5800509
4675087
4840383
2228641
4670843
9377199
8241009
2317289
1426701
5422299
7047639
1870013
6981081
7711023
413043
1117563
7536889
6861451
179801
7786617
9866331
4748237
1513709
8083241
2447941
5033087
5756667
8954217
8606843
7640951
9488579
4782437
6172733
7963627
2784069
5207701
3435077
678437
4082433
5708913
7559669
7731697
4725431
852303
8279181
7125453
1693891
6934689
6161611
1041651
5627889
9787589
8554733
8541921
8625289
9238913
186239099
53967
5792943
9163907
6983067
9978781
9502021
2430429
6508121
5919059
7445557
775681
8282747
315739
3126893
301107
9316987
855699
115974457
880277
3129287
2905499
7774991
183309
7852171
3923613
7365479
6079063
4966057
9898061
4747221
4678513
7373627
4843267
6760979
254983
396087
4367769
8589711
5348887
9404133
7396687
7476301
7524729
2698101
3077257
6266427
3570321
4182269
9204559
7179017
9134959
8809163
7539921
52857231
1995389
1698371
8377259
6831119
7593399
6563759
9912559
3349781
2160603
451279
7063369
7929341
5717527
3737511
7773029
7101457
9633383
7897081
8632699
103883359
2497369
8589729
7087299
4199033
8224323
422999
1770073
4775147
1217511
6167847
2560983
3649359
3487553
9746803
1549513
6183023
3890017
1635983
9399513
9896861
3541893
7541089
395567
8011729
6721649
2003103
6938133
9467497
6877593
4711261
6633317
2712639
9015821
8332099
7046173
1925691
18426713
3737249
3686273
3199873
4080279
4474719
7040889
4839231
332187
5304849
9032249
7396651
7307899
1938857
7796829
8652621
9591513
9609921
4205157
4202737
7669837
8750267
5200091
9843539
7489301
5667271
3342609
2221859
9872427
6954543
1924091
8410951
2065409
8299123
6403481
3869787
2855639
410563
4264577
5979671
4108389
119528069
4938111
9026291
8932507
2978763
2864807
8541471
5239841
5296053
5838113
2374521
3215501
7669791
556981
2996537
87628131
8520713
2176217
9405927
4218377
184839753
937337
1629231
6642267
4793139
6569263
1213203
379267
3170079
7726183
4089301
8875501
702813
4155239
2184779
4183007
5095011
6578273
5825081
76482823
3146501
746527
280293
8959177
7596917
3413647
7690883
1587461
2111863
6393043
2717027
2006243
167690131
6278969
2663907
4209569
3198251
4108693
3736337
3103033
9221927
9956769
4163847
7641597
1617979
4632953
8853953
392411
3109579
161548559
194264121
2599301
79339971
204743
3770179
9240343
9300379
6752633
74636941
9881039
9098249
7871439
8077637
2306469
5960583
2146617
1850601
190339
9159521
7800653
5110323
3467017
6729557
4197593
1179573
9270521
361657
6804621
90582321
9792787
383033
1793581
248627
1575173
2810073
4252647
3007291
9747471
7526949
4200749
2334531
786917
7628753
2607731
9922499
6505101
2842863
2522849
8002737
5821291
1283399
3791413
150854051
2492573
9538517
8765047
6260157
4540189
2794781
618099
3984671
6184127
175572129
415051
9522721
217959
4826713
131418307
6164397
3037179
3667813
7402771
4173131
7884987
9032629
5318981
1181841
1726569
7359377
1160937
2693569
4873661
5535959
8657577
2233473
7336037
7597269
5288539
2869989
2459751
623193
3888977
4686661
3102341
4781613
8840301
4875273
8981083
4673
3914323
7385833
3696769
3966199
4506469
3877083
7328121
2504453
172184639
6846047
2297341
7071767
1450801
7235789
5846737
2603733
2834639
4469121
50725003
1559863
3326529
6547697
3055841
5084519
9391829
11211787
7184221
6693331
7377197
6070473
5922413
3623933
1613413
5460963
2441443
7145213
551883
5932951
9019247
3157043
2922131
3398119
192748877
3468351
6810131
5173643
1375827
8104689
1974579
8480629
80485137
6568013
2362819
3385143
4627901
7523217
6243723
7981567
2059611
1047207
9800393
5986361
7973723
15268041
1564493
6011227
5042667
937663
5865927
845071
3997331
8165521
2595927
7411673
1148187
1377617
6430259
2800417
1316497
2418983
8487387
3933567
7664791
6767409
164431733
8950783
3152947
6519827
2274873
866327
1217761
7954867
5275113
8675769
8918893
650789
146553019
8883613
6360609
880707
3538683
9303293
4334911
6373137
1548363
5977257
55078029
6145991
9037257
4569957
8817237
1374217
9992211
1913767
5894861
6558209
4212369
913597
3889267
7766001
9274173
5699769
9099499
2097597
530459
4875419
2157551
1764677
3815927
35669
2930867
3148797
3592663
1201541
3013079
6223799
4656237
8234889
6339219
2831961
9519369
824789
3264319
646271
7709079
221213
843533
3650771
9795093
1582463
36873
7915919
1574193
4748621
9446191
6962139
2570687
5033907
133910419
2991639
2277869
3151479
133413
4351933
4653677
688469
5254457
3172127
1243693
3456749
3555601
8224197
5848771
9538191
114804121
5483559
8130573
5940937
7600169
8325993
9585747
3991759
421353
2881997
8187457
7668591
1398973
7585323
1336609
8451391
8254487
9898029
9085329
8731249
6449243
3057781
7690247
144919
7589939
3952841
242287
623999
8774283
4103473
9608509
7769143
7996241
8917231
8290123
6664923
4721957
149919
8056313
537213
3588433
7614083
5541719
8035571
2324757
3690809
4440447
6874093
9271777
5008047
4234251
2171493
8361093
9687651
7764801
9384627
7689021
4007793
95267109
563023
2819929
3365469
4914601
3282637
6940879
130413
2414867
2927937
4290693
7582787
3935293
4147023
1686791
5554773
1901233
461837
2379667
7906203
8321757
6023869
8108617
832631
3183403
1345801
9908217
2641027
153736493
5225067
6077863
6580187
7736537
7552489
8204537
8532397
9138877
5420477
88740859
911141
8744119
8708861
1393459
4639003
8416749
6187977
1610421
5927159
7507011
592843
8922003
6370419
7725311
2355371
5371931
5912093
6214723
8169937
263681
8130601
6307919
7157629
7018531
6138451
6674961
2072867
9990189
3417557
8002899
6935701
1482173
8020863
2619269
2734401
9379749
2786069
9983393
6985829
6301657
4605243
6271203
7551803
8765103
8847899
5441677
6469567
9875737
7191193
1131927
6706297
8788333
8883609
1884119
4148893
9248753
5898667
7719787
7033467
9200547
8248301
9067381
4137449
834811
4276867
6308481
5323299
4395567
9452877
643597
4334099
9611217
2184833
9506441
309667
9074127
3773129
15159551
9709637
4485693
7485297
5315559
7980091
1031451
6613653
5957413
4527143
1055843
5023263
1509461
154629189
6479549
108993113
2684091
4043487
3634211
67612669
8987457
329141
9768239
9606657
5328161
4478777
6980803
3466371
7878643
2663593
