47555763
8231723
51050343
3813331
7409361
4519453
1022571
6917989
7820823
2049641
204219
764857
4132419
5896583
9407791
5495951
4047293
4245427
5519883
5623389
5342849
3917211
1405521
2880267
981807
1153951
3935251
1864213
1440331
756639
5565931
2725733
2754481
3984543
7782333
3740861
494581
1407951
3807533
2759283
1770887
6825619
9497749
9838309
2936497
4496111
2041459
6159789
9577643
9641303
6325181
8960269
771909
59611943
5122711
31679669
727117
4839281
4891349
7921273
3585023
7036617
106918123
1299669
98893
358797
166530089
1634237
8429311
8272557
1359467
3463507
3185787
2494477
4744197
4213871
2366177
6217987
87053
425707
7518239
176696833
8625381
1950069
460581
8426359
74184137
3950601
9446259
424219
9459183
39659
9669273
5408519
1698957
3310387
4972747
9882671
903733
6935361
3731273
820341
8437441
9522537
9877179
7759877
1322009
2398643
6863483
20960753
9538607
8804969
2337189
2473191
3991143
2853071
2468593
7040781
77056337
168508327
1736487
6627181
3193789
2005037
1350487
6062181
5798537
6944691
4315351
1723009
3344671
7800739
77231273
6456343
4246607
73159059
3532919
5310447
4872043
8579419
7190881
3405373
9181053
6366003
5247943
3626217
6347553
2268631
4243119
9539081
5447971
6637971
185691
8421321
848039
3348663
887171
3003967
1691829
8370459
8431657
3656469
5511919
8200003
129781389
7364539
1612707
7528579
3337879
3921271
42334849
7564539
6956973
141926741
3956707
8294667
2965219
1158771
2047297
1211303
9458379
945613
348857
2613491
1162831
1942429
3858677
6532881
4262273
1472051
1814037
3485239
5265357
1436723
8307951
4529393
7162013
7196903
1411699
8336267
4044783
7383809
5989203
4928299
8580251
8656643
661053
6509529
2779559
6236407
911151
2109007
1842407
7773743
879671
3791931
7342907
8788929
6026217
146806807
5533649
234431
5085907
98260629
631861
6523293
705237
6935633
7607657
9917179
8157487
4622363
1263527
6279999
3470867
380177
6458551
883553
2910171
1456683
3012369
624041
9983671
9004457
4664709
4733301
915023
5458811
3908259
9564301
6925587
95391
9439181
2304637
8392393
4228413
3633171
7315499
3411167
9227459
3815423
238803
7805587
4651811
7364159
4909951
1098509
7381719
6389591
94658809
6177129
5937881
3511347
408727
4305899
6790321
160414357
175210493
6742227
6335001
494971
9767339
7698657
2536333
5566109
5866541
5043331
9161913
4214281
1943481
2773669
7754561
4456507
5442909
8589223
7941437
6096283
49319717
6080113
3000041
5034047
5585719
9557221
9037121
3964493
17838793
121663129
4046573
9225141
7642567
1277659
7644953
6200453
9171171
9916509
9598387
1453487
7513739
5309017
5901509
2926859
950959
4700877
49226349
4123503
9685987
25896563
7404411
35260829
3947021
7874979
6586339
7859449
223021
1407137
8694771
5740321
4696171
6812997
4687531
8794473
5618191
8899559
6195357
3141237
2951703
6047123
66653923
9736913
3063127
1150241
255329
8414537
5507953
4575469
2728761
6047683
8475727
4649317
629973
9809611
9611661
1435823
4059341
7266631
2243429
4538013
5622463
8460983
4768163
4475103
935659
4760413
3627713
2084607
4628013
6637193
4811269
7702451
770379
9714307
7922967
8008327
4161043
8739641
4597199
5738739
2960081
9135179
4348939
3756161
2449859
138653357
9074963
2139779
8230501
153113473
457861
5266807
8385761
291277
8961163
915837
892243
7159023
2871469
438467
6820637
1102083
4467231
1831083
6775581
5987329
6766637
4902867
3625273
1075289
2300787
5149619
4150763
7798157
9244479
2861007
841943
9801679
3899837
2675253
8514219
2545199
3902701
672629
5149869
7251307
9801819
259861
2933231
285591
5176347
535371
9166143
9214773
3065543
9875041
7827657
4384333
26127
585699
3131117
1874353
8909457
7962657
7616729
8286317
2012383
1429303
5235119
7552057
3571539
5249551
402743
5920941
3178921
4809461
6627627
3273429
8297663
899509
3405109
7574153
3486129
1187759
643893
4575381
5371707
9527321
5039287
2513169
6648091
6914453
8877651
6739513
8344911
8809593
4761467
4215439
1575251
6869831
8040883
8168679
2234627
2011041
6484573
7223213
5094117
2552601
4046819
4196411
6593289
60987663
6728201
7853153
8494539
5049231
97507487
1113921
4574719
2719911
508121
3612093
1049679
2987921
1273027
7930493
503773
1177419
2267451
2606711
9655939
75361703
3227111
4790857
8456387
4984777
8688379
8355151
4240331
2430751
7689831
8189049
323021
2128721
98546523
943723
1241387
3497241
4985299
4113491
4720131
9050613
8956753
2417139
8075817
7763407
3429581
155167
4696003
941963
9998297
7367571
6970511
9501557
3941807
3956329
1612091
101093
9240167
1706457
6865577
8361167
1677483
1940039
6971999
2886847
3862961
9821499
7072213
7675897
2628223
1688459
2667341
6764581
3693983
4223607
927379
6129799
2082827
7193457
750749
3281713
9855489
8983991
2322249
2079923
2989163
6056949
2056941
5043239
4879459
5285701
5203489
6908971
9675539
3431261
302907
6292191
1693381
9125109
2896909
7778877
5188831
4326639
2954847
3575581
60001683
942453
147722787
1720569
8511873
1257187
5987623
1651991
7632103
8318913
5605761
3049461
9378867
837867
8988837
5485681
7957621
16781371
1126849
1042371
4070887
9020457
571007
1495011
4215119
471921
3622641
5431921
8264343
6809153
5080637
162137599
8138427
69810183
5221267
9836309
4073847
6526101
2131337
6776127
4105479
759239
2869743
3247973
4393837
3357923
378371
3391577
7690963
3853013
2665037
297339
120301
3174711
1071181
3318683
2817371
9862309
6780141
2395987
5096881
394173
711349
2997771
2151979
3418333
5403373
247117
2547943
2290041
9374109
2908443
4028413
1807201
4881067
1709177
581743
1520683
8619377
1350949
4251709
5175073
9639307
3765311
3506177
4008681
4030043
3809053
4828519
2942197
8976613
3842867
754939
9649399
8318033
5899111
9684433
3834283
6097547
8115147
4563977
3072647
9230071
9039739
8216171
9942213
4938257
1290313
1943039
4382783
4774433
5097329
5440639
9875731
9643679
2780663
3178831
3361781
9233133
3209099
5438739
9364261
593661
761789
5438703
444611
70311101
114751
2702707
6200531
4802967
170862571
9267377
8178411
7350259
7150991
528449
9562849
9912271
5947721
5828069
4018241
2045881
552389
174454179
2663949
1706299
9465167
1147703
5619307
7207449
3741661
711631
5091703
7449983
5999011
8147119
4106071
1938919
4308871
7694513
69758713
149507381
2288253
4964393
1530779
7730031
8570883
1676433
3528849
126958009
3949447
4755079
4405779
2157321
578157
9319313
6330997
6992931
7910923
7722231
3868457
9766647
766349
6116801
8666387
8087779
568461
2227977
630223
47038587
5142781
2107573
6332127
7000749
31163473
2272393
4015467
5283717
6657011
137606683
3090393
1218621
7637649
4202893
7167259
9628533
2499857
1191089
6896997
2227069
3552011
198754299
7895847
93728143
184967009
703451
630491
8490609
152398343
5245459
625137
