7656877
862939
1102603
9703493
9574219
8139359
4721241
8652603
6307783
6215069
819321
1609249
9970179
2104319
5260221
7050469
6220503
3764343
7250139
917877
53261847
5731233
6470211
5570113
2856873
6026047
6828799
3733119
2809087
6557063
162624743
189917
4371183
6482247
422269
15882589
2253611
2201411
2859081
168042853
7774887
139736347
4675069
844971
735941
27048253
3785067
1967259
2406387
2661039
7413953
8798379
5049331
3394931
3720631
1226247
6890799
8138991
2975051
6044573
1853249
2156149
2382433
9544761
8377997
6687483
4594113
4199317
2559543
9038651
7955853
8823001
9481461
3364231
1978417
5145077
9140423
8854593
9492203
708793
8564807
2076623
6415779
1861121
8201919
473807
69017
8039391
874781
8480129
507111
9479727
843161
8654863
3556547
5030947
3238537
6693547
7766453
6554903
1442779
3263327
1052989
9584669
132643379
7416183
4142961
3034391
8297889
2098051
148422649
3689427
1191393
9934801
814099
1472949
7573669
7321883
8167889
7949869
3022727
7926239
9640979
7596361
7112671
7873971
2944573
920859
167512127
1683913
6339101
4393463
1690507
2868293
7162189
2323807
9832381
7619649
5529243
8854981
6137839
4476033
4431391
358229
5297643
4720171
3779659
8898269
2068711
7894803
8616829
6585207
1050301
4510379
2760889
5889977
3135721
935911
4054393
4083497
8655647
1276163
5600871
8277109
1538369
7004517
6256181
9356191
6639911
4918873
9346699
8972911
1039197
2452997
116046901
2671293
1245343
3542047
4028657
3138179
6234481
5549357
5553449
8121127
8759821
171182023
3873679
4991371
106325037
3635001
9390441
9208591
4927571
6260579
1888457
2239687
1084353
4673509
3177911
5007633
5376571
334277
8506027
9022231
2729351
821931
5720799
1000711
9649507
49652747
3332629
2588901
6943033
4697643
2627531
2584877
9609619
2072891
135377
4215037
7133197
2106513
7702281
8806711
8411853
3523883
9676629
191567211
6597331
9783253
7932011
7539337
1368463
7945963
8204097
8567983
1275261
7441673
9341601
1081011
6754459
7840949
7729123
4289699
5120969
1730319
143451
5824617
1897779
4567627
2439623
2411789
4467579
7513573
4317269
8571283
1514633
1858417
7255043
3431547
1123657
6895919
8655583
675979
6128867
5738041
5792533
566117
3630509
7584051
6452441
3746581
1624013
4710783
5988433
2699649
332181
58515681
5855337
323829
940437
6414787
1704667
8741059
1191597
449641
3938027
967847
494747
3471267
1340009
3742997
2216491
7399557
340779
5069887
8999931
7764399
1940963
2659741
5050539
271657
3880757
80411857
9040529
5554643
5341533
6651557
821347
8719839
6232753
3782647
1489713
2002873
377783
375693
2604727
4023901
1927707
6060253
9179909
626609
8824273
7921159
8930501
4590509
5693363
5837269
6060617
1488029
330487
4037033
6567593
7605267
9447057
2912409
3463731
4090053
197155671
4209773
6009789
8905323
3801937
5698683
9840713
343053
1052657
2193257
9992469
5615379
8517017
5448513
7624101
1110027
5637337
529983
2595077
13187
6295717
4820291
6404883
7886247
6960891
278587
3290293
1445521
1772899
9187359
2971127
3977401
3462529
8656503
3794161
4432211
2693579
1785061
9835247
7541077
898469
2958523
5659929
4556397
27186959
8902249
9892689
301993
3923887
191578081
8551469
4727219
4508647
2987299
6507119
9372617
8418801
3867019
2316269
3708837
90993801
5968369
2701399
9066703
9306201
7564447
2127643
969679
3148679
8470973
8087071
292263
2762323
53981497
2318807
8686689
7610109
6032431
6517633
8289063
7207789
2705769
8500083
5336499
6606071
8811103
2298847
1708043
6184479
193123703
4186749
6804023
1543703
7461163
6397079
2406747
3981041
8845197
5704031
159463177
3653303
3383699
6699577
5245527
3543009
6803729
9028759
6672943
3175283
3276943
1740133
2558849
6555981
1826971
134925593
9947063
137211749
9553441
418041
3965379
3105393
5404567
2993341
7759043
4618909
6748357
5749693
2739621
205721
1591233
8475047
8290749
25583
8352547
5954177
9646663
8286221
2492067
7790437
833341
7394043
9257873
1081807
9735289
9662333
9294021
7720937
626983
4311087
2934239
45911477
3871823
8325139
7487743
850167
8366383
3881077
2358547
7606997
4314549
6519681
732873
6307913
5814837
7879723
9279501
5709797
2316441
9978689
840131
3979397
9414891
9566177
151633
724861
4188919
7864107
1745349
6245873
3545589
1138573
9985303
7668393
2799613
4681147
6462471
3925743
7248713
9826189
7592607
2314371
6438267
2545781
495089
7158337
4709073
5357741
6924589
6358241
2999457
897441
2585591
69328847
297149
983461
6806909
6336829
1727829
8563869
217369
9208319
120984713
1013963
8383411
7391757
7969769
9248437
3572639
77119511
9749741
5178003
3390719
3407069
4410171
9711117
6059549
7866383
609947
8599113
8323117
6932223
6815847
7255679
6050811
7306097
1539451
9367003
7805813
4457823
9524089
1205587
9588249
6497081
3670909
8578221
6058449
4299299
5419459
1460799
5139537
563057
5222023
4158361
9021197
4310391
7218223
6228863
6494561
4208999
688549
1928877
3442913
3560269
7376997
9461373
6160847
5357537
6915607
1451783
3248777
8490419
5846117
7652149
7631393
6143389
835363
6905331
7693411
529989
2914913
7784647
4584337
8673717
4231913
144726189
7598359
8972171
7653727
7167363
5139297
7340669
88795921
4690743
6997959
2901641
2109547
2132373
1790951
5737577
3451913
733321
4942227
1479337
8931233
7478299
4551809
7148847
1407567
4029737
7322579
6402799
6724399
2919641
1717731
907823
2131977
7340947
9693177
3891883
6327101
4675947
5080007
8148307
63266973
77986321
5050179
198291
98254503
7611321
4012033
2297081
709997
5441787
2790383
1569383
8054729
7906141
153374203
416863
376211
7845639
6048327
3091449
5428643
6925051
7867907
3167371
4985349
6125271
2421671
1760641
8282477
8598823
128388227
9781593
6619433
1742617
828729
9584853
3543589
7685107
9987313
8470187
1607451
6442097
6825469
1967023
1376807
5042721
4660297
631139
853647
4793881
4572321
5707479
2102703
1021117
51323
2103873
7486489
2974171
3009097
7220187
5666083
9141159
1326149
8568183
2507211
7523883
8043263
3845161
9768833
91012169
8514721
34139
3148157
3380507
8708377
4046551
4865679
6737811
6924007
4878249
9324853
154871323
2218037
6463571
9284691
73807867
6516599
2670293
6985071
8346749
2960549
4972179
7992323
4573259
1323293
967827
305339
3340789
8274537
2816681
8354403
3303467
3116447
6197791
9486887
7252769
9595891
9458747
9740861
5707643
1364017
2044583
5957149
5084171
2405893
1122891
466939
7340761
2706347
9334151
1110133
2984073
5780909
4630747
19776317
1756633
4988371
1757963
4942171
9571499
6908589
64606367
3115437
2326441
533281
4678677
6432227
2098647
6502807
8004597
1069019
5123273
7705609
6149499
7134731
8141731
4423391
2273977
1909923
2176193
8043981
