73166823
4184073
6523997
3198353
3674487
5248801
3025001
6507157
9752321
7491117
1487779
7391097
7253653
8009803
643021
5698499
6979753
4362899
1819841
3766777
9284163
5156867
3000441
5353913
2861769
5614931
1660221
3639081
6512909
9458587
8757417
5545697
5485553
1821741
6906661
1381719
6446479
9908573
5050977
7724959
6069281
74681
1653143
1237767
2663397
2603711
5554017
3378581
6361883
175919
563621
7853681
844921
1902339
5718749
3108969
255111
7286963
7027519
1589037
5245603
6007327
5132699
7522117
7211243
2809923
2661343
5780811
1461221
8298017
3935223
8931241
3614557
5995813
9046833
9630833
9698673
2559513
5999233
8141367
6310391
8889057
5842853
6664199
9228703
4783249
7072301
4020911
8417537
2709209
4401553
760231
1468129
486697
6318809
1098287
4273893
4553619
1430979
1853567
634417
21271
819637
7643957
958559
21707
7272077
9066839
8327377
3936433
2909007
2459283
539157
3623863
8698131
7260383
408009
1627987
4325251
5825491
489813
26716157
3491891
3760479
3443303
3350601
64944519
8691183
7350607
3232651
198783
7878439
5203373
6769999
6802317
4388431
7990597
1078739
9664207
3902397
8478689
5455779
2873851
85363619
3709361
49387747
4899543
6643493
7628921
7672511
8310633
84851
9600031
101399221
6912129
88821
3485869
1902289
2070153
2373391
9321631
9277587
4473741
2508569
4175839
6043029
1955351
4200169
4065017
5178151
7646201
203647
1798603
8629167
4075673
9827971
1437791
3286203
9673779
6598157
8418181
7858479
8818351
5593593
2589647
4930977
4351937
2331697
9301607
123696903
5400189
564897
2463171
8217209
3091557
6334503
142083321
3427811
4079717
9549741
142357
5241007
6307409
2125713
1588497
4783867
1129777
1643491
7326171
231493
3672867
3289803
2431337
6257881
1953857
6867031
19757111
1571661
649577
3722703
4647851
9271033
4194483
2116411
903851
2511337
1844079
6035789
8660119
5620303
72972297
7984937
8532157
5458993
8083951
8009663
1338153
54535903
3645569
534263
9069087
9437941
137777069
616201
8602963
5641711
7776119
5666819
5825853
1912719
6297347
2449509
6522119
6408323
1662047
7968821
9572607
309189
567083
5472203
109181333
8963867
5696739
7535659
2369017
8841817
2074479
3890609
176341737
3437609
9062413
4001569
2279349
4638439
4451813
6817321
9586241
4778801
7611891
4691603
7631193
6596571
243371
1954647
1670683
9114501
42935317
8261711
9174369
3704873
5261007
68576003
3042129
8303913
566509
3617181
7941751
9762213
5762243
7122869
3297969
6817701
4655273
7776247
6898067
4376437
4393447
3475273
5735981
4696973
2590527
5152309
1099171
9121781
6083341
1315671
9927213
8960167
5064467
7416449
1937907
6336583
9542377
848479
158739
1367957
195881581
6790859
86110841
5120471
4697781
3829339
1864723
7935397
8156849
590763
5708957
8738561
9188201
5127123
7535647
261777
1198881
8778561
3968343
2860969
2845539
9521931
998383
1240831
110964771
5175017
1254027
3559359
3500633
5607533
4045563
1979597
976711
5861153
7917951
9744971
72566381
380761
2051499
9823171
79871
6403653
8602821
3667041
1613621
3508057
6753239
4480577
6027041
833799
9728173
3298573
651873
293297
1033347
9561081
4401967
2538327
101918243
5152049
6027813
9045003
186687593
8738269
9209779
6687967
7484117
7140211
1050361
5884271
4382987
9924487
3653731
6893547
7227169
1325613
6463667
8475209
8983491
9899321
5975073
9355341
51773247
4668263
1581177
2196459
4526397
8267791
4077661
3894279
3290413
9287959
8575039
2018473
851749
4808871
5333041
6988501
4042443
9222287
7820591
9191277
1708963
7892669
5458629
4857363
3393609
8867469
5896769
3775891
2312913
4239907
8764137
6140211
3058231
1192657
3470733
1135053
9712921
6245517
835781
495509
7714171
7672467
7642303
6176399
8132597
7288659
3756701
2473631
9904171
3113781
232477
91842519
2312097
3403661
4551259
3788741
5977967
4999953
5650909
6421127
162904497
8936031
134888059
683909
834319
60334221
1427769
8417087
7631817
7941427
5538283
3208609
3107011
433781
124403
3682909
7445233
5657073
3320441
3303307
5559461
6323041
7339537
6232989
2740689
3450353
5517177
2412417
2714749
1294871
8399801
2095859
3180623
50268499
3188429
1780537
5079747
4966337
9244753
3921509
4435063
6616323
43662853
4532481
2420507
9194417
4154837
6221703
6195257
9914251
113022311
7980799
29342657
1079847
7313243
713641
6369521
3435587
3637649
5116151
5438277
226011
6354307
9475443
8010841
184035349
1292957
4863973
9655909
1920107
1195113
4976851
5176547
2762741
5591427
82444007
6877667
8442599
1189277
249041
725077
225661
2117393
3139341
4731391
399369
9622387
4718817
5217883
380173
362273
2959917
2492711
2071311
2370113
6255957
2803949
9542411
4938393
4040639
9690057
3122821
6550779
60251
4249621
4725053
3165389
3484423
2195997
150097
9419593
1267103
6639769
1063629
11918761
1993601
3538991
8294163
2992051
6268643
895209
8439577
7536923
9301173
2900649
6618891
5737331
8826809
3990147
7003599
6687953
8420909
8687893
9214831
9459733
6822299
6701999
8567867
6464799
1227487
8776599
1736421
752729
6932213
6853737
13884791
6547391
4241483
4104107
5557489
82224533
8257901
8668643
9774873
8751747
2403529
3673003
8394987
9718623
753399
154993
5956291
1848497
135721489
9146469
259987
8250281
2282997
881207
9036219
9301469
7741419
4234147
4520761
6591969
5285169
72260977
8501469
9146523
9312971
2873997
78490879
3189351
9492451
6793197
1012703
5396377
1691651
7174599
2669979
9556051
5221957
5894373
6049131
107783
7381851
643793
5357669
3670077
211957
4105303
2954517
11316209
3745379
8056701
8682229
4334657
6746819
9322503
8515921
2164337
5118051
9143671
3371581
3628871
3075623
8519489
3094649
1355149
6530443
632311
5414259
6328453
9471451
3695677
3738167
7818273
59810797
2962329
6577851
6588469
4370473
3664661
1260149
5426909
7665357
8111529
3476071
7199273
8939063
7683997
3930401
2182717
2226389
7085963
1509843
5216883
5619351
8048063
6749123
4578333
6813299
605553
6456687
3376411
5327587
7458379
1819437
2763951
2186219
8714099
3457663
8224333
5471283
5854329
9754283
6283659
801069
4369537
1374553
4461031
2337537
5999467
1931589
4878249
1153703
2702253
7168669
3066759
4515093
8651781
1990711
971149
4508177
4477159
6400337
8286209
5542933
336801
3398007
5809499
9326627
8762119
4918109
9592109
1658041
3912701
1932043
5205313
4561503
208707
9441191
1049469
6121211
9720817
9717003
9391619
2835073
1928419
8654713
987939
3138701
6727317
7538543
4956767
3065429
7355843
8460423
4810013
3333159
42978979
6613777
663451
2408853
4546977
8201241
3433651
1618831
4721117
7405181
9714417
644227
1046617
5798761
9935459
6379477
4517443
9603281
22195403
83611639
7332337
1864089
1553437
2969973
5105367
9064261
