9733091
2794853
1772693
9147921
6407061
8020431
9815019
1166409
3315591
5970913
2677023
6593597
2131801
1747639
4584361
4472853
528093
3638839
7336233
672657
2596547
4127701
8206291
52026237
740003
4776323
8118111
5085587
1125423
864181
4234229
2264653
496079
5369301
5665603
8973463
7455161
7838781
6171297
3018881
2286681
4007039
8341859
7612949
2361753
5872729
7073829
8404289
7646871
4876481
5451727
8418393
690971
258663
6512781
6892539
4917967
9952523
4726427
6391611
5420641
3065557
2389311
9069879
5287959
8226453
744537
2294923
105331
3776569
2165759
3056153
6757461
1505371
6923773
10487
8228071
7673267
8487931
9587563
65227
4685249
2508941
44237783
8595643
7871341
6670281
2535799
7666781
9445931
4308467
6524269
7281599
5091783
2093891
6384487
170612141
2341221
5583531
1575077
6411483
123753
6353059
1305251
2750751
5704101
3863469
749577
7074591
9877963
6629721
946183
3666671
7002557
839897
4740547
3067319
7504707
7736341
9125103
8818981
9121347
9911879
2397393
303911
5034769
2219517
8081853
2435043
9888473
1306073
4452577
148817
7146363
6450553
8098669
2846873
2922343
1118667
7028353
2743051
7349191
6704007
5296623
5508491
7540433
152457
6236081
4757453
6235139
8619211
498429
6905033
7741541
2591447
6015759
9014367
2939623
6791689
1905981
7556819
5280293
7669937
7920999
5716979
69721789
217433
7305337
4774529
6418917
404853
2522523
5736403
8953107
8770731
3600113
9013469
6154341
5300491
4980193
160556029
8034047
3382741
4780317
1434243
5386793
8048949
4830787
1350193
3332657
6381793
9395407
4279253
7126233
14044099
6996487
8088887
4451967
2822197
8406051
8253673
6576987
5408963
1433601
5538939
6566907
693637
4626829
6676223
5325407
1954041
146949789
4991087
9078037
9759797
4246811
8332623
512401
90217
2606059
6450899
1703509
7278413
3338071
355797
4966181
4491381
277109
7215593
8847063
1079491
6645313
5570059
917013
1479913
1004883
8016081
5518377
4188723
6851537
8087857
7325351
2750123
5722559
7954261
2102387
339529
3401657
9060659
9461241
9606699
2293761
185133637
1008093
7655057
5591987
6538587
8607179
4316939
3734769
8868439
7265011
17951871
4309573
8236623
4442133
804097
3596691
2865769
4443887
3943701
153792057
4587537
9184743
3838449
3927931
191566457
4229711
8399691
2986283
500987
3205849
3927097
6350267
4028033
5347119
599041
147145013
6660861
4550003
7748403
8717801
7420989
1599781
5637453
6697153
4895513
1755281
1652227
3993609
47720807
9366007
6882423
1101739
8267013
2228669
7511121
9894109
4090869
9034447
9413583
3071943
6087039
9076797
8302783
4393541
2666641
1233907
4742069
4951351
6378501
827447
6854611
8557797
1567399
9402369
5618273
2837141
212997
8554109
7150429
7729061
5828643
2060851
8179431
525383
8858739
7827573
8589269
6960617
1138909
4023301
9867239
2653069
3970279
3566577
6682889
938091
3070977
6205557
6818787
9049573
3844111
2151659
881657
376883
8772149
5597417
66339
2277079
506771
1851243
927919
9614571
7959239
5334933
8467863
8927233
9637559
3410891
4233237
4881207
4052213
5192687
512939
3352561
1778187
7908757
2369109
7364137
345591
1182339
3756341
7569031
2769693
1047377
122244927
1265901
738719
3466373
5005593
5548887
9369453
5483833
2863169
2714803
9993297
5116629
55017301
1258929
7080327
2159807
1915817
9787789
2195021
5457141
3438249
1126557
9210713
9950937
3515869
4280869
2727767
5638881
1364807
2246021
7068167
665397
766283
378911
121300241
8388043
5645109
2530707
5841143
3423211
1479993
1975859
77586991
8210249
370807
7620947
188368281
245087
2532711
6879723
9192951
1364961
8329361
2864403
7790761
1574937
6907759
48777
4996987
2679069
8271159
9678921
2072041
1464109
9047527
5317089
2034919
7757537
7081737
9799781
3819923
9770577
8773807
5542171
7948591
5469309
3732221
2798973
9017843
2161559
2260343
8766037
9306651
6309583
600349
4324787
8636279
620521
4144777
4087499
4791657
8678467
9757621
5160713
1370241
3492467
8338391
5456057
4165153
4232661
7109893
818477
3501573
3257511
3114583
4169319
6743901
8750767
5353059
206043
4231597
4509159
2281899
1439051
3609189
7817811
6417001
5891487
8795141
9930259
5159303
8088951
147693
5403909
7787001
8243913
6851287
3503083
4622203
4777111
126197521
5145193
3645359
1712307
1807003
8013899
8194917
6755731
4277199
7713419
795149
1151273
1000183
5167079
1606241
175038889
2766749
9830973
7211901
6210931
8970729
2514179
2960871
9408889
4873427
9925693
50219017
8052707
888821
6688523
7045911
8750539
3359649
4847629
5536521
6758143
4557791
6292193
7032247
7794311
9605079
3150297
1656991
7466169
2780021
132424327
104594833
9491811
751481
5700593
1141329
8954399
543667
3664861
9689937
5376931
7132529
5534851
5232407
94003603
3922083
6030579
307131
2132449
7579463
5906819
7010563
9101093
9961623
7418163
1528797
8426259
694971
1918217
4980627
2226363
8992709
4564409
5378357
2860273
4505643
6241151
5376931
6369127
4197027
4473147
6020909
300777
6496721
9115773
8712109
7465147
147123571
9748857
6741809
2430151
9261877
3453543
7113423
3748977
7102113
124080507
7370619
3578957
5725963
8541527
6194013
681401
6580817
2170343
3145921
187551
4648747
54146381
1435409
2726697
6986693
3319599
5749119
7662547
4718943
4396669
6929251
7681571
5267709
1008963
7437077
6188169
2404077
1357001
6605927
684999
8216941
1466877
3322393
614629
4237027
4422843
5217669
5975987
4116301
1509863
5088713
4983767
1384469
4362993
2915571
8659859
2185881
5470393
656653
4812327
920133
188161091
228811
2387737
2667479
148679057
7960327
4749317
8552411
5122917
2191141
9602327
4242283
8393839
4968999
6208203
7443291
2494729
9379469
1291727
3711287
9646119
4393887
5202899
1383847
9898483
9010427
5056991
4570157
4767039
9748121
4351053
7229397
2158639
9579001
7311549
9575063
1161843
9333973
3805043
8460211
6095823
2061183
2475697
8876397
286727
5335063
6434629
2746933
1172459
5595527
2402807
8556397
6382199
332491
9180431
7331867
1496263
1566591
58195299
3573809
1216187
4479141
5262091
5969687
6824453
7035129
4589737
6541253
2677743
9646059
1963357
9165229
2167579
5767709
5560757
9498523
2860067
8739361
71021259
8937101
6157519
5244821
3455681
6432057
7293067
2829069
1674793
3352677
5477559
1624977
7820347
4769543
6476471
145997
707259
9619873
6119183
3597767
6848061
376113
9815833
286617
8920753
1426973
7268919
5063877
9587961
919223
8295873
5792519
8317361
200379
1589323
2282559
129661
1383559
822481
2944829
7155389
2759467
3726757
868893
174633
6308591
7737419
9691659
1680837
2734357
4619537
1188177
4898209
9500271
