5246643
6953569
1669009
745767
1537799
6911151
8586251
50512561
5189711
6982799
9744237
5582927
79869963
1502767
8337501
4495629
5149869
2259223
238017
1388357
133711
691191
4861743
2526957
7260021
8888041
3543417
843899
4934407
3781301
7889157
5738187
65770971
8230801
38111
9445137
309803
8614107
5888627
117301069
8580923
4754273
63436797
7627721
7554139
884277
3651859
9756561
7613509
3231269
5874353
42338949
2040651
4848341
5928181
2974933
921027
7426979
2975439
5180141
308309
8760629
168840617
4974973
9753719
3382523
4205521
3210949
221633
74791
7317351
3537151
9511109
4431233
9745997
8653309
7445637
6596681
249383
1920261
9599979
2731307
264631
8145087
145283
6689429
2899401
1863191
1721081
316233
7513683
9975373
9372821
6729017
3990159
4413699
148613287
3799813
6024131
6393409
1265497
1791507
3326101
7478631
3116263
7647689
7106711
2807913
7359859
9993381
1192457
7842047
2226137
764623
4224009
1418039
3773813
3991771
5822941
5622851
2153773
574593
6065649
4205201
6565747
5317073
4088907
8531153
99076839
3151337
8210421
63793103
6680227
889169
2739239
2260421
3930463
128423
6966687
7884671
7329637
3175971
8323777
7357139
2882369
4252437
2331937
7759781
8447223
5015471
9397861
9329443
651147
4807881
484917
136466761
92339313
6278777
7373173
15270481
9277709
9959679
8824621
1370437
9561181
2460163
1300899
3545189
3343629
8792863
8621223
9927787
7378617
373903
5270889
3431697
419279
4721549
9590333
8659549
7409433
9536357
9692133
7458621
32146409
4416867
5610887
5439659
6676503
7195987
2939413
2889077
6923431
9924043
7468219
8999659
6149387
9215951
5010713
1712121
9987419
6950927
5799659
9484719
6626121
4023711
73457
7200071
2922677
6332147
6626481
135775689
640789
8184811
4626503
1910573
7076899
7760549
2492319
3105877
5758489
1383369
3385337
7472887
197870841
9663763
8161317
2055277
6296993
6641883
4321661
2077251
3569263
672719
4531211
38904881
6671461
7836841
6846103
6093689
3029113
5021091
1770561
4920487
1850969
6729329
3039279
3388949
8414221
9314559
6152721
2909957
4180203
8059657
1431753
4075171
3731287
1196107
9709181
9415339
8134461
9508999
9995293
8293093
6610107
484363
6026007
3711341
9397497
4385739
3582133
4044933
4116069
7149341
4734177
3463879
5889251
152233421
1340427
2393857
7859671
5926233
9786183
9623291
1500737
2763261
3346349
5315169
7338179
5883073
2166021
230913
4660973
6098419
34323051
6276389
1669067
2859149
7702663
698737
584261
7417213
8222149
344273
7291619
5687251
4760253
8677601
1201713
6785169
777741
7176731
632493
6935533
7184527
1251619
2095071
7567973
3359667
6243851
4834231
4134949
8904707
9145129
9151103
6670603
3601811
194463641
9683739
4291503
9460419
7389807
9040641
6435363
9591877
5461159
3640079
1623021
2117589
5396123
785391
5799401
1791613
7611329
3281859
9841987
125681
9968593
5098103
2928531
1316529
7051907
696997
127664879
1251063
3855919
9908267
4703919
3824289
4738209
3080029
151420977
2694651
3042619
4919549
1355369
7806037
7540397
3238817
5556843
453851
1598141
8536811
3547207
6561849
6526989
9630167
9211699
8449051
9778391
3616199
2504547
6987303
4889031
6340223
2712049
5807829
774709
5131099
2930251
9671341
53253621
8913903
8635907
6416833
769541
2241377
9023619
2306927
4939613
1044559
3322849
5877871
6996623
5922663
5360369
1913347
3293099
9243583
2735829
595297
5342539
3111117
4263217
8841391
1579973
4658619
58811
7484371
3110811
6586319
5536059
5030583
3502081
3109863
4063661
6364903
793161
3241711
9104601
1057309
6175061
7789403
7203897
461823
4311609
8319867
9270673
4865209
1383587
9899139
5421607
2275627
3544291
8038827
3482201
5230419
749823
5207661
2605211
9095127
5081883
3112967
6812583
500991
1745551
4272973
3013023
7129427
621919
1211731
7451369
2694891
6820307
3211231
1487371
7062967
9656541
691643
4289301
944629
8585481
9245823
9375199
855871
8161551
6369837
4023101
7776429
862563
6326767
5589409
9095937
5145179
2279799
3392369
1988627
7764379
9735709
85247431
3912771
3538257
4601309
8758049
5880583
299727
507039
7420053
1531671
1091509
5720781
4873883
5541929
5833177
9794773
5684563
4682311
8117671
7199599
7103667
4931491
1977251
7136991
812919
5703387
74981
5544931
9174983
3196563
509651
2152441
7536521
1330049
9498999
6566423
9752207
5330387
5141909
2045189
7046969
6811957
914533
5473663
7428527
27240963
4447019
5048329
2437459
6969571
673913
9827469
2967169
8927789
2437579
3265573
7621579
241739
116878853
1510869
3828081
397661
6425303
2336071
984459
7674653
5053551
7502333
8880157
3642733
5182771
4807533
116519481
78082063
7544373
7431479
8508253
71783707
344661
1042977
2567247
2129071
7048071
7864309
3051769
156190447
5601343
5020813
7361479
4771061
150206149
1802483
4933923
3869719
5725203
8220663
5383377
584291
3450579
8217511
8037343
8415339
9638731
5559211
4990701
9499471
8262283
8464809
1128411
4000923
900233
21341
5170083
4747039
6923467
7816453
2501281
8601253
4825181
2033283
4278031
1316339
4379557
9029153
689143
1862203
2972197
2513433
7780733
460831
8183417
6042999
428591
130414167
6324119
4713413
1378271
4761859
696117
1099033
2138319
3577107
6310153
6155783
5507381
8911991
6891809
527529
2623873
5211011
3531523
2224419
8085863
1200241
125572809
5655739
5690649
4940551
3889413
170853701
4675527
1091573
3048691
4006973
3038167
3430759
5216111
7230491
1914433
6666139
2849029
6821453
105015539
3375487
2019289
1496743
8820763
5190887
16137
423523
2210977
3688309
5765211
4850191
4602421
1428897
2201073
7017047
9780189
2483903
2913697
5833131
7994827
7988799
1964239
9225427
6708553
3573953
5676283
9848951
4197723
7690997
83610623
586969
5654853
8272757
2669757
8674247
4537053
6422757
2579127
6077973
9432779
9858089
9568439
7913553
9814461
4957997
9262367
166089449
5875979
9381091
9044663
7331921
6737063
3508039
1537737
4347889
9066867
6224891
8043059
9490831
1223641
166291483
3738733
6820229
6300503
9517823
70217081
2950727
3916921
8438197
183047
391639
2399961
5923911
3299519
37163
6646773
2159437
4282131
7482323
8238819
6890269
4075543
8658523
6452389
2114949
3851333
6127803
8614779
9334713
4380629
6635281
2084961
6705009
1090177
6900399
8948477
6869033
729623
8732067
5800281
9809171
178897
5576497
9287211
9160107
9559747
4437883
6808513
451553
8001731
5534589
4954851
4529801
796853
182956619
1718107
4214139
98544091
5225853
697989
81316957
7077921
2295323
3178711
4286891
706287
1952037
1688963
2565017
2472827
570109
9243199
2541251
7527193
4436937
3158533
706961
