4704567
3637787
9699139
6722953
93042463
9959879
8068751
4897003
8962353
257047
3707857
6662881
3501127
6580591
6757317
365767
4062069
8688367
2726917
7327523
3461013
6867867
9922279
9775919
249419
8242361
2747521
8287517
3208571
2269703
1866311
7844689
2138197
719291
46536489
7992861
9002899
1786409
1260351
6681259
4559281
8706989
9735499
3566607
6114681
8767963
5503357
4231301
1439063
117876367
3132887
2987889
9836239
7208923
4772389
8444709
7254863
4525311
7741423
7218131
9305231
9119859
6784887
5153193
1390533
9838241
1763841
3949549
7218277
2984253
7678827
5837109
900683
155937189
8367339
7779117
9372227
4456357
1016347
6629369
6065013
2342187
4302431
2592799
7188379
7458313
5274677
7984741
2236921
2750343
8507447
6001241
4766519
8676387
7273949
1759177
3357773
2262141
352157
1480847
9048587
7393349
2937377
3073889
2445921
123939627
8149243
8245651
1496671
1130933
9974549
6856357
6200201
12909
6972787
8848701
2051157
7900529
5393211
2598071
7165891
8528903
2669177
272101
133549
8012117
6871013
8583511
104167
4789209
5141249
5899251
1920367
8788737
9941659
8144213
7009209
5302239
8202863
7320159
6513121
7656081
3097253
537219
3691359
165533869
9462819
7144069
9501789
2658847
4585087
7024567
9581541
5655553
2657011
1486289
5067489
8989297
4056543
4743343
9802813
2999
8272539
9486223
1566091
3350697
4807887
187917487
60261027
9704941
3255561
2529383
5033421
7668559
5446603
4430753
3634231
4416983
3052377
647719
5665287
3837019
207913
9433031
4632867
9782293
1012329
3401607
340623
1876143
9800633
4058647
2674647
8992447
78263
8145289
8167599
841847
8640331
5030573
70640807
8832241
5110657
8436303
9478043
9770567
9336899
3516437
9508863
4664797
4034807
604489
820213
1271481
695999
1082197
8725343
4817707
1186847
640821
8527893
125875593
7230057
86313397
165447421
9760211
70645423
8227379
6171443
5581081
9811173
9871251
1456887
102601649
5421133
4253447
420203
2059693
7493957
4070913
5834119
2436699
8332649
4536069
6804729
29149
2586237
6264157
6434249
4895609
9868293
56696773
3932831
8949743
4354103
4724777
4119569
3040657
7030801
2053767
5015689
9148401
155537927
9524793
1882613
7803971
5306733
9657499
2645413
8499711
2198797
6087443
6007303
8353651
6964433
7831411
9560263
365847
5402171
4068607
6448293
4767121
346147
4892659
6949309
4778721
5044647
6549509
9897081
8206651
8372773
8424771
4337451
5746177
8051103
4191097
3765057
2508023
162293
1182283
2362991
4070723
9015911
6121307
1855323
3456607
5750067
9546409
2437947
1376589
8080299
7017797
2573997
5766347
548383
8797419
7947031
2772099
7601011
9637083
3986459
5529371
6290161
3785057
782467
7439999
1728533
2325217
767023
4180263
3724681
4607079
4539499
9788109
9561633
9530093
5218719
1193717
3510973
175578121
195177183
2721271
938703
4891277
8913789
6788091
5733219
3849293
4198137
7481147
4639361
3175847
107501
8832323
3640571
1404367
195631
985719
5899749
3493941
370523
8931581
6077921
9500401
862551
8331809
4056989
8591653
8610477
107427
7917559
2967923
9140803
531859
1440183
814307
6392023
9013699
2803067
3566981
868433
6204727
9857193
5563019
7673841
1579237
8675453
5627467
8437091
3243409
6732501
7141307
2492219
7332727
2160219
2345277
4402479
8806427
6786761
4984191
6144557
6341271
9754913
2461817
4569653
2496953
1806793
1000363
525187
7090837
3137467
8697511
6960159
6066769
738039
6302241
9055733
3853529
1482779
21068171
8985029
6367989
8209951
3961877
1813949
5545937
9633101
6518999
6906821
4579347
7699903
7875497
1746653
6128837
889933
4646639
2117861
106557
810103
5140049
6614743
4950299
1998581
1994973
2686643
9139851
5356439
9286279
129151987
4517103
85134099
2794353
9219773
5561423
4149657
2487623
6737131
8510783
5543257
170619653
7513361
5573709
8686093
7945219
754147
9371769
7535317
7228971
92509819
9613267
4940583
1369887
9657311
4312357
1629511
6767779
1705123
4510417
6193793
68761949
1348263
6442243
7836199
8660101
3274673
85221
7630049
3959767
5472793
8354963
434063
97882133
2511877
1043477
3593551
7543589
5854089
4194321
830509
2335017
1918961
3343253
2343121
8109339
8653207
2763837
8479443
2029421
6595247
3308687
5460761
5968091
4545561
339797
5659317
6444117
3209709
1757073
8645361
5941907
5308999
121389321
4834079
6478963
9120043
2407687
3079161
6484163
8896691
5674319
9370219
117887147
61790941
59300643
7953821
81693
1964277
4244279
1768249
8162931
2878953
2800437
9999291
9651751
6284951
9367649
150680753
6991071
9727037
2522097
2433633
6305667
9017827
9996531
3522391
99313071
1968247
4491977
1011163
1767007
8214187
2088101
3028917
7500317
3849197
4950191
6116759
1077541
2349107
4074519
6194567
3680707
365121
55234889
5195357
148392323
2529401
3928271
4334041
112552893
4586821
6098169
7572047
5151907
9122011
9524853
2498551
7691737
1856279
7910817
2184341
4431129
95127
5629487
1610499
28129071
1084573
5096217
9866889
8607909
8030341
2541889
6067953
7472881
5438331
1906329
9135133
163107481
2374169
9874443
5045219
6773221
4130211
9589283
1735043
9086953
7461841
4116259
1387793
635499
3098557
5794367
3716367
4510461
2167601
9912597
7523041
2637333
8917947
4987089
5007171
2453083
8264079
9630377
3068323
4848767
1243899
4200149
53527579
202671
312809
2838451
127951
7735441
3571161
5361241
8145587
8603901
8114029
7545197
5875803
2304679
46501267
3896589
1805527
2347321
335417
9347769
787777
114054829
8445969
143859373
91918207
3511349
728979
1884787
7168653
2885489
3296333
2526019
5200909
5810633
6315219
8027863
2720813
1047369
4643861
1059431
892661
5878737
5075369
7801047
8808077
4275791
5858327
5102819
1451547
6279723
5066467
9344803
8711833
8247051
9190757
379417
1081719
9552061
1938839
8588231
2366227
3550817
7259991
8774871
448593
8349311
7058337
7929509
8260033
8225049
9632011
529797
7390051
9228799
3141697
8456087
1871503
4480259
6542677
1056677
5094909
2286431
860247
1515051
5352989
4577551
8555173
1034993
8458703
3735891
5137639
2174667
4859473
3257611
1215323
2251273
2499729
8517723
4021697
4353347
7528883
8464799
4674393
5632273
142610551
9622777
8344279
558257
6781789
5738663
9178939
9127429
26803423
4529519
3446707
175947983
8781999
5501669
62326759
4175969
7889739
8050913
2186411
7814557
8693927
3583237
3584397
8908881
866477
9672281
2588109
950269
56512219
2756501
8335293
7883887
9347611
7976229
7039393
6977203
636747
2872091
1579523
4345311
860437
4853609
7951289
2037217
8090923
3801423
5734121
6193887
6841881
823383
4739643
8313163
