9763653
5421469
3642953
2489993
2904701
6305337
4569329
4800089
1721389
4066063
3682863
7682701
1949937
492521
2291951
896477
6095951
7327689
379369
1543949
8500713
6082013
3075809
7933247
5395843
3095291
780651
15037
8452989
8265951
9586959
1011149
5615137
3674463
133737089
7248331
2785899
51677539
6342421
9450591
6775643
8371289
1734743
1553007
6492183
50347957
171533949
1185321
3791821
5985137
4534911
2329871
1350609
6173853
2994937
892883
6658959
7651663
4517217
1600689
1236671
6895239
4002219
1852133
4825777
1579067
4537439
6119443
8158873
31721249
6686927
1547673
977093
8190769
5596311
249427
69710889
708979
1377099
4528339
3380209
5342183
5680629
4630183
1710503
5488887
8505999
343813
2777571
3204047
5667811
7189643
1490319
1113847
6106409
2274021
9126417
8299497
1609383
7121729
1093861
4315631
4559231
5733651
4331079
4001911
69789813
3398471
2970673
5634221
9943821
4832363
7272823
5611287
2245627
4845183
9682273
6560721
2732507
1252327
2717633
3144919
2850241
3793109
8731061
4001883
8702659
52632649
4719989
7057189
6160597
189955733
1770787
3866827
7663493
8561907
9596313
6361123
1238159
8703301
8293851
6290869
6811769
5746783
192249
3435753
2337453
3473397
134340011
4061587
3270339
9767357
9146611
2421597
407517
1855731
1840141
8926873
7595053
7272057
8640963
7201217
9199103
635571
3388221
1298729
8317367
1755261
4119183
4910531
633359
3206531
7944149
7647031
4466613
117671023
442211
169191361
20538057
6821767
4382737
3141739
41963
5388413
4098191
3986397
5721709
7637031
4143093
91448513
535399
7066903
1853039
3491953
4103443
2261721
8255807
3736499
8846419
2589343
44142371
3556533
7534307
8200941
9959523
9991887
4086663
138131
2923233
6691219
1017443
5251667
7889669
6558703
3460061
2643713
2031757
3914451
5576637
4885403
1739539
4392869
9209309
7193171
3452971
8846667
3257177
9936063
548537
7592557
555127
7037291
3015261
2805007
1551043
7136593
3878143
6815739
6565313
6264171
8155837
192787
318337
8729927
8384827
1742031
4896807
6990329
6441901
7042689
4545453
4867357
8414351
9887971
3579953
3706807
446969
74747339
6886293
2174821
3220649
6634941
2885371
186109829
149392141
9875927
9776079
379203
9223003
9846949
712453
9745603
8267453
6557111
546213
2230429
6133873
198719
9661023
6517493
171893
2607931
9645623
5753843
2107003
8688681
223007
11299527
2069989
9534937
9722251
3508267
7835861
8861457
9086651
501539
41533
55702467
6361259
4014523
6665279
3302333
3882567
1749787
6181477
4301007
8605033
4367069
4349573
7898927
2058901
4332519
7240531
154378993
7752869
3058489
9495677
1329349
4332613
114413
4462429
3312671
2854823
7239369
269311
7510867
5151599
9477107
164733
5652877
5013869
3639807
2593143
7947019
3712923
9926267
8709971
5955469
2873287
8586717
8559233
711563
7241919
9467877
2953167
95311991
6928357
166237687
6045263
8223369
2773669
7969961
9973569
7397329
376587
2304559
6756989
4750489
8384487
1916647
2363521
54589
6991257
6503333
1117037
7178343
4452827
2431949
2098671
2724947
3392121
8135713
6260907
6820187
4820587
8622389
1027057
40820951
9068553
135141457
3751173
5206349
715419
76661527
4319589
7415323
2490737
1482881
4498597
9685453
3620719
1151597
473797
9461361
6253641
9959613
7575049
1407289
343461
6870951
3141079
6507153
6312939
200603
7363553
2802567
3762033
2519029
6144463
5308837
9430953
3342877
8542409
9326503
7465229
8099711
3936649
2844089
40307249
138466359
6186951
5107851
2763401
6621901
1150111
5706389
154885949
1863779
4770889
4894579
5327559
2589627
412719
6772161
5439471
102483
5736261
9900113
4621271
9854423
6596387
2478277
6265447
46171
4102059
3880707
3635403
371043
73155003
2313653
9553271
4076427
3307327
3771917
6494861
366491
2297619
5701897
1642031
2114229
173678367
5789541
906919
8808509
1679713
1909209
7403
4261709
344053
7217647
5358057
6200283
8386059
6467547
185585629
9073539
4508857
8293337
6720037
6816917
2803273
4135441
7368213
8993061
9153093
625263
9840579
275851
197231683
6706253
3804739
4191433
6803079
2644933
4513909
9972839
9582097
4620251
4346127
6358973
2174501
9402369
807929
9714293
8811253
6580077
9801923
3304263
5389099
1325633
3554501
1881019
1167601
2107073
6352453
7583189
144516303
1042959
2611101
3531499
9600259
5884147
455221
2079117
3231757
697287
1354831
1853307
2186087
4362483
4477969
3755693
9809903
9232119
6391229
3109491
9251007
3334487
7438549
3617103
751461
1747747
1083433
3602447
9383191
5487921
7271351
4835697
1178511
779531
8335797
192373
912863
3982657
8325377
3275601
6693267
4751571
8145581
1634687
9128609
974477
9199229
8589903
2173269
3102757
9509607
3062347
8894307
1347181
2786137
2606539
3606033
2788107
4581061
5173787
3178319
7696849
5900739
2130219
9874129
2485583
4154799
5776599
990003
76623
8326151
6692979
7721789
2455503
5717743
5024137
6965739
4850503
82791217
3365033
2702869
7976731
3198821
1054431
7025389
8075661
2037717
6603791
1585569
8490627
1856581
6149503
157003
7507533
7104959
8827237
9472777
1080049
323543
3593581
3425017
9934261
3601907
9175051
4681607
7893667
5858253
6472021
74950023
9337069
7668043
5970121
7593843
4000307
5215263
7257829
6879493
139625753
11054867
9407721
7545679
2199039
1894191
5443937
594663
9940623
332309
7278449
1827511
2671561
5320821
4710183
7844789
3934873
4514069
2011191
8504313
3862503
7346759
7888697
7876181
3303931
1040431
190164549
5572319
2744891
9139831
5941437
8241843
7483683
7374937
5356083
4160211
2925229
7845611
2916601
9254877
7729129
9034183
4660487
2365279
8891817
870009
9472001
7094087
8702673
2005963
4350467
309541
4309303
4079231
3835249
7622399
6274577
1658399
956799
5023937
490323
6701599
8215767
1561219
4744637
8236633
9724761
6486587
9906859
159193417
2452879
7528069
152371257
5724033
2866993
207901
3128761
8381609
5012249
5495529
9470313
3014721
6844713
5340473
4327569
4284557
8507363
8262447
9908277
7743957
809669
7895301
1547623
5223587
2797573
818209
930571
3463591
9528393
8239039
109513
48712263
9559921
176869
7292729
9527157
1089981
9192937
2163279
2309561
7271203
376767
9248057
7150747
2506619
8766129
1120971
8687167
132108679
5892059
313193
6942069
1679771
6666397
5411033
8774061
4956647
900511
6319719
5462297
8239921
3559337
3125901
7706053
5468673
80604039
3394021
8327313
5104671
5952729
9728141
2081917
61988443
3252471
331451
3814441
2177581
782177
9059239
6519673
5282137
599999
4162517
9219851
7361021
1529369
8253079
4999413
2068063
3116357
6557573
9724549
5819043
3672831
2927541
5698331
