4132091
924389
3587239
1831333
9540051
7070693
4352797
9893989
3144987
8394151
9713539
373907
7877393
9514169
8573901
8670207
7525457
3346479
7345153
5348829
1100279
102960843
9650829
552753
9424323
7117633
3295071
2703537
47181
2100249
8211439
3372887
4983629
2100683
4050959
9057803
1522207
9226539
6455973
552521
9112181
503487
159746999
1404387
4179071
2520351
2405699
1485501
1831923
1945139
8792483
3811923
7840239
3629149
9878727
6484521
5376617
3075993
462187
353651
1360033
4466721
1184373
7821011
980481
1443403
3112033
3970523
1889303
8397987
1871687
7656457
4912599
5806623
887353
2220899
5870843
6830661
5756367
7405061
5635071
220823
6717481
114852007
2878937
3400793
9453831
2548389
6622063
2336467
8784383
101526859
9849599
5406379
9267077
1150939
2123039
3915259
1886279
134241371
2883657
2120513
2872401
9624233
9616417
3855579
6693209
6944131
6013519
3845213
5495807
88373649
8260101
74392819
8421829
5052457
6466661
7587551
5835957
88813
5066859
7595137
5945209
3063599
2316649
9046773
4298213
2523577
46652383
6221369
8529139
2997791
1633493
8117323
48757453
2999187
3230017
1198673
5535431
8442441
5414901
3405703
1979249
3197851
1888489
2574117
7349497
8384333
3493353
2811059
6310663
8505811
1109183
2140539
8075831
1603329
1257289
4277139
7247549
1904727
9732917
3798799
8229177
1836897
7146473
3974937
8325663
5867141
3807781
9099973
7392061
6516033
3712649
1931081
8763781
2023457
8576821
8269299
9157851
2717661
8889109
112153211
2116013
4130449
7731741
4672617
1732327
8487057
167552637
6317521
509709
4093959
2867979
2463829
3523589
7710519
4082657
6993587
9654197
5630957
5308807
4604981
7458707
7838381
673887
7190639
237869
6074653
186678281
8295791
1262393
8166151
2989471
9204911
92339581
4481549
9136547
3667591
1545553
6501683
9332253
92231779
4824163
8896617
3085143
3493893
9521521
5903713
5391993
4609171
5044977
3366391
3341131
6456613
702411
2914623
2664131
3806841
7228979
2264337
6369901
3034473
2770053
9459959
6567547
291717
1869193
8512857
6971843
4212807
8980443
4349467
1439703
3474431
7608457
365191
9006957
3013213
6307047
4518701
469213
7705007
532807
8415009
7021459
71427661
133221097
5581339
1791331
4093413
7920319
7110069
2566817
4544547
6761429
8923427
6933709
7013409
4789661
4593887
1608819
9093281
4218831
4667237
400239
103113
4929243
3159579
6521207
1514473
2071009
100849271
345793
5878303
3991657
5489331
1581021
2921781
9481931
9197469
2589241
6513263
1342709
1844731
276281
7870997
2274659
8388187
9252889
5002513
58129
4916349
5141727
28087731
53218801
4775503
2980811
5339053
9943993
8933609
3776887
8006893
930751
452549
4418043
134421
5663453
2037497
3954803
4519489
8406201
80867
7255719
9241119
64337
8986471
8371293
7324297
9143699
1022691
7004939
3041137
648819
1729469
9600197
6728941
3585489
4940163
2619821
6807383
147877
1763987
8239599
2130811
9207641
2148571
5931321
87456209
21940687
9221607
4448459
2029777
3760243
9144801
1411079
2575503
6367609
1694621
7518999
113381139
1135209
5966649
5344267
4061103
95619
9060023
1455873
3235791
5952411
6888699
9719787
3199457
9220349
4654631
7516863
328989
948351
697097
5673239
8198261
1810999
3458131
7231841
2543433
885639
1877099
8186327
1148201
7173477
587693
9069371
2532103
7156837
61194739
9477147
9078831
7833391
259521
663633
2880197
8598469
9671041
5247049
2134321
9886883
9197369
8313659
8323357
41413
6887187
6241319
3179837
6285709
7042609
333201
5921651
1508431
2065917
1090783
9869087
7395839
1722767
4715729
8990471
8572307
6386499
1280511
9181383
1778281
9103271
4612809
7243213
3649523
8888247
227103
7846831
3789853
2394763
4012697
5384859
31199
4771559
3319729
5629633
7347441
1229641
8434371
2872733
6702831
7179919
5243937
2824079
1327001
4246899
7689787
9270897
7818497
7030907
6437047
4418617
8970741
6226381
4475173
6025411
86487013
7432939
1166141
8450097
3354123
2706693
4026219
154396517
8486877
4762507
4720443
5427627
9411991
5003507
86940447
7655093
7889271
3454499
7470631
3867637
856947
88810919
6023163
83713537
6024119
2880703
5770047
3691311
5925983
5401823
1628137
5736209
6607813
6476253
1068707
143880659
6090111
9622623
8501419
8494123
8574803
5239409
177183
4289791
1388957
1016227
5572821
8535911
3155123
48394953
2385961
4425929
7934299
11422741
8014583
114833
6003153
126495379
5515953
8278803
2965511
1483613
6195149
3621741
57238271
3080461
1682867
117107
8051297
1170941
3770409
8030943
4653741
1806031
829743
5287353
1563203
4808163
31311
8060199
9617931
49373
1508819
3925007
4953421
7434147
4331429
188241
984121
916497
8434399
175620513
5770799
65326251
878969
8894559
8210547
1214943
1480289
118771
5169507
1555841
7698359
8069521
9096287
8951279
5693321
9908163
9966573
8942467
5761351
9093469
8171961
2403823
4718943
1893111
5772567
6872507
4715899
4054569
4385121
3244089
8812997
8316407
4079327
6817663
2645171
9309041
2349723
367333
4972623
2846609
4297693
6796281
7159581
1229881
6508051
2570163
6945533
3914631
8972991
3190743
1281039
9447767
9711747
742113
1810201
4092137
4022863
9324849
2365939
9519249
2844659
6299429
4664731
4164533
4014607
8498947
6151287
9987381
8342831
7315501
9875753
3339463
3488249
8935541
9759889
9879143
8849017
7594889
1962987
6137997
9086829
4679697
5904489
774221
5037371
124689317
7529221
138615689
7226301
1259583
8881621
5458379
9167349
6519151
8714389
4092893
8570733
9626961
8296539
9359939
3227941
7983341
6561967
2701867
1686833
3722007
5481787
4213353
528613
7497367
9749821
3641351
5084533
4316469
1760831
4937343
48408541
3618557
682021
5700447
1435891
6382429
648951
7686541
1257979
4852843
8799547
635907
9956437
1190677
9065489
3450579
6193231
6651487
3966433
641117
9257489
5248111
9605523
1362399
2371181
9327203
2309097
7734069
4654699
3363049
6497009
6247993
8186297
8290927
4296471
796853
9108539
3796419
4403217
62455227
3032361
5167481
1467709
1402687
70267
3804809
4742439
6589173
6429039
2050483
9613629
5842319
9049967
1489157
4682347
5987211
2721629
3114261
7135713
4034947
2974151
4278351
120196377
9685043
4491261
1991409
3471439
8199273
8579727
9584681
6637797
8920617
926749
9099109
6386297
7677437
2085517
7680779
6564901
1605439
7353579
6312063
541069
361239
1690607
5841929
1117653
2648671
7212123
7972139
9315451
2817133
8163721
6534473
3974677
6645429
8667667
4878427
4727489
3218427
1550517
4516921
4234387
1180551
2547171
9196899
5018327
3109947
4194111
2325799
4860097
9467309
477537
894629
5059501
81429
6222711
155926747
