4809163
6664531
6452653
6589631
4042181
7353233
9362187
613019
6634081
9700187
3326983
8027009
4440043
1541031
783229
6685987
7608821
1176713
2546857
9891961
3114553
3412223
7442089
110295019
8237407
2429477
2887971
6094283
7906141
6932919
6555239
2129501
2262519
90574159
6600259
7771021
995377
7193991
8156329
6482263
9132779
4730481
4734549
4028627
2702459
3237647
9771311
8111527
7901511
8084259
3288477
1011929
3799091
2978711
2260169
4127473
8396457
9795963
4593889
6441433
8591861
889259
8162377
1124779
6458587
7131989
1218579
271807
8009469
1555127
2356059
8754177
36294449
2976507
6165671
9690059
2709147
8653467
1734507
291391
6973197
7019241
5235453
1721529
8180369
755067
9976899
8789261
115085733
8479219
8252803
1863863
807353
6158893
7117759
1916353
1202769
3222737
677261
7003037
9578239
3389019
4544789
5611299
9574497
6543833
8810543
6618329
5216197
7539659
4428771
9191177
1506359
5309157
6414287
5209
6806591
3303391
7827241
9589971
5673643
6906497
7656123
1047969
6844559
2301179
7604741
193259
5485053
9698421
6503229
3532367
9954193
3631073
281993
5735379
5524511
5543823
8123357
944117
3937177
8154401
834351
413727
5305381
3257891
1544479
1831297
5902641
6881939
8602231
5332849
1772397
9744001
2212503
194248793
8955411
7330481
6954293
5739929
2884447
8905997
7763047
48553
7040123
5923207
1006487
5301713
5696187
8682309
5732217
8929439
7820509
7015877
7858601
153859387
37256627
6044737
163707569
5591187
6698623
1105163
7920351
3185391
9141239
9917353
5368599
9345073
22308259
9619567
7508887
4820669
6343227
4999239
6455411
7795869
9563283
4706087
8819099
9414293
1732529
5692471
6869213
1557037
5330717
3786591
2250293
9476289
2633577
1936347
660773
4857091
3555279
7799019
4350399
8672123
3493383
7476049
3609211
9824477
4727861
9392939
9735357
9796807
7763253
9427231
5984159
2738309
5165871
9120309
2306111
9874261
850031
4848529
1059433
1606171
7632443
7554517
5444633
8228391
8377159
4258959
186742787
4739213
7676073
1057791
2159963
5008457
5859299
46132641
9922399
8140123
4373989
8826971
4692157
7971403
1983809
5846649
2116673
2938057
8260101
70723989
9505077
1827329
1407367
5120683
7917139
8661399
6206647
5688147
9158333
125335189
1637
2916139
7066999
6071271
3742961
3951729
8637839
757521
8582861
7236559
6705977
2332841
71037893
1640177
6895501
4052489
231211
888621
6805401
3521477
6831441
7620737
5242017
6440917
8552303
8069703
7237601
6677689
7985881
7055031
2266611
1757593
8452027
4611439
6803377
8701239
7322713
5506651
6594507
2682659
2849707
5931037
2833703
4328839
9453889
7915191
9505843
3772531
39719
4000549
9079639
5093893
3290661
8232371
3544809
5570921
4115141
9517203
4614099
9399543
8990583
3864533
8539959
3647771
9067393
7826943
9202541
4499987
2441049
1037599
113579
2372661
2806051
4908171
282893
6760657
8334289
112611
8974753
349637
7821227
3388427
8131951
2808791
9465129
117567
1196949
2861361
3043551
3528677
2498623
5878883
7112933
105210703
4130551
141327703
8517517
114218913
8216207
1456091
2789899
3505199
7204199
5232013
3309601
943371
4249583
4060811
6226989
6373293
526957
6529239
5896063
36213
9960987
6641979
5189273
9758249
9303659
7788257
2769899
5677779
3643819
358573
5422011
6052623
1369841
9251247
6077957
632601
7892011
494949
8641069
1456581
4840113
3323327
1406739
1920751
7881501
2159673
319009
9248641
7821571
3714187
5498427
9938021
7957589
8117037
1626523
1648319
5786973
624931
188243
371967
7023911
44120991
1175277
253439
9254459
7840193
7854863
3521697
5399877
9242101
3837897
8959219
7582899
154161433
4821053
670909
7346541
2813197
5613533
4666263
1655881
2244367
2972671
7309051
238141
3609559
1179669
3218541
5100757
3897103
2630359
7098549
7367307
7218589
1810167
8664469
6961251
7158557
2623603
1645469
9004191
6346467
9059023
3158229
2843721
8433921
9120549
3736273
1894181
34711
7296073
4059731
211887
6141139
8529059
8328239
2414229
7209483
6448729
6600263
800057
7460901
6152529
2649253
9846629
2199569
42666641
6024979
5604569
7126951
6974363
6033273
5465231
4172327
7844097
2937203
4414523
3966463
1726939
5856229
2075161
583909
2391133
3610983
4348031
5684929
1122857
6354213
5945303
3405389
4818573
5661741
2018181
8156363
811371
7409763
3147727
8996327
1138457
3949137
4201793
3844173
6518783
6854761
9386517
8294649
6880209
5049601
5961437
6742681
6505377
3217143
5016453
6585317
2691313
8570877
9296487
4412993
6234141
1702733
5770119
809591
4119117
1941179
3755603
6975611
4998459
3946953
4495383
3521629
7419707
5326977
5501053
6157691
127989
1794019
5706177
9967703
3276051
396227
5430259
8683507
5563727
9604209
8544657
29297
1874119
4755017
8204859
310619
1834289
5433579
8548033
7715053
1362239
7809789
1916363
5041977
58033121
8935793
235739
6942157
4160083
8286339
3192309
9554227
4070891
9899411
8084919
3574659
9492001
3146867
2990779
2167981
1492093
105793209
2606609
2575491
6784207
9964829
5714723
4144471
8756117
4105787
8834433
6609321
3557473
4149603
990227
8917237
5877661
3960109
4502131
9746353
2686547
5661811
5256619
2818749
8970129
7971741
644643
77356137
624483
925391
9741701
7973213
1303077
6973451
6060557
9054407
5040039
8480189
4655307
4750177
2633067
7150709
4625477
8143603
7652541
476729
7508743
5583241
6650893
7894891
5144163
7737613
182413727
4537263
1883993
7174819
9659841
706093
9409979
6251623
9158171
6342061
146162213
3911029
3570619
9218769
5182519
6419071
8792747
36930827
7495319
6573557
9166501
2002467
1382587
6400453
4782263
9982941
108717453
4027631
3123377
4965791
6406663
3244083
5212297
6258087
8735133
395249
9970471
6351581
7339171
5298037
4074331
8107209
7295129
5052261
8615073
1684483
5857097
8902307
1394507
4599199
7913341
1854053
7919821
3756753
3796037
9077463
1526787
8982611
1365659
947549
4432211
4820989
731061
1447207
9317199
9648157
3982597
7855229
5022593
644141
1967531
9024781
1745471
1800773
6720257
2834343
2428991
3783623
7393707
963923
9668793
6984587
44947393
9802963
5253563
925141
3721703
3018397
6961457
3384353
675863
4253191
1642841
5367651
6532547
726223
9337741
3862679
9286929
9385323
2028867
6178999
8746223
785737
6629247
9620417
19600817
8785979
7674063
1704377
7844657
4858443
702671
3952223
7404783
9375183
6534851
6845081
184967
8277903
4103379
717047
1817311
617747
132329883
1047867
2147193
3035193
5909697
3026893
6807021
6164949
9248841
8275899
765977
7634613
386561
7999861
3012793
2619693
