6640177
2090787
2830471
2876919
2375519
8861047
8635301
6580907
1385611
1609531
8363751
8228753
9491637
1142257
6843171
7853751
9844549
841529
4154699
8439513
2239091
3521789
1034327
5483923
415123
7353693
3197827
1355381
6405707
82611
8059329
1381903
717249
2780189
2301493
4979753
2533049
8851021
5275029
916007
4531077
10483663
4116857
3027319
1402397
7492279
4528879
8263329
7627951
6830259
7374739
5287339
5364573
1766049
2715339
2347197
2714759
9770981
9105537
7129627
7568797
7357549
5597047
8457507
4014859
2541211
1182133
9708283
4852473
1612273
3452351
5619579
3799601
6599843
5246757
2240583
5940449
853301
8521601
5707263
3870909
3291581
7939427
988049
2208453
8195137
4351939
4919727
8036489
9465171
3189061
4695677
9071877
6814687
4375339
6181747
6719371
170393899
1597003
8298131
3318771
3599837
2837953
2717259
2588493
4365979
20282137
9065673
631491
9540421
6977181
9412197
6003301
3788129
3631747
214933
6669197
5454723
4752719
4497681
110179371
4612743
1544223
1692743
8753087
856601
3527121
3812007
2062519
5965379
9685243
5803327
3290677
1398683
5832727
8521649
4997
2180879
3377297
5904591
116757123
5964883
5145361
2616081
2650111
8905671
6741251
5691217
9516279
2325243
8308793
1514779
4149871
7075237
7511469
8515753
186023
2378319
1132687
688809
7218047
6250557
9678363
2927119
9656243
3747473
8227789
9246553
8805837
4463903
3064789
1381927
4169853
3549413
3537371
9317579
2043441
65206867
8213141
5060779
5388851
3516891
5098117
7247133
3377227
6937987
2199529
5581993
2248881
3831011
4936207
3569323
9110097
1315013
1558891
704529
5326641
6148941
8077181
3481401
4497459
9917849
3346553
7815399
5939889
4679919
8188593
6914333
8081447
2257779
5329309
5729227
1313769
7867869
5896839
452163
1324487
402887
6117367
1483807
7407819
60398853
70886933
3487437
99644533
340461
2137647
2554307
9193391
3472671
213251
2802801
3485443
4784503
3406601
8183147
8739821
2825147
8368609
4984773
1066507
9262669
3844293
1956037
41271
7850451
7346701
5591847
8009183
673701
2390689
2096487
8629197
2730229
4606419
8060813
6457323
4528121
6070243
7116091
4121221
6142941
6690007
3516507
9679249
9402873
1082267
5910721
3646783
9948847
4847563
3913449
847449
9570367
947259
3276377
4626379
6761861
2364631
8601181
9845257
8636563
251139
9461111
9549717
5219509
3498139
5985933
1943709
2675033
1222197
4066723
7682963
4265703
8315961
8796187
1851379
6289787
55647
3083193
6100417
4044121
4157079
8186963
5883613
8034677
8257451
270217
9775231
3405937
943581
8005401
2933897
5722773
6018799
261871
1655657
3960243
4681571
5792339
245663
1763877
6682717
7257459
6491631
356469
2456083
4868719
5868033
9018561
5816247
2568077
5020211
3023203
6337727
7276211
7368857
66046123
9749209
2959863
87231093
8641039
5826797
140186567
5322503
6686181
121609
1781523
52721
496181
5855753
179955637
4215041
1117177
3369651
6196713
6672871
7580677
138183137
512717
8035399
7513503
9236989
5155479
2723363
592227
4834911
3460289
2288631
5025761
180938167
6087783
64728119
9282857
9205759
1593557
5698653
9218661
3669447
1690997
2655559
1421389
7854881
9829567
2146261
7527661
2462131
7789579
3012473
2636107
4527803
4670189
6827243
2136963
6952357
1008293
8940003
7287589
5043473
8422711
4517901
7288193
3730671
6826723
116366693
6120547
2012019
3550291
105413
7722971
1265333
5042363
3765117
254083
8012399
9351093
6990409
1775623
8775169
4511817
516597
9797037
9127069
4325581
9583079
7637327
4722749
3258321
9713159
5595839
7666973
4384103
7972603
3054157
8950463
877933
2920157
3691371
3147109
6544063
1889487
1770237
6001093
3442461
7215139
569241
3853919
7629651
8647073
9692157
6862919
9667169
8385363
6717847
2659929
574039
317427
4811369
5937501
2569111
5519791
4468637
6319621
6741023
8555481
1193911
7410663
1518537
3226193
5652667
1268607
3772211
8247791
3570093
1997191
5437133
8067127
7338917
8961251
2976623
2909987
9694387
5381429
303571
9899843
3365999
761783
732039
2039701
4632863
6329331
6069429
8058707
1732059
8824929
1453229
9613563
7321047
1499567
6780131
6781391
9985769
4234889
8306683
4547013
420583
8028459
4755637
2770009
8566203
3153063
9926439
7222719
110179293
1389401
9757603
6527489
5210019
9649379
5301321
6495943
418869
5710337
3594267
4031663
1723009
6601259
2802989
1602061
2498761
187151
7684299
5007617
6536969
5100407
2305319
6609669
7977797
3856541
9471481
6680549
2127211
3792847
9964227
2476489
2724869
69918073
9840179
4363167
5213291
6973457
9992953
919657
9226437
4542157
3049329
378797
116401223
8026979
4586487
6133741
8983641
1810277
9758599
4289523
3200917
2110381
734191
8112427
7921487
8386309
1273269
3001393
9609867
8078731
9804151
9058403
8858881
2061439
6113189
8628681
7266927
6163783
1098017
5681393
3563663
7979457
5361113
734043
5666723
2818691
764521
2412251
6417859
101239177
9888173
5318601
656899
4520993
158969
3225643
4358681
3925069
7720237
5262611
4914481
2109969
9371609
204121
5541509
5159799
9259129
1554647
4615541
9529359
6591421
894527
5002177
1969281
6748169
6268411
429003
1917543
5401227
7711073
4730217
153815301
4294419
4249001
4783727
2425413
5303763
7732573
9721043
2648153
6131087
3842357
3866783
6180039
9820297
7390251
7486193
5632331
2444221
2356731
1371
434169
8299331
866361
1873901
2305913
7732977
2288017
1849627
9075457
8527801
6777323
4773253
5537333
7151523
7054559
6139533
6996971
182870473
5022703
9091227
4963117
9709933
8181799
4232543
8450429
991589
3443807
5949623
5929457
6118119
1246377
1739997
5803449
9473421
130342743
7802177
2413689
441049
6128279
7107603
4298869
7667121
3376197
1237951
3457699
7704267
3181007
1973517
1304993
2476483
507557
9466103
7742529
7767463
2871893
8134241
454769
5196583
8961749
6401773
2887853
2084107
9716039
336271
1284213
4228237
8427851
2281083
8453477
1986111
8666847
5144953
3260367
8818931
4803363
5509709
3763753
3546581
598337
6485329
901617
3274207
1552327
1823023
6241317
121909
4505857
7334743
2996797
8232481
8903543
2485129
7082953
2182611
7768501
8758101
3056337
5083953
9022563
4403249
7986887
230289
6195081
3306037
1734569
9308497
8402257
9383717
1005161
5357993
1889419
8875281
4732393
8550917
3823513
74088539
8666123
9728483
3318223
1389801
873509
676161
3252001
5702741
2289869
2542651
391897
7571289
1335853
3974643
270811
4669019
112389
6293387
2504029
5696221
6550353
3078123
4934279
