8302927
9359351
1196093
849491
3057289
6848161
4795567
128497061
2823849
3507753
2088141
7515619
2727371
1434263
1558427
10364183
9689207
70155787
3698847
6048759
5395479
4011909
5073511
5236639
2713773
2408627
6170347
2784219
6697979
3984173
8689043
4588941
6369193
9571109
8838621
160929319
7833677
1394811
4587693
9081377
6680453
4053889
7777169
191090627
179217
3800313
1399201
8984231
686063
3400083
5586689
2953531
7917489
2113733
4895117
54218039
1051739
7905311
6057379
3801719
4512489
1772779
8998239
1270569
3811313
6328093
5468557
196674067
1832673
166789
1816619
5340179
4847377
8412191
4189907
8539457
3185599
8701261
1705067
2898501
7496077
1126031
6945393
8617187
3836923
4533643
2157961
8077049
2548183
8370371
5289527
7300237
8092021
3916331
2443657
3181747
11858341
8782403
4510371
3647639
5709623
5108783
8106207
8872479
3859939
4846351
6532701
8390059
852267
2583073
3428433
3818567
7309201
7123729
2050287
8584479
6068427
107581383
5220733
6550421
6532253
1217499
3094833
6207497
5057411
3708773
1552241
521733
9831971
2414437
55629
8020117
300493
7944193
9128467
8572163
4048993
7865611
3054237
9529651
9392451
7575751
8002551
1326771
6216347
6116077
8953817
2054177
646103
5351411
177681
3156399
6282787
3238061
7398517
9765631
430499
3675437
4416679
5453391
21537843
8568897
2775441
6121271
9445021
1360687
3248617
6626049
168940857
6104293
394819
5816669
6843931
7976357
9703167
7980771
519461
6498511
7143489
9449843
9065289
2607929
9070097
4115971
8860999
941757
785043
1602351
9767659
5488999
4059403
4429637
8837767
3972591
6884539
7494969
2824679
415813
4062967
8761521
5496261
523641
8915749
4632847
9233457
3415369
117680017
5206347
7922531
4423299
8256293
2941549
1800171
5444307
2593381
1860717
8495411
3210843
6670343
3390669
2352553
1318609
1346563
4019781
3869093
5537239
6877339
4045007
4641199
4501171
8865781
4344327
6698009
6816853
5597763
8863691
62275667
2728419
505931
8670393
4945569
1815629
300419
293397
4445623
8575377
1965443
7617529
1644921
447019
9086319
9427031
3001363
1129017
3966483
444377
6719071
5630007
4150007
826553
3042793
9731423
101363057
2209809
4534973
8206953
5659707
2539857
9731393
8572377
6427329
8027277
9544319
4874647
9443949
6503243
6333961
2871863
1294289
2025851
8492767
8970519
7723707
2229399
612363
7112793
3121303
6945077
3751397
7066099
8377909
1557147
5706789
1441893
8545733
6063579
7236439
1862569
5814609
9932293
458019
2052319
5134813
7047689
2960283
413449
2994953
8716611
126531197
7979277
2946033
3097971
2443403
4821791
1909613
2091281
4014751
7621071
6074603
6359141
867333
4106741
3429593
2549021
8878257
9640483
4315211
6919767
4954811
1312931
4452579
6573481
3886037
7589029
4543587
2132937
6670033
6815281
1521223
4459699
9401951
5424033
7359493
585291
5957663
2787463
8073571
2953341
4785023
466757
7033207
1491457
1031747
9675163
2113921
6932621
5019997
4559387
4575993
246077
7192003
185087
9547093
3249841
6566393
5255053
1453313
9316721
8199821
7202289
5435593
2543709
6504119
9914251
7550923
7065111
9675707
3430689
6284501
7656513
7283381
6022277
7638917
7765591
3825337
9911177
5758499
2717791
3888281
5681891
7501471
2938437
5358829
6559683
4701471
6724993
453213
155623
3558883
9956547
3579237
430087
6983427
20009181
7201199
111181
8201293
1711173
4527537
8716577
6416163
90147281
4998347
9177231
7023871
4403457
362131
2758101
3284641
12073821
5109513
707377
1801533
1570969
460461
8796081
6119899
17709427
4569771
8286749
3208091
8705947
3100817
3751657
9917603
872501
6806813
9998063
2102509
2001103
1263163
5466587
8421439
789881
1669727
3116761
49301
8705393
5946589
7389431
3416587
4450293
491763
8475213
6055153
15072307
8260579
2548121
5985179
6675547
2159943
8893571
743177
4978439
3486651
2256959
6539663
1660787
4907277
7278499
257369
3364987
6586771
2601203
4636547
4642029
8622647
8174563
2980483
6600683
4545743
6421467
1979049
136927559
5124183
9280881
4379033
575147
9532747
3859329
2594749
7808583
44186623
3694893
8751521
9006857
752831
5560417
23447153
6339003
9013533
54459
6387833
4504403
3269511
7159189
1997829
3190933
9461497
8113401
7068369
5936171
8638917
6033757
1326387
8337033
4122493
2748753
222119
5345839
5482857
6017893
8278189
9869999
3219791
1927
6965747
4929353
2580767
2759663
8221611
5122251
2576329
852223
8875791
6683461
971389
187755989
1622003
4236457
129049
4540541
6292087
8827889
446151
2754713
7889987
1433041
4694747
8085793
4484697
3033573
9936817
4467287
34909993
341581
767663
4681597
1038039
2826959
4852647
6248869
3457009
1013607
3226927
9831439
7392247
2658249
8815109
5392697
6043871
3988381
2527717
3234523
1649739
4590921
8523757
4522511
4496549
8406633
9226181
9163711
6166553
1463873
4281503
7743023
6739183
8880453
9261111
2177113
5099743
604687
255887
6086541
3722399
3149933
4641411
5931351
121291039
3927821
5041449
79573943
9763371
8610771
9223731
8429413
5722537
9708959
7238603
696317
4972963
140184687
7985043
2528011
4047579
4997671
9676893
6904479
4955009
4686929
4723593
6390979
9247171
2227389
3270319
4043373
3756541
7115653
2675803
5342247
139357
5616989
5999001
51956657
9572851
6907039
6671237
426579
9119733
8785087
357081
1620979
9404063
2258437
6114663
7436803
931713
4606551
5802107
2093519
3849363
5191869
8091573
9777711
9156301
4530189
3679157
981191
1675411
3108191
947311
2788881
4083189
1327277
2788803
3642853
208469
3781063
56708669
3736127
5465239
1231253
3161173
549817
734747
6534037
4118241
2314451
1201863
8692283
8954503
5680527
5672113
6004721
3660629
38207937
430381
1603661
1058627
1221733
7187057
4593953
6657799
6923957
1452617
3231019
7121809
323003
8071191
5159971
69013699
9421031
7292559
5484023
7211267
5412229
6811321
2880189
4127127
161358801
2848413
64055599
1353789
4048109
2407291
5759437
1105203
2805541
304429
7292383
156774527
9846033
594219
6308827
513873
3464663
9808629
1547733
2457207
9351143
1908927
3817287
9804803
1452223
2294261
6104731
2095673
3277941
7820887
8281467
585323
6450821
7138093
6320917
5762001
1761931
4567029
873811
889601
7730103
492477
1648759
4566239
5475651
7059493
7753981
1299183
3595613
6439453
190633349
2522509
5971943
7985643
2677497
3234449
899123
3701383
2560703
4290027
8038511
6647509
3004231
9558181
3946441
3663623
8124251
6591993
898207
8882009
2332959
3142747
1087129
26919
1048607
2216521
731971
6897851
9092939
9634941
4096867
4488919
4434171
9783289
8737141
