5535217
5584131
8403737
9863291
40783
172518119
64048021
4159993
2894923
7228159
1964227
5783373
778853
9517779
7100751
8125171
8745951
8919453
5953083
2004147
2661017
2706299
9577163
9474097
1910991
8297477
4549161
633917
124221559
5414817
7103461
4343479
785499
9852499
3915333
1742701
8013933
4722699
7463307
3655823
5966143
1945849
9046927
155443657
6223389
8938629
3260719
88478469
6735063
161545333
8378581
7397701
4387161
1811463
220673
7163471
2211863
522831
154061
875863
2359447
5631889
4753333
2816343
8574801
5979731
9412173
5397053
6006153
2295889
1720341
4674611
5157537
110241293
422947
2346247
8594907
9616019
3551479
4634023
3463773
6176219
9539529
6806191
4416589
7979849
7006457
132903
3502871
4673339
3923617
7198901
9772613
4723771
8888919
8414513
154620857
8609741
8426049
8309623
9726979
7428371
6830353
8994819
2435129
6757281
1021283
1929891
8749937
9581381
9019741
2046729
564359
1427449
6176173
9549937
5570629
5070027
5485259
194851
5127831
3725189
9051611
6313461
8703757
2395061
2383867
4842773
5907243
3194659
1933811
1133111
7810847
107639417
8838429
1879047
106147277
7392053
53853473
6228669
362967
2444369
8781809
4251917
1028661
8162807
6182593
2282827
7737541
8642783
9643449
132624397
2042127
5101587
5766017
4875183
8497301
9169229
2136151
4516191
7986107
7642033
1853017
5328351
6538783
8021539
9999441
5030707
9271153
8414007
15919509
1286841
4041189
6298777
1032351
5439813
7879693
8765119
4317031
3002089
7002741
1511653
9707267
2442571
7050567
545237
4388079
8117181
4198613
9444131
11509
9618669
7968439
5928569
3741809
3196419
6272489
2211057
9357019
93534221
6683461
1572597
5593537
33360029
2810851
4774737
3115713
1595009
4985193
5997571
5188129
2510687
5295633
1877933
7668759
7989897
6537163
596223
7338717
1416977
5114207
7851449
3843833
6340253
6479529
83785829
9953069
4898259
9660977
8259609
4005851
3026033
240781
3833181
490207
8413853
2484687
2601261
8863149
9993253
3797391
9940877
7518977
5659719
1760749
9621393
994667
6746023
8951709
1904093
4981667
3676893
935559
2126571
8027747
302737
3404711
4896719
9250583
5391471
4511203
8059543
9470063
7885757
4387391
5404983
1898227
9615327
8840311
7576997
9039947
6310099
958819
223873
4868481
4207259
7971469
849379
5683219
9972709
5806167
7017263
7869209
5603933
2314067
924903
9644113
2932719
5272321
5990729
8983209
1166673
4675769
6595891
6086269
4187367
6890363
1304697
8109059
2392099
6546083
6412753
9829149
9040429
3755991
6980763
1069421
723157
5577041
452087
8179001
6250901
1326611
7792579
2972989
1409091
5368171
7347601
144351829
95461941
8951459
5027693
2825719
5750823
8966987
6735079
1702011
4245267
7823593
151029
2662743
7805343
8066157
2426823
46907479
2952683
1085991
1360993
1635483
5385327
6572157
95717049
3577389
5788153
3976383
6287119
2614207
6564251
5472671
678587
1130113
5995163
7406247
7633119
6899901
6268707
8088951
1759661
3827817
6907863
3931483
867169
7389639
5314147
7300063
5416971
4114147
1624051
3080441
136147
6054591
4537423
9418523
25718281
8485293
8611729
279317
3573567
8824281
6721899
6600393
7656557
1683831
1446801
7936711
8210229
2068777
3915603
7122389
3635739
7545849
9556223
3276217
7972027
4905771
3281281
5503289
5617181
8409329
415757
214859
3268969
2607859
7452137
1793023
809161
7645447
7406811
7765099
3359553
2371683
6607507
696463
8132717
6803353
1540233
7410857
6097753
117870783
5165427
9299069
36717
1442229
8559091
5626497
4876697
5786407
445541
5704947
6099633
2581111
2128371
3783117
8663763
9765019
654919
765267
2989667
5013733
6145541
7639619
6115511
265377
8452673
1217377
3862297
2542153
2322627
4300229
5485459
4045889
6478279
6188429
5450627
8327119
1547311
4270443
666199
904403
5572397
5412729
300803
3831949
4653269
7843787
6992841
3032049
9026639
7445353
8432223
2014319
1775359
8081877
4375901
1491953
5813361
5991601
8658883
43054809
6792383
7425333
9154641
1994069
4067463
5850563
3490787
6357271
106459459
7372933
138083219
2669133
9949247
5395847
5088757
9687001
319477
121251
2095739
2368201
9144709
4944613
920677
1178087
7568229
8802941
426353
5781479
22516141
4714363
196465827
9954283
4975689
1215031
9999161
866183
5037259
8493171
5002661
879977
2559619
45530519
524431
1217201
8871531
5036029
6294207
366033
5289137
3130277
6581167
932053
7269923
6257601
8262369
2105003
8804763
6266857
1553457
4414101
3136519
9547659
350899
9405737
1598541
5640023
8912933
154157
3497163
2850479
1659293
6783201
9536399
6879111
6101047
6626881
5145189
7057913
367001
2707203
9960919
9375903
9146029
4922603
5520053
5635901
8931607
2142157
1965511
9653101
171591297
6740737
2987553
3526569
5240703
1738921
3958591
8545107
1908287
1997041
7784461
289427
3969863
6992897
6060091
4838769
3328021
1134687
1770763
3347223
8149203
1798961
5123463
6841699
7459837
7128691
2003533
4345719
5895681
2072241
8095307
193771229
5991039
3805859
9279287
9516031
9532073
8578699
35161
7468021
1369593
2817037
5693327
467227
1621797
3066433
62101
158513181
1514031
1500103
9482001
6177819
6065101
112790401
6802693
1943817
5162121
2411037
4226651
5700719
928121
7093753
7525781
2054801
3017377
79313947
5588947
9289137
3536117
3152437
5157507
71779
8577823
4149193
4258291
846323
2861803
3095123
934273
2707451
9146793
8137863
6514993
8612809
4487701
1041877
4232309
7012439
54298971
6357523
1266793
4712377
2581919
2505929
6532097
6838649
4807547
6652947
4339097
5901453
6682221
39747747
1873143
430281
1351919
1830983
7903201
656251
6044979
4043617
7774583
6161579
2857837
9997009
5349869
797189
8161283
7705417
4408621
182605369
970519
21750773
1483611
6318079
7845319
7268889
7398121
2980479
6722827
1645577
4277187
858957
7042081
2829329
3208623
3996847
6113723
1149687
9039913
8753679
1654999
7401813
7924617
2169139
4796281
3222029
140744827
4903747
7284781
2890297
2863781
1922989
8226773
3263287
8150263
8425633
5971311
9983169
7561337
7880143
3023053
6485309
3923207
18643933
8642319
8209929
3180709
114459139
3248871
7850951
8934437
4594181
6861257
31137
1415699
5446129
5524629
8898559
9242461
1995577
9417281
8004339
4383343
7686721
365379
2888841
6951209
1356103
6500189
23023
6923571
7250277
4219933
3830861
7406049
3276543
4867893
1351123
7898481
3927541
3599901
2522157
2174463
2336469
4835919
4100519
7655169
1452353
6646203
4916933
5149917
5027003
228571
7871131
7015171
3161343
3328441
1165669
7933983
8188101
6397299
4569417
5395259
644679
4953751
3573423
9392003
5840777
5143571
5095193
7303917
3236653
904817
5431859
1756393
7379971
3903651
3561531
740799
8765943
6703443
196337
5499781
2693613
1215313
5965197
7952849
4335251
8744359
8830381
4504879
5924057
5783731
1683903
9729541
9187729
