785553
3974653
7306233
199871
3143089
7697893
4346773
6399307
1809063
9720719
42706581
667973
120741
9008301
4808763
32135979
1622137
7927617
4156381
6102201
7439377
2280867
998393
6997941
5416917
2289221
1597721
5217219
1006783
192405101
7836921
5416071
1338571
4739309
7346567
6005089
7253187
4096499
8396851
4473449
8706417
2044349
2278773
9385003
9588189
3955753
9544283
6319263
3936097
4889349
4247051
7767683
2227133
8903777
7595357
6556347
6521011
6981287
5761933
4605229
7431323
1800851
7591859
8373061
3957831
4978297
133186689
7614893
9498503
957701
4888221
181441
7738673
2236599
4360571
1775207
2221551
2829237
2719891
3279969
6759049
2762427
4401287
2963299
15933
3766359
399051
645967
6718617
1523813
2127137
7122491
9315507
4619987
1843809
9263991
2837471
6892321
594893
4989069
3095873
199237
7596771
116402871
8974549
3437051
9959951
7826431
6134793
9101389
6781463
9602659
4608053
6634173
7480591
2802337
9315911
7159399
8724379
1509217
356713
9185927
2260951
6560149
1939173
6718257
7758487
8703269
197728719
8560171
2197131
6767609
143435231
9875399
130648011
8966157
4177917
8833143
7604107
3491651
9857423
7701851
1148023
9267171
5913097
7831283
6166021
112934553
2647283
606481
3138479
4749163
885753
1134953
7317449
6375853
5307991
742713
8566187
185326383
4556389
9252241
2585897
8468877
8851203
972209
3262263
1673079
1871967
4123131
946991
5658397
2173911
6347337
819719
8119083
1349419
2356579
7410437
28993
1755893
8978419
8145619
5878543
3525567
3608641
1201983
6972847
5366037
8706907
653563
9199319
7929213
1790793
9463073
8076473
1263209
4304819
238397
3793081
7748103
3986597
4898967
3365633
6444169
1626089
2879351
8910123
417059
2229453
8743301
8370271
1199971
9751477
2441049
682107
3541641
9157147
143339627
4323123
1067699
6490181
7876197
7755227
9797171
6764263
7731177
7886231
3759783
652057
8600023
9882019
5966361
6540587
9148567
6272913
1493051
1323163
3087269
9970229
2302297
1766733
3673577
9868919
5265121
368659
5489593
4576871
2535149
1814241
2931187
6102713
8347909
1353827
4282901
9020789
1054703
5143829
9665803
4410633
8659723
3714549
2613637
3602523
8379961
7162891
3691617
9590349
6248577
536291
9784171
5514237
2156159
5030757
6127239
106689129
154050037
8918891
2130519
2472951
8690951
7299133
6641701
3366017
2438609
990773
4731721
9546921
6007829
3988253
2044569
1363903
4034109
8393261
8959083
9796043
2270907
8211201
7902441
7581257
4792417
2211817
9825763
156704367
8471697
2247741
1295137
8087651
939711
2501381
7178791
7159773
1464777
9317507
4227551
144203
1690373
280097
7298553
5076031
5159241
4429017
7663863
8391237
9809433
9847717
3962803
5210033
8715543
4260503
2017083
315393
1071049
3752933
2134801
3349431
7980443
503889
7205879
5522823
5263853
6993583
1651369
9631363
2768587
3617519
1888909
5276593
2565511
4894321
4992687
8702393
9559243
9040039
6419519
7691803
8163343
3474937
30897061
4738657
23129
321647
6972687
6144757
6215767
2031861
1572751
4505629
5277293
7427417
9958763
7838551
7709803
9877179
9834331
5070381
9438529
1507201
1206507
101846509
2598649
6076393
8028831
3828007
107427161
2328137
5034509
9725313
3682459
8570141
8172813
1102827
1449853
5527117
6111913
4974151
8113443
5765543
9439949
8037239
8828361
8211493
36263
6805569
104555573
4262929
533271
8002201
6245369
4693877
2805443
2245919
4364119
9259563
8599019
6017611
869273
5751699
3293019
7701601
8901879
1879907
3497281
6469899
1119209
3336107
4181153
1818293
9087983
4411859
4554143
112237967
1582797
4740357
8207763
8843451
2672117
6598433
8961563
6594109
9857943
6574847
2115221
6871359
2967153
9212189
7481243
6380169
4184251
7024199
2713983
6610617
3716037
5363251
8154863
9350443
6499523
8778277
7917463
9132481
2818303
4485393
9574223
1424199
3386433
2857303
8642007
8427
8706707
5117453
7725733
8745763
4457033
7349661
5746723
7958489
5307039
3638681
2935247
3524327
3860723
7538689
3752079
6386581
8867729
6510157
4529021
491683
735017
7578237
8528369
2219069
8316637
8967331
9270011
1218491
6792247
3151099
5504329
3829873
9013019
6189497
74637839
8815777
5724039
4542547
132272363
9927077
2771223
9267363
8305421
9993091
8343249
4794611
6143381
5330817
6661639
9543861
7455839
3267063
26218439
9974161
8707051
2879517
6432067
5196029
907757
8125853
1765209
4551049
7106989
1428359
5464573
64353071
6748727
6207503
3722289
5305863
992697
5777147
5431527
8584941
7478917
6610053
7187461
2387761
254653
4656393
9175663
2655807
7678357
58711511
6167733
7220451
7788039
688449
1480087
9374251
5049481
2748347
3948429
4707161
1616569
7518551
7815821
5803153
2952157
4908399
2827571
9696221
1911343
847873
3436003
9876689
9020963
8785689
9295249
475373
5016129
5158589
9687199
63273537
7526799
4072579
4847347
7752983
688453
1083483
3142867
6457057
8809017
4968799
1954841
9664033
26349
7073511
7598321
2141937
4526311
5806261
119757027
101227291
4443169
2678369
3705551
6051087
1537863
2451469
6135873
386579
9265769
9125803
2955909
6459079
1372903
9512263
121150519
100715269
6405899
261151
4752603
7210449
18596943
1533943
6028331
6869853
9641579
8071453
1261029
7715039
3756689
146743
1596819
68879519
2904177
4917447
4812873
6501161
9259129
2330737
4833983
7549433
8755269
370697
2237913
4120927
5511517
7441363
9883407
2140239
8734049
89161589
9146229
789277
7609639
3008963
8213109
8702013
1037561
7270547
227647
4324439
229003
4058193
6753333
284129
936721
944433
5077811
6777871
9083149
7403857
6290711
5937961
6895141
4050951
8340261
4342753
3753389
3275683
7358813
2372339
6054243
2736147
4187827
8077443
6619107
46033381
7201053
8627197
7512587
9511057
1881563
1381057
8545221
730657
4550659
4814459
2701519
8744693
2227807
561161
6452627
3076179
4908677
31465269
2259501
6075453
1053909
8539827
9370531
6893347
8673763
4409259
6246067
13855783
370639
6772279
12245929
8531221
865381
6697331
6734791
9774517
1654917
5151221
20432597
7597323
1918917
3299343
5584579
3934527
6235463
992851
1367907
2415847
3840701
7742641
1941039
8768757
1304509
2393673
4026919
119066837
4017003
4648193
2600767
8711253
5735109
1349879
6397049
8358301
5285599
6615859
3425007
7655707
4876227
9075863
7352781
4693349
8235643
3839731
191972973
3212029
1817911
6733227
2800369
4559123
3136809
2843711
6176521
2268853
6200337
3102641
7684937
2080337
3638393
9013487
7100641
3758297
5122941
119953771
6225287
9337871
9015629
8205443
8600307
6691873
98339
3855269
7194227
3805401
5324037
6856717
9181849
944517
2025653
7236853
59255069
