8966043
6614547
8139979
118547
3091581
3271639
6067437
6571377
8087019
6554477
9955621
9975483
399207
7263747
9520373
4113533
3166091
7621213
4964809
5165637
2434157
5350143
750313
676531
7727737
1512671
9194189
1731251
4672127
8685239
7214201
5089267
21217
129176611
9480707
6273073
2901607
8014193
5359331
9253751
2508597
3282999
1165881
776879
2306119
162549459
155965219
9228293
883417
3127449
4537283
3727737
9141569
4275343
6313919
3865581
5350687
8674233
7195541
132153
9980657
521077
3366879
33321
132859089
8553867
5583347
2812543
3214583
6896657
5130689
3661977
809333
7320921
9206591
8934979
178825289
6418409
5952531
185566837
164876557
6429219
6564569
1231079
8279487
5449889
8299063
8266017
6604737
3017751
163976023
5409759
8538157
2281223
3714891
248143
2127821
345819
5438283
7276237
6934573
4726933
4497743
4074777
2245541
6024969
2172139
819079
81133
803189
6323949
613511
1524819
5333283
3751789
1799649
8951037
1803449
1327781
5374569
8469
3394931
3090541
267567
4756273
6990811
5317259
149756769
8154731
7000713
5451323
5885777
1088701
598811
7230913
1867247
5446497
5771069
7183041
6760299
4780011
9997023
7223773
6391181
150296761
7486621
9757751
7020833
4947819
2630613
3337709
145663
9764639
1792037
1803657
5479599
7532819
8451687
4789017
8670553
1701789
1186057
6032647
358329
9632547
3205103
8285913
9193531
9413119
9140671
7264179
1737189
6429601
2616223
6300387
351317
5674903
8207123
6600707
5766597
9099659
6964629
8488709
4951223
6596713
1823733
6198949
2898243
9562317
7483231
8200357
5506621
8736899
6640989
1802229
7504471
1169821
1014537
183280201
2745543
1507423
8001213
3384243
28661563
1712669
7158637
9181127
6539689
1047377
6763633
6182007
3589701
9802051
7329019
3347063
9332431
6203513
6417043
1420419
2699223
1893277
9739857
8904527
2796527
676167
4997033
3804589
8082001
9743737
6148503
7549659
3858141
4125137
5768557
8791123
1070793
9766569
6574153
3324309
7871929
9508217
2705661
4239151
8769191
7011357
5979919
4933143
1371393
7636671
5455821
1714243
6438101
5115801
9396703
7411717
1338753
5805093
6866407
2329173
9524189
3963401
2176641
131671
6636563
5463963
1983063
6420413
3984723
182411
7914681
1534219
6709437
9453649
6864561
8412137
4946111
7914017
6662881
9250893
3767051
5165587
2203933
50399
6152983
5653027
2915977
4943097
2523953
902079
6440057
375973
7367851
1478141
96013
55862769
5769207
1276979
7020137
5202631
4639323
1364153
7564147
6152257
5205777
2409687
1994759
9333603
3015379
162312119
3006033
404937
396061
8838667
4086779
118473913
7365511
3438751
7056971
8375713
3337909
9255179
9357121
846269
2519413
7680797
2526117
451527
541911
9282413
4360009
9137767
7123851
1483217
7537053
9391589
5777951
3014589
4589371
3437409
4485111
1820653
9681789
5174781
5806867
7844249
838443
8430917
7609461
197143389
8133093
1002729
3137011
2208537
8912651
7857399
371247
844151
5458451
5984933
8490531
8643791
9764743
9192689
5557169
681073
8497451
2829813
5714591
4393669
1466203
7703991
3424589
1877903
1200517
109620053
6881007
5694187
2508861
6037471
3439463
4068861
4652447
5064263
3009189
9340583
5240133
7423391
4680511
65142339
2586201
5147997
8693337
4201209
2400779
7838901
6665047
708483
3353431
8922887
4729557
6245383
8620997
1723667
9909853
1604557
6172703
2735989
7762709
9980869
139459
6217099
746991
8329793
9630201
16167709
976033
805007
4947383
8150011
126932999
3861513
2770909
6028213
6600011
1904061
957437
4908089
2781501
7500111
46883
2098727
8835537
1635563
5048823
3325171
3586763
2078353
58962457
3281179
158406921
8764971
1964797
569977
6055763
8536109
9440049
9937681
3086731
9603293
5220381
6755159
3076027
5047689
4181319
5373441
9158299
3490459
2412219
859191
8106189
579361
8831251
6033967
5857853
5823667
9482443
7203217
9436379
3206877
6626321
8759897
4681231
6655519
8698907
8660489
1901807
8101061
2568999
3855057
4461987
3553637
3610879
6372597
1882217
8639121
88277659
8085369
9137659
3790507
5167101
7880729
7997143
745483
4947623
9481259
5949967
3248979
228983
3570893
7569831
2044443
5349387
7313333
184803
2225431
7084883
1587603
8899981
5951209
71538531
946149
1824669
9221231
899049
5600551
6126449
5728977
8959577
4807351
7427939
4022901
3369169
1121641
2145871
1544851
9599809
6687141
6164729
5917221
6965117
4655047
5969087
4938517
6453379
605979
9356077
18926629
4970999
1198743
283571
9272541
982153
2422669
5314333
401173
1310817
4999789
7979809
8632239
1856063
7731707
8409197
8371521
4659999
801101
6825687
6204979
9005323
4307
3689191
6244653
2932871
9182113
7519051
8773217
6285421
9862277
525267
7566241
3425101
2105299
4973471
7682731
5063273
919841
8311541
4435919
9693213
8484129
8639641
7804557
2467279
5706331
3060679
6859257
2921839
1280911
3901603
3540377
8726523
19255773
7423929
5840429
1933529
8336153
5093599
1496319
4355453
4687787
1871341
4039923
9488269
4795601
3937001
6570043
9685809
4668667
1786911
8591009
2836793
5365527
1960803
6323131
3822027
5495727
2149211
4670809
2631349
4495923
1836899
4999609
2204037
597523
3644727
5148699
2762123
1528987
9049591
5588583
1222923
9490857
4019887
2352327
701529
6783311
75287
9105723
3988351
4104629
8196771
682907
1531397
178372821
8993791
4974873
3902871
2376979
2276903
4843367
8525663
893647
1847463
856767
6482217
554129
3682853
6822329
9063149
7142983
6362421
7231509
3123809
8336629
2942313
9271617
9573401
4579369
9104781
7383091
8797473
9672343
259097
7826511
6197949
7577177
2959383
5376679
4184881
7437771
7721327
6858767
8829991
8303587
5525201
8362779
6445159
6863473
4082721
6138417
4624597
586451
2634491
8318399
1225193
6672831
136718483
5680657
7965481
5897047
9136639
7687467
8071981
2942941
7669187
2365369
7147757
9004423
6276191
5017857
4701573
1967259
919931
7077779
5206479
7558277
3886887
1624891
9887429
7165163
35931
2886351
4555313
8253687
9431853
93833
9324781
6817997
4054989
844267
9738569
5546547
4655213
847863
1147329
2290729
278663
1419729
7454937
1798981
9398417
7201363
5866223
5296161
5058067
8119871
8365971
5508891
6879011
4073199
88969
1914593
4449459
9624813
529597
9652027
3457339
5969879
3073479
7388863
5316597
2621489
83796741
5912997
10316573
4974527
2725501
88235297
1922411
4488501
3005089
1682457
1760903
2483191
1984907
9173967
2992303
6975949
3040397
8143741
9652261
5954101
8060599
1384311
4562419
159298747
6462943
5999073
1424187
4723359
3484117
8160019
1145079
8972517
2426799
5704349
2054189
7094003
5260919
7010509
7196417
1142301
3661999
5855879
1804949
6559733
2724561
6764151
5646511
7271053
3833509
8560903
5704169
6120577
5331897
4543357
4100043
4607917
8596947
