7902783
330809
7514019
3110143
8576399
416463
7788517
9191409
6196969
7540453
7276111
9404819
8549629
7641697
8273497
6033641
9256743
255473
9787681
2234631
8365207
8736183
2291313
9046739
79992177
343973
109065599
9166949
46670717
8319803
3044559
362009
3229067
9607419
9290873
7706749
2436477
9408207
9800579
1002223
4197469
1934213
1568799
8382629
2459183
7405491
7003521
2041713
2528401
7965221
4391541
3970709
6151487
7877211
7720939
5624011
6850717
9815139
6082953
405623
9168921
692737
7757843
5368681
5321827
6317059
9441421
8953421
2489351
3225481
8894803
5700573
3857557
6807063
5542253
7192191
183573
3899769
4529707
8922929
9720887
2667799
6604753
797011
6956421
5576793
8878131
9439089
2276541
7336473
2919053
1414847
9141983
683477
2611227
4607181
1634773
9322707
8869171
8214489
8870227
8981599
721131
6163927
7915141
1386957
2800599
604591
45289813
2854747
1437747
5788369
7545781
4954111
6578623
8684847
3389343
8894601
6951997
9942821
6369977
609789
2843489
7208831
3501801
5417881
9193421
115621249
8452031
4701319
1827969
7123099
3711499
7327419
5520507
7631091
3068309
272009
6930939
5950699
2612369
8646421
9999247
51647
8613587
9146083
9048863
83810479
1393807
138889351
4754337
678121
3758141
3424923
185497091
250939
4684347
7069659
1152619
3529201
2532029
7450729
1878821
156707
2503651
9093457
1645857
9080159
4129303
1161973
8524093
2888211
3757207
2622641
7870337
8312311
8994857
7576881
2343479
4323613
2242847
3246049
7167867
8431583
1759583
4631023
7600431
8529933
122799653
816083
8073723
8702767
9058861
9260511
1105029
823253
6653
9632133
7529971
8525869
1098279
7315053
8468729
3932461
474917
782057
12985987
2931367
6284779
7285777
6147757
1283983
60659441
8218847
155609
6939293
8556101
6782759
1003913
4163203
1097289
7119673
3876769
4479747
2439193
8233623
1203107
4548063
4853287
3753597
191553973
2192601
2493533
42237
3975147
5259463
8664499
5190923
8107927
5955267
285803
4266917
8818509
6542281
4191631
8296451
8867731
4391587
6222047
1446859
8573609
8441017
3632981
1983957
8963107
7166097
9448867
3061391
9862841
9102859
2963739
9194863
360473
1757339
7183197
940359
6176553
3504927
8185029
2619131
30539851
7293151
3261
7028857
2804327
48918327
6064129
5738273
9826933
9492767
7503137
9675321
3232651
7155381
733879
8727331
493979
2337183
9430877
112874101
4979503
5891263
7953311
8998487
390987
2063771
5837143
4021679
2651937
6880907
7474921
7598777
9447503
5909341
9980279
217041
6722271
667391
5670981
2712967
9531187
6657807
8088977
5675429
2281379
4211741
480029
117580121
2701389
2434719
7082139
4358397
5812617
5525887
8036747
5373963
878083
355783
7758119
8439003
8292963
1668939
188992603
7776781
8203373
2310833
7767221
5958259
3014009
9231407
4286759
137270183
9531523
6437633
2304311
8599649
3416067
6402897
3168191
2466321
85167703
250757
2053333
8479783
6889267
8985113
6361233
8700987
523119
127267
3701183
865527
1991563
449209
7770471
4772057
4642293
990963
9139
320751
1538269
5261093
5258393
1523353
8965747
2895063
1932807
4521019
1262399
7152933
5325369
4901417
3110811
470029
1892411
895633
7472349
7205639
9223087
894771
747507
7620951
751083
8659781
7407181
6765371
2086469
9602953
1880993
125561839
723651
8301963
8174587
1812789
173078171
6804841
13381541
6138431
1601219
8398269
157291
2028949
5092551
5806133
9063701
3238911
4061717
8159307
2571639
5805599
2111103
2270699
2477327
540433
6625399
6220207
9551043
5381503
1363927
4305829
3290501
3535829
9485663
504597
8411743
8717303
9855177
3471319
7325731
4805557
9141719
8356483
8878821
5099677
3179079
419179
4681121
7374963
9541107
9190403
5379481
2278047
99503421
8052293
4992183
6490281
9987161
689823
593427
3671749
7792127
3069757
330223
83877
7035503
7879583
5983439
1804891
60572429
6832879
6406263
2398119
9482573
4434141
477213
6723649
2639693
9164767
4578513
1979583
2676971
2875343
2134293
9133531
8647339
4387001
1706351
9934001
1817679
8756717
8552277
1455747
3705293
3378473
5198469
3220977
7069929
5051407
3076393
2636621
2635249
4301709
9325669
6030147
1217817
5721733
3077269
8595491
1767859
7481763
2735243
5661859
5295063
5554147
5550403
6000973
6702781
3825483
251171
2917881
63916047
6341743
3196761
9694017
9530809
7414809
688789
6215621
7719511
6430739
7937753
7081573
3070131
9694093
857407
3420083
7285323
1212149
8867861
2038917
9850541
990371
1673871
8442741
117853707
3636911
5832579
5516407
8075119
5446687
4274487
6456467
1813677
9847763
879117
7832547
4667939
3626969
6515683
5888481
2834059
9366381
4020067
2297277
7419847
6613627
83647267
183246569
3729207
6234737
7015231
9549741
8610897
6175439
4101503
2789831
2837671
147584093
3928981
7069703
186085333
7095029
9774731
6007003
8565039
7649539
2615433
58007827
6297321
8739957
8189043
4348829
7927903
20395651
7933627
8697157
4689237
8396623
4268133
1370789
396317
51114051
45727
8674639
1308073
8558377
5645553
8411951
9973629
6825471
185978467
361467
9784903
9800237
2686263
3294349
3811139
4216907
9495013
1110799
7237423
3288203
2977927
579267
3180013
7214929
7522923
6744783
6385471
1034711
8728899
2232011
1619451
1106663
5943517
6817457
4999813
4547033
9348383
5651207
7840037
2522333
6510621
9319419
7332263
3651847
9028169
7903141
795337
2096601
7811949
2381167
611761
5138463
4128753
6980899
9783389
3752433
9344363
3789411
4079889
8092029
8272449
3598047
7973403
8903157
1815851
9151503
7379343
7684477
5683481
64011509
200991
9207269
4992203
1365699
4423179
6808949
9655483
9689779
381683
145470437
15729
7954423
2197521
6278427
6861613
8120697
5653509
2025561
4277287
5004719
9683037
6656117
8233597
4390311
4473121
1815151
2674873
7743543
1683041
6588171
6218353
132532703
5691277
2812473
5398543
5975261
1666079
2348457
3577131
5993007
7059199
8796693
6412783
4477509
6982189
3303189
1267239
2789159
2318373
2934081
2319873
4383231
4943451
1154217
5198173
9982309
7183901
6568199
198116689
4104729
3492817
188135711
2794971
3515989
4283099
2153031
6153487
9603761
4386633
6903093
8165741
5489857
7236383
7209129
9252679
9444493
7061361
5075813
83386383
8493561
3868553
9703619
8137621
9051507
7683543
6462111
6628113
2531493
5963043
236867
4265309
279321
731941
4262243
5789231
4699147
5199679
61137
3726463
2965347
4920141
7720089
2269153
9382361
9610963
5616883
8909861
8439929
820349
4182737
5792349
6500121
7879523
4210807
1566907
4279769
6264467
7623031
5611099
7133091
4821639
6567089
282551
3071687
4703617
636553
9214603
4909341
298871
7237369
9889793
9851019
8200203
7978879
4762871
7090141
1483119
8948029
4049713
7979383
9056803
6118681
774237
6396241
8815667
4306929
1371797
8061603
1940811
9630341
4054597
9655489
5725993
7183359
7718919
8198223
4866697
