8082873
3732841
3918371
5025987
5235161
5290199
8245953
3158219
5676229
6990581
32180879
2113279
4842373
7019883
4510731
5127781
1759769
7340991
8545957
8031009
4272173
4976993
3347833
9641603
7217761
4854411
3126469
9031851
2680909
1137497
2329841
4837629
7541961
745981
1902823
5860881
159973
6401229
6612837
6543939
3056773
2847153
9335311
8134439
2483507
1620949
2486089
2468797
2108111
9620881
8992917
1129327
2173491
5672743
5968923
2489679
7948827
6984943
9254531
3994783
40947349
2042301
6959499
3269209
52119
2345977
6248009
6637751
1971451
6074339
3360481
124963
9771397
7085537
5060699
2322339
3020893
4236927
3322287
5827569
387361
7061261
9792897
6319689
4727613
4359147
9335559
5333431
6602951
1996173
2874779
8331129
5889537
2374591
476007
7836659
44543317
1635487
7346629
8315011
984821
1845213
7787807
3432293
3510737
4415759
1568293
1784677
6650799
7755233
6964319
1278637
1879603
6600241
9393809
102580401
6706939
7910037
351701
4141617
4639681
1565593
7353147
422787
6725397
278523
7802579
1141233
1531021
7498517
945417
113866483
3323969
72053
18219
9862877
2918677
591319
8309523
830763
4795173
3392303
1090597
9180871
109125763
167873943
7429157
1998761
42514379
2747271
833929
2317211
8351347
8500311
8551073
4356611
3632583
3497373
3201
3490679
8561253
4773743
7294109
8034331
2493999
7981359
5379719
8509469
7077471
2757477
7812777
1453783
7227919
5638757
4319231
3369911
1391233
3593407
4006841
1762859
9293737
3139151
5100627
4180287
3938581
6331413
452901
477249
4950023
621229
2458631
8175477
134871299
4391477
904957
4107143
5215061
3676709
710357
8409097
6328733
144353
3086029
8757311
2130757
3633519
3881753
8475199
4155567
857709
7914281
3766447
5399333
5145121
6378741
1890093
532951
7122393
3516603
5406869
8503381
2838103
3293059
4055587
5341397
7955131
5646391
7113971
5985489
1519827
2744221
9768023
327803
763821
127818787
1309733
8867273
9078623
6981339
8006579
5011011
2289651
3215759
6446241
1404947
3828343
6680093
9548629
8367521
8363571
4661761
9313619
4037937
2133019
27924833
375401
3344767
4233643
2692893
1849257
5152097
6707023
6547119
1407859
8774601
163723
5244803
9944879
3882247
8308143
6105817
6477669
1108597
7476489
4487593
564607
5058949
1166513
7370937
1891243
9813491
6336633
4144243
5066953
173829
9239959
7092191
2471307
228493
1787899
9015787
7211779
5246563
4287483
9463481
6738319
3296803
4140989
4494373
5722011
3509799
867
9847117
3707359
7933507
1918529
6105963
6811663
1053757
5321137
3354041
1759847
446681
8690563
8332063
9451641
1265969
4289731
8218821
5333407
8740583
5486491
1486751
4772779
91403213
1626301
367807
4286313
7272367
4189773
5595809
2239643
4543827
3689789
3251467
7190213
423621
8975677
2704913
2412379
1330179
8843059
3063051
6126709
9016281
7226727
6339997
1644503
159978791
3780693
3253881
7280919
5681771
1526541
9885003
4442409
8285691
1243731
7375801
7586923
1693047
6418927
5272361
4996221
8296891
5239633
120716263
9273247
9609519
3027043
3314841
6370571
4136453
9235403
9465801
34513
9572811
1939999
7207153
8133979
4738567
92239
167077
9513793
153937
1739147
3492611
4032721
4454693
8037983
626041
8134643
1781001
2425523
6629591
6625657
7020603
6125993
1104887
2546841
5428849
7678557
5980881
3885159
8520639
5116647
5710061
392609
800261
4903321
5070327
8995403
3932721
9391497
8360323
5897453
4056649
4621339
6806653
7699867
322493
4167219
7958071
8826833
3917171
64964853
9663897
271773
6016927
6466629
2816147
7175403
3346143
5343877
4677881
5568447
7367403
1591369
9688407
5059531
1464281
6606017
9797017
6180769
8081819
8746639
6799017
6490831
2405213
2024107
7192709
5235899
5905053
16047
8106381
8227747
8013597
3168899
6461031
7799287
476633
4983859
309237
75347871
8103997
1279073
7249199
4014731
2417881
8013863
6806531
8182719
9037873
7175921
5772073
8502667
8554743
1817427
1433713
2577123
462199
6501951
6280219
1749709
8124467
3669887
9481669
6608137
1362659
1333093
1983717
4368291
9287257
2692399
4934291
8140833
186769
1609809
117612873
9868319
3331023
4302777
7533969
2194527
3856067
8270587
5041481
5239061
2786687
4772151
1462441
8713389
2053883
6158397
3855401
2912301
4167803
704511
2050317
1287487
4242271
4366983
3821503
870311
29389
3496663
5940487
3776333
2308571
2409243
5963113
9369973
7993177
5218151
9867251
6165603
7314101
6893727
3453181
4889117
3621283
1975967
6201039
6173021
6180481
2661881
8175937
104169417
8995511
211391
3424029
7388513
7680771
633319
2719881
634697
8753869
4762617
793691
2115513
8309561
4386023
9590213
8570399
9368369
36682427
3619883
120894369
3689081
3760557
8996673
9207923
3602009
2547697
7828611
4147363
4225391
2030871
1052811
543207
9771127
2113451
6678361
8159799
5071093
188613899
671563
4021253
7604397
728541
5018717
6475449
3563551
6853387
9450643
7569793
3277667
6097909
8022109
6075953
1759007
2492037
1432377
2855731
9871343
910811
1625899
4842801
8696347
1898589
6631011
4282573
2140981
8320321
1161557
9008983
7470191
4941389
6905759
5105179
7687817
4870559
8746427
1965257
6275981
5385857
2429907
6557037
4529471
8319769
3986233
820453
102089737
8616297
2811353
3951373
7976779
403887
3772637
859089
2997587
9274753
8793531
5957543
5859423
4543077
1501661
8117343
1742521
9899383
7466727
77739
1152423
562671
473023
7853093
92016617
2063093
7837659
5806317
5596779
3622001
2299137
7287681
8456129
8880529
9398749
6550981
8243507
169899
48510991
7476071
2406173
5404227
32513
8242717
117720999
7204307
13457769
6272043
4742343
4546771
8009809
9121719
8029561
6264851
9950131
1837039
7221863
3726949
3014159
3444089
7361451
5882373
5281817
2526149
738337
4748743
985099
9987549
6875621
891471
1200681
6674069
9470971
8368383
5269369
9675819
173149
2128641
4934999
8098463
4239677
7731483
104676923
7942183
56961
3852449
9005681
2405443
6542857
5408653
8490777
800389
4925799
1619747
1489241
3046131
9956493
6191747
2757559
5470619
3916187
200639
4236737
9146467
91911043
3521209
9661451
8831251
7134439
6869671
3713361
1654931
1928537
8308959
1203567
5126091
3362419
4841643
1562247
3912499
5596801
5869671
6992339
609767
1613221
3917047
6746757
5533171
6749587
9395747
102313161
9975933
5098469
9571429
2300821
3598649
7483947
4724407
3363681
935057
5361177
519313
5919779
6424731
7741703
3209783
1030001
4469789
2157601
358137
4287861
9972791
9055211
5565973
3894297
4134793
6608729
590023
99240197
7398647
6957659
73513053
7466551
2956817
1776561
8280981
3791219
7785339
4002149
6732869
163805839
2925963
3838449
4108193
193891
759479
1791757
3204199
5591439
595687
456637
5071431
8558611
7274823
175228063
2274163
8341657
2290411
8181447
5135871
7417917
5627881
3044667
8003239
5090767
9417137
3112051
7528341
7954941
3843307
5912979
402121
7605839
