3284811
8967669
4389989
3939543
1816377
5496163
4587263
9237211
8410497
8816899
7241949
6366239
1273503
8356309
4461009
1675459
4257137
4302699
7141079
8754417
9515797
6795333
1914799
5798361
3511331
7092389
6559859
4203367
3613963
3561879
3248597
6293311
5360589
154494821
4343253
1636677
2864307
8193549
261789
3716633
169416287
1212487
1659913
5592939
8533629
5940417
4100047
715611
5201633
5978739
436189
7881203
8228547
6058897
5397597
5844743
250809
4553041
8666809
9449367
870009
1638017
9530461
3201883
9253611
8722159
131160281
8657857
6437661
3284113
8796969
9534801
702567
7765313
5261139
5887871
4454057
1779537
5694873
8156627
70996027
8535389
7768523
9425879
6245391
5221539
8789469
5765713
6559601
5888783
7169743
154793
2888913
5691793
6841781
674139
1626997
7583923
2792709
6989259
20803779
119450279
7415411
7135209
6090003
4879333
9298583
2606003
3416307
9184831
9681919
5564563
7435449
2191601
3894887
8103299
6505873
4079301
1304317
2275607
189942911
2905523
9726881
1679061
3776053
2411311
564543
3608167
3079037
6107951
5782019
9278051
501241
7346083
2829661
9622473
137177959
5430917
3673701
3865527
922587
56692397
4006701
7031711
6199491
3344729
4830903
4574979
686123
7871517
7365221
828797
2045129
8100821
2942997
6632701
2305261
5145221
3587897
5550609
6099767
243243
6478751
6521877
4434107
3990791
631913
169207559
9692241
3022437
8730527
6543037
5943659
9941759
6044081
8882093
2541741
9804673
1601583
146341801
26486571
4510251
744723
8726339
9211763
4501949
8087561
9947007
8131551
780607
144707023
8085683
2597807
3907581
5984749
5747511
5435907
3433961
4512949
1304103
898303
4116287
7548237
8248913
2003261
4432921
2150799
2836979
105314511
9317019
87507
5046909
3036751
9833603
8982237
5202677
403419
9159633
7038171
3841529
7289101
3206707
1144071
3289527
69861
3673341
5688927
9616727
6055771
494239
787797
9618477
8536719
3754109
2498089
9439571
4408861
3612913
1137231
8733957
8399631
2802691
771071
4886257
9716547
1771997
4982947
3548733
5270833
9333179
1721643
511781
7211031
4418859
1829183
3119129
7545689
167376739
3075199
4210369
8961351
5525501
5731707
8288287
9028507
2289047
5065053
9396539
2844091
9238267
5319053
4652291
2505103
8888337
4873133
3898437
2017489
9790281
941523
6042747
6426067
4304951
137077337
5008169
7269957
5313263
1966947
22909
5050769
6549449
1172359
1603991
5532191
5856039
7261007
7193083
6538073
1424779
4906131
598223
8830103
699793
119519
1366607
7692953
4997181
9958453
2035459
7906773
78341
3381899
1154179
147307699
9598967
5113791
2248577
1430241
9550189
3373203
4836893
1392523
3694103
2048761
9239059
155527611
2323963
5569317
8377897
9369283
5166221
3784267
4905331
9391181
3494161
2197961
3015871
7301479
4685621
41467373
9822103
1168107
5436931
62707473
7623833
3594103
9408723
8152309
6395621
2790131
5315979
4328947
4103911
90602147
3344729
4970059
5555029
8781659
6101781
843609
2393031
5557177
6726531
1748947
9067473
7281157
4852271
8081909
8579851
5884639
9640661
2058263
3665979
1315549
154639529
7126307
7981779
1564569
762467
41577
3780383
283413
8198749
6423471
9357911
897523
7221069
3378991
3591089
3633833
5659157
16813
5213011
19158999
3933233
15004151
9146049
4992003
2421347
8475767
5445469
93295897
649437
5084663
3616543
627279
4652523
8667169
337761
8102983
2597551
5587917
1767659
9798759
9923511
2338901
7519523
1457027
7965953
2948113
5548603
8173809
5871167
6173497
4795411
948161
35997441
5618407
4498489
1408871
2906331
5679879
8349317
8831611
6911493
7311409
3252641
1126739
2658447
5693893
5943809
5194767
5557093
3653251
6804201
2270779
73703637
2649497
984339
5641897
151963449
8124977
373641
8207837
1040601
8286423
7129137
68119513
1072673
2261417
7894691
2314527
86639
6458751
8639209
8024357
7851883
961823
5826371
2800691
7029337
7785027
6295633
496049
3503507
6949761
844491
2741017
9507613
2700263
347277
6234729
4826157
9111341
9479151
4175733
4746879
5065971
9808189
6878677
132087931
9407223
9591599
531743
6930217
7988461
2462903
5579097
4075717
652669
5741193
1256639
2225599
2645761
7998459
1907797
7147141
107841787
5950611
4062851
7010301
1965349
6428577
404109
3817261
7456923
9072471
803439
3696689
1636633
91095631
4741687
4318979
4049233
5960747
8199209
9908409
6671117
8447643
4245539
1946803
6356247
1372413
236237
9806283
1487877
2711561
991207
946563
4274337
7324367
4313921
8959717
3762009
3787979
9984329
5852087
8657777
4602937
753617
2993353
2658673
2061987
8292189
3694731
7307479
2144889
6081781
1390727
4076961
1570273
9429047
9644727
4084611
5824897
6269323
9777567
3182211
6089049
4757821
146213553
440001
5154371
9894089
2832963
8248631
1327061
5444777
5706081
9515069
8023453
91997
3951107
1422599
2418171
4768917
3999087
6598187
7081843
167528217
724337
7642913
8632097
1323633
5432081
7891921
2995169
1050059
1003481
4546979
833559
5848609
4178631
6849687
67982053
7569001
7248691
207157
19216871
4759481
1462319
3595141
6848417
4613143
6265219
8945821
2756169
3856709
7509367
9660923
8477673
8958699
2009299
8940633
2182657
4540311
9369471
326883
5588911
63934399
8449749
6455897
6205089
6836909
2433149
1786361
5219571
7246237
8385809
2096627
1082417
7193477
359773
8336861
8293331
4258021
4606001
9420077
3650859
4679823
1777869
4808921
1586483
7676129
71963
8916211
6020087
3728101
742761
1541011
2567349
32978999
4908909
5248289
4200971
7457961
2429913
8255651
6289887
173427171
7620229
108838773
43377077
3175689
2176643
2916681
9433937
5538149
5059133
560967
1260831
5490837
3331361
1347569
9132341
6034383
8440691
4599881
8854349
9757487
9320823
6501423
6203781
9741443
8372257
106198397
9621619
9688511
9031871
6783099
3152979
6494159
1989053
7215281
4836173
7405809
6763407
1186117
3050701
2905703
3255837
9079599
6367159
6475681
1676571
2864871
3990991
4960067
2405447
1667191
8453011
7666847
6423277
7884649
122352721
3611599
1636389
9254227
3126723
5465799
2747609
1696923
5697869
1028557
8457209
8965343
4049657
9309483
3439483
3741361
5447801
1759467
139674937
3861823
9292323
8708331
6646757
2942669
3863187
3235933
2553577
47667
2887991
3883409
3177747
6293527
7824197
5103037
9015499
6983343
4588133
9700239
2336411
5399123
9101571
7506673
4718069
4343093
75803
998713
1287421
2125793
6403919
6231309
7087539
1885807
8862767
5889001
7929733
5509079
950859
8955209
4206689
821341
232111
7839759
9717431
5327203
