7623231
3303641
2558371
5589991
681413
6811353
5731429
7938253
785247
2933711
5550589
4394321
802103
8653073
4710027
9661769
9674099
7296217
5790443
7071513
8552003
666581
1851133
3284443
5326973
1553971
5875867
9460689
272183
185640233
4028401
177754591
1902247
103213
646109
2671503
7644297
5557911
749739
9156527
767721
1398833
2769897
3832741
1178407
6917729
2300133
9638843
1288673
1634731
5172487
2647469
869603
2116631
6630357
4880059
7466021
9126703
5240871
1666911
225557
2388683
7149373
2688559
9886653
7481973
1435897
4170819
7051579
7898241
121325419
2181517
5279699
569003
1921539
3610963
9554819
4546041
5676971
3894603
1229487
1317547
4495197
1497351
1634083
8179297
8763999
7300737
6929509
7272481
103220943
1894127
4030973
3333529
52974157
6383571
464167
5538009
7900727
2027149
6378729
2364101
6733179
7261477
1205137
8390727
5131731
9511663
1417319
9635087
7986141
1965377
3991651
1614837
2337051
4333951
6997057
1509909
4395287
5647679
9048031
8944867
7311783
6350007
108373
2958681
7763221
4646479
5755517
5925019
3460221
5293043
4238979
9466469
435947
6109107
8669021
6156397
7293509
3855683
69418393
509623
1693917
2136773
5156251
5320891
5948011
7922433
1493009
3379897
6269871
5988267
7430493
8859969
7496763
1539351
1935651
9595091
3349483
8522037
2390529
282271
5488217
3274289
3006681
43853329
640137
5992563
7747787
3649721
6258747
8719141
93521
982319
4955863
7335821
16146803
9863943
2990337
2370243
9169433
8580877
2068869
7782201
1307729
3250197
2875821
6578791
2415937
8285259
7098893
150833
7104489
9978899
1107617
9612383
4012609
3422683
8261673
1060089
144348797
4382019
7346161
6668497
8860593
6623743
2145823
6301853
4143207
6703459
5278927
9378853
6636721
3182399
6017373
4945057
7732191
5114811
4716183
2118907
8933583
82486327
3657793
9536059
1011407
2411507
9819443
2945187
6284511
3755221
9471779
7065403
2405041
5291103
1145337
3953737
4829349
7807781
4134961
1139233
4197573
6111171
6370323
5822947
8274093
3698641
4573561
9333963
4451001
1340287
4989837
2818617
4844271
3554807
86247
6437677
4952269
7800011
5134427
115097097
9042957
9527877
1177541
8875753
9126447
1857459
7526371
6346551
96667
105989
2517639
7730807
8763121
9740857
7636969
5540059
7803989
8121061
1932711
2975121
7899471
9831877
8304509
1250071
308583
8920157
1878497
4504079
2239163
1368371
7159153
5909547
123130983
4606163
3030197
8083213
6406887
6079623
1613189
3582987
91133977
7438711
3608669
5320269
7458701
3216351
8676101
759293
4016263
2437289
1222973
4280139
196060529
5390667
1979841
28076233
2238323
7152431
7554711
6590081
7174507
7817287
1811293
6283789
2281901
1382567
5124007
2411207
409523
6866407
73474059
4257211
6302593
5197287
1193347
5530669
6314397
860207
7732767
9475473
5887019
6507473
5399967
1875799
2431747
4629327
9330941
1298633
657247
7798847
9908839
4481337
666517
9501869
8720453
94538173
8118001
19297713
6662163
6430917
2391703
3842761
3934727
131511187
1168211
2091771
178604707
6659863
7559457
256159
8113723
5499769
9306701
978247
2250109
7472693
3027279
96371
798551
2581861
992731
2954819
6040839
7588799
2162479
2737919
154468247
8034993
427507
1967251
2403817
275797
4322913
2194979
6366971
399009
1537277
2018187
9531691
1981561
468957
1743361
516857
6831313
9930671
3375917
195758013
3310059
5468589
5197121
3844863
7243341
8847499
66908333
9703551
264541
2569977
7685451
7197389
9601157
6833017
3934791
6598617
9858311
73967209
9013409
6415037
9215907
7563739
5278661
8257173
174126201
4605279
2625053
8046791
6344233
6341273
171699
2768967
7206771
1554327
2320911
985363
6838451
6363119
9777613
9165651
188361057
3166959
6263337
5346447
174983
7347017
1813503
3325321
2006939
7825031
2642411
1024143
4069233
6092789
2144321
2825803
396443
8177509
172452903
7578081
7275261
893529
7670863
2449729
8648917
8450487
908139
2846383
2310251
5300127
59244441
3537877
5302961
6663373
9794803
9142821
2080231
514219
3818177
299913
8686893
1325621
2964361
697763
3973101
7864147
89473
6573163
5214077
2014851
2649447
888471
4032731
7100091
7140521
7246219
3354287
6844251
8485361
5373227
4040433
272183
6394699
758107
950209
8526083
5239257
6861209
6657061
3655577
155623659
8642723
5161071
9091443
5144277
7248117
7131869
4724723
8556467
9917409
1593943
4441119
3906097
700241
4706857
9829591
5161997
5560759
9723247
3750111
9922029
4291049
5633961
69466857
8327811
4813843
2966223
2290609
4186187
17039451
1597089
8820431
8215369
3478697
3942253
213201
2904687
166903
521711
6746603
6010701
6020913
1166603
8061697
7310469
5463113
9942639
7380423
3388039
5311551
5224151
7544091
1795627
7096371
3828741
7807609
4843271
8018293
2368201
6288961
6856013
6682217
4538963
1362073
4592623
169561669
4100727
8462169
1716311
144335319
8080749
4856201
1402209
2374529
4422587
2249683
3226777
4081653
6885689
3363017
1255761
8391073
4602327
8767843
5847679
7889339
3951217
249397
2157457
3035409
7055339
4521471
246527
9355897
2696157
4817953
34159
102937099
7927047
183147
2696251
8329469
5451297
1971219
126468603
1167701
7917487
1840921
350413
7236413
9282929
1141537
1434993
41623277
2902427
1603937
7403679
4046061
1103751
7186647
3540309
6571793
3383407
192116739
1688339
488903
2561813
2776331
131325497
2108189
1014851
8377609
8924777
7418493
3631587
8182733
3367903
4433709
4864633
4709051
8679527
2270153
995793
7646233
3604077
5602957
6646327
8437183
5108433
109933
4153993
6418223
9440347
3014089
8993197
7066803
800313
8040849
6165893
1088351
5073021
4969419
3263069
2858027
5303101
7015139
3065151
6118207
4258311
5024219
4638529
4323831
7990789
9605963
4860129
2610851
736613
4845433
7949491
4412243
5451951
4085129
9298093
4973843
5077223
5197471
1284389
5172847
2948303
2160677
5531477
5575143
5143543
4994437
2008223
4218779
1657501
3571133
6967863
7774473
9133061
6669677
2772867
9250613
5199569
7956389
6501047
2998013
2866837
6009569
8630979
3423583
344761
2313583
9970171
108473403
4951617
5928613
6555117
5950359
8908607
1798503
2836981
9875219
6309897
4421353
615021
5252647
3770409
2207987
8804377
7376841
6087581
828583
434641
3136881
22936867
7292533
7042281
2060879
4859387
645931
