7889229
5456779
6181363
2856317
2292861
2659621
167113163
3502583
5593647
2608851
3110557
6309073
6359671
7959369
1262103
7646303
7999727
6388153
7201603
6152753
4841579
9395623
9469047
669789
5742251
2354957
5887423
7467369
2820257
162371963
3426263
9622383
3862039
9332757
8517467
5770207
2460457
4012611
871601
8811917
7616003
28046669
3067899
9822207
5888881
5512867
5246761
100641543
3279089
3790553
4243569
5964907
4944101
7500971
281921
8814921
4882149
5813419
1982537
5006119
2227779
1110891
4228751
3829541
2125251
9888351
2204063
4280881
8601783
6214909
3463713
9376801
8509273
8457941
6085043
3678403
7390929
5660559
6206103
2105919
1475219
5117801
4626373
2020163
6064543
4439253
4763621
430283
2127397
3197037
2094237
832491
6672541
1352767
87202719
9818793
1352059
6791753
637309
2339111
6546403
9404441
4688183
3852559
3684853
5498973
398897
7010983
3249703
7333911
4235307
5174099
9258387
7292917
9680147
6566973
9639911
2648371
907073
8763833
4153197
3533947
8885709
430007
3649873
6075553
5355281
9449587
9638133
2010977
7309299
2881589
2368287
4619727
3994313
3314971
8393301
2740821
7141681
2471323
8844659
6149683
280039
8591931
3733047
1742209
9386941
2372419
938823
4339337
7342141
772341
184531067
493097
3479743
7998971
8954961
6673921
9976331
7552297
3556023
3697007
3189099
2621657
4451599
4081307
3225271
9313559
384171
5321479
224079
189912669
467393
6237903
3430571
4633227
7980929
1381023
4366641
483731
1634887
4507101
9493273
8574517
9779111
1437573
8271273
23215529
1163177
4315801
1896983
4249807
1971131
5648547
2225993
2476379
4584733
4749597
507169
36256601
1258813
7425111
3069903
4302031
1805783
105850979
7751093
1272733
192109
7017521
516053
171277201
4583589
1549437
1768749
5409223
4239371
5766677
1150083
1823989
4988039
7462091
1390037
5768453
5749867
1762091
6476309
5478829
8189233
5993907
1512911
7894237
143621353
1912567
9797263
1845961
5864171
986337
1989549
90097257
4720269
749447
6377673
12511
2108547
9423091
3421699
1903019
137761351
4532093
3564411
9285133
5182373
5410507
3049087
127659
4091533
501099
5805429
8490247
4399263
4490113
8824603
3558509
8581809
1624239
2259729
7765917
9155783
2622597
1629033
4305037
129447317
51473087
879349
7036821
1388551
5935309
8278709
9619049
9946823
7095881
78161481
6187563
5632827
2454317
3524627
5848937
672537
1211179
5123199
8366211
8182621
3563663
1991767
9194943
4926201
4424261
7088299
9646447
4337377
8787027
5088619
7426071
1030607
171837
8865037
2901909
7583523
616653
8264177
4073633
5303137
686613
6349589
4784903
3869669
5740969
7719409
9866243
5298199
4155783
9632659
5857521
1857419
5389239
5365771
7870257
9184327
3766839
7697263
2402743
3145163
8942723
990243
6373997
4699193
5950171
2007399
1567593
851129
7869479
9892479
4576001
1389343
1934427
7888027
3863239
6772453
4780889
3564547
1076983
7358101
39345947
183509891
1739397
5823697
1457207
9424387
1397953
7629683
6995541
2172003
6066263
8565787
8869493
168989911
7361103
455403
7233709
9620479
8639267
53201753
3861713
2380217
3243661
2504661
2398363
1717297
6466587
8086267
6897161
7104541
5764833
4389879
9268853
9288361
30821
9886077
3605027
1851499
1835283
5882367
1499431
2614241
2659559
6948601
4055313
5435891
6617539
9846727
9453901
8132721
4917493
7209699
63774711
529959
5683829
7539027
8972813
9109923
5137731
514971
4441179
9192001
7163209
9349553
5227907
5038861
9805661
3877259
511541
7521729
9995333
8779861
5813343
9159011
6153549
1403987
5735209
7486563
3916699
4923209
4915193
1631733
6018673
8674209
4168629
285921
1425687
152241489
3462649
8516689
868749
4074293
6890759
4112713
9534549
134553
6200041
5917759
7873467
5176401
6200539
3437721
1773239
2622003
8099037
4532877
609001
7547313
3050009
6572817
6920223
160721803
9305979
8521647
1531737
1352073
5815061
4339303
2540943
7533591
7233933
9100061
2563791
2728841
5767199
7545699
7493029
5143859
1350289
8378857
5962157
5953133
6364691
234819
4455597
172391327
9230269
5611757
4103749
4940677
5301103
9675771
9390879
3066707
278301
5753859
1892347
2916629
3237873
7455833
2719333
3831683
4914637
15211
8190823
1598047
3800607
6806967
5005401
2462903
7397743
9164767
5831581
1906791
1167289
4202511
5124221
9130689
8056247
3027211
2314019
2009357
8084761
8236053
1749699
5028761
7126863
2035897
467051
7524609
5394581
873899
2006409
9738121
3275931
6717291
7831353
1643567
5387413
5587671
4555777
465267
8491943
7442093
6952993
7753571
9677729
1315303
1422907
2564043
8131603
9310177
2725277
6301843
857283
5841819
2895369
9844637
1195423
9497727
5336801
7726901
4789891
157180293
2248239
4517773
2473221
8599723
3615707
6599241
9007069
309379
6045159
1846451
1545793
3827341
137801827
8422861
5067
4988621
4680533
6713689
4111763
1188189
9968659
645047
38775081
1039201
1078249
7800451
346301
3864179
8659189
3235173
1344277
4656161
189962729
7215173
4480089
9023531
70147
5237163
7557781
213013
120988939
5067597
5903097
3932287
6919281
153211457
6336899
8132117
9191841
2938621
1398299
4969
9047861
7084023
575427
7267617
7516533
3754097
82724321
6761073
1529163
386009
81931727
135029
1456563
2415157
2706569
8951883
8732031
44707
4284541
3745187
2521249
115308553
9492767
7531863
3717189
2608861
5119919
77721
3788251
1129313
7870683
6373943
6668027
9121403
9522613
3210243
37814769
10729743
97491
6729203
5300277
202557
7231897
1756623
4366207
8272423
4873527
3184749
7185031
2045541
130733417
4440513
6698923
736401
7289167
67697961
3572699
1348237
5152819
9117471
2366551
8360693
5064879
69008829
2005607
1427037
3368229
279463
7453869
5697941
5114661
7407301
440407
3783877
8756331
7581053
4901763
1774371
7526321
3363279
8959267
2579111
4432673
5205743
3429949
47955027
7037761
1653641
900843
7301899
184754459
7263587
4000943
7270539
4751359
5123923
3700403
7261077
4414703
5965933
436603
25729
2663631
2604889
66297769
276993
2606249
4555893
7943409
8192931
9161333
6407349
9123109
9289881
7638451
7869211
11957299
1120639
6326147
9788049
6907179
3410487
1773919
331393
2328687
604589
48691961
453519
7448403
2763521
2162201
82227
3558747
4871183
6354921
9858017
4648487
4824989
541613
6621241
3275483
7808713
8285343
1023337
6548941
2417957
3780457
5018457
1989173
3068107
7463031
869197
3274911
1449679
1948951
1114737
8016053
6324313
1101959
7597031
3572307
1579543
438361
3748031
4960929
2541317
9058927
3535863
7604191
8992393
4751957
7248771
6083713
1382313
33987261
5464111
3973909
2009587
3662059
1350791
9964099
2176319
184681539
6307547
1436699
6553007
6227233
