4544037
9416957
5172541
9302053
8669973
2949301
7695969
4293203
224951
5198227
3494293
159141463
4768997
1622839
6604817
5483107
608281
6541523
626031
1626037
2949907
5404671
8366887
9350131
923281
692853
7084883
9029917
8498709
8733811
1325329
2887541
6299489
1848721
6687031
4122619
2797503
9723003
550579
1612979
5003199
7528511
1920901
5623339
6860077
9486401
9555123
2735747
8705339
2962843
4546347
9628121
4482767
2914561
4000921
1470003
8427223
4002407
8673311
1029689
6642359
142668913
5487419
7280393
9573433
2338667
9301709
2805959
1711973
8146629
7952533
8897577
8764599
1710137
6387831
9782411
2310513
9502293
4170743
6009347
7724427
58551
3477471
7370849
6443489
4239731
2699093
2343913
2737431
2183011
358231
9168257
305899
8394103
855807
2652661
7232917
439181
2890573
6783471
3175609
4394299
2866731
1294973
1035777
2558991
8279921
7130979
8831877
8053589
130093107
2302697
7205429
6655223
4424961
633293
2581651
6397943
3539509
4935141
9693141
5310807
2695007
9711989
5861691
9405121
2616367
7988813
6630831
1848753
3177963
36467393
60598459
6356331
9793081
3850503
5410531
9953681
8075387
8956149
6529973
9455523
8132623
6186801
1139959
2796431
8474533
6068579
101079
3260623
3888373
4947711
7854663
2550913
1663983
6667889
1917811
9542839
992047
456369
7363751
9343277
9105383
2342051
2995353
5454957
7314311
4024691
836907
3986441
5533719
6125371
1580393
1382717
9293769
6720923
1080939
8911377
3823531
111611
5651453
9114321
1610881
159355263
6784111
3982761
6601481
8124609
4485987
1693537
8692867
4359183
9989549
6275483
6519029
9956153
9469259
974517
7267017
6878551
9135979
455181
3383131
9648829
6637061
8098417
9403449
7676771
7452741
4392273
1094847
779593
6842743
8820963
19345477
7398421
2427769
95815771
2170217
1291337
7715109
1926357
7381237
9942469
364389
87521041
8437703
9967387
8861001
996653
7158237
5702483
8410147
1248309
2267173
16053131
1770119
7940591
8835947
3000291
499079
3870213
1092237
6472869
3279949
2160137
7054771
3250327
56591
197362449
4933733
6411807
1384511
702811
4113679
736497
288273
5769689
6859287
536189
7230687
8627089
794841
9068737
3794791
5547757
7325097
8993879
6741591
3431463
7335567
2994153
9368839
9903529
1624913
1427887
1005429
3201949
3835941
384313
9179341
5677471
8693961
5201623
1906707
7990901
5166161
6546011
70103
6775949
3796633
8646969
2574107
7699041
661647
3617807
4731877
5996883
85290199
7444583
387627
3562773
160403
4791469
225473
5751643
3926103
8411231
5045989
5454211
8141749
617153
9877313
5272117
9536429
4312519
134588017
4695599
6466991
7947649
6592131
5449781
99120461
5656851
9696803
200199
7605823
1613499
3818991
7257261
5911291
5701293
4481173
8469593
66679
6547953
7074747
1053127
6148183
6999041
2165523
2903817
8311897
905717
114248729
4626663
3205441
8889517
9417443
6977181
1596417
175530343
7253699
5901733
5163673
8370703
3882681
8026217
2103299
5888887
6054789
17938247
7299811
69497
9384873
7068237
688951
7511063
2239859
8169237
3005911
8236723
1757757
9677117
9350277
182838653
1619147
259729
5474047
9235177
6104627
2915769
8822337
6596003
3174291
2792197
3170813
4490043
8766849
3707297
750123
2739723
2752191
8295533
6741919
3405861
8677561
733091
4848513
8141783
6824191
9792433
3488299
6176631
3535119
9517697
4441441
4854479
6592713
1863541
4445529
9069149
7331773
7864873
1580781
6540939
5559049
3204397
222559
6227217
2766761
8930471
5952559
4066161
122724733
5166143
7008633
7554017
135323221
9367949
1946041
3835371
461341
4032477
1216247
2707339
4436011
1664861
4321409
8328287
6359597
7833627
3323543
1097341
2252529
3954953
762853
3608443
3527739
30839889
9683347
8650943
8777899
2004887
5439251
2463481
366913
3028023
1802401
3428171
9422491
1414291
4703949
6718661
1669099
9065487
9626851
1128671
9871113
1993929
6561959
2066043
1621253
3519559
2598003
8285303
9314067
1354881
8254739
4239949
9017359
4357833
267207
4311067
6794749
4672657
5199303
9514261
8009613
1588417
9389841
9212337
7473439
5449983
6475829
6220179
4540227
3367981
4594823
9372927
86349
3320469
9879053
977617
2548167
6874627
2321967
5117721
4753907
179839859
4997133
6427583
6291959
9021889
201311
4502179
9378933
738237
539887
4189981
4106427
5511903
6797239
6964129
3104403
2937339
41053779
1360371
471701
8813447
5983809
1026823
4688739
7192457
4127429
2013217
4008377
6327683
5800809
3852517
292649
8755559
7664157
1563011
8485649
2790881
1137539
3438001
7178287
7544787
4527071
4919253
6785827
965007
49546921
4042687
60563
2706299
3745871
2880207
5342423
5237393
3236191
8629553
9006777
1532593
4515367
8082141
8757259
3299463
9020857
7882909
459981
8648353
5094831
4135793
1698551
5929437
3716871
9458159
3043721
81223969
6919037
1746091
210007
1017017
8434411
8168717
7141223
5444689
2034337
6362723
8596553
8787031
9424561
8062999
6002769
6356993
8871203
9468923
1656043
5341177
2734421
3757737
4902863
92566409
797121
2659307
4195337
44178333
3761703
4194073
4289363
439917
3733201
3180937
8713951
1876489
8817793
9790019
7160529
6034977
7360163
72951
5123567
4377703
9444041
6535237
5901017
7470779
2843923
2765499
519501
3725849
8928059
7286821
1130423
9347663
1056243
6133917
4222077
6525601
3849579
6375183
730453
177576061
1763527
4539687
2836139
4147257
39496593
6099171
4561303
1923789
6966539
115019913
359761
2681287
5906209
5758009
3363523
6628177
3823053
2028287
5919759
5094611
9708303
3858981
5013537
6383277
6306097
2202987
5565419
9095143
5567369
5519833
1069089
13063457
7772009
26147323
3557279
272673
9013717
5161937
101730243
5360321
1467429
2405357
5406099
2069987
8845593
2636529
4234451
7472681
153735913
2024667
4056237
9011409
599869
8319083
8092021
6345931
23150081
1853757
9559303
8674903
2210887
6203959
5428949
5279787
5319599
4917763
1283999
4065609
5601517
2921317
476269
2011057
491657
381449
7186519
1537157
5742233
6215441
8224197
5534459
6550409
9088811
5221569
3084213
85531401
7328223
8239437
8766393
9809179
4353701
9931453
5441103
7058769
2890751
785469
865567
5234963
7772549
190300293
9938721
2083313
1443467
5219267
8214637
3282983
1590741
4904277
5371567
2167701
249837
2218209
5080889
1219053
5302511
7553189
3262609
3182493
9302909
3275341
5963069
5960301
2809797
8457761
1731101
5277881
2339733
5756067
1609573
9572571
5617001
6435821
7236449
7451597
2972791
8148899
6092807
1600327
4611063
5250289
3509893
5910981
3145197
1924471
8274673
4471463
548733
1288367
2125739
1579543
5818501
1795221
3370277
1627351
6781371
3009673
1311253
3360037
7771637
5305067
8610967
4659801
4883571
102759449
393569
3159663
