546193
4816471
9706419
5136459
4383127
1404401
4279689
9771533
7154819
8014057
2201451
160031279
5844799
1226763
7869089
7572477
9982909
862737
7651441
636889
460021
8420229
7510219
8871941
6834061
8640697
2147947
6723789
6343387
2438737
8598607
7472601
752987
5466693
8486101
1024471
6767901
49159857
764733
225859
1850933
5098209
4859239
7001441
3335053
7146673
7510711
2662883
158189
1071891
4055161
9613321
5471797
1451883
47387299
6812543
138081711
8199979
201263
5331207
9540307
348721
5835669
5552697
1360041
3653979
4834341
3013893
1044869
3698073
8022691
784783
1799021
7756531
6269077
2586921
4793813
8073801
1802129
8700269
3110819
5770489
7499361
9938779
4107729
5223747
4552473
2262899
9775279
3846069
6297827
47798921
8975389
7905957
3408173
7840083
4377387
4401799
1922527
3543009
81849
3593479
6792781
7294219
1144153
1455359
835867
3841281
3004267
9872243
5454321
2043559
9831981
3966997
4650149
7057467
370081
3437363
8787301
505691
7791919
1892599
112266171
660243
5780567
9056109
4319431
8705237
3521311
377073
5896223
4762849
4661313
2317331
6368373
2593249
169516459
530301
240803
1294147
3867633
9411819
4820589
6081597
8726203
1505981
2624781
3692689
603069
5461017
3621257
8132763
8067343
2003973
7448539
5192407
7575019
3016029
4077527
9457343
6546209
5910247
9734289
5936541
6301001
2437977
6521197
7932023
5793879
573539
184801
6589579
850467
4523609
7407409
7665057
7137621
7662347
7099103
145420101
1071711
2865093
15207051
736503
3536017
1485491
36987
1460081
8892679
166739
4153339
783381
9794623
8453877
2091743
8153271
3139989
8978023
1973247
9009723
333279
2268881
3147229
30567
6655151
66370001
4893689
6487951
7860153
2859551
3867353
7870371
451517
7889987
6391523
1476181
3093799
5040681
500401
3898269
1093579
329851
625809
2161277
2894159
9150099
2306621
8618971
7682147
10062039
1946161
8006351
9578717
3216601
5805837
3361581
633983
7799177
7882521
7772159
5521357
2550619
6400511
6906223
8546479
985729
6181511
793781
6003349
195610333
6063183
7793127
5669357
4491771
5321411
150060417
527323
9215021
5047723
1986131
2629971
2441197
4078943
2566173
184035439
5334787
5264499
7123781
2680967
5272019
1340299
5154987
975773
3102069
1955429
1652883
6994723
6766419
1904649
8499931
9138969
5175527
7707439
6211697
6119233
6157993
1911539
7599883
5143311
4619009
7393829
4010221
4795471
6004553
4960333
2780057
7891579
1349507
254157
2190243
8201803
12450673
1287637
2501907
203121
6232349
6642767
8625529
2747507
28824603
4850193
2270469
5148849
6731133
5734641
3956743
9485003
8643003
3890347
6812881
6125857
4729359
5991087
7951277
3877381
5189127
4140803
3362179
2447799
874137
4126463
8196727
2194537
9832927
4000109
3399903
187049827
3116107
4926253
2140053
4224723
5378893
4162893
3338269
3857347
6639237
3923837
1583469
9904021
4154159
1988761
4836167
9707669
2496857
2463889
3164101
6074357
7150809
3266367
5128709
1744693
626947
4404297
6444277
567553
9615567
6090023
2035993
5876767
9441633
4299399
7112171
6469039
5423327
4574023
2565933
6154763
9108969
9932393
5066523
389801
8957691
6490629
8013097
1745143
890121
9964733
5625771
2438517
9590557
4675233
3977533
6195709
1874341
4271167
4570017
7408929
4883969
5664997
6493597
9878793
4405133
9966151
190431
3819757
3950127
8966969
7422331
2281433
8148231
300163
9872719
102389
9051137
3689637
872683
162269327
3559837
822727
7199367
496813
9083381
6509383
6593633
7012051
5553637
3103927
7449073
3885209
7991859
140904681
1590437
1095337
1145841
4258841
9638757
8827761
159246977
2507701
3026559
8864897
7057547
2937901
1188491
5712227
710713
2278009
9048631
7513027
4797497
2108639
9535907
9103623
25417647
16769
254131
5528627
7264177
4176771
8233909
6782947
4834431
6434743
2995767
6520329
162949
6568869
5052367
213689
147162879
5174009
247847
1000357
2179279
8020181
1639051
118637
643331
7089923
4508939
4874427
4350109
8176001
1199393
7358991
2123461
6590247
1323999
4976929
9624463
9901801
9031353
9461641
8624779
1347869
46133
4311389
8764277
2180019
7060147
5585751
2731207
1205621
7452773
1818133
9618171
1208231
892407
3791979
7780311
7578641
2934991
5840689
2880339
114384909
1071413
9150197
1898029
9329111
1129827
9144337
653523
9555423
6626159
1377993
8382263
2633901
4402443
4458129
9789211
6786359
18221191
8338131
271697
3045573
8848089
6067977
9857743
5966453
1712991
7055331
5024861
1333101
5822399
1203713
5929309
2887827
282367
98113
1926663
9076653
6293717
3855527
2003113
1029367
5024159
1429403
9647953
5766623
4946579
3719269
7169223
8827083
2697859
8936759
6712367
5461091
5919263
1365779
4709473
9063741
1144959
3404021
4597433
145156363
7914559
5663599
8591321
5173193
716861
118472477
3957019
8946169
1457903
2100173
7304001
699431
2520661
2618981
1211463
6871991
11111163
66510729
6598843
1173781
2016149
3311607
8625139
5590587
8894787
49615073
9320267
5146297
8447359
4227399
1539373
3727159
917469
6257921
7527129
5119607
2155263
8286163
7966759
8360171
96440321
8406201
696319
8026549
8287327
7028861
3742133
8774719
156607927
5920309
5704209
3970247
7779581
713881
6457347
9527699
4463659
357393
713633
18250263
1556571
1012487
245423
6268311
5067051
6247169
6411389
3363973
9358327
1427309
565123
1191753
98084437
6483659
3122697
8484511
123933971
9008093
8732099
9955373
8179757
5327841
2280439
16538641
2066617
24823
2873473
8519589
8438053
174470239
8003311
8631027
1665129
9239837
1852497
9241107
4634787
7134989
9359431
6413347
473857
5996031
7138681
7960617
5195507
7499519
974667
8082503
7037919
8677061
3112539
513137
3828113
5409123
951767
9924063
134466681
5074121
8033691
3284571
5145219
7827031
4254987
791217
184467
4013841
1581437
5236411
7047593
7635007
28728869
9036793
2815907
9625817
385899
7126231
3566851
4044037
3521971
6468357
5070129
2107917
5318229
7256673
4514811
5629871
2886593
3725033
7182177
8799403
8045997
7674859
1952687
2425819
6348701
7629303
6256581
6384711
2300119
3086317
3540479
4315347
118672177
350961
170307833
9580709
6014689
8983123
1012203
1039851
9317373
8666781
4430717
6216043
6018433
7933873
7186637
1196867
4720667
6078397
2820741
3479491
4038403
1638397
9807999
3949091
8425577
8386187
5008021
8960873
71453
5256533
802497
5245763
9166089
781671
8353037
3331569
9631907
645491
5525003
33481
6867823
4958189
2269519
8452039
2826409
2516587
5855291
4846063
7539541
9808029
4228581
3866847
5951759
5886203
1418423
629083
6015357
6222049
4646871
5861083
9816993
801537
6384597
3451373
2706373
9499003
7676907
7718577
6053569
9384171
