5362927
1197911
326087
848521
3209091
2777201
2490673
7541277
1278701
9109521
9560909
9690671
4711343
6316189
198911031
4992001
843207
6883957
7031301
6592989
4949977
9770327
7662241
7799591
7483139
4145911
9640223
5297311
9386623
8223429
591543
9622581
7728107
2426289
6357169
2211651
6957199
6390503
2912507
4258779
8216983
9716143
5706399
521331
5635827
634359
7441423
8158121
9910273
5635269
395759
7058553
8640517
3239377
8937669
7256677
5736119
4347047
9278531
6866703
6651803
4111097
5934521
5486253
2848103
8669771
6250887
3141641
2038683
8155379
6210621
37257
8551003
4032633
5978351
5946673
7404519
3071109
5266059
5466401
4696221
7729083
5290923
8539993
6108883
8828603
6227883
2096373
96729393
6805757
8132379
5261511
18686347
9731809
932411
3479503
4745101
2935341
5916439
7393109
2538969
3195123
2431463
1703221
6866979
8214727
3254313
4911667
9768373
2327807
3482237
7612301
6705511
3168581
1279373
1850669
645067
1673097
902629
8950653
12684207
4711993
683357
1308503
1517343
5713437
8873007
17875609
8197271
4733149
174649
7435951
7011861
8054961
623807
2544489
1630367
8376291
6837787
5142127
9003149
8493169
6638059
3473429
7111103
9458479
7183429
28827
2485577
1599397
7431783
5617383
8094679
8326959
7383803
9670693
1183597
1666847
2399753
3572553
9816139
4826507
2257561
8642007
3679957
5175397
1280391
2770567
6071121
9205191
9227089
9404313
9433209
8346553
3540009
2713527
7278371
446169
8049449
9106821
7209697
5501177
9340323
459171
1034393
6181807
806791
1887919
131251317
163841
6253553
7128173
3610087
6888171
1742469
6167099
5461999
5247061
60079
451823
4779753
3810811
4839351
2092113
8467827
2368979
556231
3705939
7946303
2826531
262429
6809911
4359141
3763433
2241419
1174511
668433
9224509
8569001
8213259
106951197
306077
560329
4376321
4465357
1983507
1181019
2638913
1047501
1166869
551457
1106079
2688469
4985301
8254027
5421
5711317
6085121
6383289
7036933
3877097
6411853
5605311
3934001
7678153
6208719
6099561
5659801
6667677
125774327
9606023
992837
127733651
8878751
8164103
4850651
921823
7685579
1358717
9112533
2098519
13757843
1408507
8457267
3870211
7131517
7923743
3636927
6374083
1993291
742519
3341151
3332411
519933
6516881
8857053
1248339
8408897
1152679
153793
6737221
9698167
4952661
9498057
5046149
1237717
1297227
42644593
7468169
1260007
4779761
3453467
6503201
7000061
7020423
196647
10364001
7271287
8769429
3339083
1137139
1367999
2497031
4287661
9405427
6029221
6084503
6662613
4050447
8863507
4670521
2632473
3367531
650093
6238317
4031679
7310919
4337583
1698363
8723863
4027009
6688559
1594349
4104153
5493291
5347301
4472147
8448317
912103
1374069
4409483
7711507
3448733
7547823
7029207
9046277
2471199
4522053
5622993
53612943
4827709
1277129
7644687
449491
8182497
4628997
2811799
9894187
1701301
184737
3649361
5456139
1230573
7174087
2953683
385029
7337433
6093863
4183573
7551977
3399583
5531261
1634823
8170209
248969
5836007
9044657
5217929
1027827
1071147
1343851
6973139
6241403
7578301
1362879
9397269
2951781
5089121
9817493
8828167
8333301
7614717
5848869
3647653
9100653
7794231
7280687
3671411
88909271
9141911
4415559
6340063
772801
1495603
9649971
7993381
1462403
9955949
6084111
8795387
2990809
3198713
6994261
5336483
6247563
7325569
8691471
260979
2149687
7533291
9069843
8391289
2797743
9244417
7648583
4032103
481977
130524181
5874027
2640751
1753419
4981839
8996611
12929
799759
4366909
84796407
8574677
6865537
9807601
366577
9042773
47761
7162221
1911941
7873503
453413
4586703
76921
177566047
99594987
8067857
4750809
8883067
5554213
118776983
6668737
4097323
1942601
2322003
2494449
9115841
901933
980177
7059999
7088593
3642607
4571561
1368871
4660653
4904369
4067399
3211847
452161
3362081
9745887
9107433
6299713
7878241
3799687
9784597
1048127
1178009
6337843
6659951
66964651
1531457
82003647
6980123
1257809
7931077
9239037
5091143
1148541
1353607
2296241
1021461
9584981
5169863
3460397
9172661
2149357
4431073
3987919
107537123
185007
4174181
1448719
7092017
808581
2782811
9026397
3720563
7455807
1972189
9527021
1717753
101704419
2779703
7154507
8647713
2808363
9977789
315963
9792951
9597261
5115689
8092909
4412581
2677787
700893
1243081
5131943
9252393
5856979
934707
7619969
8834357
1617839
8915711
7796309
208051
9708441
9870643
4579023
3906411
7614289
6673349
2635547
8829613
6108441
4850811
2311751
1330621
997661
4271273
1488077
5055561
3337907
1359313
8035663
1817767
6974757
6793957
4586991
9151757
6028703
2162777
7111229
6202033
7794733
3622423
6986597
2575757
8743967
8106809
2423639
6159247
1479451
5945801
3329243
6736091
545883
7063347
8454601
8184461
8352759
3959457
3588411
4902487
6070471
802491
4291407
4137407
7296127
5173949
6574611
6493993
8752347
6458453
1876409
7165069
5137257
9905423
7896071
3838337
9496009
3879711
3876921
2290441
3130049
7037231
7938561
7361189
5807473
7467693
4052823
5024209
3925461
6065177
661857
3615701
423609
2031923
3764607
5805283
6534763
1486341
5014139
3131623
5286293
696191
9743871
152241
3438923
8588041
5769811
91727
7247091
1483959
208641
6618511
5948507
1997503
8514359
9727263
3371787
184619
3075879
2191571
8536817
2266631
5089133
6416009
7725907
8967253
3955557
53266977
5913617
2541439
8922503
6900019
1221477
6137527
8189503
8623681
3412201
3837099
5722693
7511199
7400327
2652121
6328539
1655119
2411979
2492961
5264423
2249873
810717
4805531
5637481
4689483
9883677
3087813
9595083
1148769
3002447
9108649
3413489
7936921
4362733
3832331
648443
1131057
1268629
467037
172800357
5795981
6351473
8140297
2542323
946473
324891
191015341
1183119
7184227
2590483
1971451
5355517
8549157
4891537
5132299
4292457
1509989
8968917
7621333
9264743
7413943
5272037
6046819
9915137
4147971
8771037
6620629
6707751
5182129
7033531
383057
2796829
382837
6676581
7430761
6910347
458087
4710459
1850009
2289393
1083987
8360123
8032407
6211513
9329701
8267469
9874229
1131467
2912369
9651643
3538783
7336547
4556387
2152933
2269707
9689071
7962139
7967457
3131549
7705633
6801283
7758817
3441739
970819
7725063
4893761
6551541
8320111
1903971
7232853
7136377
5816033
456711
109321473
3342373
3967789
4423353
148623
5876029
9745927
3747199
7020441
9003699
8134899
4358679
7764563
9983917
1181211
1698191
3991339
1744143
3933543
3542211
8341201
643887
4095371
8504743
9465281
3871309
6860097
87817497
3156683
1724949
4432013
6585047
3087989
1973133
9799531
4719357
1050903
5425161
2338479
61765381
8913987
2042373
5466091
7018559
4369657
4161391
9339453
8649059
8726719
6359439
505473
7607301
3007489
5646161
2980957
99564283
98812457
1121003
2003429
5493041
9049893
7518533
6130363
7412149
99781609
141180489
5746429
5895397
6018679
6801243
7209429
4359547
8147337
1401747
2301587
