4426353
138899329
6660637
6208171
2782807
2106833
2505921
3589083
6536679
2394811
1749013
7308267
136716111
3111167
3802283
1863603
1086891
6554069
3305881
1512191
9879751
6267653
509621
1000443
8597983
375233
7310401
3176667
1960569
5604829
6702773
3974623
8540723
9888673
5794089
8674309
1221899
7656717
2795751
8122127
1968773
2828039
5068667
8760867
7021101
6742173
8990727
9709261
7306009
2172769
1392329
8148459
2808421
8136449
1558333
4192509
8229771
17885959
2049501
1709913
2029389
9355747
1345313
6755289
216097
6492113
115157903
3750397
5469607
9801573
4220219
638053
7974431
8271587
4376319
7872639
114269
1032877
6065577
2243287
4593747
38773
8059883
9316121
4367597
4575291
7131559
7446253
3701373
3654413
2921791
6751127
6243803
2358013
9200691
8958919
6847829
7403731
5897949
9984721
8335173
4437199
9543737
2947883
2611873
4598271
9745923
6937251
108753533
9981807
7598363
6769143
4242447
793807
482439
6066173
3565023
6814823
6591019
4608323
92826981
2142903
3341903
6391519
6869279
8673699
8781361
3698501
5208103
1190597
2336743
7514793
8350867
5054349
7336439
1943411
8239287
3435561
9724219
5686727
1126269
3505111
997643
3017519
8491913
6235873
85487521
9328369
1858247
2393337
9017383
3917899
195634199
125154923
4277863
3940123
6000951
6311211
797611
5088559
4704829
4538091
7918217
80220763
9103619
9198231
1129583
44926447
4168279
52927243
3662563
3250361
4923811
2354707
5418557
6374159
2784183
2911611
2655153
9572409
9193831
192479433
4180209
3994641
695429
8974697
6922683
5896071
3791561
1604673
7083477
687051
8598113
2323783
7875669
5394901
4834999
7684419
677639
4624041
1289997
1853193
8511073
4043271
2245243
5431429
6387791
8197569
2813183
4123597
7184513
7983877
8107827
5655381
4784807
5532987
135013399
7372177
6167693
6515627
2895603
8774751
2991553
2674007
9356013
2918081
50611379
8749763
7048843
7864681
777451
9322071
552959
1823313
7475369
9254213
103479111
5938819
4176101
9452047
3337639
4766923
7843947
7526651
6350023
967879
1206091
1578411
6771439
2372749
97329293
2966149
5733301
8621209
9168103
7425323
6355033
4712827
2322863
776367
9773483
6068039
2805289
1387841
2698429
8112249
3088091
2891953
528411
6104471
8383567
2753979
109001
3441651
9136991
2721667
7447047
7529363
1496851
5441217
9508229
3378903
5801053
625091
6068321
7864289
5852523
8120709
8653051
2174613
7645891
1052801
1294927
1449601
36568773
9005163
1042107
89033483
3147139
2195977
7520641
1589007
3409987
1513503
8922337
8224993
9550669
2599147
492837
9883113
7585249
6929331
1368907
2282751
6376761
1590527
3069713
3032783
1320037
9621181
4374359
1279899
9675373
4005143
4223929
3517029
7540881
6921247
6904411
1549113
2207403
1882247
8416989
4645931
6542651
9049081
5226191
7106507
2564421
8502299
1980951
104981
9729157
4125187
4369501
1410411
3802003
4789507
6699539
9209859
3067811
7954607
9490007
4905713
725167
106377
4750381
2399299
3822957
8116417
8588311
612303
9051531
6441331
4405177
4682721
7912521
3250243
220899
7798477
2398921
6367797
9618879
3936921
2884001
7455271
9143697
6527809
3161597
4934481
9319767
404507
4961543
6722057
7240319
124555983
1628589
1998593
4084851
5713823
8983331
5448943
1272547
7097067
6698157
425239
2115931
8877361
3450541
3756479
2028579
2592741
714597
7630559
9348897
7116997
8474647
1876217
5781579
4022969
2049303
8933573
1802393
6692007
5154991
3878569
1408483
2524101
1646099
4524883
6280583
93908673
1852641
5431953
7109189
1057029
6485111
6346529
7694497
3561497
3835187
6504793
2370277
4853197
3957099
4510749
1504639
1574649
6859069
3436283
6843407
6298737
6063343
1039289
1664969
8405929
2610153
3821581
9863823
6242639
9718403
2148123
8177437
1520593
8645329
6668011
2173053
9484477
411629
6353859
1505973
8686353
1983863
9947043
2128081
6942193
3141307
5179513
9699283
2823717
3722603
2100089
5755083
3391927
1271101
7247901
7191443
4248727
5398667
72913343
3112983
8352371
3506051
2194547
2746057
6480597
169843
7558259
1434681
162433027
1635159
8499797
1414383
6024383
812467
4699147
9755047
1498977
7211269
184904471
7247589
147519397
1607787
9086693
6684443
9143329
6021849
2293939
2659437
6959433
6063077
104161543
125251
97523
4915813
8550051
8380021
2258221
3580209
4191237
5069677
6915249
4613483
4582781
2810563
5746207
7909149
8443321
472771
8963573
5432819
2546233
6261949
9703943
2717833
8858537
7971813
8423571
7217279
9869813
1825887
9596473
2619131
8073767
2366759
7611037
6963137
5074293
7350249
7046289
827549
6043083
3113663
8187069
1642313
5654377
6129923
4882757
5325221
7830709
9314249
2108391
3268469
226513
1990289
130303
224497
7670053
8109017
1632523
6357921
5196787
7373687
9201143
6795591
33263479
6926177
7338317
143045279
8259727
4124479
650581
5963037
3538959
639809
7271981
7835677
1460641
4026537
9656803
6096049
7181203
9757551
8671831
1542753
4204111
8240917
3666177
5427859
5155197
9984303
8003899
9140373
4052449
3384833
7219713
8694511
6452333
5902161
6079479
187199161
3309213
6504631
2661857
2274971
9351069
5819277
6449167
9327617
2867981
3371209
2736183
146524487
6455963
5167671
3910199
8491201
1647511
35264387
3107969
541457
2959223
2296357
150500937
4620639
418877
9937939
1300543
6265769
3288837
9825461
5931729
4201531
2513993
3765951
6601243
2584271
4403117
3138877
8881849
5268387
7631863
9916193
5626481
8325097
1250043
6116809
1934311
7917651
2534763
6151731
7802599
35089
1913939
8692343
2272077
1669587
834843
6161347
9861303
7382883
4488641
6491711
2981977
4276779
2440283
1751931
8973687
6758517
1910491
9139831
9141147
5266091
8657149
2560513
9019721
2584761
6753941
1181997
1680427
8724391
3538839
409073
5403721
1291467
2151941
3264307
42223209
9794613
2853201
8754713
1724697
27977
7954111
2557071
8987947
2323013
443441
4555831
4482249
436843
696029
6457571
5304003
5256549
7471171
137841
4568197
4799489
5310667
6898017
6211089
5093543
3410673
6709173
4967411
8223509
77812943
9625973
3938733
2907943
9891157
76897
5131599
5315157
4933501
6636281
2526969
4644427
3605749
3639787
8709527
936697
1860509
8999729
8221719
2932341
5118691
9175899
179946581
5314769
5536571
7241513
6331883
6570443
2702617
7162371
5547899
122076567
4788981
5188769
2707057
6299551
3425667
917943
6934437
216177
1620509
7089273
3029241
7713561
9929081
5254989
145898903
5781413
3028193
8572501
7426457
7590201
8482643
7736959
196487769
5126981
9552007
288743
5785281
9546227
1683777
6560763
96875831
6856747
95921209
132303743
2352111
9372231
6587017
5891803
3973771
2731483
9402719
9228439
15321579
9946107
4903731
8242481
5002909
3738317
9559239
9601077
9390671
2110453
5273457
140777183
6967061
1228733
