7413187
2195467
306269
3463149
2283357
3309151
3489667
7100141
5268119
7998217
597669
4313839
4259819
10365161
2321747
2373057
6936323
453117
9882579
6086767
9405041
1153259
4037639
2667663
4446083
3749489
7490371
1043321
3005087
1710177
879957
7205999
945947
141026269
147451171
418163
192910417
8000321
936637
735057
4679983
6020173
8038001
5362033
8037929
505897
8612201
7649887
4400809
3132843
4677217
363271
111165127
3665199
7147307
125636659
8890417
8871471
9218837
2861329
4326367
4745869
1143083
8145353
425683
2264977
9291203
8749983
24850471
3469349
638597
31016041
103303
2761461
2145491
4198113
1676913
6104277
5047237
691647
8480027
4709671
3303227
3142441
9973931
2830099
1676431
757367
7701481
7666643
575493
2198753
4243129
6642169
8987167
598983
9018241
3224993
40558781
6762343
2466359
5362301
4103897
111606893
9912871
9144389
8844709
5419063
8402449
512197
2217277
5225307
4948917
9103583
9248879
1215033
9573417
4363899
5889359
6467201
7494431
6552817
8671849
4758233
271021
296157
740533
6135537
5567213
7127597
6699463
5403337
7550459
7105139
5401151
1426199
6165541
4846711
3823529
9633041
115323363
6864279
7362173
1286169
3473429
4650741
5713013
7188471
3410717
6352199
2384837
7376777
2922779
3279603
9515637
7613943
5262611
4663251
3130271
813841
1384299
2532761
2501189
758401
2990519
6717859
4187201
9606793
595059
333541
9412121
3781191
7645361
8695753
5291517
6108133
4888789
214101
6114113
20823091
2460649
1869389
9735627
1253101
142477
6570577
7030403
2921793
4694721
7064139
5331679
6931231
1122603
2757893
4587363
668553
5947031
4268593
913131
6935063
130991
3516053
2645479
9713579
1264677
2514013
2953547
6739269
1702337
5495243
5032543
8867031
1249319
838011
6833871
6057279
3144457
4997667
3306231
9348479
7545877
2974903
2088769
6445649
8697907
9572069
7930863
5282159
1647943
7348937
1940173
4905519
2115951
9272889
100839339
2462271
308523
5022263
5377543
8760917
7501631
3543301
7840267
1680347
3290103
7188337
6891381
6313071
8895087
773879
2931007
2150931
2817759
1974419
8057681
4982313
1838509
3589779
7822689
6297229
3954023
3852347
9255137
4819841
2654817
4109309
2636609
5831737
7736567
4157027
2105727
3648223
6311449
3371577
6828071
6412333
71613
8185603
1108137
4985887
60970341
1857261
3547849
4550233
6425757
4358673
9944983
3476857
2508609
3624859
2235417
9086827
2774459
3809843
4168273
8275943
4555969
2943283
30039803
1986547
2839833
7650113
4157543
4181449
8119943
13529
9711773
2931921
6992737
3395779
8397937
9421103
9652059
9213269
4135279
7150431
8873883
8916203
4629933
9922471
2551951
6901031
3926159
9502751
4077729
8742141
3015761
6116739
915211
8446263
9916253
9473851
9026919
7085749
6718419
9296443
765819
8804773
8298543
5978997
5501057
4831801
7148321
5168629
2705253
6847257
5458141
2041689
9731109
4135933
4610101
243029
8156217
1974199
2681037
6911889
7877189
9567163
8561839
3946387
7904927
5316209
1929299
7141433
4222493
3999611
3777527
2989251
9533697
6797859
3464613
5780043
5496061
7941497
8220583
5076819
3354041
9982529
2018729
1072733
4743191
974789
9265701
8099697
8648881
1865369
7833523
7920851
8075597
4181821
1853523
8082901
9621979
3840663
1473763
7556057
520057
8930377
2284837
8785517
5396781
9954401
68923341
7633779
24734379
4798971
4260519
7510443
8213951
109111
4384883
9916133
552043
3524521
9522451
9073163
3558993
2615093
4411093
4671657
1926829
3780417
4184013
1349563
7796379
605433
4416253
1615611
6244559
4307591
5863091
5925669
9368467
6828609
4237487
1009007
730179
2014803
4807567
101700097
891503
2147077
6614361
425803
6726299
5372419
2057597
7095057
483067
1888599
38404157
125002507
5469259
7152163
7412351
6549383
7310707
8911461
8219443
1639361
9161669
3919763
5192867
7406161
1632217
2321823
9909027
7459871
1558459
7551077
9579997
1210959
8576199
9598119
7417143
6250001
2151067
4980411
540923
5094289
4680469
417931
8062667
6078881
7975739
7854227
5459627
5982327
2203877
999511
3703537
5858829
8400183
5998473
932187
7270753
204253
3547353
6722103
7901493
8927271
515187
7535671
8705239
3625779
3742871
9278199
6839619
9741753
650971
4568283
8783213
2698261
4387201
7102149
6694503
3327929
8287133
159555587
8669071
2870797
5708871
7845617
183918469
3192887
5097547
4614219
8228303
1058731
3222831
9388373
1858003
337771
8689839
9466689
1011203
9542877
1860109
7332957
4964099
9936049
9632547
839209
50047
5445759
1843679
12729
6423993
6329579
1678147
4877387
9277521
7928941
9675767
3216927
554793
9464729
5316897
5092517
1350391
4380339
2824157
9132747
3759579
8663429
7552041
1519079
9929073
9199307
8250701
7428481
890971
597879
6038771
9297311
5109567
1596689
1954371
4118643
5624877
190431279
3721221
8810431
3398509
69101
3827887
2438391
1717411
4554431
6111727
9672569
5968799
5042527
3241591
854141
7915409
1058791
1696657
1323023
7084727
6768081
1511053
5298757
1366781
3638241
4897451
5945149
9299923
2149383
6212857
2407767
650877
2943871
7070007
4334533
5082553
9585443
8223567
1610471
3192099
6532867
6295929
7116041
4523857
466583
188213649
1897487
2090547
2067421
3418751
2959683
9005611
2521337
9703533
5218069
2538373
5864811
6301021
2728127
8803059
9871131
4924077
6845161
571011
6789
1938427
4361819
9880349
8914167
8531107
9125957
7977157
4879007
8499451
1210793
179290797
4317767
1759627
793687
2833103
1180533
404389
8453181
8089903
2667137
742843
3301989
5577273
5513327
7753707
258699
1986959
7822779
5130433
3182321
2290831
8331031
2769553
54991
1816217
2679903
2738709
7876011
1177991
7335621
2738989
3060619
800027
4870731
858703
6114911
8009733
8495989
6552049
9139493
403451
5091157
1825921
689041
158410633
2813637
1411437
664377
1470129
167464777
6059059
8949799
9554609
912277
3003693
8220531
167675171
3100777
9028143
3765441
1973647
8536173
3976969
2744809
3150781
5417997
1179391
5585593
4977333
7125369
8193669
8769671
6630043
8640313
270827
5523389
5942681
9456991
6183199
7064243
467083
1679861
7902157
1166877
5130547
6880327
5737761
8302521
8800283
7233869
141987
5211413
3451373
9896653
9972613
7613619
8868901
3725517
7090077
509693
1789441
2678823
1050797
5975873
4635959
4495009
8204947
9882691
5893567
386709
8827711
6510333
8620503
5894181
7120273
2118139
5465357
1126227
5236429
125344351
5510167
3065779
8157333
2078689
8576477
9367271
4833593
4844947
9361797
6289591
1900307
9190979
3667903
5289171
6195879
5884877
4950257
1843893
6759023
3820079
6819351
3162003
7623839
2256943
9525959
5212571
9010943
548781
352017
5594383
1518219
4728113
5723127
3026619
6385767
7684499
3066207
5836563
9003179
3559307
3469511
8719251
2583849
165988887
6517007
6545387
8926119
6477751
8574721
64089727
2651903
9409363
6995651
1368019
2394827
131522537
