6818083
4912589
5351831
4729179
342143
9286721
7506373
9814989
2727003
2780431
1428689
6655853
3823563
4479147
530119
8673949
29657819
2389433
9830127
7634699
3212967
2703781
7980327
3242717
7966229
14815141
465029
1973757
9331449
7267307
650747
4818787
7837491
9150721
3328081
9957271
3564163
4175817
9936317
3294599
2373567
4154881
2247383
5151153
6972839
9734911
3323533
7205437
8340331
3034601
4014787
1449919
6845893
5360629
2816637
4354483
391943
3062491
1883653
631647
8892557
9097307
9391313
1916901
2176411
2644709
6960221
4810413
5230573
3336753
1778981
7591853
7098947
44841
5790343
3580921
2510973
6527159
6945883
8773387
725739
4532273
8388973
7353281
34919139
2895029
5378901
130911
4983063
2623427
54082863
1565911
7192357
3469271
8072981
8456903
6899633
1789391
1575479
3019487
5709659
4190733
6057307
9764527
7777449
60981889
5003039
195474803
2356503
2555851
8620223
3178863
9563719
9288691
198855211
9625377
3385277
1603151
5460901
7900517
2062971
7816061
8282187
1817107
3368637
1317259
7996037
2894749
3600783
1291097
7899961
103254249
192550911
6240719
1699749
9695661
5975859
119693
7104163
7498767
7052869
85097201
5926267
778299
5558363
8251263
421673
5587333
170499
5719237
7159601
5337891
1792909
4234107
5052313
4899711
6091967
33711711
6049321
2517109
4055831
3174487
2290059
1732183
5655567
1197141
8074169
2862077
7899769
164896693
9550753
278019
2054197
971137
8573141
8616467
4023581
4048189
3533091
6828897
145122327
3196411
623329
1938393
41249
1248659
1441363
1311769
898879
1805613
1526279
7625189
8154601
8758367
4733721
2430177
4640349
7275371
6119699
4462317
2956077
6821653
3065641
1199009
2105499
7141521
6522167
2921947
3803611
63681419
8024331
1709701
1094187
9334173
5484229
5918863
1116269
1721711
367547
5488157
2425369
4768377
8680657
8770653
9998951
7028161
2295893
1461731
2308433
1001731
4822983
9556539
8354451
1527923
6450983
6059167
3956319
604089
9066049
198381
664951
2815583
5668497
8418481
8852707
640643
1744217
8565051
1150473
4430519
4892971
3884401
8711943
2489651
7358433
2131487
2776449
8168201
53837311
3067337
9676731
3433579
9963791
2464401
2038989
139367
4097187
8073223
2683833
5146753
5798949
66668033
180204971
1866631
60994867
4388751
8540829
9211279
8183633
7366113
864889
8943373
2524917
3395141
2934201
4433737
1402967
8548151
8562927
6437423
3856549
8752133
7790777
3991209
9816893
2008597
7395259
9728361
5110919
5367601
6694931
8934121
2072467
6821293
3874629
4917287
9403911
8750683
5547671
597577
2345089
5156957
9749501
3697359
3700319
7100391
8931797
6676377
2633467
1612469
4202799
4939383
4617331
4778547
8105453
5776541
1241947
3762399
2165157
4657137
1838487
147902019
8209293
3348417
5791263
2864213
98343
4468569
6614603
7588181
499817
681897
703557
804713
5035053
4742899
8792301
102867227
6867171
7503099
4035663
1500887
1946407
9497519
375519
932957
1258693
5961929
2940977
72903279
119013
643489
52257293
2279441
2763959
2750527
9228809
369507
4475897
9796329
2396521
8319703
2027841
244083
36463671
6192951
6578517
7278767
7514837
8599119
1403303
7944883
889979
6602087
5838483
1576539
1386321
7761773
5401073
7568301
6367847
5028651
9814507
7084119
762679
4657027
5447819
2570451
5882613
3221149
7621483
5294419
3501803
1511717
8067311
3062441
8321719
1975591
3605369
4007821
6000527
7536493
7005253
9117387
9419733
5321163
2852543
1574983
9404261
1927223
268837
6707709
9375111
3203041
9180309
6915767
3001829
8307593
5630881
69907
8614067
7903951
6942847
2317893
2557319
2717573
9910371
9023161
335041
6270771
5474931
1116033
7785859
3577539
6974199
5362091
8701893
6576223
58464407
4566467
6708809
1498351
3356501
7271073
8787091
2596701
2701033
9498063
5826809
3882631
648817
6776623
5507923
9932639
7485027
1327407
9671917
89297713
6704713
7582337
1843377
1493191
1173337
5719729
5540021
4752647
8726903
6927383
2688019
1942117
8174217
8794289
95787
6840217
4061179
5274739
19005587
5406539
7672259
9197671
8869737
633683
8433979
6888217
6425237
7806119
5401973
534029
4823621
7991929
1489151
3653023
8474851
2774767
4640149
8503487
2067397
3113263
9040311
9083277
2987379
4884517
7734227
705079
3698167
7372763
5992421
7948991
2524291
4026547
5082723
7469647
4780229
7959967
7350723
6636247
1564511
819849
3316731
4870381
8916961
7675167
784907
9445653
1517901
6772221
6877107
3391929
3619203
1113917
5291321
8581157
31841133
7857507
1973659
2259997
4385411
9001237
6061047
1556823
920199
2010219
9634207
6644127
7865803
3377881
8585191
9715543
6525649
6266543
7571769
6355679
7267963
151439771
66359069
6875329
3761941
5300577
2639507
4427977
8789401
13241991
9437487
91337831
839181
2637891
1838641
8979781
6798477
1566183
1472893
4355829
1092779
379527
5856479
758931
614783
1134911
1221013
2529957
4067727
8859579
6290963
7156447
1899021
5753451
7117751
622853
8469639
3343169
7932133
9801067
9033633
5925277
2588037
5557779
1389919
2463353
9144971
242083
9414083
9895229
9069101
9883411
3333223
2723527
624503
9285901
1369829
2420971
4772101
9797733
2057953
6888779
66833397
4606829
5532927
7791329
4903009
72013
8873801
5502763
5435841
647221
7838479
2837137
4190263
7886577
881269
8425417
2458823
5022949
2073151
6066679
630583
2522803
696771
873311
5802473
33493
4862121
563847
9992897
437473
2578297
2218999
4039317
3108071
9692979
2922241
3171361
7539951
130892947
4658557
2840769
3471499
3019207
8134211
235631
2104619
8416603
3193399
2741147
909707
4361633
4496857
4117357
5653647
1749321
1667879
9403267
441509
8923183
7740727
5240467
6725787
2294027
5070849
133704277
9757719
2148611
6268427
2108249
9254133
6907493
9509603
4554523
1249571
440911
7597923
1058789
1261097
2162199
9873711
8771947
3186583
148593547
2572789
7570837
9870917
9463907
7024027
246867
7175773
7527037
4371511
9134357
26970357
6056531
9896749
5542439
7269763
2410597
1017091
9193079
8293741
43023
6186339
8027249
4438109
811711
1343901
4020043
948369
84657
8842261
9667793
9048473
2941987
5738689
2372459
9204637
3657767
840137
2697853
3147909
5686953
594027
7908339
9555129
1158627
8634441
161
4758979
8371171
3139411
3649581
3591047
8372729
2205111
8478161
6275179
552521
9317713
5076109
5605723
8297533
238739
8250561
5895741
1166907
23626351
9153803
8231217
845883
110865233
7047343
1442431
2491483
1041609
616121
3662569
3370651
1989547
8290289
219433
6342403
9552509
198854567
9976983
7226983
648199
4927841
2539227
2877503
1238739
376283
1506493
5369513
1271003
8689459
3149061
2243287
5729313
7460937
6667923
6734907
7173881
7961009
2502801
2507373
2529441
5789859
7952399
138534129
3922961
7105879
6589549
7846393
6156463
3769637
140506963
2986239
9406779
2294573
6118727
5824789
8090531
8387653
7746811
1793859
2228519
9116193
6202311
3684957
7957837
4385289
140617589
3767773
3659339
