5100593
1382551
199849
7593313
8859087
5961901
8956273
7320793
5352353
1684411
1410721
8364971
6711119
2936649
1884279
3073919
6867509
364369
2107721
2086663
34909949
7449303
4845167
4245289
1503613
6353061
673609
129769
1881943
9945027
9972391
3607919
7361457
9241693
2199169
3970797
5245823
7185981
2780361
6111473
5359283
75253729
5723401
1458679
19049509
6517597
765561
5989841
813221
4029597
7267709
8307349
4338631
5761649
8051987
166757317
4513551
7118503
646409
9405697
2693471
3825373
2030547
3951769
2989421
8526779
3716393
9522141
6088741
6503861
1046769
9134823
5560577
7590947
694981
192889
4055109
619317
7212739
7642973
1150397
3289503
9846263
2301797
3401307
2816633
7499899
3120719
9957953
2340229
1498669
299399
9751891
2552133
1576703
9284777
190421
5227291
6778989
799051
8246083
8028787
1926577
787801
9188669
1106531
5337333
8526699
7187999
8157189
472021
96731891
8166519
7923517
2660039
6489961
1747173
1301623
5924191
1701171
3397249
5826363
817223
2092117
3708869
2802257
4801627
368569
8236399
5287727
76057289
158551
7512499
3380611
7750599
4982207
8244749
7945701
5503741
7241577
8369059
5865919
4224373
8557849
7150101
95013
693531
9876587
3459421
8386327
6167377
48477
7622277
9444171
3121553
4389661
9619799
6699919
6409991
7130571
4671191
2956589
9680377
3552093
9774533
9384239
8854767
2828231
1927991
5143909
5754349
3357289
3663663
7924227
1104791
5054811
9295511
5929927
2808063
4211213
8395341
969859
7568783
7885971
5840763
4991999
3194209
6144323
3307231
5554713
7724161
9358771
7133961
1143887
758233
3379847
1825051
9727111
5392159
8780383
2065901
3041489
1667643
6813083
41630247
6823809
7916671
9604079
2317513
6110419
1285923
2417787
6850739
1483793
5592057
7946537
6525289
1014099
4048033
1530191
5457797
1105849
9473561
8943073
183784197
1168579
1639911
3045211
1870849
5047809
2856427
6818383
1998307
9176677
417861
2934041
8865901
4414251
623897
2940741
4976811
6389893
81722331
5462627
1002429
8147883
45307
9800581
9916251
5634101
72847031
8363751
9797577
7599621
4210703
6451351
3133709
8087229
8437277
180437427
8486363
7189053
799977
5747497
3439791
2085451
97719
6142053
6676037
9957077
3053459
1764359
3621273
8553203
5057101
6106221
2485173
1556671
6506253
315543
9354027
184779177
8835811
8785331
1731917
3480157
1447753
751129
2594003
4064257
8479117
51567
4496351
3202049
9646511
6643641
6544671
600077
5547309
1792409
3156031
6874753
6682681
6596237
7736273
1536927
8436049
6898697
5353407
7274469
2598901
7199233
3639159
2039343
869739
8402471
7022327
287023
4022503
3992549
1682591
3016819
4874989
2104419
5713461
143330331
5337341
7789411
7198403
2446207
2763373
2309091
1111167
2818183
8643869
146840051
2860477
9281501
3652749
5342251
3851023
9369567
2551103
1054463
99760291
1793041
9064611
9961657
9371003
3943217
8719093
9265701
7560579
9086519
1741507
3700479
2981887
5435331
263509
8866839
9410203
4463147
1861791
5119791
5321079
6838241
740213
7115579
9506437
7186121
8690131
1797047
7905101
3580303
3704629
6858731
34383
6718309
4375197
5821121
1273083
70499
8927421
6999279
5068937
7111583
1060531
3269611
7660101
3604903
107029671
5048801
9672361
8469113
4174861
171846193
2728267
5204467
6735989
4701379
5022353
8772757
8075177
7240903
4114191
5473193
55157
6550273
2502267
6214471
1297909
5176461
1630879
2117521
2757081
7220669
4216747
2813117
942339
3175007
1388877
5823883
6239279
9370983
8053179
749669
9514931
7964729
99619
3696017
9751591
7471087
4019953
5436901
3171971
5812633
6773171
5432007
1018693
723639
2032877
8102829
2787333
9696581
1156571
4185841
8926613
5123303
513419
3806049
1386449
3624313
1888699
6580331
7465417
9976167
2190939
2721363
5993997
3531921
3863361
7683943
5701639
7690633
7161153
3712203
9279841
2318809
22573
5911489
5231459
3893209
8175333
3478019
1548951
6916201
4670723
1319151
9356933
9075143
4303749
308901
5577739
24108919
4976837
7995179
7283659
6229801
6692251
1073823
9559223
1982273
2266049
42041487
3579243
3605511
9716019
5116761
2581601
2177707
9300591
5925907
2681477
7264773
5694543
1807947
2484231
4417357
4779389
2361361
146477941
8041179
6117663
2136639
3383451
8631069
5243917
7087643
3742721
118733
8601907
288571
3122341
8060371
2564647
77969
2874787
1334339
4000591
2608043
179549287
5963317
7818419
3909209
8445979
1731581
3996401
3373499
9426333
139407
9208081
4306533
5527317
6623349
1672601
59910599
2689063
5659717
6721467
8942849
8919707
5501131
9867399
3039771
7576467
2308903
8077357
7555929
4561521
13375361
6853549
7401107
7859833
4879617
4944443
2341487
9897167
7090791
111277
8357427
7134763
4864007
9473497
6421931
3932437
2934231
4656319
7744397
8548697
4971123
6718261
166489
4489619
5156733
7801289
3124189
2922343
4230109
72082773
9721547
9371723
74219453
732133
5354009
7520081
7160811
5248147
5982347
9533907
7677007
3168967
5910603
6488847
6659001
6112553
4287453
1150369
3582683
2476987
7377809
7636011
9964067
837191
9529803
9647557
6870051
8613739
263727
6780873
77111001
8029929
6260639
7020291
5125711
172467417
7246957
6342961
7279567
1492647
9009523
4391189
8984011
2329
8132809
7401047
6343991
2031671
5374963
922371
4923063
8251747
25151
7787243
2292683
4775181
498223
7096103
842171
43329
2942681
3598837
2244651
1983961
3336627
2009631
4826423
4930539
5452581
3621489
6842717
8189409
34425749
2801019
4251017
7108709
2873873
5631101
911791
1116867
1658099
3796887
4566983
6084461
3414321
1702159
3142289
2791209
3365789
618581
7250527
7632723
9713899
4451889
7875739
1450213
7692577
6558441
8532347
536779
1038333
230853
3911629
4580623
5427183
2024211
4978337
5417623
4283307
587051
5677289
9688269
6639021
2492667
1994971
1621847
7434803
7283469
5385023
7100047
596459
102676753
4785303
4168453
2561899
9499503
9218941
3083427
3089123
1207421
5140037
3338227
4457979
4400613
2565317
8141669
3266283
5156909
657839
589773
3391137
8318109
394329
804493
7013457
188521
1393703
6910869
6095031
7921513
7810383
8902109
2450329
567751
3281183
8077343
8310721
3110109
9098379
32041
6889743
4739381
8342039
5283419
109239
2974473
6624201
3646179
4770563
1635027
9087861
3289503
8998867
4565429
242809
5677231
1045253
45828667
5317453
9904667
643597
2267463
8925099
7028541
667953
1650187
117372817
4769673
2601171
9989771
4729401
8287827
5576851
4650703
4491681
2092667
7460593
2731697
5005673
2388777
1239413
6899807
7146941
26670421
8479683
5094791
1689789
1332341
1389701
4843817
5321901
4644519
5349669
1139463
2049599
2351447
8252743
5372781
7590049
269547
8341443
7846527
6575941
9080723
3770527
1593101
7100077
2141709
8690463
5944889
9250393
139907
9165671
6683819
9230523
9329913
222239
358389
46373
8706167
7977309
1032387
2267629
2032211
834857
8399187
6363719
7695229
6665039
4015429
182249
