6815261
5395993
2463343
4495943
9099827
3358069
1211963
2821809
9377179
7800363
4903027
6747691
1302059
1420511
4925867
4543739
719761
3980101
8629129
3142543
3900301
2008137
5526297
2854471
206793
7397819
92391
9679379
9138887
66526851
823467
447791
9346429
6793611
9705793
5371287
5688589
4845637
7931491
3841603
6021763
135226803
2617523
6098707
2854823
9412477
2144897
5989563
39789
8741999
8357229
8175859
5146107
108490729
1285349
4659917
8641919
9254519
5093123
6453133
9036997
1589343
4508859
6051221
91959
5231139
7258843
6193789
964269
4639689
4816243
5282717
8237891
4143603
299073
275217
8870959
9555769
5762123
5458677
7065719
2596347
139094321
9898549
5140993
7331007
7704631
8274981
2418203
6739907
9657219
8880127
6528763
198692221
2354691
7289061
1880919
9035709
5159559
5240047
831523
5333853
8353529
658469
9990281
8405299
5923541
8368331
131612671
5748929
9622017
6032627
3069411
5647083
6822757
6113967
166779
6245657
6217207
3680267
4062959
6929411
5885869
5291797
9761219
2173907
8595821
3806079
4754821
27800053
5270907
6465169
9166203
5030833
6183049
7952367
5661793
5249757
6707867
7916109
1123419
3065783
4324847
8183613
9650997
1714613
3664881
6405443
1386317
4605471
5602137
515777
8344457
97935259
3601379
3418509
4279333
8470347
9104503
6320541
8266723
2370493
2538567
2968191
6390529
92891021
8044659
4872147
41562531
4201749
7872319
5731361
6895777
6770417
2580411
7785789
667143
5840397
4978661
4157861
4586123
8523767
132311451
1019291
7308919
195589041
288673
6994971
5380943
4527369
808211
1377337
1438099
2852613
6410513
8851151
191056181
9235797
3243571
3460061
910687
6622391
9610591
3826041
1736539
6129399
8293459
9800013
8564737
9400051
645983
8019241
2539633
29587
9540293
2952623
4601023
2592707
8817131
9913867
7299441
5532733
6989257
6930757
189576197
160551
7312447
5686327
4668491
6008979
3403619
107533
6636917
9932891
1122667
7060483
5063721
3964983
5886181
476047
6759451
8620073
1906449
8577173
12602567
7625583
5274407
1876507
1193007
8699089
2457853
9137169
107409547
2422671
66269527
6833639
3607347
4793677
583813
8848161
45093
5270457
8462261
3609817
8013731
9877909
9374821
6175291
7357963
6245917
3077153
7616517
7021601
4476211
6063383
664499
5894379
1307207
5054269
1425271
681909
4355523
5185177
8409813
163066507
8824439
2553631
5241877
9656341
7539183
7390873
5396367
5778869
1955857
5543109
3590889
8890917
2005061
159392377
5753231
6353221
5135681
6252593
3668061
2647771
2806281
3702189
221307
7581823
848521
4248967
9933571
6879999
8393087
5442337
111000309
9583727
112945079
3492181
764021
163487921
9004289
6435587
4897193
6623309
9334417
3656167
3998367
793681
731041
98433
9145767
490553
8617593
4569337
2300813
8612019
5442077
645331
6827077
5534717
912947
5970727
673511
54851
1995153
5510351
9234887
9571519
5586831
112681457
6053347
8861267
241367
5110953
527649
930237
9555607
3889149
8333851
5405509
510881
1865641
2189817
8783693
2162891
5027369
8860957
5920471
1609893
1868971
7796651
5015103
8622861
3057939
1642199
2833647
5588331
1196701
6536091
5539227
71603
8346497
97053
8404477
4495191
8616667
2526357
8452597
7629157
2111151
7319911
1507013
1010927
8104371
3116849
8295801
7019497
891153
1402427
7463631
9965303
3647113
5903933
1983797
427473
4910919
8495591
159702633
7760297
9630743
4861201
3394681
4556599
8157613
9124549
6878087
8695213
8250373
8943227
3884131
8935041
4752967
6973913
991299
3095231
2357623
8330439
4409427
9831349
5750003
4117153
8451023
8517987
1741569
2411641
100232411
4119171
7603269
8514943
514509
5574137
4733591
3962687
5403481
8367657
3183839
823283
1690749
1944091
8306979
1659517
2652999
67587951
8443199
8073343
5684219
6316591
1682097
3457961
5126439
2715747
500833
2690713
8204839
2144421
4138739
383579
2338853
8483437
2605233
9446839
6302241
5519153
1036391
5872359
9405351
8905653
3937957
2973807
5177791
5923153
5816103
4801793
9977217
9099761
5834683
4265243
189599
2935219
5958417
61538793
957053
9459939
9596899
5981433
2459067
9812163
271939
2473361
9862489
2543957
9636267
8577923
4321281
9505001
2050533
9287041
3373489
7910343
9375743
5838657
7145659
3449943
8435401
814879
6551607
5814153
7550169
5480571
2328479
393283
9806597
9113859
2605407
6401673
5787139
2423773
5410297
9233203
2074217
7068577
616459
2217749
5916073
4733707
6705941
593837
4284167
2899381
9656103
353549
4332661
6269541
9315521
1024133
5126489
1429359
7556439
2603303
5705907
9827731
120440649
7783421
9350343
5265501
5609553
8449521
420959
3550687
829323
3510787
7830463
5556771
5362733
6061457
3388139
2200341
3419893
6554811
8439743
6047127
5495049
501339
1985687
812981
6799451
6597839
9596671
9664907
5206891
3320223
4080389
630951
6372113
2478761
5805491
8473007
5467213
1004809
4553529
937001
515693
1746329
6415133
4566151
5511297
3154893
2820897
5184637
1411293
5275501
392653
3780561
4355507
9339607
3264869
3044067
7780203
4055753
1578033
2875679
2732273
3085971
4167549
7272011
3576633
8547399
7493639
4424791
8782053
6139827
942969
1700009
5472833
6148177
1741283
7405773
502287
994409
2420187
2629857
3780841
9001271
4495977
104140893
2667273
4246727
7255089
6374341
7491203
6699637
6700781
5425843
1770553
8291437
6515697
8723423
9523949
3265447
76212121
2092767
427611
555687
1629227
6742151
2062323
141212161
5760487
3310781
9258227
9593261
192311111
6183169
9807369
6603799
2978483
186543
6729431
8327399
7636139
2076919
1465717
5722509
2434513
2010871
3914053
746639
4976079
4178707
6608241
308097
4234229
5286331
3009187
1691473
7069569
3382993
1419157
9401877
114256889
2566277
2541093
8915677
6137637
9149147
1113261
8110107
178473283
6438811
1657013
6629947
5505541
1383171
5089351
8469793
5153901
3421603
28105927
3720253
3090719
2453821
2649607
4978257
7002201
1805911
1900807
8888977
7532069
6543099
3257439
4636937
3827487
8265281
27410789
8429299
4725043
150041
1009307
238443
7298767
3476507
6301537
1699891
7169117
1771163
2979721
5819321
3379591
8736737
1202037
4531209
2473669
9894997
96069
7977989
1207827
3116003
2158017
3466173
1957181
132561797
9897647
6969489
1432973
6089857
488127
2258561
4208301
7538077
4548339
8047709
9289477
7745819
676061
8447349
1323697
2616531
4235407
4926783
5612457
7282857
8286469
102836367
73499391
82594503
2991923
4358421
3297077
3771737
7128377
1315123
1186727
760821
7502947
7184781
4236137
