7091827
4729471
6814491
5856629
5004517
4984387
7056329
8778787
8525763
8699749
498807
9206209
2668687
7571647
367007
1893353
2089449
8482317
6755427
4655033
93526423
6808287
153317413
102714103
7416441
4868689
7222131
4797483
4780307
3668851
6610409
2803951
4641159
8717953
7666787
9561723
392633
6023151
7574827
2620829
8655443
580789
67872389
899313
2251217
5217017
6304581
7871087
3733029
4206971
7974067
8622917
1247217
5809719
3952801
9149063
2584607
5661967
3269473
8552423
2094943
6844311
4810123
4279273
3998291
6680849
6551963
8612817
8313067
6607651
8465771
4802013
1829371
5335421
5922483
4570907
981029
8993367
5611527
6286033
4512447
1847937
7680551
5266803
8553481
2979711
8296041
76247839
4661467
5122249
7607411
7460363
7177291
5772947
1202911
6539747
4650341
8273393
3287539
9527433
6324233
8866619
6716543
8761003
1461381
189252607
1497271
5511949
5148631
1516519
9516933
1153807
8186401
7354723
7686539
5542581
2584101
7943857
4226959
752917
2135301
9570313
9522103
9273127
5845643
8413657
8970091
1552673
363721
7803187
7186271
1566533
6354691
4169701
2572217
7760031
8904869
165739599
44871
7667809
3259199
2409531
6788313
1034079
2658307
4360937
8938573
7310567
4107851
7851071
8938941
926669
6506727
4797567
2014741
2361773
2644797
4129619
7937463
139614457
2853671
9365387
4030573
7556043
2192419
2021439
2548863
4301263
697839
781539
221419
4756763
2566689
3088951
4643697
125693329
7841373
5165961
92710239
4937353
1277967
8433373
5969679
2855711
5639733
494631
7621461
2482169
3556693
150757851
6823353
8356643
9884563
9183019
4509747
1698417
1308643
6359439
9853957
9483101
4696213
1848803
6331153
2881129
4381927
1779807
8827733
1282729
5571483
8332021
3689797
385293
1098759
5048757
9260791
1159027
3755739
4534979
80731
5557351
9213023
7434993
106171
4574621
9407319
8634869
520609
1067613
51222863
5678673
1700373
2194949
5204037
3820367
2225663
6254449
838903
8563309
7841313
7565251
8122791
1484593
9435089
3444729
2813871
2061779
944659
6294433
1891923
7854637
2036433
7794127
9845143
1607421
8012261
8332921
3680819
8238143
6289627
8509083
9549243
7404387
5334209
9904051
3779841
7724707
93027311
7888569
2665203
9597827
9347029
881251
769269
5481117
11703537
8321063
2403747
7154507
6362371
955643
961849
4517157
9171287
6647477
1777289
8645317
6167251
1387251
49666643
5859759
8204673
6883457
867417
1746957
5114791
1221237
5135501
3268149
5666917
303729
5743979
13129647
8341837
3572367
9279323
4777307
4528909
2821559
1963399
7315143
46307389
8507737
6736027
2054261
9197447
2465201
7267819
8538217
6652357
259229
8910083
7807937
1034887
67960173
7389213
153622679
2079869
21077677
1053857
479729
4783587
2528527
9180357
5533533
7766781
48688493
4504587
3304789
6318893
8232213
6040289
4063321
1988241
30808483
1593991
1244797
75476943
494051
7076289
4410497
7698567
9042289
6645639
7155529
5934013
1015763
1031501
2444097
411051
6505243
2369641
3894997
6462089
5622969
3866001
5812741
8790759
5706789
5575731
2970477
6976781
8673707
76406793
8883961
1866567
6048369
39924969
6255563
117860623
830341
2867837
9006069
5677337
192001
2125927
1220973
3283923
7253961
5826001
3605701
5181579
7747917
125771369
6260033
8051741
8897599
3797709
7290011
9393753
7783483
3623719
3923033
867107
2344381
1306091
4319623
7251251
5988529
4893299
8743763
944449
6211071
7578911
5523487
49851
1626089
2828773
6129443
3823551
7831649
2822427
7729613
8316573
529487
8785107
4996227
9604719
9345363
9590797
6055389
4417501
1088781
6231031
2893523
1241097
305257
4261421
6270963
4802737
2446267
1569057
36528039
2101867
5572033
8711371
3703787
4581841
8692227
9352761
4492619
3842053
2854139
5215327
9238013
5058933
6053971
2202459
5444907
9067669
4000251
1360879
1708543
875561
658977
2152133
5593807
9207007
5047053
2571613
77200031
1311241
5736899
8922113
8142311
5082217
5217263
8757243
6204973
2820743
6363507
1101933
8472871
4752421
4550913
5298183
7166083
5111959
1116069
267679
8631223
7997843
2511597
4269533
7551347
2969129
3532227
9677693
5314283
8688307
2124469
7225141
7937671
3355601
6086627
1753783
7866619
2974767
2318971
1154287
54511289
5318581
8718531
9809863
3019717
5755497
5995033
6797199
4934033
2255127
7848123
4956277
45853
9871463
3229339
2626273
2356647
4963933
6834353
1139213
8040731
158178399
225439
7858163
2782357
2622273
8613383
9581871
6541391
8266979
3291909
803031
7170853
3131431
6403477
118536517
1789923
507117
8493961
2593191
5481929
1035389
2431497
6988119
8595517
3707439
4289203
974649
9259623
8145109
1901521
5107607
2995343
451933
82577623
8360123
419909
4612901
3253043
447881
5583921
5692561
1070201
7078761
2247817
9398081
5444349
7204391
2481763
6691613
6190727
3981503
2626179
8486797
7581123
176433893
1130939
5353827
7760329
8962447
9973469
9177269
8784663
2176153
5985553
4014387
3108527
39197
2164283
6341517
4507231
3602359
4839079
836873
6034399
1536139
4820123
2703953
7560871
4812951
9367579
441261
1237883
2545119
5725193
5911779
6218461
8299657
7006337
2506549
9735517
874231
3195643
124937677
1840731
6555933
7342693
8329547
1653389
5796849
2783419
5875497
457657
5395569
6317567
9433009
1196643
1397669
3593217
5244227
3123491
2281041
6495789
5961119
2423597
3303739
153095469
7376413
5590703
1109639
19312453
8592329
7024217
895673
1901489
1231403
8620503
3541497
7942401
4149651
3916427
1368881
6537941
7151827
9671249
1239917
4758079
5163231
8186027
2506011
8838977
7160417
8661867
9351121
5146193
2588613
5465629
1958151
9637289
4266373
8802821
2201957
8325981
7372281
723211
6970619
1232833
8970803
45923351
7464679
5664743
69840367
8694409
9612983
5939879
2687411
1776713
5366797
9812563
8111777
59229529
223561
8845353
4226133
9879981
4463871
4192341
5291199
5036693
3260797
1317033
734901
1001199
2980779
6842863
2424281
2163
6192229
887057
7195299
2194923
139644337
7396597
5862057
387231
7332349
1116231
1659017
1573183
5545789
8063719
1694221
7380387
6931071
7053097
4582049
8121607
1107813
2457789
9153053
4110979
125613853
9278977
8468399
9484331
5032077
7387093
7390599
948083
7798667
9546811
156961547
8885099
5165889
4858071
2133833
6091351
970849
4753519
5188357
7364469
4733761
8927311
4965521
9902477
7948403
11637
7129001
134855661
16847
7816683
2547261
9347743
9646223
7786129
2393609
1724367
8335229
7823883
1030267
7230401
106659
2159581
8030889
3444127
3744261
6894059
8125349
83423893
4207147
8255551
2385703
2624289
9862311
1568159
2257983
2699699
2100991
9008937
6449641
2164381
5141999
9693117
8116183
2760263
7079983
3974233
5978971
761051
4642637
2251303
8795037
808087
6972971
1144721
6307153
3608473
9105947
1723419
5592327
8572363
7376373
1789887
3376479
3202591
4248673
1213587
765217
6763827
8958037
4777029
2302507
2028337
6004311
2463079
1437377
