1409363
8507133
3197481
625149
6665199
8781987
1166911
5374143
5670123
7299057
1809223
9515849
1868431
745133
5293007
7216789
1893849
3920121
6162493
754087
757421
3360499
483997
4133277
3777961
8620719
1536323
8682577
2108083
2197799
9830141
4798901
4070039
9541029
3620727
8757417
9859123
4482927
2349401
1753333
3874619
8174947
3714693
918229
6658049
3659299
3460293
2194861
7482289
1945007
2681189
706147
5056861
40215313
9509281
5958773
4049247
6283503
809633
6731091
3610889
9441801
35739
9655377
5814347
115307
9523189
3656861
679977
7873671
3357117
3432373
5820723
7443597
2365737
7096071
3966651
5475427
3732191
6323183
770047
1102143
273853
1924023
8041129
3787249
66964791
8539419
2370127
9215371
5176013
4192339
7936069
7584397
3312899
3594167
9165581
1219007
3958053
3690153
7630881
9341569
5795829
151352401
9407203
194266729
200473
7363979
3630279
7981861
6305723
1021033
4988977
6438313
420559
2428949
9127143
9638243
6026151
28813
4604751
3173011
9717089
2487291
46206619
7254827
8141401
5919753
7575179
7146489
1864929
5445579
9992293
1188659
2659857
5599863
7712943
591079
5855967
9694749
6519111
6897139
9471099
4576263
3972501
2739133
6842353
357863
4730261
2774029
8073651
6735017
177869263
3043593
847959
3727553
7659979
4918941
4006161
7964173
9772129
2118567
6712507
3709237
23053931
5590833
8627619
2940739
4097481
3497071
3399167
5242803
5126183
4645657
3959113
2849343
9964659
4924951
9185741
6473551
623547
7962903
7010571
265843
8122823
7233277
6951111
252747
6892647
3825999
4485993
94333
22105931
2804611
9803859
3542943
2130259
7964931
55603
7361209
5778907
8716937
3408449
2630233
3456299
196571
5518077
4275311
6489909
4825441
7189631
9973191
5022759
657283
5969363
4122473
5899461
4938427
8374849
4862763
74133907
7845557
9154303
7503133
4804793
7578601
3572477
7939347
1954037
4975969
2194377
9361331
7042433
6379337
9726253
6120071
5184047
2921099
7122261
34994281
523699
5454723
7283321
5987569
6109067
9226899
5478657
1115141
8001941
9187059
1174203
1560119
5951079
6082489
1386699
1066401
4266391
4405151
6079973
7556623
17357569
8414849
6259611
2268361
7419647
28877
190155797
8256881
2682367
7883233
7176297
8814093
5416909
3068773
53803347
122961
9342203
6790757
7311629
9482733
8473011
8276351
4953421
2181199
6264361
1564817
4186893
2521169
251549
7439123
1796717
8191771
6511203
2287151
9632023
156136271
2281037
1836399
199032379
1990147
4191179
5576123
9980331
3296241
4017463
5360361
2216537
5501507
6715253
4078021
7214371
447167
1607283
9956177
2557159
1281997
7699917
8680887
6155889
2295983
6641459
3141563
5116213
588439
7779487
1725349
6243853
9913311
7549557
9457673
7905807
884983
3714639
9979859
8903271
6449099
1712007
6039459
9969707
5321749
4178947
3217691
4868779
3201323
1949013
1588187
1290557
9777303
189097779
4856203
8984219
7235373
5694457
6680163
5778473
2255399
8622131
6295689
161127241
5954221
7999813
7543217
2585807
6806113
5402779
3838903
1883989
1579751
6140019
6705031
9005607
8158911
8977643
7463587
1060279
1256663
8951587
104294749
224427
1501633
6878183
6902307
2664613
1540977
4450459
3227213
9254921
1677307
7560233
187630269
3545127
2817021
4111567
3305403
7370649
28467
296939
2600791
8492151
5647179
8866527
921
8438033
7194833
3668099
6885717
9315739
4309479
8891633
6645369
7002411
5803283
4134373
151365199
7225437
4756793
9154929
7356881
8042411
2119399
3825503
17025907
7668903
6213397
3582083
171555559
336319
2894837
114649623
1650299
8713173
8950539
350359
3088093
7398171
4387789
7873543
861647
4640933
8853333
7760451
1965221
894623
1347683
4555253
9831941
6128501
6350757
1546249
5462703
8467511
42260277
187123583
8315987
152132999
4851447
4146799
4363179
7421117
6974527
9950409
6519839
29745941
1666839
9248073
566281
93803
129912711
9323911
5636203
6168591
3492427
3715313
6431139
1802409
5319963
5485253
5735317
4453423
116614801
52432609
3627271
5210907
9128093
8369057
9892099
5472391
3290613
8476443
3791877
2388171
6847473
7264041
5724129
944641
8538463
1032389
8125953
9117543
6647907
6790169
4463043
6622097
81413
1088801
3767193
4127169
1137499
5969627
3370481
8441809
9594941
3748197
150674901
3740897
1685221
5088193
9952573
2024793
6075783
7442447
9365019
6614643
5737999
9391163
6036419
9189331
4555327
8288057
7857161
4198233
1865613
5236333
4094669
155564571
7688159
8024547
356351
6476073
6616451
6576057
2118209
3459199
1094069
3712441
7276321
8943373
6177611
2754873
4159427
9646949
177793
935057
5706117
6289911
1799931
7556371
9390083
295703
2630633
2213803
7019287
6795421
5001073
7799871
2887413
4661753
54921
7696983
9656917
143747
1680211
9763211
8612863
5880017
2997733
6112169
5431133
7122529
8437079
7924617
1440091
376459
8371637
7936409
5084281
2575071
49507563
938563
5021963
7203949
3181421
6921553
12398701
4752249
4769737
2960919
5830603
7317133
8861419
5706969
7037559
5267513
111704073
2903043
18218083
4383953
5279377
4377379
5233563
5963551
5304951
5526903
1255877
2664201
2216501
1186497
4150797
1869877
91715381
4459583
5077807
142173
2307473
4258467
2981721
4711807
201811
8755611
6119451
5645083
887259
7589693
2803477
72510267
3024873
5701271
9715339
4002269
5889689
178664871
266193
2572439
3774773
7543069
256067
5187629
8517173
1207791
5532639
4908929
8494923
8856957
5174851
4237899
3916043
4490299
2232453
430869
3543503
5159747
8507383
906451
8733571
178890321
9674919
2111751
8443239
6256289
5490559
4649403
9335191
51081161
2864787
3741017
163392003
6708107
8316021
8760327
9496187
4290601
2860943
4049877
4588731
8502377
5039421
5779757
1218113
9977667
9359517
294183
3619559
4596037
6849279
9429161
8090013
4142793
5131491
6863463
1164447
1814509
5154683
8102199
9312269
6513901
4097147
2797793
7522443
3665419
5303309
9293919
674741
1395547
2435461
4480563
3316109
7235631
3797473
4871383
4496851
7363489
9886149
3843751
5869489
6248691
1057247
4671003
6870511
9636869
255113
9606417
5993799
1798711
5872421
7215311
5618187
3161697
4674057
2965891
2007851
4964623
7482447
7552341
739443
9597411
8217291
7096459
6820719
8456187
9762491
2264719
510799
4097783
64647
5556503
170800071
5279111
9295529
3674969
1841263
8431439
7174869
7131599
6222271
2563549
4939589
8415873
174379277
715643
3324947
9542357
4193103
2973713
2216631
9758983
7158609
8979989
2675787
1534521
11944977
9491473
4972077
9276713
1911279
9332441
5410317
5314409
500879
8003647
1855157
1759683
6721699
9820419
3899971
7687939
