2330249
3310731
5740841
4961519
3379087
4755457
1219973
2830807
7778969
1373741
2385747
9318443
5093823
9558467
3855101
4153173
5736431
4619869
2222049
122536219
6582183
2730749
4029003
7292223
2950027
8798037
9889941
39270967
3931099
8526303
128523003
642203
1214659
5670811
5040157
6836601
1352439
1894249
5987161
7059941
8474691
6891771
5524187
5221077
5951167
3409829
2148749
3731473
188383
3998109
136697439
7990313
2685567
3243789
8238027
7159221
938251
8433687
1667019
5607361
2113327
227271
494047
5643713
541613
7390411
252447
2608241
20625713
884659
3196837
3655629
8447167
3369449
746477
49209
5212951
4759887
5939577
1547399
7109621
5801609
8889413
5455863
5729879
8226557
5287387
1711309
5057081
8737669
2713479
1998829
2578149
9822189
5347013
8488439
608891
7730799
961259
190338733
8478977
8427309
8952863
843821
9411867
8944819
4296039
9634881
5100833
8399647
247817
3167997
5022823
8178227
5538619
1755083
4890597
3187633
656031
1886489
170719
4849701
3785331
3529173
3674441
1890717
9270311
3235689
6694409
6274959
8258817
9518333
1088311
2598603
7874311
5889357
7302069
1060039
8672517
8292221
4795437
327083
795847
2682377
5892061
9384407
89681119
7751421
4264603
7627561
1908997
9321709
1151561
1802977
3833773
2032051
8923531
7556249
2539277
1401479
8400321
4504317
6568537
141191
9500109
1686717
2029879
8492267
3275569
7887561
139576131
147569561
2361129
5510277
4348317
1645847
8357011
2253453
6009993
1013009
9290669
8179131
9041263
9368091
1269067
7603803
3194541
8524259
115721
6487801
4133039
9218547
7110573
9971257
116351181
7261823
4778557
6918377
9171251
5946599
183449
3787093
3249473
8244901
9973977
3549379
3033563
5807651
7235129
3884991
3537537
2058341
5206453
9990011
9691023
4868817
7795823
8906399
3943399
7630567
3997161
1158207
9649911
3836061
9629813
6200891
7152299
6991581
5165087
846007
4405551
8694751
5850799
9005923
4589647
4149219
7760269
7627353
5956669
22195709
9940667
3039731
3101521
3692899
6592559
7295297
6055887
9974677
3316993
9624651
3978203
2737427
4215689
3384217
4277297
778549
6997421
9109281
2684903
8295931
4190349
7672743
8033469
6954593
2936769
2641047
8617709
7811597
8098257
9923567
8311099
3034987
3403229
5279769
2635933
5201893
7107167
4173747
2408279
9402431
7205689
3581579
2758923
147930367
2441911
6607507
4622243
9126159
2012613
2803901
5830197
1954569
6779257
7533091
1084763
6210519
638389
3156329
6972277
8672027
2730947
1188973
7090417
6955373
3969843
3098513
128379
3101561
4258977
2262451
3265449
7739273
6655523
4713421
328513
9354701
4700271
1589841
4358833
5857803
8025139
4880497
6685659
4422893
5128907
1690089
8228807
3171893
9020031
8582831
5250079
164626333
2481843
2339243
2806077
5794893
4426599
233909
5803263
2176641
5816677
6305767
5736173
5554011
9228437
115831429
4715159
7322083
6593087
352907
6548561
5066391
2535593
738789
6219333
6397271
9546281
5623363
8091483
1639199
4447941
5893161
9962079
7275139
6892117
333897
3948799
4619697
744929
4983603
1851707
1056311
247303
4824751
7388453
6431661
1613601
609749
133785969
5216953
4288519
8095121
3609691
8770907
5780847
831261
4204419
7114557
2401669
9904031
6505411
8728913
3345293
7483361
6887551
7930067
2835649
2339711
575409
5874013
2769631
1828381
6610233
7628841
2892863
1800989
5419593
4488649
5244907
1066761
3866413
8161161
5923611
3759931
4641293
1754569
7799047
4395517
5183533
9522753
7668813
3158011
5710039
9829171
753209
4722091
9934913
3804453
5675221
7720509
5570543
7609021
522421
6202107
4957423
188342479
3226061
6885317
7413707
1370953
8966623
5115657
2787161
5235147
4074729
9749877
4937751
3103953
5198403
3288013
7810797
4940923
5369391
9901749
3471987
117382453
9894513
8687907
7971039
6807301
1749459
9733333
571239
5108687
8009409
2709591
7498373
9398647
5697343
7479409
6857233
7036629
7175407
295901
9553791
6641349
3898667
7711579
2128131
4923467
7486521
32493
7330063
4806167
5668779
8866423
4586931
3403407
8316061
4475309
6669361
9709487
8414767
2051273
8164451
1081809
3605109
716877
879493
4154461
1053567
8408453
6999433
3505521
6995959
2515363
1697657
109617
6327751
1489893
78424227
2741517
7334309
5073173
806213
2298823
2633709
6406869
2610481
3099499
2911707
5948213
6673617
8320331
4485161
2166643
3928983
491353
5317491
7737323
103829
8530397
3933319
4459481
9496553
2665217
6552803
538237
4509391
7196809
2497651
4385493
3221199
4229319
464287
7404879
5154899
8610351
5185241
9626017
8933343
5032533
9069019
4336221
5498473
9305137
9976573
3384891
3529153
4848457
5225089
8757137
9493121
3843897
4115363
9145901
7642151
5690639
829257
9914149
1166041
1784519
2955011
137777
8217769
1006497
857053
6729681
4684741
174353277
9723833
9791253
5835611
1561387
2855987
1375319
2168313
1529047
7330599
432531
3558907
2546489
5202157
27731339
6453943
4374997
3977687
7715349
4457759
137490559
187092869
3528821
1736733
6292339
70249837
6402791
7287543
3968071
9643977
8881229
7600041
1279177
8610017
2922359
7516899
2264293
4851691
9707257
2807791
9253689
5589783
7907843
8003343
1702587
5577283
7611697
375083
2838337
4297937
5599517
9566317
5305123
5319197
9254463
8894349
1570569
6090431
4415733
8962337
149131613
4671301
9796531
240713
5089053
4271183
1564587
5822233
1760163
7755939
3292209
7521069
6659623
5729563
526927
6431467
2158619
5421161
7814217
7366703
1702901
2522807
6633163
5989429
928543
6565807
5969681
5266693
911513
3362031
6591243
5770993
4991727
8016633
5879383
6790859
3077249
4545129
1406361
4205803
9740059
7561083
3110509
6978599
7203019
919777
635409
8131647
3430481
2341583
383249
2799277
657747
2430443
9389829
4936433
7701143
2169847
7823413
6896691
8485703
4637919
6254819
661349
1033477
9406109
8976759
41631
156794991
8882447
1419297
6153791
6722953
9055821
7096467
1810641
6027839
3408269
7330451
7304743
4144547
6993011
2969429
9095173
1147621
3137141
5647887
2486979
6332029
4474669
5612179
638477
7380129
522427
4887783
3014481
9280373
8878553
9033967
5375407
7711873
29669189
7893089
4783387
6469287
8406569
2046843
7063943
591769
39359829
3500257
8393621
1238347
7948063
421691
1675077
185128939
7322339
4898987
4509009
6866153
942621
8134583
7500393
7641523
230769
1908169
1844251
998957
2609157
9845469
7756257
5760827
9561649
3519299
3478373
3829559
7364303
1667737
3623571
243943
2681761
