7103943
6096579
764217
3193981
1267549
5592213
1032381
8611413
7045521
7272187
2873749
141211
2292863
2757951
8136327
9104573
5996107
9963621
5129149
3602833
2550163
2331933
3097491
7237393
2625793
38398481
53171
9431077
42762493
1399403
7905491
2621341
1314359
5498681
2378281
1253761
6538521
4503917
7637697
1038741
9677089
2584453
16203
150111407
2580073
6448249
8519459
2616827
2137919
7545031
6999157
1486821
9581267
1584739
1072721
1705421
9122021
3658493
1970269
2362103
6408913
8388647
5683343
9868969
9171779
5306367
7790267
8011849
149870007
8803943
7639713
8463987
711557
8509191
9106343
4519479
2233517
5552947
1318423
7120203
8146901
3093403
3719523
8960599
7675851
2551183
108950527
3773587
1788613
188167729
2264111
5471871
6801417
108092471
89800643
6624487
6017961
990659
5049163
2753103
9776309
2948623
18682869
5145219
6391737
456459
1129827
4485679
7297371
8745009
2732257
9056371
3645419
866647
7183031
9894741
9704411
766851
7757339
5777879
8827539
7475663
3672503
4978591
1410049
3883049
8509829
3310623
5361977
555669
2395301
4191067
8660809
5515201
8754409
1492003
5786393
6860211
7847273
7995353
9088613
9080599
2300939
568303
103404777
6413289
6646543
2407921
3234389
6077093
5402361
7442007
4507561
7831749
9266243
2237663
5365851
2547031
4189153
7449287
114253
9806333
3029817
9073567
4741019
6281241
641493
3103911
2251241
1656159
2989139
2727373
2343249
1228001
2667383
7277101
1212317
7340133
3343587
6499727
2289151
7300577
4386951
7289903
7446451
4468193
161647
4534191
1481607
8170411
30290531
3783939
1419327
4187507
9403301
2339069
5274719
4068339
7603359
5122727
104387
9462207
5907201
4524919
8103629
5458639
2802881
146935477
2686459
6161787
5039377
5473657
2317427
7574223
2525979
6931991
6865139
6434609
4063667
4067127
3505169
2803761
1331567
172911551
6199867
3125131
697553
9119711
8836373
2824321
7388523
4946021
9992963
6255711
1803973
3025007
1438653
7335847
8582917
7195603
223081
5168429
999607
749779
879377
5453441
8888839
107381
3122931
6908033
947079
6467487
1946793
1189389
6285789
3985321
9249951
6924727
4832419
4635997
2518803
491077
8016511
9787723
9852999
7962451
150321719
413263
4539839
5513549
874243
4610797
4788417
2962271
3161267
3514269
191235313
1330721
7155619
3525167
7726411
71653
9900001
7859989
1360031
596421
3831287
62643311
166259413
1674981
2277821
8794593
1947817
7809239
9901719
6941077
9717963
2349861
6138393
5263383
5220129
212341
6892289
5754539
4678209
8973873
4937827
198623
8529127
1990307
4769829
8728909
6252493
5368337
8871491
1045593
842489
8295913
6509419
125503213
35167
135871143
2025893
4403063
5977601
2362987
9689347
7602127
6436063
8492929
6186111
8801621
1531507
8117329
7321877
2874607
2702387
6325963
49176587
1164607
296277
6025587
4925491
5390649
7341207
665431
3469067
8888493
7857469
7261803
3402513
9230473
7884047
3203277
3891481
6100091
3415863
9947839
1557741
7680677
3888241
3206867
11745727
3349451
2981009
2138649
7827083
4300471
7797031
8038393
9334237
6227451
7848321
3739421
6272497
6297359
4377079
5485951
436059
4476201
2235823
426049
5866221
7584607
4227267
6143681
708407
600043
136314703
4855559
4268459
7175403
794977
4353951
340587
4372497
3586303
3355491
6622043
5761841
6568039
133239
3152691
2402669
2316093
1033267
3807133
3854337
8803801
6177237
8072439
6203349
7504381
2287401
6022643
7400529
4665371
4936371
2315593
53075461
5511203
4888031
2232593
776759
4527033
176942461
5053663
2386547
1554857
1716079
4026627
2866797
262827
1224931
388649
2147613
1241589
3472751
76322763
3820019
59577
6574989
1504429
9461071
166567
5283179
6961493
4577579
9854611
7423739
5292967
1984087
7832259
9504363
120165161
405021
2411977
4081023
6875311
5947771
3720719
7615853
4482963
4118269
701593
5486027
5240653
5564237
9928909
8479221
3262253
8356893
8735259
6228659
2376631
3214403
137973
2138079
7733681
4588563
4913071
8198821
8081993
2207449
8096123
2893571
7786989
4521373
4205983
8303599
9551441
2386059
9065489
7826749
196122497
8374813
2890479
9839531
4080053
2787863
9035287
4246031
198323
4084883
6807609
8051387
5321139
5618389
3450317
9221629
5666081
9549133
8943483
3066481
9580773
1850361
3472927
9842403
9961531
6944921
3673409
3351019
4126357
8143389
6315311
617867
1763661
4562087
4646323
2266087
6332361
6225721
7019081
5964329
7110251
2669363
3998671
4509861
8011111
33018849
590121
3873761
927291
7767821
7689809
4556053
449417
2489363
2494967
6360329
3977617
134623
8249201
1370703
8476467
3387461
103996351
2319513
9000687
5026309
2333457
9102107
186709
820693
6095007
7571523
8821651
695161
4259263
2779831
9391327
1572839
5832519
8104459
5298607
4906737
4309771
6914759
8019251
1284687
7765321
3139263
8666353
1846249
7443543
7280971
2597501
8309173
1214899
4819803
5711641
6553501
736297
5831973
3241381
4138589
8736021
1528433
7338403
3606919
2820333
6915933
3536353
2998729
7272467
1396917
6750563
4624583
5690553
2512243
7757391
3166541
3445059
90978833
5063807
1138993
6245233
2807359
3367653
366151
3862267
6133651
4983721
46529
6931571
9441443
7212463
4752291
112673
689791
196479657
7150931
7626809
9422943
4640033
8498459
3078277
7653521
3855577
674951
8205347
1013341
7276227
8694959
56048893
195251999
5504937
4745713
778771
3619329
5429771
48753133
5772787
7860801
961271
8878193
9726617
5674479
1582733
6740679
7106127
1139177
4534031
91447247
3884049
1776921
5302739
5724171
1727233
6813649
4148547
7103519
7634439
2736327
216081
1867627
2222083
79759
9478873
9754809
4971703
6454517
9922127
4992277
9497391
6027023
3038201
9162271
1353291
8141903
1793019
6103231
92561
3054107
3954739
3399873
9484707
9003371
2058967
8316391
6437383
686351
7177351
2273353
9207569
9838173
5659011
8602853
5836971
3875273
8161841
799889
3236253
3891827
8096923
2557311
8459437
5082233
8144293
599117
7214997
6735091
1888119
5682071
188108639
3319837
4444059
7590049
7667769
6101187
8984711
5605597
6860383
7281521
414119
1158741
9286571
97796199
4856591
4080041
9700683
71851
3853319
3218697
911669
385787
6602573
17851517
9087747
1348083
560617
3385267
5687147
6684441
7542811
4171213
2892627
6339849
6419569
3898647
3370067
5757051
9406087
88051
1418283
9358417
6952667
9995733
5756331
9590049
1989031
902691
6980503
4138823
3953537
379111
9648023
9311241
1349989
9302463
3831329
5474787
6644811
6037041
8753969
2991703
9381953
7424591
6846471
2239619
5616729
8903911
720503
1610799
3644459
6678311
1588187
2665877
550237
3063271
5440573
1466091
3010353
1125983
2967299
5367393
5510961
9389837
1071547
6781943
2649033
8109309
8000467
7142523
537713
5845597
8495841
6107981
4533603
107571
4917839
6358467
6570907
6356897
2269651
4486717
1645559
4057469
9527207
5141843
9358033
