4008129
6246601
2684097
4255059
2461989
1140317
6879697
24949907
3800213
6130011
9084941
8548507
8659743
2621813
4272113
6170217
3189819
2636487
9783913
7225517
8089901
9030069
9176629
7091207
8102493
1016519
4584511
1162751
4276413
5097961
1745601
2302009
5281467
2897339
6242107
4869809
5954073
9688321
7166693
3366709
4207789
6410649
7137517
7525411
4388709
3310117
6293373
3010017
2840849
1853197
2750133
4020123
2114803
8492551
8462467
5929829
4899009
1801069
4346069
1129823
5194567
9461197
5605163
9840767
1364159
1654207
2280257
4213601
8608223
2906849
7123213
337527
8464663
1816391
2500537
7103543
2474593
2347829
3203101
3314089
5105631
714777
8703281
9466311
7533527
3646893
2034597
8708259
2540211
3805969
2131751
944267
9119001
9854817
4520739
6424941
172479113
7856247
4735963
4869869
2779557
9434271
4119099
1908223
4916631
6686031
8401243
1189981
79127
3349041
6737521
4272553
6825473
7337547
3009071
6694897
3632341
4407413
3959111
6861697
5470919
7536551
474789
2652679
14139823
1208729
7619279
96537191
4179397
914957
3735751
8877197
309461
4865191
4767167
6230061
169217043
8855473
9193203
1425593
7331787
936767
9810723
9431713
3880003
2237811
7797377
1911677
1971387
107517597
9422759
9814353
8734131
6983041
3130641
7759407
2501161
5934811
1188477
2202769
4344249
3519797
6534757
3317489
1288913
1683613
3401831
175468269
6007711
7477019
8521779
1318693
7296629
7263203
7232127
5878343
6175933
9608489
9670783
115625519
1527431
1447523
8701007
6462813
101141
2763843
5919439
4228573
40017
8753191
3612337
855799
4010159
6818333
3410817
3978777
5670629
6952087
5642767
144131
3438863
372811
2113291
7318851
5990177
7857643
578777
6713661
1150529
5538779
3982293
4784041
878143
1977161
8095529
7202933
7127341
7954969
7760059
3665189
2329321
9541731
123631019
5091283
6957511
3705191
7867789
5977277
5423181
3752191
793081
6543793
555311
3311763
9998369
1759143
7225979
3151583
8976831
2432097
1186417
5225729
622059
7473251
5068071
9760503
4081203
1769803
8289317
2822629
1942409
31339
9796663
50821
1935933
4693453
2584299
2306407
348059
9318647
56437019
2836533
6687853
7013577
872731
1862351
4732611
2933911
4609977
8389499
5309197
5639757
1057759
1998543
9965823
2521079
6689569
4378043
8301173
7539619
6608503
6540221
84179263
9244853
2968463
6275987
1867363
3306121
7317327
1655137
6785573
5522979
6701377
7447361
7028481
4505443
8045903
3995749
7718053
1813603
8342767
9680947
3945487
6013013
6927813
2133753
387049
4497453
5707611
8647669
8083723
548093
5359861
8049859
6577121
8076669
581343
2310123
108170437
9628691
3935717
4787929
7185761
948481
6781197
6024111
1277321
5156461
4552317
714269
3715623
8739307
1932189
106366183
8879811
4513089
9817921
4120789
322373
3365629
3431361
4519939
7139087
5154351
126713
469633
1629577
43183567
4673203
8470119
2668797
8493509
6181569
9597639
9762109
659749
2422607
8144123
6441721
3973721
7101799
4904973
8790581
2631883
4550129
4888459
4975043
1889269
3529243
3570577
8732659
8677851
118631587
9465761
4328429
8232473
4235819
6445131
6628387
157727017
2649677
9379257
158398537
7121433
2856821
7754507
3614961
9329293
2939189
7627639
4114579
5101331
8842493
8248111
1951567
7450759
393137
6008099
7494357
3851089
7998709
8063879
9161267
342709
4006821
4205767
1945999
4440699
2866473
1889573
5134227
163802243
7226263
9538657
3223513
8907899
3857109
4537953
4759063
108452667
5430451
3979353
358161
949551
822269
865437
210507
9901009
9957503
6167417
5161701
2283283
2475149
9879661
8534037
3622389
1920639
1631249
1887617
6386419
3244959
9324629
9512921
6154101
7408171
6262571
2243749
3125503
6439211
1433541
274727
3785019
8826403
5806967
8162251
6785089
4823793
9970731
4628323
6186173
841507
2622781
7261551
5795069
2306349
9239749
3490471
423401
4750679
3875299
8125613
5790693
5263117
1746353
7439427
4767423
4013793
4207961
5175697
2588273
3528711
9625193
5394173
3875189
6181281
5270651
4551207
6830307
5582999
556889
2208879
8773619
3582231
8416949
9295853
9545207
2533447
3357103
2037291
9226141
5665037
1878111
6072093
5119269
7126679
8036451
7383879
8859089
1724509
873619
8113139
4509597
7867653
60831589
3990503
7408827
4914659
4493153
1574823
2152881
9676189
371593
1877481
6468763
3821387
3404561
6711011
9424861
8973789
4290291
3739627
9580903
498177
3296037
8499791
5975803
1620203
2087913
1290999
398521
1266531
28667889
5230793
7314007
8185191
335807
3203041
1112031
1130463
8644853
3628993
3841709
1121587
3611541
8183057
8050357
9149183
2502373
826763
5269307
7419209
2734597
3022049
9179807
4536189
9740441
5565237
2741829
7971391
9545309
9473803
832903
3575453
7290107
6813247
2923367
4200007
5572049
5039541
1846407
9433359
3534967
9103459
9583867
6685099
8425357
2600881
6085411
185197
7151711
2618909
7520283
6820601
1894713
2077953
3035453
8948647
8311029
7503433
8682809
5604223
1131647
9079577
6948341
4541037
5006547
5257933
8624351
2800261
7174003
9711727
9716941
1658563
7945617
6873631
1202913
9552723
7980001
9039537
5447811
1840967
6627159
7481079
6944227
763917
7219957
9377039
9564239
525993
8509357
3513439
575063
7598767
2057731
4476489
1540101
3158509
3158019
260699
3594833
7827737
2892457
1363119
1882049
9349323
4897459
8182893
9641557
76804151
5087449
6449327
9785061
2567103
7852097
1096261
9500361
9472309
5022517
2531203
9907951
5183977
2344123
2135509
2138511
8781219
1441803
9194181
7724837
2196583
3370439
3820719
7748491
8754391
2943249
9740547
7077817
3629639
3790447
6866429
9358697
5562687
5656659
7865517
1756249
1400813
6082419
1951439
6244061
1868991
38662977
4646501
4497659
7532399
9720393
1202669
2272831
1350049
9337471
8123201
1729693
6957439
8780601
33673449
4799037
20753147
9127141
3053409
3242287
2336121
9475919
7456933
5341731
5964367
5968709
7964201
114583
8528689
9914851
2755811
4416503
2038061
3904189
7272381
828423
1445627
4067437
9666351
4800607
9871189
4871753
6459233
739291
8698163
6651177
4328521
2315601
8153819
3691243
8314687
618027
6252983
4080467
5009769
2988527
8352199
870313
4504443
5720163
8174357
744103
6341733
5102049
6938649
1371347
3763247
7896679
3415633
4844949
5673067
7960971
2482527
7785941
5408743
1919061
5233163
