132242837
3819069
6369451
9033733
5035229
3868179
173383809
181161849
4061039
7329853
5399037
9501963
1956221
99863361
9799949
2810793
1976509
4471329
3031337
3256051
903917
6776769
1780351
30940273
7333803
7487339
2179547
887433
1298653
5910453
6497803
6710561
6474567
5417067
9669799
8358931
7121219
6240337
9866033
1709987
3455431
1501021
5637177
1504683
9911891
8569169
176593
9527161
821611
6432869
6024709
7843299
1793169
5429767
998213
4373443
4724033
3645633
5830769
9618463
6997961
7177237
8425877
40752223
2484763
7499867
6142393
5164747
7749853
3483403
24885039
9098379
5152047
7608607
8039659
1403539
1139819
3133587
4506213
613593
4750513
3064113
196107
2507207
945799
2056797
3154143
4807253
814553
8580021
5008669
1981623
1730321
556141
4432307
240013
3827093
6823563
7028449
9689547
9167519
191262597
5678591
5808747
6124359
6814731
9638067
4647473
4262957
1020629
5872531
1143203
3379519
7072207
7511673
9350717
6742251
9929017
6655969
6034207
7461297
59833
6686441
3959187
8040019
7910903
1604073
5845001
8520643
8430669
3029649
1197351
8744921
4394481
7647793
6741761
1989173
3721953
3275767
3013327
1390443
9516049
5836339
8891917
117391
9507697
7113013
8289123
8339611
1056761
5644171
3014989
8997967
3705391
8546387
5785607
6189121
6809371
1081677
9561991
6424019
7739397
5653527
8506869
401347
7875339
413993
6987571
851637
472509
4026957
1946551
3205903
37421833
9716687
7954751
958357
2380737
5609427
2395627
8685761
7190659
5849941
5416653
3221419
3722501
4322039
8543447
6084021
3167257
5684749
5941043
6293933
9204191
8423111
7865487
5500069
650347
8231517
2655093
2946211
103591787
8911921
9739929
9699259
9566411
5028447
2392403
9732879
4606351
8270791
1600609
6689111
1265601
186648133
6767727
2209331
9697369
4178081
4308387
4724929
189364663
677411
2982821
7069659
82063
9328823
2715857
5252243
3957621
3023421
8265057
103172077
197360213
4146641
5095447
6338493
1538859
2292811
5665749
9188241
2843683
7039439
47687
1628543
2160227
5254271
99057
7673869
1935917
31663
5378941
9886363
4066431
2098159
1118511
1602837
5777009
9959129
1430221
9248353
7504417
5297567
5645077
9500889
8014539
3884833
5678541
35567789
769243
9215677
9704873
4127733
2013969
4126767
7115301
2355049
2252237
398373
8071809
2809883
4798673
8532261
3124281
3982279
83062699
91481519
4924851
9144587
5360149
45813061
2903423
284491
2378379
2383293
8147103
9710437
2760021
3497199
5850827
4959739
6463001
2404477
2487871
5956533
2105179
9277847
1280509
236517
7022493
4823307
6059103
405667
8180691
6640649
135334091
8366657
5428901
7041791
8136447
3218771
5852647
5103047
711589
9673421
7577147
6743403
3774569
1164363
2595541
3998431
956601
9371969
2879663
2351689
3223361
8261341
57645999
3214519
1711807
659353
657569
169574057
6630451
5171333
3265273
5094787
3178999
9911433
8782857
210507
7380443
6792057
2726947
6661147
1492883
6954637
697211
9300267
8224071
3088049
150224719
5986137
5742601
6982531
2171391
4849
1788141
3584063
6983897
2117131
2625127
4808989
6953033
9677333
6272441
333831
4593197
6345143
7095719
2482663
6189279
5498601
1656307
3019981
4342459
4812997
6972073
2504951
7130013
7294829
5645919
6157127
8166903
2781357
8203299
3517683
2628619
8847947
5209323
6777401
128073473
8155541
8984089
85709
3429953
4088979
4591927
5261707
6193957
8932703
80736559
8891621
5287219
6116627
2871659
4011989
7820597
5038589
3166799
9193769
6635551
1124047
3188193
3657363
4474637
3327401
7989041
7902003
2190561
3029071
7744007
1397733
5688469
2807497
2766389
120541
8947551
1385309
53383
6407173
7061761
75713
8940269
4290547
9903439
8357671
4213831
168903447
9828573
8898747
5756923
2272031
5962671
945263
9315819
8101887
930853
5737363
4585611
4359939
4575619
1595607
2610321
3959683
1878093
2321523
2851301
3241723
9813613
9597797
236131
165083531
7852939
2150167
1010653
1581923
1000819
126243481
4455889
7430039
7078631
950019
3469889
7268169
6211731
2272063
6803051
572557
7410341
4810463
7508763
7786981
7330111
3197777
7840277
795227
5613733
6503553
159261
9675907
403231
171387
8622219
1499621
2519443
1500699
2759587
5085449
6386183
8283541
3977937
8266501
1647093
8322737
6919239
6750587
1763083
6563583
8700323
2636949
5436407
8228413
9812299
8332967
4156341
1664173
1659757
8615643
2225871
6299799
6258381
8173319
1838729
5118609
5274301
1762529
9529731
4747743
4103353
4835157
9995981
6205903
2570403
8672501
8799233
802507
493481
8668707
9155111
3522157
8975291
6131329
419697
4270511
5233181
6729313
3596137
7568793
7406241
2441059
1913751
527487
9168831
3840657
171309
7424061
5106257
4059181
8977403
5787599
4398499
3266743
6711939
9148163
194175883
5637397
1307941
872533
40703889
2395443
4214909
162281
4404019
3123847
3507803
3757791
1854229
2870709
6057321
8908043
3333323
6490207
6434213
36484763
3223639
194204281
8632407
3403621
5367093
9035057
1312171
2118631
1227161
678501
41947
2385367
6844251
9723697
1783983
8068461
5572159
1057323
127583
754039
4888181
7876483
5503509
8048397
4804637
936761
2913927
3308183
6647437
719209
180547401
3723791
7122029
2321259
875911
5180041
7459469
84486431
9488223
4643499
2452201
7489059
4160187
1159313
2402521
8023693
6087099
7956921
9144317
3305083
192991
9942627
5730683
45439991
104313
8529177
9316961
174972757
4110797
8433271
7404061
8256163
1489977
7360073
6811097
8030137
8391439
5145411
1188631
8387421
1750073
9418791
5456397
9610031
9134633
3882809
5998513
1245957
2122981
7145839
129717
6762781
664429
2488593
8267361
3666011
4035457
6144611
2092777
9485943
4112357
4475681
8804529
2133959
3256413
8680909
8040193
8553717
9407883
8616703
2456691
7323989
9753221
3971557
7441869
5727387
8740587
2645737
7165743
9904719
4511499
7079343
3836513
4333301
260807
2250839
3287539
3454269
196808951
9858471
2513103
8617749
7143143
4023039
3222147
3761859
1729457
5756959
2877871
5564251
189508593
4474909
3287201
8749981
5561751
5519153
7815387
7027189
597347
9000531
8499379
212061
3555257
24266151
8089091
3123827
8997227
9342897
6844723
1151029
5331697
6280643
1585567
2329287
688489
8036061
81977771
22649439
6924293
5267149
9813221
9508289
6201949
6832383
6184463
6488333
165619
5875327
8547539
4438683
4936637
134246983
2555803
8011911
2510639
5435099
592327
4232271
4528343
6555281
2441761
3733949
2829251
6885533
6180577
726649
7432049
83134217
3799961
8179913
3731721
5195833
5056053
906767
