2778233
3324293
782393
2549313
9988389
1835593
512713
7797249
3662403
5687501
1060511
2481917
8364767
624149
833339
2453873
6347799
6239593
8443743
7112653
9757111
8846239
3715253
7914693
6092991
5450239
1161011
6861021
8619693
1592613
2357073
7651873
4544351
9607161
4123863
6881317
4483551
8935863
871267
4707037
2955529
2082351
8339303
3437767
7656159
419857
7136039
6814713
5921303
3587967
821977
3267097
3028167
2103687
1168703
2705807
1477737
5171773
4190999
2596023
4047769
9977121
8038161
2176383
6880481
7535293
3086237
4323887
2228069
36043921
5907041
8555379
5100377
2066719
4648999
7622691
8904409
7289091
5052717
5341427
6369541
1046031
2425927
7598871
6775377
9692561
9289557
34366399
1881607
930987
5185891
2697453
3917483
4245917
2386763
8084067
598331
2951489
1431687
9265251
2293207
9695513
1482579
5357129
1110459
3008233
9472673
8970939
400779
162489321
5138919
5845587
2578591
9263579
2506641
9689907
1391433
8909343
2531449
6651357
8360461
6826431
6660509
8843899
291419
5522797
5945657
2008063
9121583
445927
2607737
5627741
1548069
6815741
4802601
3370639
6824711
6496829
3532569
1712219
5700153
6253
4220067
6002349
3818703
6559377
9873967
8379017
3569677
9629587
7447501
5642183
833649
7241493
6970807
4775751
4194123
6147861
306337
8457311
4553773
4673807
3467731
6058661
1944627
7292941
5006861
6640177
7064563
188507883
2666287
8497613
9948847
168201
1323987
8408869
9650393
4844337
4559063
3829637
7018641
3910763
1268703
7306911
5317509
6177811
3611429
9147527
7054309
7382351
8868329
7655241
9911127
7290749
7604001
7347483
8307469
7928001
3584507
5847263
6331383
6575409
4992299
8202321
6704811
5481761
5609203
7110807
6800631
8297827
7759951
2587161
8112919
4063737
108320983
2081619
5081307
200233
7008253
2310961
6639157
5423919
2995483
4968467
5500933
1707651
6035913
6345229
3151789
7068413
5289567
185505717
6254061
9180443
5248439
93363779
4431391
6595837
8442327
783081
1743379
430947
9379869
6602989
7586097
191881
3905417
6364259
8830653
3150841
4086001
8560567
1430007
7848461
731011
6086423
795791
32995781
208539
4293033
8262863
7058123
7175807
657611
6250027
6427697
6750257
2124533
2412887
5301949
4211691
3117269
4854729
494237
2935687
9176887
3715129
1699387
6809461
7848043
6763769
4432363
86895581
1330087
5824819
1228359
4630203
1177311
1736727
7948093
6284229
554523
2089289
9030047
3998131
5076097
118093829
4648963
8304457
193728339
6660571
9100727
3760083
3655549
4176823
8061427
1523523
2219811
2562871
4568241
2902701
9254143
3818647
5513591
8297721
1561237
7720043
3092527
8144701
5696609
1145707
6036679
8775247
9448639
9601611
8961383
3901911
3893311
50861933
3171561
5120031
2681927
4741067
144238653
2955897
4254481
4578219
8267757
7370819
3406267
2874153
8536783
6540949
7299587
1035901
9180139
1663607
5845073
2893583
4946601
36179
8288843
5337539
8537857
1020497
6361841
921721
9546419
8691043
4451999
5291929
5570697
5102167
751243
6512891
4306651
2750623
3082409
2488189
8239413
9945353
2937753
7368969
5694317
3341559
125011
8979487
7199523
6449359
5706439
6829051
9278183
5375677
3588781
2623419
5079321
3225529
1671757
9796877
9797913
9072773
80532767
1330609
1210271
9582173
5972043
1905341
7588217
5436981
3137883
9764431
2193119
5388659
1143049
1421309
3388899
3434757
1465187
4002949
9349827
1266839
4567957
2912771
1521041
9819251
4842497
1605123
1866299
22368493
143623
4858647
7534603
6560211
2282293
7489759
1649581
423953
7797437
1816937
3899687
1103229
1210767
3150283
6458779
5504989
9033959
3350423
8260051
836247
4053279
3871007
9590243
5076139
6490923
477403
614431
2326741
9026627
2010819
8233569
6335281
3263537
5690563
3624047
6021477
1716653
53349
2523329
3877967
3316077
3029499
1738599
9038687
3136957
6497271
6833571
4454807
1568999
1034823
2856667
6598051
985547
7945239
89346117
1478719
3765629
6573637
7056273
9388497
65573
6491409
5001569
4023383
8261767
8563137
6942203
7444831
178381
5983317
2322331
4861083
3336119
3942283
589957
182173571
2175757
3339761
3388837
5133647
3823069
2359147
9031423
6370641
8311131
6935473
5062989
345417
1891821
7707481
2754871
7055519
7121783
198547237
2203443
2548581
1950107
6622081
5263677
1374177
8744957
161701369
79437157
159493209
8946621
7634339
8064229
18483
6423807
3084521
5572907
1649711
6990923
6819349
2698949
5756833
5676183
3023889
9620193
3228363
84931567
696427
110233
19849
7666553
1965717
6849413
4940619
7780431
5073103
113200491
73479
4994873
9498371
9956681
18469
5718789
3158541
8504077
8511677
7982179
8843747
78695941
2471407
8428523
141855681
3667973
4655303
2978763
8554121
5999941
1721809
2871169
1206727
8505153
769583
6952551
4117577
2726041
9455081
1764673
4736517
3240707
6296619
7927657
5419781
7533473
5519881
7904681
7767179
2152047
9678309
7804339
2004297
6386949
139935423
6529761
5354871
2946379
6642333
737927
8825141
3405619
7946537
7208487
3216841
2349639
2369001
700117
9939627
2778871
9199871
2303749
3330759
4051343
9428611
1093653
7634153
1216709
2158151
9591903
8463799
6018007
9368241
1982129
8427681
6216537
3242107
9180857
2515127
9579837
5332681
9603237
5135133
7823699
5299449
238749
9298417
6259199
596003
3668413
5247531
3121971
5435837
5868317
4097983
2896501
9891921
8414539
9448969
7019117
5006737
9823821
9876861
3806069
4384863
4382437
7207661
8360137
6364501
3343983
654283
1965879
191421
7424579
9931643
3631941
4585031
7504773
7520737
8525729
6912911
1938823
5701409
4714333
4265263
159440133
148197967
2328137
5285349
7053591
5643151
2765767
5815373
1076141
9705141
8146083
9602611
220197
9610279
2441851
52516691
9672189
5612907
234291
3042039
4707721
8803539
4236211
3839279
2839049
2785667
2038481
463423
7183333
8444329
2594993
8614107
4999657
2132231
532507
8019097
95148787
6953109
4182737
960043
4784423
4188769
786613
1076711
9566239
7318619
5842891
677783
2950563
4909383
2387793
117637
6147159
1464899
4467361
1373459
21109353
6921657
936617
5600951
2907933
4939299
4731527
5735373
7536013
6295599
3610857
73450781
8044223
6428111
4752993
132463083
8221671
67367
4556753
2136287
4233793
2948759
8555793
4246673
4760093
5663599
8578561
1996701
7302997
149940751
2192993
39460887
6808921
103783127
6844529
6070143
1511321
7645373
7583839
7481323
9255679
3721591
4165367
455521
6620279
8858467
3076527
2592759
6189167
9138917
8263413
5949759
1459331
6446737
6386371
6053703
8512723
3129683
9619113
297511
4589529
2216223
6022821
2263399
4463791
2644559
96199059
2958973
3588343
3297389
7475593
50498999
1045351
8553743
288413
4816363
7208617
2943991
85064329
6004741
2450713
6678951
5081899
9262349
1782287
9487733
2452501
7654361
7185987
8203589
