1881807
8516839
6366003
783261
4989167
1007123
4651713
5878291
872953
8673533
2830301
769813
5244161
7674731
1050771
6468097
9956517
996213
5978439
2581867
100386793
5706899
3966963
3842849
9263581
9418107
1472631
4399323
811887
4327107
1950611
2063303
3218051
5553693
5501369
684217
7023059
5581419
9532853
5919721
3750683
142573
981551
9139881
7287043
5353127
5002661
8487473
2056081
7307281
5697681
7597029
426931
250691
5773171
7037477
4645903
4703723
2738847
8174731
4449951
884989
3359423
1629003
8889841
3662649
2888649
9742081
4559879
9771149
1682391
1646019
14953521
4172591
177587017
9627337
5623577
6768461
5621107
4967009
824037
9142787
3525327
8688883
18694179
6345547
6151987
1250771
8187563
3559741
9395781
1835297
2690511
1459469
5650867
9262091
4537641
74668079
75938999
5979677
3625349
1765787
9243487
5093771
1487693
137895351
5366719
1154997
3851933
8498261
5661109
7572031
9162533
193941639
7987031
8583459
3906513
798067
5864941
1049521
8632217
2149371
154229
5417971
2831501
9512829
277127
180489431
8064663
6821927
6047599
5011469
9595707
3525047
4318661
1462497
6094393
4573153
9435773
6959541
3402823
525871
1158061
8021067
8884537
1174717
2684899
3705719
6354009
9981419
1405261
3769861
2298049
935431
170574491
7518011
2945487
3229087
2722373
6498147
7023641
6168123
4702299
3040779
2689007
3048269
8380797
443817
1606071
632351
3927137
4385389
7203579
5612633
6606107
25384291
3751801
9233591
9277891
6818311
3580471
4690603
4455463
2179191
3597953
9090509
5723763
7660473
340917
6820727
8602751
9623543
2643291
3799859
7812539
4892739
4745583
4024223
9472529
2305647
9461073
3802951
4961553
7416703
7053873
4636657
3730529
3617973
9261283
4362961
8014567
7065819
2310369
8160691
8835661
1483711
38737411
4145083
7098707
1036383
7255473
3274707
9010143
828511
4330587
6006187
3510533
8386367
807157
7928529
9193341
3563551
539429
6893451
9458137
2054773
5437577
4210827
6849953
751117
2495981
8618757
589631
148192973
9010183
168968281
232719
1337369
9537379
650163
7250063
8500689
6233027
2054741
7766503
8475431
9972271
2425949
8784119
6126931
351947
3562081
2192733
40399661
401089
7759083
7912779
9369711
2932619
3170839
7667267
5993309
1964783
3132507
6264837
1824879
6545849
515447
3918959
1562783
9037809
8351619
31134313
2271617
4194687
7070943
9086349
3806173
5988689
1601007
5889327
270207
5847089
1179319
7156233
5320749
2679773
6749741
7417593
3140333
3729427
8641101
55441901
7846363
1316433
8567093
155712573
1876899
8699003
1875353
7739031
5991447
7567713
125333109
2561107
8104513
1840551
3875663
6345351
1640899
5377619
3182813
108791453
6037949
1196289
32665761
3259941
7621203
2904887
9407903
1723983
572983
9973047
435497
9726161
9389133
4554531
4126049
1706343
4964341
8232501
7667937
1250839
6066649
8686219
3336083
1659549
4653429
8174553
3974049
5956219
2207591
32179
8670571
51809
7442241
5301351
2820927
5088863
5939973
8144909
4275003
6375153
8618147
8721033
6744327
9365987
6880517
528113
5330701
8457137
165600507
6721099
2808917
531249
9609507
8011927
635527
5401877
4312117
9996317
4442671
4243887
9273997
41881
1610871
815527
2468077
5650341
6161843
8905017
5207851
2936503
6871719
2634249
9047971
5595141
9427173
7069369
5491733
5843057
5203929
9511349
2330937
4093749
8140981
6165361
171742833
4674443
3401491
8402921
5127067
6631771
762659
8473187
2682377
795943
4681611
76636867
396767
9368421
8904803
3393119
4871279
1015849
4205303
1148689
4593227
5798697
6335739
8174537
2726549
4758669
9852377
9672009
6109111
5459201
5386287
143065863
732013
6683971
7610491
2735257
4654189
2763721
2909853
465263
2639563
108187
9651213
3489611
8530459
8994527
9265307
1368477
2961153
6989481
6106999
6722473
5780191
62989
2034789
4032951
5687669
2770767
8625021
1268591
5789101
7047153
174049
9586763
1508101
9964393
141541
9500963
1047029
8244333
1360229
3256231
5826737
8251963
2103861
6303781
522091
5730749
734101
7765649
4670587
1621947
5678859
3239273
2764177
9185351
398031
8458163
5489663
8230791
9502281
9657597
1802061
5894347
3724701
6707871
4658209
5544027
3963351
3495171
8642299
1146967
210357
1401649
4955077
2333453
9159279
4288513
5331199
2822641
6361909
7736473
2619647
9160953
2599683
8347261
162415071
6224969
5768541
1293847
1127999
5153363
7934347
7004111
7825459
1651587
1215849
7278637
6403381
83503059
173407427
5679423
44256429
3009757
3997031
3106231
746079
4931053
4617141
19489641
226127
7682929
7741747
6534621
9753157
9958199
3709349
55587257
2028657
5067887
124966153
910943
8476851
2927509
4606451
5476069
2402011
6685923
5217439
81561
4469739
114764667
1508953
9072153
5410671
3422451
473199
4271947
6498927
6254133
6480317
7722801
1026227
1549363
2388617
5529539
2988023
117596121
4033691
8635523
1262959
5768319
1495367
9501493
8696183
6050597
4689389
3087001
7424653
447441
2609337
41861281
8411789
9620089
6611969
9751379
3169333
4272251
1204847
1083771
8702963
8415257
6868483
830839
35923
2248079
9517389
8801821
75989957
156663699
3632719
9003457
9745373
2270971
278629
8506599
5465541
2638809
7402409
7983411
860289
6247251
1805443
9687693
66326433
14982949
1117591
5213603
194569
6432927
9840119
5573243
7971107
4522137
9371093
1345291
6364923
4152209
594811
1777757
40781
4976999
9129061
2902209
3358547
1915939
4633821
9283791
401437
3385717
5227057
2198791
6105319
7579957
1278457
8503937
3262211
86294891
5270813
155531769
4020749
2020797
6725929
4503957
7977889
7360631
3026771
216447
3517783
9198177
7634249
4311193
4860791
2096807
51139
1378897
6427811
6201691
14336357
4979569
2418457
9159533
909029
4556679
4009803
3513621
8735907
8677487
3595041
5045473
4125369
3432523
389847
8420091
7655453
5798499
8241999
5163077
7942499
7515627
6129179
488337
4376567
2307417
5839393
3012841
6872269
9510413
2625979
610509
1575031
179669
3200679
382063
5730249
7060071
5428089
129960353
6604967
1335011
2435397
7059431
3839133
248401
6632021
1079921
2643481
7860843
20084707
83334291
612057
4978077
3378301
7176567
3201069
8367767
8789173
1446429
7314839
1742887
96111
8011699
8057753
6799429
5344533
6617103
9099587
7008981
8989057
6635787
3555029
3607631
2658257
6336099
632809
4750257
6664003
4973141
6773353
443121
2731297
9401723
1036399
4011617
5449623
243623
