6530177
2561313
7813329
7146729
6874651
6007053
7473817
509967
1295621
7209287
5975493
9755897
5156347
755753
5950039
5250033
118091
732519
893413
8610123
3012389
3680631
1411101
4349329
8227707
5633437
7846319
8499997
5124927
9599869
1217881
6686939
5773289
9736511
159622869
9778651
9745293
41419
4325293
6793721
5625609
6502259
5989201
6180861
4890129
115507
8041323
1647043
650291
642709
1827431
3315059
5245917
3285223
1715807
9123639
5772963
8227707
5955071
777403
3465617
4531859
7208979
2499359
3075887
9349193
5997003
1737973
1531627
37017
8166147
1890407
2625899
714783
8140277
726393
6124529
1755547
9014191
2293877
1251757
1655607
39220713
9575777
6499669
3824709
5870619
9754253
8176911
3522809
7435273
3513413
4061901
1357931
4007819
2180083
8083257
3273753
5575407
7466211
3951231
5627989
9075489
8803347
2693379
4720247
2871237
9992017
9709289
5895333
4308611
5244483
8183741
8302153
9129213
6273197
8054633
9498921
122997597
1589557
1929617
6667281
8543223
7650653
2492533
4813201
3103657
118546757
7186073
6857977
5248713
9917941
8627873
1442861
2171671
4230973
569341
2386507
8578879
7402869
2534369
4799247
6659531
2793001
2579737
3532457
7194451
7013007
569447
633483
487363
3266857
2781867
3211441
91377
1113251
7790317
9537521
2352883
399403
5554853
4545397
8391299
8855791
1812103
8068877
8351141
1412093
5585329
1507089
8094991
4549797
6268093
8927659
8649613
7489737
4232229
4820609
8830379
9404263
3381427
1695209
2427637
2390483
231341
7888327
9663477
5708257
3434379
3394847
7686223
6269921
7996303
1577261
1188547
7208857
3980439
145491239
1079783
8301741
6400221
8838137
5544741
5447567
7532137
107661749
6694903
721681
4906683
519827
3138039
6752667
1133443
546431
2103589
8020969
4083567
3648337
5331519
2062999
4531561
928967
4492449
1556333
8958539
9449377
7730721
4514723
7580853
3322291
7453511
3912389
7253831
9367159
7657613
7054853
2213843
4238799
5959243
4737719
8006533
2346527
149499
9530541
1744673
5472437
4651213
893567
8089539
6412243
6037587
1364223
7111931
9538467
9305641
3142377
5176341
152163807
5158957
4404183
1376633
822403
6688167
8267493
3515299
4312569
4822449
3040193
6456689
2358539
6933157
7954997
2664133
2907711
2232133
41413
2744261
2479159
54177
4335863
2151701
1101559
7301833
2814099
775761
3304477
3232487
9092789
930991
7065569
8048329
6453993
4816183
3817477
6236049
33558887
8681639
8479549
9599633
416531
8863159
1861751
5031649
3980541
1390217
4310537
5893541
6069713
387363
8788439
5561673
8963239
6786497
9467227
5558929
6864159
8238169
5992327
5217173
3927167
2557509
7200847
9870307
2527313
5132343
652733
6887571
9008279
396893
2030589
6265989
689169
2607901
1789107
7935577
4725857
9948453
4994541
6639589
2033339
2942297
6243079
9764541
8006199
5553089
2603703
7994323
2004833
346151
6249131
2753971
2128041
1569369
7613263
94487581
6839831
8847017
8864819
5766609
1991827
7448413
9988007
7724217
3117277
3968147
7994199
6214727
7252223
1207147
5009833
1062889
8517767
4641563
1130997
1108873
3500599
2803659
5817261
1549453
7265263
3287191
419587
5052257
16437467
8755787
9751457
9841297
5477621
5989671
576921
1540039
8137293
2397293
5428449
1363691
5568403
3237601
4219243
4350697
70623861
9057923
9441193
84698039
329441
7147289
7149197
1337289
3664753
2187219
27274173
20797
1031631
3574043
6515567
4694701
9771871
7042281
8420771
9752561
2193357
5785961
3136381
8877329
9462721
9171411
4739439
6387377
6166061
8069983
7357221
3324393
1469549
7998109
7545999
8021253
4108813
5362281
21450263
1795259
3472223
4033061
8004719
1450649
3188589
7121203
5002469
7559731
5344321
4600497
3713721
8217799
5107149
8263969
465831
782001
8154901
2728239
308911
1253503
5958353
1578383
3657581
4198601
1179893
375627
8780857
38428939
376651
11755871
6658049
3609517
9164493
100284231
6291267
8662157
1053949
4243153
5333903
9697953
3396289
3933859
4022429
566523
2239873
3674921
4069407
3636413
8286129
1453559
4369217
7369677
60688053
7356049
2465571
3873343
2860133
9738649
6456733
1545463
2098059
2238177
8617489
1803257
4240277
4770303
7105857
5305773
7213513
8059073
9529279
2941101
3227929
2898997
8419937
6674519
999131
4374827
7050119
7304991
9637243
5111083
167718871
2641681
7918267
2703433
154463261
7690529
9034541
7370777
12918351
4876171
8898527
9314137
2551159
4302791
4819877
6994791
8392267
2576587
7001399
3446719
3616629
6213943
9021937
1851409
16991
6065329
4813041
4870659
6899723
7210583
3544979
7887847
9582073
7755747
5056801
4317127
9406977
2130923
6649019
4271921
9787467
2526249
779657
186561
4621129
9313877
7844243
7377513
6091759
3763699
4295619
4765877
7381857
4322327
5295431
7052691
8233749
801431
7015931
2086159
5066921
1233833
2237207
7556233
2984443
5468087
1181121
9848901
9005969
9200039
15840297
2469777
23971
455661
88998593
7441567
5779009
7188273
3924203
5085191
5507651
8816289
7692657
7667891
8688411
1722901
3353261
2511283
9608783
6831017
586377
3843093
2789009
8823781
2290629
4374017
8346523
8700467
8041813
6430333
4012273
3590307
3420367
614629
4510481
2648587
8443607
4519911
20094487
8656437
3514853
4573291
2397251
9312241
689687
1440821
8359563
304467
160572703
6540447
7539033
6589369
7657829
7864279
5485921
5982937
7650403
8026647
7222431
6020351
9701363
7787503
5654549
1359703
133013469
306903
438997
5204297
67771
1815949
3390633
3964137
3365101
8610237
6819103
900251
3302807
1434657
4320633
1206693
7939829
180081563
6214677
8920089
8050133
5684121
5470457
1251167
3434777
5891841
7259947
2409947
534433
1959161
4306981
8223899
4194271
2383821
6752817
5502489
4686419
4396489
4574309
8224683
3103733
8904949
2608839
4101191
2531519
789057
4245857
5003447
4521761
4187263
6177953
138626223
27881
3466791
144011
5281889
9674809
6355157
1729393
125233247
8571207
7158973
4644067
7766379
6288953
2829849
1060413
2483801
6157211
7875629
9755587
3270789
5269551
9914451
8940597
2798037
8544427
7955387
7676727
8521103
2791047
9993259
4257139
3727239
6300371
7119941
1538777
2896999
4339781
2507381
4484383
3949559
5142581
126481983
1512037
9590409
778873
4748811
9705657
59299241
5186947
2540047
8282561
9141787
5609263
2209409
6160719
3072099
932021
3226379
6110427
6582259
3883303
6476093
6861087
3769099
1885599
5771817
30477
2834479
882973
5467679
4150353
8172421
5093177
2177341
3940099
7890321
220049
2852549
1798937
4965537
4866571
4602457
185831
6828551
3723371
979947
8272749
4343477
4057087
5207491
8414057
8256667
7780127
1617497
4816543
195545577
8928879
5088311
4312281
6485991
5455297
2327927
1911801
4772071
3773167
7756151
1158227
6442171
4024023
3835721
6174083
4665019
5228973
9518079
4937019
144667831
296171
103608209
9924699
6486469
867893
9892499
1111117
9850913
4969003
1608471
2967
2371841
