2167169
6390009
6809667
6268771
6006097
2618049
7135381
2263111
5086899
3064417
972669
844573
4386071
8510021
2875787
3512183
38549
7371457
3461787
5283209
2310773
1991319
8406891
8474437
8736767
725633
9552907
6413707
3543583
5175197
4834377
7396993
70978949
1313777
1547039
5945611
64251
8253063
375647
4756871
16588133
3491321
104093
72181
8782991
5644811
3675189
2650877
7051
6086359
174774831
828353
8868801
3673129
6203063
3269009
269869
1364049
1709669
5934253
3065267
2535943
8042127
4378027
8458783
222207
1845417
9338243
5910479
5901279
4910747
4801537
2903417
1255263
5762763
2080909
1918669
7461817
3164993
9330071
4943407
1731619
9645347
6484439
7089423
4556159
8564847
8697471
93977
4549967
39332071
206021
9570939
6070123
6163771
3635619
2113903
1462479
3585861
7448121
8605689
5318871
8240473
608037
168542331
2830139
8273821
8587453
6310753
5799009
1983403
195367
3880391
8083413
2458729
2522281
3744841
55099
7593091
9605091
4824463
7058539
7416119
3616003
2803757
7691233
7664717
3117567
3458583
8780261
1053271
8269251
149129
6482491
3239619
36067699
5591861
51313
9274191
7254661
8045393
6639369
5034091
149147
4800529
9191221
6319307
8246717
6645087
3116559
5145107
2253839
8591357
9249699
834549
7264001
5686009
7241739
413061
9618441
9256891
304757
8349627
1778509
1258511
1480309
7343519
5411461
3619851
9286571
8991567
6760757
3285609
6234131
85467323
383409
4711947
4211261
4545351
1574447
7130149
3521
7323697
5840871
3515547
8090529
4478291
175494919
9316003
6691389
9014909
5641767
130821
3280403
2097179
5488011
4856789
5237747
207303
2333547
4945557
4406073
5418237
1316473
1276691
5805087
526671
188817903
6645489
6691861
66546603
3358541
4635159
399899
4444171
5163499
5064479
4786049
531741
3542791
1545657
6956303
7302211
4937619
7891883
9973681
2839379
3563561
1340223
7508391
2195213
660453
2851457
9804097
9628667
1457087
3098951
1832339
7276149
54563
3653329
5409349
6381271
9616629
113450611
6736597
1425397
1632901
7951613
5093673
35612659
4719953
8742879
8314431
7410787
5087411
5586611
9183531
3235491
9980667
9914667
65931
105435413
1006147
103649649
1738563
2702957
7753817
4486679
9880107
8601371
9607259
2760957
5964567
5396343
364841
5290459
7878467
9009253
7882697
5831831
1404497
4017499
3718111
7692161
7689797
9319711
1499283
4524037
6985613
4937529
6220227
1687871
7266137
2615443
6757091
5999281
8018843
3304117
8673483
1621171
5265319
1280421
8013561
9070159
5926523
7125413
8308083
6370891
4626691
6341067
2694337
7412999
6340997
8665457
3124737
135191
9086779
3522429
9046937
6102989
9282893
3044203
4577881
7649851
9889493
7182349
8776267
2249213
8141497
6742583
51896961
5178821
2387643
1531479
5994707
4281143
5681183
5686997
3604857
5475547
2560811
5767689
7613409
3735469
5865717
1413661
6956123
8170609
5267329
2047411
8555357
7359247
1842273
5314179
4788323
821819
7216239
1287543
1568913
1106801
1892169
4652217
2133971
3325751
7772873
7774069
2885577
6490821
2227071
9113819
6641681
7424577
9757523
3634339
7689769
7279051
5361239
7748701
792629
9363863
902451
5832889
421011
4801769
9605991
5541909
7891379
5419589
9065739
1384389
2767429
5471493
8672593
2750003
1622551
7360211
1097051
3998681
9359203
5701861
9924303
6692303
7160189
725027
953351
5521103
5713331
7326847
193667493
8052753
8063499
4419633
7017633
3624961
3603967
2783049
6229337
3114919
1884043
85223201
3903591
8910139
7269387
2136323
4983897
9171387
8186903
2944829
330077
1099657
4158127
76253
445031
4976449
1783293
6685867
34163
4862839
697261
85111
610449
2752747
1203621
1421367
3724729
5556717
7158659
425369
7704071
5294831
7913197
3190427
6222553
4335223
3666081
2795049
491853
2075041
7798841
2977329
33277
9871051
6741917
3490987
1873667
8534819
4222329
5114007
9782179
7529451
9195089
4579399
909027
1682879
1854163
1034403
5279683
1006517
9036661
7116869
5645819
9803167
5052447
4438241
4346829
2774691
6991753
9506387
5569983
4245389
4357371
5913289
8486323
8987377
652083
3626273
245109
3488181
1884649
7394609
2566107
2123251
55695367
6444969
6867293
4067597
4042817
2307893
9438009
5157677
4359871
1273147
2283859
7297441
5595077
7250717
2136271
2500687
9318827
3986553
2150407
6294201
9929499
2639981
5609009
5791117
1880687
5761561
6222111
146937249
5557423
3642411
5802159
6213187
8743941
4594273
4397599
4435899
8397289
17162139
3390519
5142649
1178861
5120949
693309
4746941
4360167
7248169
2620269
7553583
6456797
956421
1298431
5760977
511341
5746109
8427027
7741223
8558689
2574397
7091869
5550141
7379791
6764797
5150947
9735411
8948977
9019547
6902497
8405349
37142111
6844517
101879
101558817
2188469
5155639
9382369
6817323
5703369
154088999
5654709
122800637
3594043
1161481
9022141
2821259
8477557
1017731
8323291
3029109
7482651
2522691
7273063
5749039
2298043
2832207
6844059
369661
8462187
4554601
7152219
8448543
1468207
5528409
188236599
5577683
7300789
1439427
1894913
6846867
7513531
4644123
1955033
1333939
3033231
9891633
7762071
3456857
4521349
9406767
6633669
8763409
2885501
9424673
3866021
9472689
8885799
9271969
6671913
9859507
1784511
6914593
8426537
1918939
6548157
9141553
3935683
7026843
2261293
6858151
3101867
2979531
7855469
9230813
5443811
2493301
2023929
8800697
9931051
516923
9308797
5535629
8422301
730639
9296153
4189741
8702147
1225223
7814763
5904061
64927
6464383
4231721
1957733
3182299
5049861
1719113
2608907
108142839
120313389
4628547
8572711
4344887
8803167
7952401
4035309
18854467
2571501
2854761
8141003
3856821
5502471
5071437
243483
6751391
1439913
9625653
5827103
3494247
1665371
2554753
2696679
2131261
235279
516163
6639411
8381829
1487661
1276819
9103211
4435273
6420749
336783
555097
7699257
3884481
9048087
1257847
7460041
3587291
6571269
2727837
8560447
5302407
9911911
6522827
7675083
2134889
6937283
6262109
4553109
1120517
3241109
4889417
4134079
1707847
4476331
3268553
5007853
59960117
5661047
5402681
182900271
3273301
6242699
6239113
8501107
727269
8101209
5145119
3838869
5243133
6459461
2369497
4429291
459829
9489913
3487683
174885593
194972883
828817
3330429
8268169
4885637
9615659
5977359
4636553
5139893
7045009
4051517
8326023
4590979
9688651
9192441
2817801
3778223
9220763
6160603
4500129
9710673
1490197
1282417
8250699
