3688077
1936189
845063
3345919
4240133
8849783
8561481
4686163
14449573
7669681
7674771
6345941
90839
6617401
9297103
6472941
9991841
8008513
306181
6188247
2142501
4708671
5388609
3311189
1334877
6037111
7265773
3556887
4713963
7678851
8085847
2061367
437621
86058129
911751
6442473
4873129
4722711
735943
5798447
3991337
2350759
8735419
194400883
5514689
6191357
1531347
8257853
6069021
6870751
2694829
5290119
3925219
1994703
4387429
4497117
6299483
3161889
1442031
7467711
1881183
44275893
766873
4040043
2100779
4801949
5870209
4923331
2968173
6460517
3603617
894961
4936961
2205467
9895269
1327133
9233069
836963
6720629
5554679
2141939
5101143
2841753
352811
5828523
5824701
6524831
7045483
8849639
7140153
83213303
1313479
9222549
49399261
8368487
4428773
7497769
5611157
7707983
2234389
1626467
9730949
8248907
4987547
2597539
7253653
5951599
1323483
4592067
2636361
1689533
5619347
4801893
9583787
4200749
3307603
5624957
8205341
352573
8367063
2612751
7277159
3950753
3139969
2574931
379373
7411257
1726169
8876727
292327
6262753
3202207
4770753
1033989
694449
4340151
6341973
6585169
4878551
7818113
7329279
1345403
8682527
8841637
2255867
9297281
1922309
9302299
182853
6004413
6833481
5680421
8358613
3469427
1562331
8320709
7837323
1190337
264593
7846161
7537201
9111913
5589557
2062341
1754411
6372807
9390611
8391847
6820457
26935559
5838029
4180123
8147819
4915201
2967989
1412463
6834699
500081
6760681
4605979
7978919
5194633
1968459
7135247
5080093
9324521
692171
8552417
9944937
9841017
136013
9313863
7803133
2293169
2208727
6280037
687589
6940333
2390837
4437887
316893
1917541
1034529
1244217
8940819
5477629
2492219
5754657
4406073
4298723
135057021
8318239
5637117
2509949
4995289
2401503
1109539
5988713
8756401
8376629
864201
6857427
7799609
3514151
53012059
2021113
4223361
1312071
3105559
380027
6342893
6538263
6512131
5642743
1395353
6651439
9661937
9445259
4233777
8924387
7741531
8890307
926779
2349767
4105811
7728987
1832503
4518803
3971709
8242227
180727
4861051
7280171
5163713
3001359
3489233
7552089
7242383
2578301
4828529
428819
1613921
3732877
21377889
710029
6033763
7805977
8564503
7443097
6939383
3222803
8942273
75285993
3318143
4236343
494199
122267
101301
6980009
7531323
1406383
2452801
9575629
1504949
8790067
2435197
2659817
3567081
2255393
588019
4813537
5989217
6053557
3671249
9595993
3089921
1613129
9538789
1805169
9746537
5457443
1222261
6332719
7257627
3099597
1873241
6210721
1299877
2343679
7389177
4059131
3442947
2114899
2950873
3646007
4930329
9431291
90213
4308537
3323319
2239893
8729313
5124033
9130469
6697149
5918757
7866709
749623
7783923
8120441
2237677
6486363
9321303
2987303
5693049
5614801
181186193
5105641
3262513
5186527
5709329
2067591
946667
3338629
1052691
1120557
9838787
2728859
1844529
7355697
2786217
5996923
624603
9179373
8788307
2882697
4285791
1425067
5117269
4430863
3454099
1510621
8144927
3476451
1469459
5939797
7351483
6557463
4539471
7436133
5911293
2826379
1935499
3917869
5549637
789691
5041569
7239219
6423391
9378427
8091337
11434977
1750361
350411
3790451
4325943
133181
3166529
5901989
4334079
9394477
25829541
6764879
5562489
3980969
3966499
7433471
6598527
6854373
9321697
9748779
43470093
913133
4210057
8477573
8892983
5607337
66194377
4856421
149735021
972251
471213
5592137
8800921
4767929
435273
2032853
8279943
3958611
7775521
6893217
6249837
3196341
6593899
7342187
3176537
132327
3522533
120652011
4052609
3241307
144463
3058741
5677839
7569253
2381961
9524167
7681163
3554847
3669093
2492177
5795541
2656697
8396151
4980199
9798437
2499561
9122667
7851771
8723169
4406331
2523723
9301409
4298071
3695241
846143
2334979
5927913
8284701
1643621
5594309
6981893
3928771
625119
9746329
6169313
3971851
9662797
4096499
6663111
3546471
4472153
523379
4233767
9154961
22000327
7389031
2994493
6084097
3495629
7437773
1054651
1534569
9654263
239871
5783113
7788161
1509139
9124527
6753067
70133453
1022667
8051267
4919997
5537691
9596589
6781731
196553
7303797
7100001
4817919
6193763
5212253
8581037
2653247
3204199
6112049
3915281
44013
7666501
9714149
2466139
6766159
667421
3189109
4859383
9143397
3066867
1535111
4596379
5466623
171740933
6116871
4002993
1288101
2117059
3762511
378939
5534323
8631729
9481419
316627
2180377
1938961
1159713
282941
1611877
29829
3081721
1042769
135846747
3147409
4651927
2136893
5945161
2715391
6840667
3343879
3014363
2057087
5979981
1027411
7321283
7977987
5645641
4654597
3777837
7670939
9641069
3957263
6835483
7320419
8956259
6246141
9186263
6178479
1841123
5552217
38862793
5747559
4369701
2707317
7773793
9215609
1831041
782737
4626491
2505557
5653307
99022461
9540717
5297523
3803553
8658487
7979319
9658367
1146759
266947
9476273
3227821
7067471
6132877
21349509
6114931
5371779
7802867
7365957
8152799
6802853
4451081
8472933
2757753
7669973
176047
94781
3707037
7273373
8219909
8045403
5371073
9469269
7718689
3417811
5584211
734371
5438397
945043
678379
2831637
2131781
3761609
9350197
5841279
971147
2423131
8234819
105029
7724449
589567
5949769
812893
36271
201691
6475487
8351339
428851
4808153
8853351
3536813
3154877
15141113
4113481
8125869
5585451
5944243
2816077
7832917
5320173
243629
1828971
9599941
1648437
9548371
8730223
7658349
154953
266493
482131
9626249
9806759
3555861
2089751
2650499
2790389
9118483
9027881
173850043
4782819
7665013
4548927
5353157
308483
937897
5064987
7331939
4659247
1692619
2921937
3272643
5440423
1067681
2729997
7100097
2378491
3792097
5217347
9865981
7468157
1288747
3416007
6630113
8471181
904323
3170191
1320357
3803161
9010759
7444801
8305307
2470033
2097413
9771427
788087
668723
985299
7108717
7125263
8711029
8347867
2630467
3808303
9203659
5919527
6591351
4867459
1946531
5085561
9066553
183747687
78102979
5137341
5461627
620131
6363067
2314181
8867197
1012453
1448283
390493
1441187
3313473
7226513
1781997
3322129
1057483
4372913
396059
3544291
5494341
3364107
4443641
3291969
4766571
8370653
3047181
163291
9508571
7822929
8865261
7589207
655493
4033629
3001243
3423193
7813959
2302473
7126011
8339731
8250227
8475093
4425307
3863187
8015657
1704979
8974037
1094209
6413957
8371593
2344523
3862571
6905503
5519519
3086571
8755789
1588599
5163597
5092537
1575461
1084001
8678837
1575363
8608541
9369501
9053823
7356739
94182669
170013
920621
2700939
3101249
4626069
9529159
1381659
2070427
8399369
9627413
9428931
5097221
2639819
479951
9271339
9619279
1187499
