7060369
189517
7717659
996769
945073
4592517
1677969
674471
4110643
13893
6779571
159175361
8117959
6003093
4296633
2358619
7647377
8432283
125758193
8427029
5813899
6970503
3627887
2287187
8450333
7594189
9286221
45004087
6409701
9748667
8353469
5691403
8280281
9324861
1405329
6464729
7782447
3548887
6327587
4250431
2523569
2406023
6708813
2734013
3671459
1075611
1466509
1825069
328979
3850381
3656307
3946627
8508637
9958121
7116323
3627651
6717511
5988771
2286143
1974221
6639749
9735421
11885361
8041437
3200023
6613469
5686273
8059867
5901603
6450933
3954841
9634791
199131637
1355121
1812543
3549771
7326539
9095227
7246741
3633413
3610853
4987139
2064067
5396901
3887271
3862169
4672797
2567783
7083799
4604827
7248811
4677079
4775823
4530379
2468591
3386319
4965107
3753499
890407
3841469
5734813
1365363
6944337
5800703
635127
6413141
2141777
5044067
447509
9270701
7886543
9130119
3014939
4697259
6557037
1248979
6936369
9641801
73961177
492329
4997427
939273
853403
9869063
2059573
316081
5515253
5524071
3411007
8365691
5287209
7987341
6131319
7087109
1764457
3626949
6586917
1566819
2306723
5951127
12887119
4160359
6571569
4652607
6650543
7872149
5688233
9463337
7948501
174973
215789
2984401
8409837
9154223
4461903
5466643
4942471
1873511
1037329
3307629
7733053
15598261
3385053
1577851
1044853
6865649
1875923
3836729
7262387
8007449
3297579
8262263
9303103
7721433
8153141
1750831
8150503
6330007
8517673
4855553
3735151
5570049
5766149
2294627
3160051
132661447
8472839
9916187
9829561
5179039
8916087
6148141
4104447
4701147
8432189
5730477
3204231
446637
1353501
5857169
7006983
7225001
9996951
1754369
9379001
1207267
1385091
2902287
8102861
6558229
2050323
4186653
165609
9656893
5291419
6214467
4824147
8397849
4345127
54236269
2371727
2826099
1346259
6537217
5260061
3830539
9435719
4984811
6435527
262557
9286467
5257407
3592079
7366501
8298607
3532831
2102291
6948883
5204473
9521359
457097
8037983
9742151
3067181
3938189
4075169
7578203
7844661
6745827
1700561
2068443
739601
8956577
5575989
132521
5805301
5481707
3204011
1760593
936267
7611243
7924831
4660669
1078891
8193207
6417987
4676541
2679441
2881361
120859103
9303771
879941
559893
4201207
3909007
9909699
7733457
3096213
1182223
4503929
3856921
5597631
7032163
2225621
9688673
6255723
9004697
1764147
8876587
6308109
5413029
1361729
810059
4740023
8790523
1686887
7724847
2885387
3445829
452143
7739303
9139427
6271061
9194967
5260737
6162171
166740987
7686011
1905961
192563737
9605423
3014439
1618983
7664571
7197091
5075721
1863541
4664321
2058227
9512393
7792813
4728163
2978061
5101771
6055593
105863213
9724971
7235077
941217
1434079
6602489
8024313
8780451
5070649
4386109
2502389
9442107
8633929
240481
33098419
8145769
4052361
9258311
3492843
8570521
7199597
4405761
7285303
5448939
6754583
7922497
1411923
9144699
7573347
348319
5716967
4305677
1868397
570991
2086329
8976643
14023543
5967019
5180021
896687
215731
6735261
8208793
135690289
3928063
5999211
9233777
4778991
8022851
526901
1017563
5277077
8243931
8677477
149228533
4520681
6525497
5522677
2274263
105367
1510993
2812871
1130081
8410793
5811791
3011199
8946219
9040347
65641537
1880093
9363779
4801433
4549647
9678203
2662523
7283671
2921857
5018833
9431079
33863201
1300457
4917851
2466963
7299833
3742599
4463851
111601381
1975611
2718137
3399487
7337977
4276699
1667603
490931
1005881
1489743
9051557
2385253
7524341
9768471
195419461
306343
7634971
7291843
6519309
8773879
4464379
7906753
9451301
3361607
4090281
1053289
5041349
2152213
3737381
5795097
1746599
817981
1345653
1881273
1367961
1320701
670937
9068361
2247741
7507837
8102229
2141343
1715477
8650421
867741
1019047
5698217
5152843
7141601
3285801
4972039
1281859
7863331
1122551
9336373
6563989
6434701
6688439
7483023
4783187
161283763
6135769
7890779
5451421
8161109
8215283
4846509
4234319
1864591
4975079
9294107
9842157
8123839
1937023
7346549
5599907
3505761
9745751
6137997
3388631
9031991
5114847
7932379
1957029
2939881
3754577
191749057
9451729
7682093
337851
4027667
126667043
2481231
8711579
8577249
7836661
4467889
6606637
5317591
3423171
1826063
9477147
8437597
5011883
1627551
6697287
3043929
186485481
631393
1981799
9029083
1384441
6827973
5650013
6797501
2130313
4208827
91343757
639149
9081233
2828867
4767097
3837149
1276733
2010923
4019337
2953093
4813561
9875323
8430719
4744831
952609
7124277
8930897
7815847
9903351
5689929
7932351
6140919
5837297
5391957
2584599
583037
4774469
8266819
8466543
2036839
1751547
5620131
4161789
7494033
1907043
8528341
3162589
3863291
105879
2749483
7635913
6059663
2749703
9956529
8664941
42186849
8287931
7367651
7629743
4222163
8295849
7483477
9589807
8833499
5762349
9762011
4995501
2109989
4764423
5290063
6917787
8103983
5946797
6423167
3076097
702277
3831609
7322147
6227353
1573873
6703793
3592339
4958123
6138339
6484141
8345721
4412993
111422159
4152557
4915889
793611
8451423
1959061
4069953
14723
7462679
2675037
5448647
9578167
4017929
3199623
107594103
5051593
5539447
9097287
2631579
7706697
4827029
5199181
4474869
1610769
9482369
8022731
6860797
4630983
3155437
9727379
6969799
7887233
4940643
8328107
3288057
4651447
196426817
1016069
3902739
5108143
83961537
45561827
2763557
1630199
2629167
6636047
1638043
7637543
6018809
50959
882027
5070151
2697113
7127221
4653191
3594353
2059069
3984633
3221471
7206987
7205887
3684611
186430939
144689599
9881981
550993
8870699
4999503
6515469
6736759
128733
6422077
8933839
34906937
40493
9917493
4964543
9410993
9966649
2703397
1476817
7253177
1463721
5014551
1848339
5694261
7252847
1286531
854621
113549201
2370033
4260489
5709187
8875609
8311057
3758539
4460563
1801171
7620291
7983803
3187607
8086931
553619
3112487
3846867
8692961
6353501
9537519
5532313
9658049
1654423
6779901
2825927
387109
681149
9582323
6473473
9813031
71443
7131027
331029
9827227
5055527
262887
795277
7296141
9030341
8721129
1783721
3598047
8431569
8231287
7106099
7157177
1295179
1441471
6695661
7653317
8537737
4598727
7325187
2216903
7066113
5970087
4270083
7086113
5904733
9164171
1544061
7819021
4712459
159599161
1381059
7788257
1438261
5975613
8297091
7240583
1638603
8665373
4261957
8578943
4135607
8988753
8899743
4023137
8224897
5523939
9587493
8212671
2714299
3296863
61157887
1441873
2479821
4144479
4501309
84301791
3535517
6271303
3241963
3579849
7689933
9070069
5917943
5846487
7757513
1511453
