532399
3322693
5311047
6919917
8683413
8957199
3606003
3661431
6539257
9208067
2231607
6204507
3002503
6515809
6391099
6047529
1825629
2264957
4537071
2684089
4231787
5562227
5611361
4886149
4454287
397841
1653789
9491839
9720711
2182479
3006943
4057131
3822297
8145831
1257893
8151781
295331
3078031
3187861
218297
979957
8631047
4290677
5026709
3616929
8910899
7860409
9716331
4174371
393279
4754711
7876731
2817347
9625831
2137577
6062557
7958189
9792891
4092073
5832167
6318947
1893797
6336783
159601
9737187
2128417
84567701
9843981
7423209
2906319
2650681
127186763
5608491
8064993
1096509
5722577
215123
9982213
9320131
6303531
9475863
187181
1052719
9907439
6030589
3546473
2612047
8520911
2502847
1755491
3919221
9642859
3119003
3370087
4248607
1220983
9307023
8076521
3078413
2406203
7283801
8541737
1460087
5164911
3076677
5353943
3355113
1213151
8969431
7259779
3287713
855829
9809223
1791289
5112599
4486059
1257921
876273
8711469
4528183
4463701
6567719
6752369
6211933
8581567
5876181
5188441
4905003
7433837
7152393
56838887
6953781
7520589
1194137
9839951
632237
7841297
3988231
1948041
9226849
7561567
4650589
4479143
1606163
2873001
8452039
893629
6094829
3336883
9373667
6528601
875483
7234447
3931479
1436723
7741929
8392919
8937137
7229873
9996777
5457539
15842187
6382437
8758429
1244649
2659401
7438529
9856231
463673
9483181
125632909
5894601
9461347
542821
3843509
750587
7146561
9357221
3117827
7178707
6859987
3519181
7695407
3633341
7572041
9210271
7093393
2905763
36751511
66750103
7463391
7162067
9235383
8354911
67317
6810071
6984881
651341
8337153
5441269
4565287
5272797
7815449
5084007
9358053
7658857
3073777
9779577
9194741
9925331
6234569
8685603
7316821
9704599
1495167
3550061
184657797
5204219
7789003
719167
8649989
53705649
8580351
1423573
5890263
6378913
4546501
6107407
6044239
2979399
119445867
6373989
4722247
138188867
8410863
5246417
194636981
627697
2559507
3488271
4642941
2695977
144400871
6042483
5745061
9839643
6940471
8343527
1065097
6345283
3799999
6408593
4162353
5778803
4183161
1672417
6614511
1421691
3616731
2571179
9577469
3483873
5228027
6010807
6467813
9809003
3671301
5688979
4269027
2528047
302049
5879583
2749687
1816277
4803473
8156177
3091519
8187229
6173951
919779
7575691
8134853
144618637
244763
1525713
7631791
5740741
8631873
892163
4040719
6723923
9103433
6138173
6651599
25149277
5411067
8646359
188349827
9476547
9943723
5791727
9330259
2382453
3784363
6409591
8548361
1376419
3065519
2337373
8088331
8745227
8841139
5516219
96907011
6472653
2573281
1478437
2400883
7036437
841661
2938253
9276267
2653609
2848021
614609
7452009
8489703
1566349
6260431
437499
2377679
325541
4006263
459779
4908397
5463083
1107491
4195839
3619337
592913
5899011
516749
4928303
6810987
5098907
8319577
1448879
9470433
2244167
4376821
3662069
4747957
5376131
9867211
3374351
4475617
8390413
9062801
3502687
6485021
4308937
7110947
3283413
4739171
1304103
6629097
5401587
1332561
2607709
7685961
9773777
6285737
446001
9709953
5122331
5578049
3371249
7716761
7384759
5409969
9467189
4536829
8391509
4444043
6573721
9830869
6057149
5131939
4236791
3212119
5704769
9302909
5279849
6055149
1403101
9532861
7349987
2303269
4525379
7021961
7544669
180115667
9741843
6132281
3613927
7661899
2078107
3999451
545369
5425417
2030989
6795127
18686147
2506783
8185239
2537707
1471889
8473013
9471343
376697
9515241
8254709
8605179
3625937
8802297
1890027
9827107
4536907
6603353
1350231
193977
5631559
3675727
3557959
9925531
9172621
8594909
3790119
5488747
9816693
5079929
8895931
9771147
3113727
388231
2022223
4111981
3143313
208117
2075711
6770249
9669183
7670193
992371
6557551
2350529
9455673
752259
3206349
9814829
7456577
1282787
7716813
6647729
695877
1149993
1891943
3533869
7306707
7298477
8096797
3963643
9322537
59264841
796571
10816271
7681817
1165111
7524181
9640799
4147519
4353233
2362831
7413543
9738077
2557831
6169503
85271
5235049
110446173
3700271
4907769
8483391
895779
964939
8888957
903003
8548607
358329
7751779
5029973
7068081
5423289
4003049
5502867
7587421
2797707
7316697
2929519
4254447
4499559
8594533
5383179
9465221
7973907
6761937
3590269
6970431
4265247
8239661
636443
8635173
3748747
4923933
4567983
1008511
5611013
9109767
9524101
518669
2620921
7674387
3171629
6789807
84733
3387277
6915031
1395077
9167459
2178567
2317877
4073429
4362169
1032441
7788469
6424873
5042799
8270249
2217631
107472327
9095793
5433861
1426679
4954129
4970383
5464261
189051743
1189653
8770879
2572521
6364901
384737
105449627
6696133
4394749
5985687
3927717
7956329
7259899
865159
3245579
4363453
8709797
8883589
5409839
4271059
518173
4200219
4911797
3826779
4667721
6966309
1517249
2753249
90864861
3133901
8598103
4730277
1079497
8218099
1595417
9160659
4761509
8356137
6392793
1740199
9765537
2141283
456509
3638937
5626067
8175491
5693011
5744589
9580353
1650247
7762337
9477693
3991671
7302667
7098297
5191883
4958501
8440103
9264303
9169771
7681987
3051049
7305037
5107679
113400449
4496713
3230081
5775951
2502273
9867051
1498147
6917379
8353347
3153731
1072041
9293567
6757789
7927663
198137237
5710451
134016757
9052431
9474407
3495003
7261899
2600241
780977
117611627
9074621
261127
4321711
8805617
9933167
7518591
103656041
188089
4145167
4657503
4052867
6418731
3199711
8361323
1872709
2162291
4420057
205397
7982389
1555869
9012647
9883109
8013753
7613079
9533931
9499611
5302047
5030721
7397221
93271393
7401331
9482669
5020169
95641
1603413
1421327
3214599
8598393
9289701
2243907
1658357
1158837
6288651
9381859
198381
4413921
1260389
2863859
8713179
2945619
5432319
1563409
8583409
259533
8306501
865421
8139291
6823421
5911947
6260131
6578719
4025049
8045747
7321783
2161927
4311883
7682261
3456131
944477
3838889
6884079
7046321
8992169
2657559
143969713
6042603
4379689
6361053
7166417
126306699
1567563
8647361
837841
2145809
2493499
7268279
8059277
1246387
1740929
3519263
9456891
8852399
6233483
3710641
732991
7451923
368939
8897759
5549747
1115697
9011579
4011539
5332599
8967033
5295513
157460681
6915491
6928621
173187
7726681
2634423
475067
1455579
2230909
1512511
3099357
21863847
4440323
9784977
6961597
4626493
3108711
3761689
7022823
5156043
585229
7964051
4346753
6116601
9980139
2191063
7479357
5546687
9602621
8943709
1070339
1234909
5992581
9950991
8227471
2702561
6916419
2467239
622739
26939017
5207083
892943
6457579
5153631
6741189
9018463
8178007
1525547
4352249
1591827
5804903
3842711
1081181
8699471
147763673
491107
7647269
3926431
6473129
5444667
8732957
473041
4187097
9132831
9350841
1734663
7255933
981179
8440087
5731449
8830541
1188243
5868467
