4824957
5661011
630209
71202687
168515861
6785801
3882619
4820447
933803
9120671
6337589
7582171
5069237
4884479
867029
320067
8212743
8211561
7671699
6357673
4782431
2452861
181568373
68865241
66025307
169281667
5804401
7989619
3553579
7106989
375799
534631
2563353
4224013
9200949
1558983
1310653
4678593
2626489
8384643
6972411
4275097
8260847
8071209
6961067
4134103
3835443
128178083
7328287
7763501
845641
2692023
6714381
8845607
365189
2337547
3259263
7019281
2669629
9802523
5656617
9899099
109702641
4286871
4351707
4382833
7814399
5243559
264183
5525569
6202083
5441229
1649937
5531687
7885877
97799033
5527741
8538307
7191783
9846273
1914097
4428641
9665199
466267
3996073
4735269
2841497
2834103
2302623
8873741
902481
6162463
7067273
73040687
5362181
8185207
8145589
7368723
2375021
5634691
9748117
2729017
3419883
5230797
66863149
8523303
2476647
8076719
169502561
5715581
8051991
7184091
8252729
5726383
5178781
9124673
3351871
57997
2498643
3800187
6778417
180917
2829767
3889937
6384817
9664661
7039917
504627
3095579
8439927
5648583
2849347
5254823
1433037
9563241
6588549
2055917
1414943
4960507
5284193
1119029
1630379
9476931
7520649
4846467
2762369
8672601
3840079
9484257
823499
7693541
8807397
619299
70129
5724299
124358959
8311383
9959419
3096979
3406943
3478569
6001281
9613157
7218711
2064363
2815383
7406693
1508931
5734351
8756407
8548079
6991031
19371049
8538319
7798711
8539809
1296649
182666187
109292719
2220737
182540943
605297
1996653
2907641
6223167
6345463
4124943
181737151
448789
3161371
9205383
7478203
7770007
9373469
7984131
1424707
1842089
1570761
47466541
1481669
3568361
6313631
5188411
779057
7435177
173027
38610201
9896019
556529
126921
9913081
2493099
7593749
7257051
2299291
646753
5866047
9809089
4017839
7777621
2432161
1779739
4774867
1706337
580263
6031587
9822211
7554017
4013171
1763249
3425609
6990781
6308707
3075839
6701521
6726269
1223677
7690273
5824397
6736683
7850727
9654661
2720733
5965959
5751513
2780429
3660367
1107901
5477457
7919217
1807487
6780511
3473613
6046309
4867123
8767317
7717729
8163977
217839
396917
6813933
6357743
5052817
1443259
4958541
3122873
9381581
3961203
4304369
1640817
7649167
6066569
1287949
778741
8211417
1687743
2484771
5185351
6519551
3044933
715121
3140457
3428683
4042273
4147869
5721493
2554543
4681477
8246219
6715731
1773593
3804649
102750879
9141493
6761867
1285439
105039827
1273843
2713263
9844457
7858771
3148907
4807627
1724043
6045107
5648169
9830489
5602869
2189153
7836837
4107781
1349521
4369041
6146937
2133007
9606079
7361039
435593
4076817
7657629
3169633
4511307
3043249
5794441
2134599
2027561
2279411
103153317
8860121
2184249
3804553
1112731
5898053
4651097
1153633
7863617
6011269
677517
8930633
2129613
4129111
9195041
4177221
187531
3535101
5866391
2171297
9679573
4605751
5971561
5895333
9800251
17979897
5222731
6272431
3991699
4304749
897119
6090249
6512423
8537913
7015007
146427447
4316593
4692303
5046913
3427713
1959541
1463517
9100829
4207071
869569
8197089
6538239
6061703
3947721
2397299
8485101
1981241
5933187
116950317
100814923
7029353
8126247
8465713
3907889
7377787
2843309
135773137
1475617
9401069
3959707
8209051
2025107
9735343
7800351
87300337
2802489
7265123
6199491
9146809
7595643
1046717
5089923
2578653
9831677
81948067
3723801
7707163
6222343
463151
8700837
120155203
4763167
2761349
8817937
6866099
842043
5437123
8214203
2174599
626583
8379659
7615817
5067303
9858817
7860557
8521623
8665443
7608629
5465721
7999561
1437939
58772519
9644867
6143191
3818209
1177763
4506799
603823
7860599
8429627
8814677
3386837
8656729
9323603
2615353
645133
6667369
8911107
6700767
6327857
3769439
5515823
3724177
16208749
9775133
1330397
5251013
5034809
5863923
181449
4338147
6324823
9271691
4273323
3026663
7442393
8148629
7206753
2126893
95437
1092127
165917467
8035367
6742529
8432081
4470869
2732971
9188779
7254833
7123053
7110327
7461033
7222739
3517863
4625151
7200787
1096539
2969179
1513727
7076349
9812049
8732269
2400569
193323
1894239
1551503
6786821
1544487
645801
8729981
4642551
8479787
230491
8564471
4059669
99080433
9904303
87556343
5197049
8601181
4219799
8388169
6885677
8129721
8213469
267817
2428743
2950293
104628511
4967439
3239861
3991261
9550377
1859143
2388669
6015741
1187337
4808663
5787571
1516929
4668001
4286527
7651153
6973911
267441
2007527
7945111
4172629
6780213
9815051
141609
1838193
4324801
2957739
2982321
8933653
5423391
4381679
8897969
778219
6677643
5084789
7412189
3407661
1262819
5989953
4291007
3142237
6297381
7026577
6944583
2178123
9011013
833463
7104777
484991
172573713
7196211
4186861
7772699
9560181
6815279
247001
3473793
869363
7987411
824679
5886963
3712417
3558879
5486189
2253599
9958789
7351163
5404967
9356977
1923211
2952819
1951739
6381779
640459
1631317
1466673
80947
6867839
8238119
9951113
3766321
2402609
9822127
2005233
4140933
741311
3918491
2993727
1220997
8112317
6041353
2818319
8456929
6603703
9819519
7648799
5764821
2441753
139531959
914001
3047613
9451781
6683237
6548041
8159571
8294157
1394417
6088671
5337087
8954271
99543799
1008377
1426083
9073583
1341759
8077671
7279363
312207
8329613
9856633
3775279
7542707
5670163
2528931
8430801
3402589
796873
3008657
4139297
2419387
5660671
7626061
8275451
2249091
9746441
8748699
7411383
1033609
5434449
118958319
7918569
8765151
215281
7668611
7007293
4660629
7591331
5676693
8428807
7730949
1495141
2810401
708983
7566687
4542207
9760711
6569329
7380067
9484139
8489589
9472067
6442377
133859
9452859
9816097
3622629
8281881
7763399
2415601
9797321
7522311
1027027
951559
4561703
3622477
3201919
1742121
4529187
189509
1082337
5772347
9517421
6954417
6218627
3553833
7771621
1673227
6714863
7712697
8079621
6378461
6786651
3840737
31492243
3341043
187360799
7721971
7422753
77483
2344931
4910533
7858401
3719033
5513961
5465881
3028181
7095269
8316869
6609379
9039207
1918251
1973151
4943987
708173
3216299
7187417
4064463
7631643
8960507
166885487
9224959
2478633
5048517
136051
4219431
3265527
3127603
8978469
225459
8757449
8159107
178458823
4588769
4414033
6356611
3146661
4561993
444161
3932463
130923559
9232113
5175747
141067343
4576273
153977091
7800143
485387
3248549
8111271
4879361
3131739
6953413
4611277
8291767
3664939
2793109
8901197
7956559
1101699
6841327
2855637
3415791
2553973
1613799
5819179
1864573
7470977
1497441
4266397
3231939
3197943
7872791
5072497
2596769
4281411
4295883
9260383
3968731
1261149
2025071
1356077
5222247
6265467
3379921
194373
8856517
5637493
8806463
2643891
3804237
8046819
3001557
1907827
8574007
4636983
6168317
3285763
