1402941
1973569
3635397
632943
3158671
4217457
8043047
901421
9246101
7493527
1405889
2865721
7342423
49740109
1688589
1360291
38107
6370043
2101377
3469171
5973901
7207903
6115797
1549127
9846901
3771779
3762607
127472167
7099167
5285071
165717
4613029
2354241
150561723
5731373
5397269
9744483
6083157
2232209
4389239
4157371
6652587
2330919
7223989
346309
8695521
4294341
551659
119362093
1695219
8347549
4651819
6450811
545059
497531
4007857
5801009
6143247
567377
7399401
8291799
23925937
3141443
3197973
5912979
2668383
3507621
7768789
3231017
1003783
7152669
5548101
4595069
6608197
3473001
8604321
333481
3397067
175810437
9079501
8324313
9209329
6974913
107113303
8728039
84866693
7909377
140934889
3666341
9376753
9466357
8932903
4465483
6414973
7344803
4495131
9967701
5267443
1551003
6413121
4710077
3671467
131388983
912271
5582797
7190393
8052533
4102757
9766271
8133719
9183051
1367927
6167933
2644591
9574061
8215499
350629
4095243
6146387
8095071
163388563
5794029
9474859
3852181
109674259
6214821
5307543
23087823
1648777
769999
6897521
5360459
6057669
2347623
5069103
29851107
2678597
4527309
69270341
9859573
9149537
4902227
5114613
689041
6608191
4340677
5615373
2716327
4785129
2617827
1746913
7841203
6404629
7501217
4156507
9074039
4368851
5632647
4362567
2627183
6088419
4047151
6443153
9339471
7717683
9878119
7839359
8841211
6511547
6755261
9607671
5762309
2252977
7673541
2453097
8221391
4013447
3978703
1109173
8286111
5628029
3217327
2354893
9599917
250321
6656937
3279707
3657581
5591257
8190953
9508003
6158981
6550791
6178147
9626383
1470653
8419953
6385351
5638201
11357173
859343
9933811
1040551
5290757
7689919
7695449
2071023
102843
4637869
8804517
7180847
5080963
2167
5492029
3128283
5254977
1857297
6739267
5297203
4741809
4543649
4684373
3296503
9980121
910839
1251887
1262929
4873509
8976067
7854299
2756901
13234637
8431767
4574337
8889853
4779543
4944293
4546767
33911469
702693
9056613
2013049
4236089
895771
5902311
7235743
8720049
9070603
9565727
8455373
7680963
6808841
5025527
9686013
2661111
1156691
77690861
2941851
8207573
9574541
4030013
860247
9685191
6713183
3633659
7221631
3852257
2469167
285591
9231687
128590751
3243537
2723827
5530127
35619373
3424619
4294343
9846507
6690363
5876999
5147287
8065107
1411273
7981253
7745439
1027217
108009133
142244207
6787937
4800997
3575709
46478773
18193407
7713179
6268189
9795093
2962553
199421989
4652749
6466903
8874573
9591673
6121497
3781393
554713
5525827
5885797
7983857
656393
6027291
5200203
6108209
57886021
1355783
9802607
9917141
459619
2060943
7476467
7490739
7601043
1994823
8270571
8826679
3543307
4719971
4558129
1569487
3474297
104062059
8115073
8134501
6426057
6839581
6755081
9189229
4975873
7275829
1444701
3719973
9090779
5478317
690297
9618831
8263137
9816057
4341489
1888629
9327081
1788807
3504107
4696077
3977547
8619621
8194389
6739517
1038287
7614507
6681969
3281047
6955781
6312007
6597891
9826127
995503
5178047
256519
9100999
3060471
2200191
9218891
9558639
1329529
1219619
9996963
1535161
1805917
936233
702353
4590691
2828771
5100533
17493693
2384003
105882347
7422621
4988799
3230289
5577441
8381171
2857663
7844699
4650707
1557513
15053013
7519599
1852677
5754601
8814697
974229
8012113
7931299
7598903
248937
6236541
279581
3443933
4148219
8243927
919057
5681221
1700471
4403843
878377
178653
9973477
7382279
1846633
6044139
1320677
9492969
1311523
6151629
1597803
5520303
1810887
9652557
678137
885589
2201449
6273593
847687
3576707
2122713
9590691
4081281
709959
2957783
3806157
3437277
2578267
2902961
5428717
72079
9519457
8472041
9821209
55267
3875593
8274623
2826897
4927153
5007991
1375403
5993221
5245177
9259349
1518433
3522883
2504713
2573273
7133501
992853
2187169
2040953
9206353
4268391
9209707
1431919
3667733
4280703
9105281
5192339
2037287
6494223
209897
44448189
4329043
5852419
6520757
661303
4319629
9488843
3723291
1783301
3396431
2553889
4776879
6258639
7635719
2756613
631461
5336049
4125049
4032621
5576601
9005823
2411223
8807091
7926537
935153
382013
1871453
3028557
1749013
6932357
5435059
505339
1388679
9163821
9807619
9685389
159497
8585013
7640611
2978513
7573571
3504059
9710341
2499883
4725023
5422341
9878187
129810083
8382739
5070683
39130609
688161
7959739
6328329
5861999
132123329
526007
3382003
3674097
6077723
2374571
8785989
1420157
693707
6462061
895889
318537
7057431
3275209
1086377
1439923
5610613
1458011
7172463
2034397
8469549
7213257
4406647
9589931
721409
3767631
5256569
9994393
1189281
3258637
1073979
6162667
5814777
8078089
5978073
7882003
4481667
4474213
6187657
4455841
5506207
6029681
82439897
4819237
769013
6728399
7937541
2177907
4438347
9384479
4175751
6318859
7569669
537449
412033
2107003
7956331
3984631
2098247
9561403
7884727
8609743
1545321
3153643
8603807
115009
4240051
5970039
8898877
3697219
9209341
5374709
9383921
163737
4639611
3428617
8483449
4486331
5559483
488967
5827501
1271143
5717927
8519227
4274113
2464457
1622053
8717783
4545021
8991809
4512211
296347
5986871
6901323
7144433
4101953
8040893
5177313
9532387
927297
139414703
4558017
918477
586777
6973783
611217
3195627
7824187
7049463
9456419
3883827
1960269
9271961
9869091
5931977
3729879
4544217
2601979
2967119
9547307
7651343
4981351
8321661
5050487
8604857
63479603
4441133
9354067
5847329
4660891
4615697
8528701
4954869
1397057
110591863
6891341
6990683
380207
7666147
3771369
3171099
313393
71488729
8540491
2121161
5940639
657867
5121391
7621459
628241
72420493
90435943
395243
6754807
6298457
1298119
3227111
4034871
4325477
188045741
5500193
3373347
3326169
3129979
6982681
1772549
5119513
4083821
2063711
7534259
9050303
5869527
3149127
1698859
401933
4307689
183171
4833933
5021627
2353113
338891
1011287
1985589
3948491
143759977
9572147
6897429
9742709
4755077
4589389
8329079
8375879
7743079
284129
8346747
3785749
4282047
9805753
5149329
6286991
1323513
155271
7941301
2528463
6584157
5912113
9769167
4070401
8013317
4411743
8362099
3078711
5976217
2413681
3535413
4131181
165130569
8200587
9511933
2874041
2024899
9490573
6826103
5780987
645941
7023351
1419881
1843253
2944799
2475677
672673
9725533
9786027
9922711
88569541
7520501
6277113
1585649
4360661
1310379
141396629
2029927
922469
3297147
269633
9752573
4385477
8311539
9070829
6207757
5302877
8511861
2007311
4760623
4334283
139683
13563
6940177
6826003
6103837
8724541
2743527
3696983
67687701
3779703
8913609
1871569
4645111
232417
3410887
7843807
1190371
4528663
7107751
3314017
4878081
5580027
5537409
54063311
2194553
359659
8419301
7026429
8086673
416703
8801619
7389307
3959637
2310541
