9430473
7458801
5585167
5444451
2719617
6115187
6694059
9300369
6395883
4617143
4368091
3508203
7074309
1787949
2292409
1690497
3961997
2105853
6933637
8770439
6557447
9952519
59206147
6554547
5827101
2010363
1266311
234891
1867959
714813
70642069
5811751
7499653
686907
3601893
8691149
8515231
5215627
8734017
364881
5530993
6957017
5592369
2176841
3278469
9952299
169013
5090311
2448413
3439357
9166299
9879837
1362873
9724541
144207521
146263753
1809697
8673409
7095579
2568303
8103203
364493
4893151
2494731
130301
8034937
4524503
5363433
9795603
696643
4519967
5657557
4277873
4948333
6662413
9333821
7286471
4838157
9451673
6166109
9238921
73481
3884131
301307
8589747
7780311
1083623
202129
8522299
1230311
869643
9612061
9009801
1490733
2210997
7022797
3493861
4548589
8828679
176432711
4712723
9835757
5867581
6377479
878507
8841419
4714751
7728951
8293097
3952291
9972887
1605711
5083117
5555287
7828357
8670427
7526949
5547879
3890571
2615659
54051
2343793
5623359
7324837
3957603
279939
6927867
4956983
8160469
7306763
5782507
308449
293071
5015571
7390479
5208431
6282777
2875347
6706859
5901919
4014117
4874329
24096443
2312209
7396269
9259863
50316821
6217499
9138953
4557163
6554327
9497991
964697
1562913
6611119
856139
726939
1588389
7223199
7779059
9583003
149961531
9205843
1323509
718933
9482813
1411793
3449997
9000137
7364501
837671
8845883
2653293
56295113
6457527
358063
7633281
2953417
3866343
5843869
9266277
7619009
8693933
108522337
6529923
1461803
415907
2036653
482203
241747
4743549
9359561
5248291
7653003
8744471
7542807
5978801
8076497
117881911
7581939
5119827
9689653
6459567
3943651
4475517
8739607
3827977
1616439
7687849
7165937
6076161
9138581
5303237
8620163
2244699
9770777
3706727
68941
6549647
2890989
8757071
107549
4579683
307569
25587817
8355881
131203931
4908423
1815599
1527813
434667
2031659
3653477
7000079
6921687
185587
6653973
2649659
1913617
1200367
8591361
9836911
491473
7601381
6093837
7173459
1816929
3300391
1832781
2521301
4743513
8992133
7463053
4188151
186294421
3351337
8044001
199916137
8309717
3188233
7790477
2055431
3209567
4906439
1324189
4616093
9101609
5128181
5343519
1462659
4083223
7583107
9154977
1482381
5569751
573973
8618511
3265191
1214917
4646807
6196671
8510197
8683879
38117
6048783
5814149
1922609
9333697
7594259
9047577
4554997
7372673
7253307
1925039
179179797
6908099
6663591
9590373
2037899
7402867
5140213
6661541
8989951
6230419
5579419
4057639
5572943
6552201
1967571
196292367
8365083
1076929
8588749
3692181
3187421
29032791
6032259
252389
7118123
3308179
3544533
2123941
3295421
6440183
3716849
7807163
8385247
7095741
6369717
7655623
2971317
7305011
5160489
3242881
1311559
9213793
7843679
3448789
2522421
2269111
96860301
5250149
1017509
5748899
9330909
7472791
4000903
6414777
9603829
6266629
7371607
5420757
8082841
8948267
1587931
2618979
4538819
9271033
728333
446441
4447467
8603019
6150491
1929801
129915559
7592989
2682749
1091707
7901531
7153123
7617713
2553401
1748059
7956077
2167741
8510063
134824861
1209407
2838439
5565531
28868917
9902003
4415989
7200297
36106867
5442371
4863637
2524227
60712913
7921691
6583323
3055627
5505147
3684561
3679191
396117
9132021
182249783
9651377
8634059
1387917
2351487
1018029
3649023
1510353
6909873
4671257
5757101
985649
1428773
962837
3453897
3690781
3522249
681651
183955377
1454253
158017917
842499
1117297
8195497
4884021
1477259
1192527
6054433
9096697
62423219
9490189
3855579
2265623
8292907
1776751
7503429
7491841
2457063
1803603
2246199
6094083
7561633
7170879
4506751
7284737
9027513
7379459
6107891
134997
298947
108670411
9508581
9507141
8316509
654389
1893859
9115543
9119043
3479521
286653
4888801
5597997
2111213
6894209
4590799
8802591
3060319
106141493
9366219
3467419
7370677
3396853
6207729
3850919
7629619
3085143
1318261
102990427
4405029
7192227
7751797
7366229
7718623
929431
7647163
1511921
3365751
354493
7588741
9639883
2955429
8193451
5038277
4596899
172209
7633101
251197
4095301
3257741
886713
4057361
1779009
2324317
4931981
3883889
194853
6789409
1504483
37872663
6654917
4638661
7023843
2254369
9224541
2784331
2072453
6687069
6941567
2640593
1087911
321667
170218213
3721741
1964703
78173591
8206617
6108027
128591
4613071
7210997
508161
5560433
9792143
136838361
6485123
4320619
9493053
5268643
3281587
8667599
3077327
318419
4449771
4924277
1299453
6436921
8217179
8744881
1709703
3067731
8250131
4923381
7968443
6466159
7202479
5696411
3952291
8843933
8324397
898771
7070361
865841
2523337
2947339
6382497
3873401
7368453
1829013
3834471
110627
179875643
4682839
9425429
2256147
4546987
2377527
1963051
3049269
8453699
7021363
7561787
7941873
9370963
9756463
4179271
7256547
8059193
9888659
4160449
7386567
177473007
2774343
9273447
2694737
8871489
8852981
3951779
1227433
2125049
1328701
8175879
7555037
46029
4710969
6563413
5283691
2656333
4074917
76263
9195747
42280047
698937
6803161
5561251
364207
9779363
195811221
156702539
519347
6002713
2986267
4463517
8770803
1829861
8297149
1759221
2338519
308421
1884127
3157819
8178161
32034163
274219
9529473
7635767
4461327
3497497
3835421
6496377
8446197
6453079
5678109
7956173
6823929
597409
1437401
5123387
5025219
1923193
6830133
2793827
1435989
12299
4467281
9628371
2865689
2705879
7677437
625287
7708847
5725809
2664369
6011731
6705563
5167967
2419713
57591249
873597
1615089
3243757
352563
5867461
2441067
1847649
9982123
5741837
2126299
3323509
4035397
6884289
1263151
122493
461011
5459717
9685753
2062541
9136663
1963599
1209107
152943889
2911621
82055041
12521
6092517
28617153
2451593
3656283
6064281
1562497
6248081
7001001
5681989
138218863
684711
3698217
6284779
1430501
52689321
2949593
780909
1835851
4524671
7687043
5118951
3266517
7414881
3776389
5515169
6659953
1941509
2045287
3348109
3128259
556767
4127377
7104329
9831997
2947593
2641193
1485367
3826043
6052053
4657319
4035901
4322119
3125521
4548817
3613651
3201317
4403363
9017819
1984331
5960981
484087
9481501
1848169
5884061
300953
3023979
3213731
3838479
6344717
1978833
6394957
2884493
8953391
5686643
6740179
561091
4904363
3838823
2547881
7320069
7678799
8533983
4947569
7207679
213661
7175463
7836187
3618673
104477579
8793629
9800547
5416839
3047607
3239861
3547291
7164779
3429399
9635823
3252567
287933
7451337
7280339
3143679
3267297
4242827
1510861
402443
6564211
1620627
3035227
1548379
8809631
8237221
1581589
6934501
639301
9550983
887989
3517829
2728397
1006593
137573501
8512369
1044141
6954061
5290633
825631
7596593
7444771
