2604993
6813523
7245463
7907663
9661147
3409277
4659891
4187673
503363
382531
8048299
4462201
8584363
9942993
3887393
2913883
3056953
8601201
9143193
9491703
4083319
176621791
4742157
211511
3575213
724287
9151063
4899343
4220929
9933791
6314593
8484397
892027
8623171
4682211
3844859
59477
8007371
7416699
6027949
1474261
4107019
2358393
5323383
2159263
7283707
5214099
6979539
1281929
1917503
6284613
9293817
1786407
8303571
4241149
5675687
4854321
6344367
5412837
2491163
8859223
8394851
7284877
8785499
2195363
744633
9921929
20643
8919577
2512767
787381
5332763
4197581
6438713
695797
4452251
8828429
9975253
2418989
3847809
5373717
9807519
136391
9350183
65491
2536693
6220077
8520519
2115049
3512309
1727183
5331813
4944231
3537649
5474371
8115659
2358591
1588971
5827391
3532297
9088679
62929593
670387
1244547
9830561
535251
5525461
891353
6695807
7095839
9904249
9963523
9633681
3985663
9802483
9485583
15993003
2097997
6099433
189949
9045229
2414731
9736259
4471231
2836131
6733229
186494593
4550371
4512011
8774637
3415877
1578579
8793319
4599181
9537707
3913837
6019229
6753201
2784651
1790531
6089413
2159567
6157751
2478967
7721089
634361
2645227
961413
4269089
2159437
4770357
8867569
2919571
3867377
6598737
9676319
201809
5017191
8748973
7293481
4232051
9776717
6415883
7927589
6005647
6922941
4020213
149030051
9799447
2480877
5021707
6377673
8667143
1281677
1241493
426553
9234579
9609683
6586693
4838907
1976731
5331979
9294983
8725141
6844951
4516749
4763189
3756871
5751449
1913887
4377
6087037
1136377
1139199
1527427
4040321
9126803
8707681
6713363
3476271
6264463
7975597
7424079
7844961
2533253
3145129
6494697
7468227
5993033
1632187
8491099
7578549
2080399
7948657
2999809
4139763
3834891
7170387
1727969
146854767
1656471
4771329
3779163
4111459
880603
6767673
9960643
5031613
4000987
7805537
8382261
9194243
730463
3861829
1817117
282607
9320249
2180513
2288173
5854561
4014617
9672749
5288463
9193607
1448719
1065019
4997033
1193941
6777997
9680937
150257721
1902923
6524629
2359741
6141287
4590727
8023049
4075741
6958187
5821281
405991
6953979
4885667
6497247
2617929
9798197
8102049
3396017
8150569
715547
3778569
7143861
6214959
3491063
3318133
6941209
2926897
6098593
6703841
2546187
6894279
4033131
8434303
8089041
6581539
1760247
2664957
3840711
5542677
9829353
3752833
5804189
8105987
4176573
487751
5054313
6237081
5053039
7621941
5830529
100474981
2614337
6637239
4733533
9435489
4912873
516089
7425939
1056259
5528347
7095031
5072297
4620217
3569583
4395923
4209889
153562921
9726057
7235177
104498013
2933501
824967
121527437
1691199
580849
5325489
8597727
9966783
5467261
2894057
5788061
7594863
4878639
1999661
1377339
3786841
2342559
9812391
7623281
2670923
2126017
8789609
887411
7818579
5885357
8387511
4664013
2436113
1795269
8885047
5897359
6188543
4184031
1974991
7594269
1503973
4170687
9284033
8507979
8195167
875249
6423331
9992771
4547699
9093107
6551591
4038813
2308837
2436613
8118433
1101287
5852011
3371499
4451289
3718257
4004241
65651983
3938731
4354343
1751753
3952703
6562773
1265241
8438931
343951
7251911
5981463
4842247
7404371
8517043
5872881
165183669
6771047
9359463
4484111
3247889
7618989
9455683
4109859
3325629
8197931
7363397
461527
4134729
8655973
3425367
6144587
3718509
94218057
787433
1138451
4576167
4696079
2898447
3675359
9117393
9065953
3328421
6129509
6093861
739731
133013
9605157
3646697
8815199
9308621
3940337
4052623
30783
3220847
2767069
9927471
3842039
3735363
3675121
7692299
4362451
9550619
2659079
6835069
3611153
1390919
7628573
794829
238427
4097509
1760191
3824697
9838321
189789527
3352337
7935391
9805739
3101681
5132989
408897
8968523
9270169
1174407
8357663
99039
4602459
3065607
49191
8513337
2719063
4875169
3046011
2814067
2256983
3088603
2999201
3495377
270737
2011029
3926203
43928657
4025573
8033477
5069757
5502737
9819297
6410563
1251207
4326131
6371593
3055687
8148369
6649861
7931227
445957
1977461
4374583
6475153
4684791
8750617
7872193
4282509
18693
8825727
7054161
9375343
5951501
606183
6986567
9124983
5842749
4805673
635611
2367263
9420057
7603079
1646957
9587303
5040247
8602331
9111377
363563
6465231
3446213
4288941
6379541
7704501
5542137
1373361
5985547
3997141
1008089
4027421
1885319
3759819
1057971
47639
4794633
1664007
8772851
9623003
1177593
5813309
8235153
7305249
9835161
7177127
6875177
149037
2757029
4431641
7823967
2124621
5121399
2117237
7278491
7543699
142047
8759811
3162691
9248393
8082949
5218839
9529691
2404407
4547039
8316367
6759317
6215541
1010599
9862571
1522211
9629037
5839607
4532341
33804359
9407351
9258061
1948711
5211609
1460101
5311709
1160457
3720183
2566779
161545103
5202513
7026009
46659841
1916809
4483157
171243991
3562429
5199023
9858787
5192669
2051157
8158541
6406621
2669873
3772887
6689979
2551049
2169807
14399
3815709
1301951
1885429
6717789
7811043
1059071
173199
4852123
6216779
5062777
583341
8735433
8588087
4992891
5273201
9525281
4395283
7096583
9879247
4068673
650007
7852059
5829029
68428147
353077
2801141
5417903
58738831
3172047
3904139
3854327
2003129
9362017
2676921
162991
5167667
2491663
9716407
138153429
4115177
5654849
5531639
8374123
3814077
1723649
1246019
3956493
303711
6845093
9988171
8712633
5905851
6305771
3395931
4081589
8252329
4940913
686199
864509
8756341
1530821
4437611
1974539
1386001
9747987
194793
8376777
9467369
6462369
8741937
180591219
3093471
2375007
655249
3897157
5573127
9742643
9626543
1668397
1383783
1352389
1420087
5341783
9532387
6154179
5022181
4905997
4856937
2366851
6444541
3852433
5890947
5396823
592039
5178901
8172701
9534141
1840253
609039
9156093
9753681
195523
1182433
2228857
302741
4728441
3791349
2466357
7615987
9081859
53399837
3996941
3362419
5505823
6353941
164280289
3307547
9562803
1535063
6407097
6498851
2486403
3682281
6394001
6286541
891121
6565321
7557301
7909983
9969017
5504501
7385827
8013729
7100199
5959107
6547013
3940041
8254781
7298703
3852261
9041303
2150949
7485491
4160133
8969627
9531693
5061487
1736091
9348161
9475471
7661817
4615983
4625053
3369957
954737
752799
1738131
2440371
