4640223
4519239
3377977
9176297
1911719
8996823
9229941
1908553
6326087
6436461
2531399
7005423
3780003
8938513
3329397
9322701
3143271
7360803
1410649
5906191
3504727
4389849
5365287
790749
5401887
732803
5652331
403789
545243
2713167
1538067
7120273
8744099
3278693
9160157
7836343
4636589
6963403
5535827
5591297
6682411
3401859
3110421
1825723
4005843
2607449
9041917
9600679
6962119
7790219
6251983
1877759
2800571
77325749
6901993
5580873
6481947
8474407
1052109
7230277
8541453
8405433
6085263
4505243
5383529
9293617
4741863
75070909
7235221
17973
9904609
129378947
1947397
3055803
9207661
1095177
5538309
4118119
6000377
1371199
7945823
3575027
4933773
3669993
1455093
166880271
522759
5691823
1883991
1865121
9912819
563797
4620811
9252173
7175741
1344721
5480677
6665089
24071
2449959
2713341
7981731
2162189
5325607
8775673
4727941
4377033
80016839
5455903
4649271
6924187
2219729
2290201
7168363
8299961
2599269
142469489
7666171
8622701
190826399
126535601
8436527
156611703
3173911
53173
8111449
9726323
4799319
9005803
7411343
840007
8951451
2268651
2717677
7573617
9255663
8161713
3247801
6843697
8791317
234601
3983949
2637149
4165367
1738121
5596731
8533539
9957621
6863781
179121817
3194087
3202479
347531
1017179
6388283
2392521
5337831
113843
33422629
5590147
996053
8296409
8709239
7882797
1159411
4346187
5905003
4843217
138687
5213361
1365409
9524001
5207929
1204577
8610319
5568191
8350147
6761207
434497
4583457
2934093
1479361
5334147
23177
10881
1219683
4605307
366391
1300217
8093159
3492021
8091979
802523
3702653
9735501
3668669
2298761
4312533
4897087
5453487
7998539
6670679
2499589
2155159
9064319
2241831
8071159
8425573
6120603
8074739
5126481
6640153
3856859
6178607
3618329
7747939
531481
5262783
2941319
135939
7767209
1941241
3888341
3686197
2089343
966007
6294253
3944009
2442983
4064099
115555331
5715353
9040797
1677703
3154849
514717
8053509
5521737
1429047
3748471
2537643
2783489
1823349
6077293
6444773
9912399
4806599
4360273
931273
4993633
423879
5082223
520639
1734653
7937843
7906901
3289429
2089213
308471
4728399
8927051
9570051
3580883
4811271
7933863
7301757
2330313
12533
4521611
6929649
9500791
1894051
9119167
4114789
7608697
4108009
9198061
7440741
1368501
7803211
2048969
2275483
3338751
7947173
5442873
143338243
3493393
9951457
9495331
1218117
3017329
1520291
9210617
3978677
4112113
4836221
7180661
1732639
6275831
4362551
9150811
7652291
1840219
9124943
1177651
2352363
7609259
8579943
6040067
160939
8973521
8618637
7208359
2324703
4013427
3878389
860763
9856277
2532271
7953467
6611131
2463711
9329799
5623627
6856343
46907
8107833
2447997
1573471
6168347
1819469
1934181
4567489
9950607
1817743
8731399
7831419
8521257
1111723
8546903
412911
9610181
2457357
53508591
4937281
5381609
5239183
792063
184127547
95579
4392111
622609
2271033
9855483
8662559
342389
3988097
4679099
5374841
4285511
2661371
9566983
7041943
525379
2755843
3029289
7156197
9564157
6679683
4227677
7687821
4191249
8914283
4695239
7240431
9620799
128247187
3730471
6736503
3914981
3960787
2104049
4297099
4151423
2845981
941491
6572291
4586919
9644441
2608949
5158477
3812211
4080621
9265557
4355377
2888991
3852077
8045599
682947
3612059
5196407
8564581
3824683
124683
408991
7874877
9030331
2582127
700541
2290743
7028679
1541559
4799371
9348089
456669
260293
1025641
3576789
3072261
8829029
926507
9005573
6138227
8825899
7967453
4558603
3202161
4734373
2593983
5063879
6526813
2754939
1572821
7581723
6474927
1823287
146333
7300123
5855291
3208169
6227483
9563363
7254043
5551539
210557
6772317
3422187
3805757
7521737
1650613
4051
322047
8126719
8204131
1376741
2546859
1252313
1548907
5725871
1832379
9464569
9436017
1219243
8418373
3329303
6288423
2034079
3020281
9226899
4525321
4378339
107359
2810823
3731291
7845327
7684213
7439797
7693053
5166001
3069123
131413539
7471937
26431533
1647573
3494409
3382063
3201213
6955903
4539397
3223733
4308747
2733511
7322079
2628509
1500879
7406231
9822897
2080437
2671963
1138029
8026949
91580459
117119
8939659
8353781
7995703
3305477
8350419
8629353
1527397
7786107
9151939
4915419
6659367
1055467
2143233
6836723
2561979
5430337
3082897
3781757
6803463
367883
8326521
134030643
891177
326397
3220641
3241251
4091043
8810379
8334427
4126589
5439219
4885491
4740111
8208611
3629319
9995581
4516099
2995637
2398661
5456347
3354727
6911589
9145457
3645091
6355037
6611089
5849149
7226517
3059957
1648467
4896131
2614989
1946103
2119889
71213
5910191
7655649
7373891
565211
1905151
29701763
4428941
6476781
8982709
9798963
9171517
8539193
9151531
6516103
7606127
7760413
4944901
3669059
8374651
3199243
7052957
872981
6425279
1482547
1916361
6554453
6888631
6951821
8712209
6155887
1002653
3968601
2616063
573223
6320681
4018259
4433639
376573
17287
8404471
6402153
7294361
1628087
8871409
2630761
2675843
6707369
2187017
8235373
7984169
195072593
9112601
5894033
4886507
4333931
7945461
2046611
4564427
2103359
53154197
1107527
6848003
867401
2928049
5322491
1325311
4875683
2342663
2431111
5568667
2971167
7043479
957927
9123251
49359
9066371
4534243
5387943
8961771
7324639
4613889
693123
3066587
2857451
1393373
7138907
4213023
6457259
9776117
2672427
8049791
2989257
9856179
9127843
9027487
6184997
4637319
1160129
1640541
9378221
8431133
7401359
1126263
9203483
1477759
1401287
8146019
5623657
7952081
5559919
3423609
3384351
4366129
5661983
4199981
544453
8668151
3718793
3697881
5067199
3058123
7545251
807099
2226501
2827901
2479077
8728903
9806531
9961641
7405893
672589
8314083
9624811
4863873
7238907
1300423
5073897
3268047
5875307
7475611
6497137
6541497
8253713
8217871
3101111
8615519
7778821
5347469
6264031
1240543
4316193
121418393
9594669
4523769
6508971
6104141
5269817
63847
4283863
9445107
4514301
7814057
2997019
150206877
382707
913171
6826713
7401227
8971439
76798391
7528443
8915481
1543601
8296219
9895993
2719419
8366623
6741021
2366201
151521293
53703537
1586101
38741
5988277
2015631
3194829
2077193
7879493
7239729
3406893
5433977
196473863
1519831
9564029
5702123
1374919
6904817
8569573
689603
8814233
8913451
6556427
8504863
99248091
8642893
1068561
8466139
4927259
990091
9061997
9482729
94831
4665739
4216767
114980063
1414683
34070263
3538991
2792361
8085329
166400017
5009161
1465037
149189257
6734859
3021513
8018781
3051203
2751069
631381
6455069
9312113
1262103
4159341
8379301
96749107
4839143
9525067
6730951
7250107
3495877
835411
2876637
9261307
5439993
9015233
7578067
5436309
5679631
7751677
893511
2580269
9669521
3017931
6084827
19013
111683
9873753
4860627
2140823
7623773
8595261
9832741
7663483
1167157
9135577
741059
1330849
1469867
2663037
66202619
7130703
5638777
5850743
851273
1323363
644761
326493
3946613
7191939
5140547
1549059
2796203
2045311
7062801
345721
2998039
5181073
56460609
4280029
964581
4600947
7102101
8421507
5216387
100483
144235469
