2835767
2660363
4375533
5377947
1870503
9185949
3246237
122947971
7700219
3173159
7171297
1539871
9927569
5454669
5623333
983681
7802309
2794291
887799
1427391
131715511
3360653
2917799
4051353
4949869
5817313
3308913
4905907
6549273
2413129
5274759
6533427
9351481
9333177
3514737
3460799
9431971
1116759
1194027
4263063
2763881
794609
8490919
9050641
5643561
3857447
2104863
6959127
6481087
3040861
5679501
5664659
9288893
8616471
1477047
482679
3761747
7846133
8893739
5169129
1400139
4522617
99543817
7761489
5693887
8325071
4828251
6802817
1994489
4014483
52299
8136991
1445807
4798393
5560453
9973301
3305419
8007973
8265629
735347
9701393
6784977
4429347
5755933
9172621
9350799
2437703
4355167
7598649
1183177
8705673
2411031
8219361
3782413
8215257
8784523
992637
7001739
1661089
3760869
2788797
15657
1837883
9641673
5723687
3059001
67266441
4548751
7043647
9624293
215341
102199
6207961
5552789
1814153
4945881
1004453
2223477
6396579
1849887
1548061
8247689
2178529
2299033
971067
5938999
3694449
6360829
7470793
3352771
8100009
1874381
5303891
1971767
8019667
1295737
7216713
532259
5463501
8183059
3554633
5138781
7788049
1843499
3582981
549753
2564137
2229423
6314421
9070819
9649891
1068621
7742771
93343887
7127879
5994037
1618137
8775337
802559
6201081
272519
6664121
9124361
9866421
5708829
873507
4218033
4140271
4074409
8787107
2019109
8650559
1300377
3879999
5879437
5461457
6919033
8857189
7968159
3531759
4158061
6387459
8379577
5094313
4710289
1529179
2995273
4193659
2266523
8392893
8150369
2528273
8719869
5495253
5100389
5381753
98453
6555519
155815851
1356841
3034161
4597299
6089293
3945449
5350989
9891317
7004179
4519829
1386153
3231181
9020401
8358997
9599579
5728231
2179881
8606911
1000927
4150741
2524177
1587707
3444259
5339703
9384897
4104449
4554247
6490221
9152193
4240863
6581111
4884171
188504369
4400993
5527903
7903207
72830921
2594369
1054701
400887
3708741
642539
146689
4061381
5080383
5463311
332557
190369
9425501
141163899
903731
8511563
366923
4223897
5513411
6698207
9809257
7590663
8235613
7771261
5948143
7573081
4496939
3032531
9438071
4096371
4848547
2983891
90312571
3883889
6796523
5019523
2579753
7945079
3917013
4377193
8430013
6519437
109816559
70819
7690821
9815849
2347029
7409441
3611677
1204013
8709679
896197
3503747
166561407
1144043
6128991
5139909
5692373
6663667
23277
1583961
5548111
285669
5821759
9877329
4991053
353363
8494927
960233
8302263
2585639
136473839
9449799
8996841
9192359
1288321
1325157
7660779
6244261
4074143
4284791
4115203
3611209
2148049
9370397
2089569
4882587
1986581
3766413
9000517
3080703
767291
5377633
8937447
6204717
1935647
1230907
2396147
83841797
2250147
6305489
9007707
6589161
5104649
5209621
8038479
2365931
3197649
5344749
910341
4428861
6188361
2311791
1669479
4505697
4086453
9909611
7221063
5195343
8649457
8312603
4094079
9278387
7346947
6055769
1269533
4186489
2133113
8065133
7133789
6278581
5032343
596623
5157291
8138099
9758653
1134401
7981473
2293757
8563843
5187999
5038083
4723881
6166039
7452741
3964799
5998033
7818283
7087277
3989481
4996497
9674957
3852387
2818671
8497647
1564689
4759153
4825691
2206577
3022971
5845803
1252723
2696269
6093943
111937
2738877
4833599
2797791
4249983
848573
8622707
7445737
7598963
7747233
6718393
5928997
198391783
1155909
1459937
3969099
6744269
1352537
7376433
2705871
733501
1305273
7598807
3066169
6665871
6680457
1160961
4738207
5852741
2015601
540709
6561507
2097423
6573131
225859
9495053
8925013
9897967
190214177
3960427
1095079
902921
9353717
3947649
8246979
660227
6176179
9573171
800229
3655233
9607437
4217121
5910963
7870737
7712593
6844251
8178853
1099979
6612109
2719829
432203
2323481
806481
6158709
2228051
5628893
2406101
2984343
3123689
4457839
3258591
9651563
7536959
1390903
7845999
3386201
2031769
6598591
3743101
3572479
2815723
838141
2159143
2292689
1378683
8525253
9217377
1566427
702083
765211
7931159
1542613
2612261
3331809
4019293
9102201
6047341
96244771
2669443
7496019
106204929
8516499
8846583
1378729
3674813
2004997
7792083
7246699
9739139
6635907
831057
5317901
266899
9502359
9641449
9430249
4199651
4700311
891643
5715921
9573339
8741389
1557363
36246599
9861161
384409
4620543
454033
722349
1379697
6815503
7855261
3639479
7208121
4987661
1209959
3433539
9738819
608181
8993659
3764753
965393
21361103
5728333
4329989
5236789
523301
6716551
4108903
9491523
1496381
3953271
7440971
9252519
9663491
1467053
2897059
8009489
5602011
79483
3914403
544487
4138137
5873369
9683029
3632199
7138387
5507771
3747867
4687313
785653
8587031
7170377
9121621
8309043
4392491
4425701
5218491
8089133
1455797
1890093
9401489
6158667
3389133
2593027
2786127
2824873
201677
2279779
8659727
4811023
9050131
4624699
9415717
5393733
8255319
4420879
981579
6362609
8009947
9584559
9408291
6375307
5890229
4323081
2242393
87351
7325487
4027341
7836667
39536879
6146639
7834489
6559203
9770781
2951939
2719147
4204829
3251063
8217483
9764279
3177577
34296171
7627457
7958973
4308841
2208893
6642637
7828117
183815791
9024163
6578961
5918259
8139271
6469373
6991741
2375091
6578679
638519
7767963
3908199
10940173
1498299
712461
4076597
9753101
4625831
8404063
6043509
8369229
1365079
1793391
8694431
3079629
9377241
1420379
522907
1951147
6948157
1970303
8048073
2202093
7521747
1581131
1981701
2359859
160259
7117559
3807287
1239379
6349791
4696839
6543419
9737847
4305177
2957397
6668561
8826309
8994367
6007259
9752581
4486201
7869901
7440181
4481851
7390511
3301857
5023817
7953551
4545883
46927
8979989
5550297
496259
3534489
7186687
4412019
1733759
3359211
8226583
5247373
6069963
6349131
763533
3167447
432273
303813
5697819
54347
93518819
3767179
9759299
6430479
6629843
3712331
460493
9339179
4424779
4182853
5552801
4152983
1822779
5810059
9735677
6487671
8881479
5729661
8023283
8589519
5637321
3537651
1817807
4059547
5026599
2598961
530953
1390173
3594813
1608047
6458611
1742653
3394451
8384673
9863759
7751103
173751
1082239
3049847
7937291
7414337
7372861
1140107
5510869
3414449
7379851
2033609
1950317
4855089
7922779
466693
6047887
7563557
2999769
8779317
8176751
493171
7289437
8250047
7215071
611979
5588229
3444543
9087901
1442673
8674493
9619421
2017071
289801
971573
6538369
2077689
5607393
1115797
41655243
9567563
1162219
8073749
6953299
4122193
5545237
7397999
727067
4585783
8708259
6133553
9303049
9163097
8189517
8925011
6414641
8408107
632131
6703301
9015959
1438503
3886869
5015189
1220747
2041417
8545241
9400503
6385339
6590561
449741
3903401
4079279
9035911
7486789
5485573
9213123
7105773
190946161
7074227
5483089
