8227631
9333937
5386481
9949717
7354557
5077463
9348381
13961
4422237
8267423
6811167
9254189
3403529
6085481
4543007
5341999
4691293
996929
9328913
1699063
1507779
5724509
5763743
3484031
8423019
9339163
5673903
8683081
2209641
4115303
6087809
7698047
808619
354711
86809819
1105101
6352001
4082599
9192123
442413
3630013
8152023
6584801
5593547
2393397
1960971
5400423
3916019
7979321
1825257
7798317
5279691
6977281
9784357
7688091
8874869
7225681
4974737
9809779
1911569
2505361
2721051
6896381
2418093
4660137
7839331
9186111
6910757
8879607
25465171
8488803
2092423
159470121
9123969
4410571
4911723
2476613
75847
3028411
3612709
2240989
2017299
363961
5709023
2057553
6062937
6143599
5042327
608387
5052403
2386187
110758693
3362759
8380979
1632443
143753767
4192117
6978557
1258117
1520831
3033363
8895551
1977411
4612587
8568449
2025373
9206433
3791293
5245341
2751529
5001511
2082637
4218871
1720017
9779191
5084077
4563639
1152279
9913849
76246249
290517
7425551
2705173
6106033
7877439
5414851
9394461
7268789
9920861
2536677
2505401
4756843
5962791
1601177
6763531
8510083
7174277
5504799
5502899
1018999
9089273
381117
8231691
6682861
8524597
9529083
5825097
2144067
8066323
3813961
8939769
8472289
9562423
4128809
6304323
8748883
8229547
4729819
98131907
2306423
6821947
7989331
1117
1205129
7110699
67930299
7885027
1581757
4142847
9730803
3779953
9405123
3147529
5669191
1571707
7253043
1426771
1376659
2591329
8978811
7507661
6703091
8447541
8045741
6247257
609461
47115533
3512533
3517801
9020913
3410557
4988707
7353569
9919957
2464813
8193759
9123707
6359177
8631799
4416607
8197827
1751797
5641901
8300519
3748913
4632409
8672303
2664559
2485629
2515299
1124119
9963263
5169247
9749269
171975643
8507583
3332641
3365629
6592159
1954777
135957
2381299
9431771
2193049
6743481
9262321
3664091
375857
1876967
2356453
1502541
7279697
2796459
1431397
4552927
4691389
3872673
188104821
4020367
7227721
121371
3427851
6881887
9782627
6224783
2417301
9247407
4953621
9469141
9980959
8411113
9066179
6293959
7721091
1792169
9551083
1587903
3766477
2242033
2599631
3402229
11901
2960953
8362301
29734529
2739863
3264047
4311503
5727267
8004049
7682467
7332527
108897
6560641
5191779
6125327
3573257
8660667
1756911
2583143
165623
5808637
1907113
8199597
6991817
8297539
2248923
2836623
9987741
8861809
1433523
9390819
7897321
2874497
7797469
8172479
799791
1413869
109632239
5613367
2337261
2739069
859397
7944947
891809
9618533
131727
4995647
8925083
9997557
1231227
6883023
976751
2354133
2041241
4080027
9289231
5585641
375949
6942451
1634727
7509267
6743121
8258303
2065341
7010291
2055927
2669237
1512141
3414689
9395907
6317383
9473593
9968939
2421227
78903533
6007937
3336537
885561
5230001
6953081
9434357
9003213
3420073
1861907
4535079
244671
4809529
2630047
3226219
4240259
5205717
1792629
383469
3980299
2449403
5088123
3266599
9329597
1019251
6176219
4074711
4028731
656447
6653177
5962413
2004647
3368089
5353673
227907
4008813
6103033
9480913
3730187
4381339
9048547
6847719
1865123
6940831
94558673
2911143
1896917
8839077
4541741
3044751
5323777
431759
5344321
5184517
4865017
2091967
5234611
1981587
6127237
3875897
8995497
9341047
7287239
6474663
9214059
7013529
7683959
5618069
8757103
2343079
920789
2511561
7133677
6327449
4427339
828403
8725453
5216249
1969999
6523577
912321
7128717
3257747
3666379
4688357
7977663
3717939
1695799
6694197
5353509
8574541
330739
6324601
6613203
615567
504911
451911
8636223
1772183
5236707
3265093
197393037
1867063
1045811
3663483
6560157
34906859
113262789
9101617
5937021
4179249
1398123
4625079
7619221
5699941
4368953
4146809
640763
4289317
5089689
9661599
3031049
4692773
8476539
7409013
8740911
757909
1467147
2311499
5795143
165988631
1058029
7912709
4591449
9026309
2852557
9165183
6708921
5948987
9334557
3438309
1097411
4668051
1497371
2021953
7766853
4273293
3057491
3979479
6397071
6233273
2979137
3770119
2047033
9096381
344943
2405579
5959511
6081413
6562051
5936001
8885543
1944723
5577727
2350781
4911657
5060043
3060361
8850599
8008179
747119
772077
6285761
1372389
562269
5604967
9247927
9463453
4486271
4780141
8170471
2861969
8435493
142362257
4612931
4717789
4167919
3050541
19970223
2432581
9689101
300031
4401597
9814179
6023553
5935771
9360003
154336963
559967
9876559
8725927
485113
2870637
3833481
8042107
3689281
4263551
4299437
9304487
1172257
7406357
8298793
1962617
3468199
4290359
441049
2287523
1608199
5939839
7041087
9888147
8698357
2174981
7778861
12959
193261019
4079739
645507
2465923
5468857
3307653
1062101
2299883
4327203
3787361
3580951
3792279
7053637
5454559
8047283
7773493
4389589
9110999
9164389
9758697
8564211
5756927
5237609
3297029
3685377
4380637
9377323
9699291
7364369
1292349
6161421
18605357
2737937
658649
4340797
4262737
5863707
1386221
6357693
60869
1944023
185131
9159641
3907337
4497149
3208407
7809471
9988279
9437649
9469449
9074469
5207111
3815109
5405467
1356071
5642139
1963891
9295137
7088361
4236951
9065963
6560683
2100959
3565669
4581703
592401
6067089
63796359
7815517
1233929
4878673
2798333
8417341
5745833
2023029
959733
3298823
9617777
5263649
6399763
2448859
1485231
8317587
1174563
1351183
8716479
7820677
8492443
5941329
8248649
9463027
254063
1444191
9536539
5579959
1680187
3571641
2819327
4365107
6506163
1150191
3994953
9994143
9310923
902891
4446827
7174437
7037359
3397093
4231779
9005769
1462123
765673
2290951
432151
9673021
8080207
1536479
3943189
9522093
40862703
2486531
1066471
4801217
3581311
8913069
5748683
1338561
7519973
9023657
8312153
379791
6512033
3182809
7235273
7749847
5107243
3587829
101271
1705091
6231131
2692459
1499949
5930107
5521067
2054179
2053227
1190113
4043267
4701871
519541
8279427
9900743
8711349
9205199
3448951
9785069
3890257
3672029
9626191
1269711
2959269
4768137
6933441
2671631
8539931
5535261
4982649
6062777
202013
96227417
8932637
1225273
4487153
501661
8639371
2237079
5296977
7832727
9635999
7845309
1408941
7190379
1996571
5878699
2028499
5963783
9881877
5900759
8986439
7294727
8824013
442417
9377423
181582539
2414463
2178091
849479
3005789
7115159
3819359
6490507
4167651
2228103
7772043
1575971
7505093
2344709
6204087
8457093
3681649
7276773
8311987
5659309
4798819
1083533
2601719
9488549
7951753
3318013
3426591
9887973
9422587
3401719
7231843
8020861
4410899
5037889
3851723
4871003
993127
