5460211
1091581
6640249
2525147
2832197
8725763
7814573
1111447
3329661
195920067
8048259
2755709
9671559
5757509
3409693
2760967
8340103
44450537
6613237
5587367
7951799
2266017
4372867
6368653
918921
4617767
5828713
1668889
2630813
2345139
6998043
6144937
9864309
3397453
8968073
198161463
183773153
5040143
4357631
2642871
4496069
5501289
7812539
2842379
1779943
3295079
547603
9020629
4561251
990653
4040443
32124989
9917029
5435061
2579627
91623
1843781
7783753
6359021
4590359
2223623
3534317
4601219
8145457
7716517
8825123
7835531
6389123
8475053
9605549
3566503
5274509
931091
849479
7412347
7033957
25472477
8223327
7812467
9687139
43847901
6550689
5801083
199543
1267241
4913977
2652993
762723
2852209
227611
4893299
4222619
4513117
4965601
27255039
6750607
5988661
7254139
57578119
44927
731089
2919103
174145587
1089307
454211
7664137
574937
5547563
2757423
6387839
9956919
5158063
8775321
132396073
3352133
7845773
3266429
94885711
4866477
3672197
2355749
7133173
9664139
9190229
7961017
3564241
8164687
6395847
1586851
6915369
1953463
513309
7757387
3411257
9272987
6416607
5348291
5861999
7285103
8974451
6966961
5690347
1468741
5648809
401347
3003877
124595511
8681141
9421167
360533
8762803
9681441
9968391
6320559
814469
4848533
5723529
3226647
6688681
1537601
5569259
5174003
1983727
2384071
1454817
5433907
9514067
33701713
164487641
249077
727133
531383
3027627
6592257
2853819
2850223
7100959
3436653
2511141
7592873
7480681
153384489
8870301
245201
9796969
8783319
5736343
8527957
5716279
6910297
1709989
2624149
9812029
6135467
1407009
237083
9864407
3170833
9637361
7094787
195429
8632281
4428149
9936513
6413171
5787869
8222077
1110489
1699701
101744697
4971397
5785961
4588151
7741131
469927
6897213
8230539
5800729
1644131
9880757
1296021
3230663
4131987
4478121
7293089
7446687
4211367
152886197
6637987
6537011
2007447
5551727
6890603
7152063
9407869
2589633
8666601
62463283
9010707
159179
1906073
2295339
7581147
3296313
7656579
3171689
3344161
2386131
21582331
9602747
6088311
2392421
644989
4671529
7126973
2795677
3858547
7537199
6623443
2733959
118913779
5344801
5327739
4159131
633397
4336751
149317
3061379
6737973
9089061
1135283
8109971
7250361
4005173
446621
8475113
3075969
76761
7344621
5424321
7539357
42709669
3493281
8884747
9273161
4805779
8761703
6739259
123926607
900951
2342043
5820549
6359539
8934897
7881329
9162073
5805931
2729293
7015223
2378301
4415027
7779551
6409341
8789617
3547721
5284803
8888677
7491413
1261939
267629
4434059
2592269
107448657
4545733
7474421
1547719
6078759
335213
4333299
6168849
173409
4645871
4876031
3879127
8194121
4919377
7888953
2752227
1704661
4617167
8316661
6326049
4052739
5627723
7929691
5965189
7444763
8786841
9496161
5640437
9365801
4914089
8713067
9074327
2924551
6784319
5654427
5894983
5490717
6630323
201359
7313961
7544621
1198567
4182017
3126557
3714717
7276197
6242713
5903503
1552521
7224637
4311847
6390627
9838001
4953227
5522273
4254147
153419663
3376571
3955247
5063201
4983199
2878669
2751603
8142421
1855367
6491907
3449983
2301989
6315879
2480049
8955383
2195981
7362201
5799507
1189511
8806287
7944643
7971423
8306593
9924011
9877427
3246299
9859113
6467923
8305049
7930193
1277521
7969079
8423837
3361173
2173653
6503421
2300747
8668877
6187613
155377
9386823
4370727
6446573
9254751
8896199
5422153
9298797
1239911
5804389
2170677
6803729
8546697
5886953
6803891
3354027
5384193
134209
801869
4530133
4743253
154353511
7655371
3225507
1388579
8290397
9514323
226151
3227459
6318393
3913603
6095807
6779421
8704787
604897
5238763
180249
8212051
7183701
1838993
4298043
6711651
3549191
6553589
2377719
1732113
6421461
2980129
45299
8671953
155089571
4649121
6649539
4913419
9547163
6827317
1110317
1448891
8432301
7889419
5551567
2959283
6748593
2478957
9226811
3092271
4373741
1491739
1439087
1036557
170723
2953689
1753183
2004041
1620499
4800277
5302919
2725669
8089107
254067
5742333
6314751
384989
4581933
1700491
3311803
9588939
1381237
9861173
9750271
1116711
7003217
7756281
8425711
2098979
9434431
798177
9540103
7175859
9759017
5669857
6649783
5184279
196461
53540653
7298247
652031
5963709
3927669
7810689
4880293
9898333
4446347
868269
9056979
4386291
6231477
6400871
9706163
81773469
6711259
7654629
7014593
8873813
4223041
1221619
3140071
2043621
3609207
9621633
7014351
9065959
5512083
7320947
1132659
2044649
8660861
1526373
3891121
7101753
4476481
3079153
9795141
5967311
1335259
40349587
5235817
4970869
8476359
2030893
2308849
416567
448149
7808971
6064777
4249263
5837947
8489503
6760253
8340153
7519289
7083901
393451
1649793
1519541
364023
8657187
1602257
2426693
3321589
9131471
6738121
8623273
6493871
7803011
4381611
3895827
2480811
4064129
4469701
6361811
126331889
9692637
9514469
9322441
4612187
9771879
9475969
5334539
8253459
2531447
6138729
974009
1876949
56624619
1347517
8186773
5749757
4118197
9167539
75488073
8100387
4103401
4818109
7896113
3278547
3577603
9665867
6512001
9054509
3768453
4745969
742027
721491
8628323
9956259
3757423
4680223
4097559
1025039
2515947
5022143
2378559
4426291
5330631
9596467
8236141
7954181
6189481
4274501
3414127
6618549
9965689
6711617
3051847
1224111
8408237
9723427
8962587
3981009
170337
3164107
3089547
5127831
9590751
9251383
4480979
7765319
1194757
2440847
6419547
6943353
6701863
8570623
9738833
9248159
8227857
5906809
2436103
2374287
3671731
9013673
117891
8377801
8517881
9366129
3470267
4901983
9221639
2289607
8837337
6510723
4592199
213617
3560189
672937
3846669
333427
386289
7929817
8115913
2831649
1233847
9654279
1904459
3757307
3665489
1447959
154791377
3911291
142664359
816013
6360137
2735697
502577
4894519
6041779
1033437
2612093
492047
179537
2518599
5586261
2718243
1625581
4896341
9318037
3521729
3604191
9996323
6710969
5716273
2548881
2183901
188857279
2997761
86748831
8136497
9242577
1282001
6986587
8845539
6244723
6074983
2353639
158854317
9404003
3029349
870233
9453107
7911097
6062077
7715397
3701837
6033357
2444061
1938511
1061871
2867677
8166167
9261019
234863
883101
1316581
5306433
4396237
26071093
5930611
3680199
990651
7405829
1387863
195443
2725779
6621887
3880223
6632417
5094247
2530369
3066217
8479327
5163049
5663077
59879099
5370079
9385183
3171333
1670377
2549517
5023809
62372351
5660373
3887821
262731
6987587
1643933
5077747
6044703
4757999
9609087
5075343
2977427
7191447
9876789
7450809
4531043
323317
8766927
84586651
8777413
3719053
6512027
4735673
5375671
4692821
8282481
2434447
8010593
7959533
3678563
7457547
5104617
7147553
