2014263
8699197
8268347
8764229
1236261
9332887
2840959
8651547
6003073
6950553
8246409
9170917
3474043
2345497
2190983
5475527
2282653
4963991
6981263
94439
6118501
5505187
1110927
3667963
2283229
176762909
4316557
8827071
7847217
8885803
4927267
3704189
6763111
6125197
3059949
4830297
5398371
3340123
3671299
8540087
9693539
9636413
7410471
5750507
9319671
8074213
6208439
6069759
3315799
3736161
2185939
7654567
9580119
3188887
5381553
3144037
8110661
6449597
9289173
3303641
1590871
5773227
7658151
3284503
40737
3825993
4517029
6214707
6079417
7320749
7186667
852487
1830239
8706759
2957243
8723489
7532717
9432389
167955461
627143
6935129
8855771
858289
14755879
8289023
4705231
6713393
5940533
9690639
197027
887603
6154397
9570063
3014899
9418511
9848203
9296359
7891711
190505063
3889931
9383039
8061643
7654447
9412147
130815453
5064007
9288689
2974643
9798593
9579619
8764883
9375289
88050863
3608349
9182709
9446499
1045753
5714581
6333533
127346873
5188749
9007197
6790747
7610277
527537
8399703
4185607
782987
9305131
4661159
7378951
7627659
6039373
260833
175980837
8891687
1340381
4601797
1133609
7610559
2745287
5873483
583993
9019111
5892463
5649633
3004691
599837
723971
5730367
4784583
3031997
1248319
1754477
4556177
6036773
9899993
6130269
8575753
9571643
2897927
5100211
1072109
1444137
2222447
9096657
2217499
2917073
2734281
5620681
1199011
2983743
2574479
4821251
8827557
2234223
3369183
9467341
6308253
2639481
8190531
1439641
140508209
4368019
6306209
9995259
8105363
5198119
8942949
61721
131390521
8779483
852119
8455149
395481
1485011
7710219
38017797
3709309
2331329
5497729
2676973
2151733
2414319
6243219
1917251
7664453
7083869
7191099
8808849
7432831
6746431
8297069
2688077
3199927
5236419
9737349
7709493
6931423
9658133
9975677
1435993
3428341
4399343
9412457
5243111
2780131
8176511
6183199
3516577
7394079
6529599
7400257
6671327
2899611
7584473
2138133
389469
8879687
1031971
2345831
4759407
1336941
9908261
9098107
4070107
2884871
9427991
5194931
7980767
7360919
9451481
6698049
9450487
9723917
7809973
115565719
77059
1306267
166302451
2376397
8588761
4814631
8374853
976661
2227363
7990499
8870331
4432107
9062549
1850207
4513497
520941
7925671
95053
2528767
6808043
7767671
8408399
4283863
6398133
8807841
1602019
9550611
638909
6029101
3233751
2148993
3018277
6188549
60811533
8433367
3047567
9373943
2278531
4181423
51117961
1426723
2548863
2937019
8244743
5727169
9101639
1279981
3008303
4416853
3316157
757191
7817591
9908587
6602899
1562209
9448247
6878173
5755909
415309
7125181
9187437
6498471
8301141
1106219
2809221
969869
9802841
96771
3287627
61499
1243977
5726637
7632377
6740913
8759049
606051
3805433
4480407
157703
1625739
6315811
9921293
9434043
4448107
4006751
5805521
8236377
4346049
1695363
4838711
865037
2409433
2758449
29357323
2682617
7531911
6434439
5493711
2794193
9298739
7816907
8601341
1323283
196590599
3659229
8445027
4988777
7155137
8445933
1625137
4779789
4054343
3172563
1767347
6075917
9110653
8198787
7995801
8133047
3781557
6406873
4718553
6218773
91283
2500121
4616589
4393613
8414733
9035637
6402509
4302829
6431133
1195079
5958463
9298977
9746913
3527833
9031371
7535861
5068203
5120781
105442951
1224121
484283
3938123
3442361
7971651
8959893
9608289
2075561
108075487
5355159
2860699
4503453
9784907
3163311
7485643
5191749
8173923
6480283
7182651
5050029
122700721
7627421
558589
9843349
9329467
7059249
8552023
110328447
1328613
7142009
161179
8709739
2999053
1496159
842421
7460467
4449749
5603381
9126143
9536661
5097803
5059177
4632687
1304669
1505049
7528537
762477
9366713
8502943
5130581
3700973
5047533
1102421
5415143
1285401
7397149
3772967
9257101
4617259
1176939
5422719
5412137
4108669
5450543
50817
6340327
5470389
7662197
9016311
5489331
6951341
2742937
2633091
7477561
1699563
2110751
5538839
885847
846559
5099123
8965043
5161381
4912467
6427871
7893509
9615201
6906669
3546941
2087591
2227589
8187273
404979
1871937
1986001
4919621
7196677
9225739
8693079
6419283
6791557
8578281
6548781
2714903
199119
6214421
6898333
2703777
748919
4984171
8697679
5659851
6926859
5724469
2862027
4716209
3115767
5723713
4481283
9296527
9260807
1394711
3107323
6350353
4170959
4031753
8629367
9283301
1568203
5256331
5901437
101473733
1590547
8975489
7221017
161116093
4745297
5339673
9787289
1852921
2610563
70217
8266297
1130039
3036141
3066457
89269761
382847
2961133
2274653
5014129
7430297
458077
9463949
7444519
5871451
8987431
5310809
4938411
2880161
6321571
4431233
2784251
3820639
7111763
7861129
1443947
4282723
104579
8634703
7539323
7997381
5659151
4058131
2776031
5530033
953867
269949
7665039
2578513
1525169
1556999
6200051
2755253
1544119
3474329
9367639
1035611
8796377
4813299
6155923
5903643
4360257
6920963
1275901
5756363
1639093
3909887
7909731
8666821
6154449
1758467
3733217
2291589
9013211
3831691
201319
4781427
4193193
3470991
4570689
2532569
4572569
6697901
4184989
1527701
6474391
5390399
1332123
1453983
2038917
2275087
5787031
7323617
7873809
5898583
4627817
398877
2846629
9435417
6439233
8135111
3582781
6907031
5833019
8846357
4905093
7794283
4740041
3229959
4797209
8055419
4247857
3196443
481177
4637971
5717509
5772941
8516407
150071
3018787
6828077
6476387
8366889
5299487
5106477
7786751
242347
1171923
1668683
2259337
3788019
767097
7787313
1227061
6761683
2641763
7317709
7874963
2757067
2809463
5059183
7238529
6684059
2265767
48058131
5602109
2239283
9070549
7425553
1783753
3511123
7681057
7564113
9554291
5166553
9677997
2130307
5013061
58022943
666979
2285913
676659
492613
8565261
6061247
106409617
4391913
539807
5334981
4752449
2711091
9427907
4478431
8275893
7429453
812981
3707459
6976393
2619303
9248713
1944049
304441
5822961
8575371
2323543
4601873
3821427
4518439
1815041
3179181
9636059
6420329
9472703
7137481
633
4378899
819527
9883599
3061753
7091587
7477293
6580147
42106373
1732273
156342349
7255713
1606541
6352567
3998731
5471231
9300111
7860557
7712223
1976381
3546663
841437
9717033
1889839
5791417
6149267
8605493
