2735489
6401537
9177211
4874511
5074749
26898647
7036201
6362941
2387139
2775503
7348221
8428169
6313237
2239923
6111981
3650507
1535647
7682531
7044781
3256503
4076099
148871
4428611
5515509
433631
6295567
2621841
5271197
1465249
2092879
282021
6108761
304643
5862729
913801
284003
5026721
6717161
1266791
193449279
4695723
5795357
7027697
9883437
6430289
5514841
7954917
3123717
4727333
5461311
7242403
2408769
3013823
1858821
5996723
9012947
37356091
4004229
6240893
136051
9648757
18977
3996547
399829
5716881
4067591
1314429
182576227
3290721
131449
4040437
8555141
4077267
4853189
9394199
8883039
9903763
3772537
1454659
4108157
8618327
2331797
5373537
6381571
3355269
243473
6138883
8965957
3613137
811157
2445293
9928089
259191
4445121
3760097
2234299
4273251
8923397
4390423
8012473
6758253
2987911
3900203
349093
1290581
599853
9884719
6407811
4371041
930431
1948817
6392329
8520227
139867
6505279
1147203
7962309
7765397
3733727
3836859
2341553
12572139
778117
4964343
6548579
7768953
9793509
2824547
4768129
5946289
8170561
4893021
5918651
1926967
4687031
85659
8290901
4403631
1172719
1037723
4687733
8476057
4677983
2606453
5004711
139774361
7220367
7893229
5040349
1789627
1545029
1136491
5564097
7059109
9662193
9637573
6520169
3985197
2015329
8646463
9605349
7755369
4696629
5483047
9438291
1926973
4005291
9145683
513797
7749079
880539
5297209
1870463
7843413
3746673
619229
27003899
1486847
8207903
9404509
4645299
9066619
2050259
6445407
2438753
8104033
545609
7233839
2102519
3773707
8354751
2601629
5453123
5944867
9966601
1953519
4455841
5324421
6815541
2395211
9223317
5023053
8222733
1086481
5946401
8874313
896351
1640337
9568133
3405627
7638049
67497
6537757
1273283
5991577
8051299
2297021
9894947
6201533
1604273
3629637
6938853
6517133
9088631
8883347
4798361
1350167
3032789
7084543
6860383
1978109
5893089
923313
6835237
71643879
8846297
5466531
2661931
5352637
9553447
7780417
4631013
9783897
4497873
5485861
4101019
687467
6170561
4950029
5765077
8198657
4298851
8168489
2386593
3065769
5586593
4609377
5061649
7172523
7913641
2178663
1769373
1114519
9650319
8219543
5126067
4261293
1666341
1414601
3224737
4306191
8087953
7689773
2200153
954713
6060511
1135549
9628513
7628901
9175663
6565213
9643717
4098549
2921283
4231247
2850123
5763197
3113749
3814237
4092151
124877
123859689
2893989
5135409
6209581
5052287
419819
9563721
937061
338237
8793773
19742759
5687157
4138231
2451437
2682517
9472429
6271511
6111261
7096543
5577927
9018209
5982549
5538159
8467849
2504639
6688807
8694649
4456353
3525511
2363997
7338653
1292953
2245817
5856271
7142387
2968967
3602511
9984851
1463673
4159907
4453907
47443359
9071099
5145031
5917143
5554831
3829671
797171
9072067
7815399
234649
4478561
172285491
7417471
1630609
8256761
58150479
5947401
9269429
2553881
612691
7468943
8555349
133235313
6181
3568489
695661
1157091
8030149
2082267
3439001
7413289
3117539
3725947
2507563
7884863
2610693
9253629
989217
6451131
9292833
6693137
1514867
3803889
47573769
8048257
4916821
963701
555193
4300017
9361331
7189203
1222007
6704771
1648447
4396883
2665917
2184427
2238143
122927
1572769
6962829
989259
9402063
1478869
1580753
2187499
9000223
316021
5513177
1563881
9054983
4418723
7187633
2851821
9837511
5112863
3144633
3183361
7533409
7526177
8062979
5795799
1789451
6954087
4107421
9969161
7598911
2192511
7163267
9962447
3136737
1275251
4299251
4309391
2023123
1184357
8648133
9226529
3460947
5034921
8921439
9271293
7086487
6574313
7984443
2626711
8552917
7320311
1162747
511897
2793481
3615687
6433501
2527219
9695379
8827901
3707993
7838109
4471643
2536181
2788977
33779043
4035249
110586347
8955439
8541949
8848499
1315549
1202859
2869833
7353631
27151
51193989
9179921
8344173
5032529
3589951
182407183
4585079
4936001
8141329
6754843
2600451
5747829
3172323
2036553
8093379
4858947
5161129
1606331
6648931
7044783
143592573
13701651
7132311
7136277
8747173
6086467
33545143
2717061
6535769
9832489
9238179
9907243
1633093
2574803
6317211
1475567
2809339
3004751
414433
515023
6819951
9624593
9402769
4966293
3862613
9197157
9081277
7347647
9052599
6773237
4046647
4050207
2978969
70945423
892263
4022549
7946031
5332151
7797729
1625537
9938883
9157711
286977
5246349
5001341
3530577
725253
6841869
559093
2749307
2128497
4085893
5575141
3928301
7979359
760073
9028517
6867451
4141241
9602803
62163
4215047
6169663
5795747
6162713
1568251
341913
8623849
1869959
101851857
9925993
1686111
2254839
5074613
8540229
9685481
4367847
489483
221097
352783
4459221
5056773
5776227
8246103
1101217
7264711
6530031
7294349
32078089
4842871
4856739
4007349
7541007
322573
5625711
1067163
57457
2767307
7628989
53219
9906581
3049759
1579119
9910999
6212413
4858421
2298749
290439
75123
3582491
1825147
1624683
3224413
5931067
7032141
4037891
9486877
88202739
1731709
1921953
625931
6849051
864587
5334133
4653171
3371577
7888631
1682533
7567313
1087861
5756883
8023521
3764413
9489841
1738781
5513451
2317587
5642457
5680903
4409273
2997049
9345367
6716011
9641929
4303493
6719999
5126279
4518107
8028253
4107699
2148177
7247173
185050711
1849667
5982331
3372523
845827
6029547
835741
2627793
314061
8423211
2894701
8464329
4597193
174387689
6296377
9549837
4207891
996043
1587601
1694461
8497727
7099513
9501371
8126579
2359103
5474479
9182037
5596949
8784113
5062447
3128579
3010369
1607683
5068061
4705807
827953
6555743
3055301
117418737
5515771
8226623
2457023
4052177
3419659
2075587
5747111
7645593
6077423
2779863
7522859
2083101
5523331
5760777
3847217
6313111
222167
7840593
8804167
1900317
6757463
8059279
7550399
3363923
6710423
177211
4486319
7729507
432417
3332843
6420873
5248743
1239971
1524461
5646371
9054729
2419943
373979
1053701
9765983
220853
1441639
9357201
7381757
4841373
2077541
3016771
4504317
3536569
6642293
8004803
4148619
3771249
538733
2930717
762479
1945543
8880801
8934821
3301871
9949743
2912091
6959251
682731
1876567
8571393
9952851
6152823
181497
6766937
5688367
9609991
1761099
1535583
747899
8367147
774457
3012333
6820791
484461
8676859
8788651
2601633
9864709
137337
7057407
1273773
6640807
2793907
5564261
81044297
4787271
3310323
6087457
1624317
5098377
7709737
9716381
7814579
34979
6894929
9129689
7888251
1097047
3187709
1519599
1494759
3555261
553989
157791993
8959697
5678151
6038187
5722667
5677889
9885159
6291337
9631549
1506143
7347037
360061
7280429
8802197
9444199
8888351
7281791
8536561
5836063
3395911
9651039
5496437
589257
6735813
4000153
3375199
1235083
