8877773
4078349
6707991
173727549
2994913
106913237
90461991
3813361
62974111
9014363
4940609
5455827
4653949
9043541
924781
3609793
7271209
6808313
5343687
4645989
19872541
9738551
3243337
1580323
641613
2812857
1337807
3820473
8060863
6255351
5685447
56671
5402299
3418069
9739997
5602469
1579819
5128547
9198177
4570457
3469593
2945317
6881077
6034133
5328339
446103
2598327
1491123
7143539
8906521
4835487
5688089
5901069
84307723
9363781
2810991
9144967
6004149
731113
9209247
9764167
6235011
5899303
62697633
5260643
6210041
9563999
9103929
9087893
28279
9005023
903063
7456147
83569
1722081
492907
1164683
1833337
1947073
827497
1090847
4070283
1658979
8458501
3908679
3973557
8650969
129366649
7341623
1089281
707217
245089
3266173
1747471
8455571
6282663
8636167
9685349
3285183
5799937
6994209
787513
317029
170137
7829787
8938661
6688021
8078581
7755911
8143119
8968907
9267363
7402693
3835977
3071573
2323703
2202583
1287183
1562383
8880339
8399449
2801959
5993753
2783639
2545913
7470619
7919361
150804611
2689409
8688279
7528969
8181667
4183557
2914239
6106661
4958561
5150563
3955839
2307627
9013259
1248093
4481661
5957357
3128237
5897623
8414039
4105253
7217013
8166729
2709603
4354137
9066789
7800311
9860791
9504051
148589639
1398563
1848003
3362347
5684141
2581001
2330569
9890313
7384263
5988681
966989
624727
9454149
5287771
2120801
7128067
1254389
7055541
9079643
3377633
2457763
7304471
1850411
3320133
3030629
6167789
6612437
6610431
3132267
5614357
8777457
874199
3803983
4650703
4160937
5750239
2654007
1240077
7431269
4178391
4243279
8236897
7948691
4583007
619643
1239227
8847677
1350331
3052349
3454761
89437363
8659537
243491
28396511
7157179
6790877
3627121
4801227
180119403
467021
4364773
3927517
3953491
9503929
3278241
59007
5748221
1297223
1083671
62711
1543037
9896357
868403
6215223
1969601
4171317
3527649
8352061
1133691
240049
497809
4946643
3351149
5295371
7185091
840961
8712853
4700971
1634097
6439029
1518819
2686449
7716283
5544463
1876333
6843017
9132651
81714643
1736561
3310109
6372077
6611581
7157801
4639323
5741941
9975757
6997019
172249
5225171
3598657
9968853
3412527
1618773
503669
498291
7171779
1575687
9115491
6360877
9558791
4377723
3136053
4891161
957523
5418113
327261
8002421
6785219
1908327
2053041
2427239
7747311
226391
8644333
2453481
148153287
69115021
87393
3134033
5759207
6937607
2216451
8421987
8615677
1599551
4761101
1834763
1698253
6669119
4293521
950629
9993913
9084671
2541763
6517143
5407051
4049783
3540391
5405729
1148769
8472107
8798523
2240281
8858843
460437
1884179
4650149
5898747
985013
9764559
7203033
5483109
3410223
5981629
1458931
9818929
4444957
7586511
9060437
3356047
7721203
2893767
9168453
126391
131555201
2862819
4776029
4102953
5012229
4063081
9571589
9339539
9863301
7576333
6002587
5524641
267991
3817101
840569
5147487
7524837
4348969
6040639
4841173
3139189
964737
8903927
484687
7231691
6792659
6628877
9909837
7320869
3977819
3222697
4730553
5022707
1328049
7972849
6152061
6266267
8956297
1511727
5566369
8573921
499373
8324837
9872313
9360617
104858369
6837721
5968561
2396741
150729439
3507361
747113
3227521
5048207
7555637
1551423
3047749
5642749
4601363
3915193
8650837
5255367
8045037
9953977
7132727
5588837
5288137
9499939
9283001
4353901
4120997
368131
9713549
6411449
5459113
6744917
6243769
5088501
1674791
2833607
5370599
8350367
9539189
579023
5737031
6358849
911027
4254739
1811477
2592849
9900121
4318541
6398037
3361403
340657
1409111
5678103
3272457
4456781
2391071
4298347
6491727
1115413
8236801
2589247
436591
2466509
58392467
1346193
6736701
381137
3173361
183218839
1826579
6109603
6664283
8802199
8405391
189068859
196649093
7062097
8663041
2270911
615131
2287101
5595969
8791163
9626117
5051117
3212059
6081663
1980017
1883561
2827997
5920809
8984323
76371849
6679861
219557
7528151
1324429
1160643
5082031
8727773
5280999
4025489
4505383
4511807
8029883
7138481
7971177
9280607
1536171
3718347
6494791
8359079
4966441
3580557
18797883
6087949
2253593
157849433
9434537
7736559
3155499
908429
4362077
5470251
7416459
5620733
791139
6780607
5044443
6007619
4390031
8647633
1384817
2236919
9328059
948583
3936429
4281051
7112103
6389457
41952963
4047601
5144813
5805929
4762523
6384667
2265733
9346049
7805863
5234749
6759971
9450609
2303597
3760359
6065541
3270221
6819543
7802567
3240681
3772269
44593
9291699
1919577
9772537
2919471
7219413
2518243
114336409
8359869
7709023
1267437
499689
5550779
7748071
37837
8853083
5878237
569293
3943883
8550319
7687173
5447323
151947507
2315543
5231157
8273849
3142569
9859021
9771327
419103
637357
3715713
5083981
6918809
6654033
9727937
6770967
5645723
2127627
2499453
5770713
7030187
6323239
4714247
2695869
6627541
1204969
2968397
6261669
4484951
8896321
91406527
7899439
9783119
1596173
5780439
1628761
4955667
9088689
7501563
5668831
52139849
151273929
3774187
9327789
156436489
5541697
773237
8521503
9480441
8021973
6886269
7020587
8739403
3908567
8037341
6963531
1567053
3027881
156981
1095189
3924483
6442199
3754611
614011
2668317
3412541
6964077
3144001
6035499
4403889
3117191
180032877
8588417
3937779
6840959
4861461
8991801
4074577
4369499
5597991
4865509
9689189
237087
6655711
2265941
5815531
5024317
2366761
6020583
5459053
4444401
144141
4542213
1051359
9712761
3841233
7287853
305391
5583929
2693171
3176009
9497479
32411
7029813
8890323
8289733
8052089
6120271
4579513
9275847
2820663
95649
7855533
8786289
5616323
1060247
1773971
6296181
2351121
128902729
8235357
8300983
952099
9686231
4832087
8663087
950141
2593459
4469739
1927887
8755553
3517083
2576223
2517737
997427
68896647
3401811
4554581
7892093
6499971
3882353
8335593
372937
5274657
9993533
6893897
6385457
7690999
2185539
3626251
264747
59761
7002709
6096931
1379057
9998313
2979319
8852303
7255641
22172453
5386669
7030723
6652817
4560703
9363357
3630587
6851453
5862207
895381
8600829
8339809
3160779
9311631
1159689
7594067
7642397
5465599
4767447
9113369
5450253
3722847
127662749
8240599
9456217
5766559
148089123
4510109
4240433
2749549
7636347
6665833
7544731
168662743
5881933
642327
9543859
9756811
1103569
7716273
8662303
2990133
809261
1636161
74882759
8551589
4906469
3044921
6379011
7243353
3038873
3731141
2516061
6796869
2119817
9397557
6760667
6330919
7450509
1894757
9780437
9778087
705271
7706021
8680283
940273
