5644309
5499009
2365739
5529477
4920601
2869813
193456403
1755311
3111433
1065823
5624539
9027751
4663057
5161659
8535093
5158251
7570133
6492837
5938123
1935677
4041939
2935621
1540211
9333203
3061109
2576107
2764099
108835193
6471861
5674471
9962801
246939
4304301
9293569
929891
6175581
7672139
7816779
2301401
168126153
4482837
91058731
2159449
6802149
9395187
7097089
1506161
4039967
2633477
5683177
3026051
557327
8859853
3421353
7365437
6906431
3611387
1182323
3676379
338843
785411
7793787
712537
4454409
3264227
3883827
9242853
4045903
3458467
4496077
149900629
799689
7251507
3448527
562919
44187
9573979
4540029
14035369
1792223
83869
1939009
93272261
8810089
9779809
9919039
1716157
2121107
5050533
5538641
1305529
89999771
9052239
3825457
6692861
4962573
62881267
7296659
1987367
7862323
5485867
2179093
5584421
4422587
4322363
6748519
5594573
7355127
6922121
1158303
5820337
3612987
8834911
212457
4094973
5618253
8551001
7980153
6045841
6379603
4567067
5010929
1776517
8456757
8895503
7730717
3200067
9372019
9673191
4076017
1909373
7930153
4070691
9889823
654843
2354213
4584169
1179107
6359497
404311
2355077
8442893
5743171
5302267
2237413
1716929
8229751
7819569
7070181
1523043
4044027
7587393
6196209
4271289
5235117
7365589
1876697
4846179
2614007
3984029
5895451
2087451
3636913
9511721
217521
9408697
7198107
3746253
698751
4035419
9825943
3862419
6173207
3417583
6017169
6380581
9786399
3187789
5147933
6333377
3411929
5982489
9387041
9102017
306457
9749773
4745683
3819859
6343191
8736197
4071121
4316383
6659329
3670073
2837579
1010757
1515249
3481797
2118747
654493
7466429
6161079
961597
7198021
1753929
5625139
3579127
634087
5698789
7844569
5270167
2221971
4296993
7684293
1941469
4049223
561539
7301169
9886503
5167123
7379997
6563241
38310177
3526287
5791841
2671579
4719657
5128581
6233227
7962159
4155063
1429377
7596233
8626569
8185829
8271651
8925289
5885843
4736821
1365783
192687499
3791547
3323079
4625143
9643289
78276779
98708651
4357029
117269
5749913
9334627
1183177
9651011
1600003
1148903
8835909
9312689
688809
539137
9035503
6378921
2313957
8725161
9173423
9661519
2502833
6219481
3847371
2061013
9864579
4954753
9168623
5926661
2278957
3240259
834957
2287107
3782643
154505483
5286671
1736947
45226799
9005357
3401569
6408953
4008189
9124727
8299109
7601861
4263727
7438019
1227469
5346541
9812269
4677449
8102657
2308331
5454927
3990901
2145479
9911609
5151987
1617371
2366383
98339
6320437
9617789
1232497
3361253
5988469
9853437
7858033
779169
6565553
5238011
9573393
986503
99191091
5744541
63480813
6298769
6442639
4041013
1509433
553413
6647657
851007
893799
6995109
7083227
6383207
3956623
912681
5237919
1402027
1837677
2000049
7309009
7128399
375357
2631929
3433811
9822257
831987
6258751
650401
7596893
5145009
8624487
2213043
2983489
5433859
7446553
9211837
6127323
4039851
2663241
4753523
8102621
2111407
1430921
86490221
8834397
5826217
3328237
4940283
4596199
9846089
3227057
4287499
2366327
7904931
8244361
2452463
4923449
110816187
3406629
8121881
5315793
2964751
3936831
9277613
2003193
6853941
646867
2676359
4516943
7287747
2819659
5137567
3454469
4625699
939511
6220489
9682609
3833797
1659603
1577111
1295493
8947569
7824651
9186891
1664869
946259
7356663
8293587
3921349
2569861
7577901
7649933
5202217
2051127
6150941
5418479
8567631
6451127
4529299
6459291
4737479
6243613
5273431
1640867
9652573
11356261
75539
193229
6375377
2778909
440031
3175731
9276939
2045127
6429741
1975561
9127561
7801447
9108781
33441671
8185769
4469577
911651
9195937
5028187
1572071
7842009
9241713
9918157
3421961
9904637
171837
9352449
811851
9478101
162519
5700999
439281
467967
8422377
502169
463263
1214881
3048517
2977723
6132791
5584563
2159019
3155323
3863103
9762337
5064659
6026243
3692667
392007
7051707
3624607
6317087
8502729
2909157
9075593
5162637
4515351
3140093
4926431
1734677
4639119
5060973
7182981
8821213
7711491
2390377
5739311
7798347
8424679
4613421
8948727
8992257
9345411
9779701
9693141
1226749
1532437
9597579
6944689
3322081
528177
6829561
6345069
9343233
9969121
3981479
5277599
4922193
9966707
1216967
5400693
2793591
149695919
1674469
8947767
6345131
3176849
2686051
9260073
9743301
6555617
9673923
656219
9343507
4443957
4893001
9502473
6013829
2811793
4338641
9094229
6941591
6212157
1356913
1474181
5498749
5876429
4029601
5868217
1835813
5708453
5646791
6381723
5380673
95688287
4067399
6585059
2908027
8584389
9170289
7274973
9362651
6919267
9180651
190451
1475417
2830631
717823
8119507
1970569
115899
7055341
9033851
3222073
6294199
3523803
4540209
612059
1922353
5145153
3520011
7041993
9510843
5605511
6066059
8322017
7007189
1630571
7496111
4294557
3873769
1946623
5838311
8902279
96797
589523
9956911
8389989
6048729
73809
9346449
5059759
9751469
7324031
976343
4685637
480541
363087
9177413
5564281
4405897
5551293
9756033
9110239
5568117
2093623
127747
130917
7768797
130346109
9664477
5019891
4457377
7060033
8448687
5094897
8819259
4908259
380303
9854691
1246011
5041541
5952897
5507287
4258809
4755963
128185927
3917803
7069377
78013
3127743
3853097
2183689
1796109
2198387
6300231
7149239
8472719
162991649
78479241
6683677
4946113
5964909
5612461
5291737
7771159
299159
8922929
7685497
647477
13565711
9484649
3978283
896007
4078659
1261873
31577
4166129
2795269
3763413
5042619
4812607
4664659
8659957
4434419
7987999
8645221
7322739
4416857
2806111
4810977
8256163
4240501
105573
1923477
7042597
4898043
9620383
942023
1497451
5172491
8617719
5107849
2484379
4648021
2181091
8051843
3356947
9168223
199682869
9239869
8219503
5342229
556603
3337373
7343009
6130501
3966837
3079963
2178339
3778353
363861
678781
8442161
4741971
1768863
8074823
4387111
1107599
2943051
9692047
143162707
1045673
60571
7195831
6095823
1610999
2944019
7293659
2708651
3184233
2158683
5376347
4520233
5717621
5321383
6527201
1987017
4212717
1913639
4396061
9537511
4446113
4386101
4584023
2105049
1529779
7036707
260689
6313047
6373111
1795811
9798207
8839707
149872931
3791979
8743281
1958989
7002583
5685067
5105643
6055667
9881779
2916313
1708747
418721
2023759
7853049
5583743
8894431
497019
9271349
3039977
4884981
7114237
3136863
875393
2358763
1505667
2107569
4981547
6434837
1665949
803833
3250731
8489331
3249589
3146351
9741299
9518623
5159323
2104197
5852977
1670277
3629641
7642063
490813
7471193
5221531
7716287
843181
5856801
910003
2235843
4668657
6960457
4137289
1549983
1826463
5913483
4740091
8600099
8279193
7634017
1300197
8075929
4510769
280421
732389
9925701
6170363
7672909
