8024119
3025617
2421779
3297
8828777
3747617
5586043
3015171
3246431
4864513
4140343
165328597
3069643
3641317
8697853
1456331
8402719
8074233
4729633
1435409
1727559
7865477
4128357
7948949
9499043
3536833
6171271
3680673
9696939
6302789
9509901
3476739
7898719
7488423
3828963
9776677
195662591
2810777
2894949
2575227
1143167
3256511
1030761
673989
6186493
5954339
3327481
5082951
2537391
2610183
1326687
937233
8383139
1983411
7874529
3568169
9542363
7096507
7123727
6165447
3324557
6512087
281537
1673027
1095649
6842017
8660321
1030859
1799081
4122899
5572187
2824309
2364903
6321011
6864579
190146963
4217787
2973031
7043279
3909043
3120229
8119563
1270663
6400309
5953573
9671801
3905167
1976049
78990249
7959393
7963459
5138299
8179757
2858113
9079053
3676701
2107019
8005651
6719149
7478483
7567813
7245303
5644693
1275947
58673
9697281
7103651
92811
6604511
361173
3973433
5917141
230949
167267
6160819
66817853
266817
1356169
8399889
1066977
6785059
8838319
8004801
1016939
2685193
4748297
2027301
9137009
3880577
32601871
6552249
7072539
3604489
7397869
9688291
7279327
6493881
9349143
6104003
5306369
3929741
6862319
4661281
1570441
5350191
4470323
5960203
6188369
4860949
177682827
7561989
6240401
7244453
5908941
26916317
755281
9078567
5631309
4476807
8062539
6658433
6844931
8383927
2912131
6955361
6469083
7650337
3876093
8437811
1524741
1535291
7669419
228231
8967227
9440503
3615537
3792717
7864473
7164489
8217339
3150141
8847799
8434789
8398603
281811
5356109
7142597
2001373
5591761
3441551
774179
7583293
3777899
2439583
3164211
769427
31315743
7650549
8035329
403209
4959647
5594423
693753
4931999
6105647
6696297
8018241
8719031
8632321
53129
4378527
9312641
6986687
4737957
9621019
1164827
2491917
6506101
5110551
5817389
6290159
8024587
2226533
8753129
8253103
6262917
4286483
7635939
8966043
9157517
9453817
3670909
242907
4153221
3444127
2224429
7378883
2828419
7247611
3607013
6969969
6591593
3059993
5905749
144635647
903541
9238759
3130331
3102243
5758691
3361877
4811987
3291821
5703449
5891163
610673
5953331
1292131
1664439
337923
5715529
2906473
6679349
1769677
129008067
2925241
2547113
5475301
4336443
3028531
3333007
9899
6249827
416411
3742673
53630363
9001899
246211
1575701
624249
6256477
865401
928111
7502899
2187149
2849419
7333689
7616769
9025513
4784577
7221189
8262753
8067973
5882019
4761869
5633939
1866963
6615547
3268883
8022089
1388793
1107601
164017
4602403
4403207
9847609
2568607
3793037
8671377
1535867
378877
917637
1103629
8934917
9829047
7692017
4769643
6034487
4437019
6172367
9553833
5758503
5602611
1190887
5965031
3824239
8014211
2116297
573553
1010731
3907811
1447457
8859789
9849527
5038167
5871209
2915637
6217971
9168049
4160683
1294697
9750839
2452329
183652113
2779101
2884909
608611
3247297
7146663
9009259
1541681
7182959
8193811
906869
8615359
1471363
1481363
4515569
3738691
904623
6255017
1711899
35534003
7781797
4250259
400739
172011767
104782733
1520497
9001567
5291351
407853
864791
182845043
4451841
9615577
6007737
1125059
6046091
847827
6820679
165023247
321279
151280003
6841711
4571923
7425697
1272519
124818451
6896051
3854441
6610371
2212553
6928063
132973
940469
8554989
5947599
1257063
8817467
9776501
2612643
5483777
5173627
2355427
4206641
1224583
4804537
3950011
4179949
6890771
8732451
6925911
2240001
4318751
6383947
6659637
4375581
8070019
7142439
9760983
4708053
2696679
105979
86328161
3428531
8890453
381191
594807
8606733
173259
1990931
4100373
9382201
708529
1179473
2166427
168003407
3437121
1457863
4547441
5738427
8640881
3427103
6593399
7968369
3186111
335311
3233737
6311353
6502797
7045941
7352249
7646559
1605189
4482377
9432591
4333897
3713311
8305431
6273197
2462197
19937431
1356721
8130181
7516379
55607
8188707
9258923
9518149
2683031
800663
9744713
5439273
3717133
6301689
6451931
8275903
1771601
44913
6013759
9434047
5819861
1007569
14919409
8121559
461281
4214607
2871263
2830609
1745529
1314757
501681
7310561
8895861
7289199
4656093
4808543
9683671
9259517
1863707
6266201
5588999
5755331
57399323
3151543
90371
9374669
9688661
7207497
9190171
6755791
413347
101315669
5346721
1194871
5051173
1469383
2749501
6428591
5732133
3135769
194479
3773413
9527273
9695473
7635381
3565363
4766819
8131681
9453511
4443777
6024577
3101299
8844129
2640397
3416619
9817839
7491431
1300049
6270023
6060851
9253953
2483131
4528967
7759353
3762899
6224637
388999
1866481
736803
8991927
1026639
1111241
6158231
2986133
4918887
7347767
7256911
1426433
3921983
7155617
9930779
7723081
2418249
7250767
8272681
7071189
383833
4609433
1696411
2538363
8170403
1158641
397027
6641619
6680401
421149
6884919
1205143
3619653
4957449
677643
2819747
9437423
118591559
5199459
4315893
8666199
5972463
5542943
7924791
6137893
2036773
6072513
8160781
291641
5608661
8433281
7425227
2397351
4170607
3812471
8240579
6728227
6236787
1780423
5693069
5447903
9024789
2093539
1333777
8652973
6457467
6257237
2140017
4165269
1386007
9678431
8607569
7491279
2007581
2927331
5658027
2132513
8831483
6799803
3891167
4059037
2264913
7428617
2329397
3246787
7730533
1226391
3996219
2587607
2006241
94391583
5658037
9161627
1394527
6143047
6432119
159410359
3529997
2964939
2682417
4347659
6157429
5951883
3220903
3694567
22147
8826333
3687593
7030209
5130721
118513219
1039191
6842803
8067763
1225681
6650279
8509229
2403991
972017
4121439
7456809
867731
9136821
2123491
31064101
1163541
2206701
7472053
9367273
7604769
1266467
7201031
2722499
2311331
3478111
8436837
7667587
5928577
4314183
3837367
158631463
7012193
6984399
4821219
8817479
3496367
5297273
8424003
5610771
730131
2285251
2101267
8902093
1220183
843043
1484347
2427453
2285559
5596723
2229003
9875771
118471
9688653
5141091
4687769
8795267
5111239
5132211
9996201
9646761
2659771
7316419
6986777
8211629
7554737
7857951
5491841
9897003
3522627
438367
3354587
5585807
8442089
100197591
2884209
4792199
4001939
3818983
4574281
188651087
6025517
8320077
5045093
7092979
4847231
3655101
1542727
3173799
6072613
4317117
1678443
1997093
4754203
2574021
3275329
1867633
7618843
7467867
6089637
2235997
4989079
8865499
1155551
2013557
2263203
7478617
6255231
1986687
8540927
7688519
6151399
6284783
