1241271
3727271
1580729
2676909
2447613
2705659
4232219
1718143
4147243
3876479
4280823
549889
6885059
1099979
780557
4579271
5875171
4065723
1102971
8117761
1413783
7761603
7941077
2686973
880529
7245541
169889
570767
7269621
7201791
9119503
6089063
5672907
7515419
4026063
6633877
1319047
1858859
9552153
3373891
65609907
8532667
5652369
9308621
5532727
8667487
9534759
135491
3668131
4045453
9433637
8851719
1411919
9087909
6921989
6425463
193874527
7495641
7352723
5162927
7705469
2528911
7275343
2519027
5473631
7490581
5496711
101153
693289
8411937
8116633
6289167
4174993
251649
8890793
2105683
538767
5588367
3028257
50957461
4861443
190419373
9123647
9650179
3509257
7509837
1778721
5934637
7550081
2295807
4712807
8504997
6774907
1852713
1513987
152013
124824123
6892499
8688049
4042193
4658617
5302687
5731427
2234461
278257
1534963
8205891
3042283
1534613
2096371
5986247
8297657
7830703
2979387
206961
6669069
7008869
9067827
4907781
4121321
6149393
8444293
7783147
412291
8178101
3224341
5537103
3083211
1407821
2180429
5153871
5339669
8048007
8661653
3443807
2858303
5309377
103893723
6801969
5825373
3871599
7766257
6429279
4218591
6041929
64071
8415951
2444229
4876191
7425103
6808857
4042589
2370299
2721793
2545913
6767801
1444071
9862047
6163619
3752847
8432709
115383
8190599
552239
3607559
8064037
3225363
5353707
5212433
6348189
7414623
9833571
9222537
1597653
9324777
9118691
580219
8326459
8286459
7042407
8035917
1824743
8569269
1590701
417197
9718147
9266799
376739
9569633
2945339
968229
8402131
7150699
9045123
1940583
2672467
5344627
7384861
9759479
8471021
5895717
3294403
3910443
95584773
2931827
508823
5877611
7121163
1210451
8855539
3087247
1166393
2438517
4243977
8139341
4652689
4840507
839253
360159
940111
5058597
5237897
5328213
4859029
9689801
8569611
7987661
8184493
4620493
771813
5504321
3149851
9229681
1967853
1049941
2944027
8645749
178108567
3597907
2734667
1586359
5526693
8891607
5403873
8378409
8951757
25609047
8360153
221939
8669679
3894129
7651277
6836869
9524273
4708751
879593
4800809
3925479
239869
3311871
8809653
8539569
3447273
3128367
2506899
1868071
5342071
3712787
7755539
9624999
605727
1412251
6739181
2719081
8204429
3590003
9615173
8162617
995057
7394971
499453
7277091
3507139
1027639
9622533
278113
3572459
4227157
4241989
1473959
6879627
3256739
682237
3344307
631593
2136779
1763069
4734549
1799899
127163
283069
4242123
131136109
5389787
939927
8381313
2683377
5118933
2622687
6181077
4278923
11982801
4058179
8806639
8238103
2351051
4275907
6974669
353501
9470457
613599
1120917
416453
464883
4838013
2060837
8612449
9872777
8314779
8227619
4249451
5980487
7228181
7371577
6751843
2288363
1031909
5913981
2897467
5238277
6542701
128903
5984719
7009991
1073503
7881637
3476387
5952207
4400901
9604513
4186431
5139711
8658271
7735171
6359033
8195107
4888173
7482053
5066837
3759563
6595223
5433151
5957263
376531
2393169
8417159
150347
9074791
9477309
4633903
8779107
8369583
686567
8128661
7484069
6730237
3610169
6615701
4164741
2479759
9220279
7567033
4575051
9096721
3358691
7686389
9084587
6042051
4864103
5437191
5944843
787383
8850637
120782109
9177397
8849379
7548617
128566251
120751753
8650219
1426697
8719813
3943793
4082769
1077881
8797473
3865951
4042207
3334999
7226919
56567
6964653
6235907
6328117
2358889
9840131
1347331
5730291
8736837
7191489
2917497
4239661
5616351
1034049
6332587
2548871
6159281
6083543
4441287
818527
1419613
7717723
3442029
9690837
118106063
6296983
6811973
6213433
118962241
2264589
7197767
2904611
4555477
1548861
3588639
5932531
9388357
3274239
8255263
5523403
2246011
1483023
9131367
1872829
1546959
4714453
2917987
8309123
9456443
5462393
6840719
8145947
102400993
380997
5983277
6676091
3516407
110462301
63970597
3897677
327237
23977
9926999
4288681
8854757
1263903
6299603
1712751
4854059
4435543
2309753
6320537
6427477
8764849
3511323
7363743
8424273
1756973
23239
3227561
159723117
2504437
3257251
3084761
9233829
2462673
4717917
195873
1227449
7948121
445887
5704813
1960391
5219641
4787399
2680699
64452921
8008509
8711851
6270057
8080673
6189293
574889
866343
2999451
1054641
3803743
5557081
4209233
9694441
9903333
3323069
4852993
781159
4707127
1275573
3346773
7103531
8679191
837803
9811917
5518543
3134467
8712869
7960609
6013817
2436299
5155761
7263119
1047557
4300981
3029491
513087
2242971
8264193
7112609
2852541
6897273
254731
490673
3747499
4518959
4478713
4441891
5277959
884307
5271061
629897
9153131
4046793
5942881
4108627
3422099
4439221
6742079
888339
6913719
1311759
351619
1108353
4177109
7277259
5541603
1231689
5140739
5078021
2536731
2459697
1545323
11304331
7862107
7612561
9524109
9723889
6309739
2261013
6296921
8771813
9629803
3809553
3575947
4830201
6890849
4868253
4432337
9555481
3031469
2383861
7282613
6832549
4184691
166497559
3468931
9894029
1926671
8753497
4599341
515333
4572111
2968103
3474487
7168079
3311679
9449533
9859629
3457959
1404337
1016583
2211879
778873
8663673
7948849
919811
2972343
1771117
4293433
6021519
8907203
61583303
752621
6814683
7295693
8115727
3337827
7538311
7808409
7868541
7666133
8523693
5456611
5983827
5727423
5529647
1022899
7816071
5371973
1595421
3297197
9695479
921017
2499097
1220851
5139623
9226113
7796727
9323443
4411163
5156883
9043771
602999
6540101
6998701
124057021
2028223
6704261
4685571
8468183
8625191
4008113
5965223
91263983
6754551
572057
5066753
4169677
8221309
9052851
8098143
3257903
6048911
7776353
7412499
8097833
3264169
4271631
1656957
697399
752989
1548551
7087817
3877563
6529327
3167511
2592603
8394277
703633
4721901
2795159
3603969
122377
6835981
1012137
6862899
809361
6231579
4657759
620909
9674959
827211
4363049
7392597
9992467
9718471
9050433
473189
3271383
3012331
1512101
4561249
3094799
9369793
877273
3998907
4349979
4799089
4294921
216389
188951997
6981027
4987831
5628827
7837899
8529667
3902527
5109151
9939251
3587029
4042141
4141717
134720097
7541687
2945837
3418023
725963
7083347
4606813
3603947
7231771
7117133
9850769
7108337
5829183
7874681
8493331
8174257
5521857
2375751
9054203
54609
3831363
6719507
7279207
1584137
4123711
6475773
182120943
5878267
9192299
6523191
8578009
5307467
4065859
2101463
9855021
9179293
9440839
6342373
6073291
2907087
2252123
8638033
141031871
4221679
8711431
398819
70092529
6421663
8435191
9953127
5344137
1664413
2490473
8689899
8768517
1233443
4486587
341127
2022087
9685657
952451
1039467
187554917
6273697
373211
5625663
6739411
9489063
6983907
8712793
7187017
9835963
8891277
147363
8599947
5394531
3780471
7941081
864333
8138343
4134643
138067733
5286673
7614919
8325667
5745239
856851
