6800787
2715237
2717761
9318739
4627023
5148843
5094381
7828273
2140607
518969
4984769
3854141
193778183
7563353
145381131
9446689
8491511
4000621
6867789
6400433
9163221
8971633
3887757
695797
116927679
997391
3428923
792617
8085717
2394867
1560967
248549
799881
6612137
146467
4373377
138893427
3372931
2247093
5286243
7162381
8689623
613997
5877641
2449663
151292701
9718151
7949461
9851973
8739897
5991927
292749
192189
3923347
1121237
2310559
8809109
6236891
1913681
1592979
5881139
9702963
5305841
3181773
146326077
8443927
5247147
7235611
11032221
7073799
5715199
8708513
3749777
4687109
2102627
5127249
9824479
2954603
8153103
9579293
3240743
112161
1880409
8840223
6294443
8828963
9405291
7382911
7631847
178555823
6312681
8845131
1879963
6481683
9046191
4484457
7188167
173768819
159314753
9419611
3430399
2749603
5404181
7251697
6032231
2517561
142789
9845509
9943589
8412751
5341993
3026813
9288989
848669
2733059
8851351
6271673
8977391
825597
3528429
7479477
8235787
8070849
7474311
8955391
5775773
2026441
5820809
5327563
5699899
9160877
1227053
7698671
9286681
3629393
2229571
2953533
6663041
9557331
7062423
9133643
4429571
3454153
6527751
1133429
5448399
2648331
9614617
7440657
6554121
70482043
3676609
8409659
5412151
2860301
3232627
4547121
8586863
4677617
13847607
4628333
7477701
6594041
3018637
1741423
3008429
2650959
5079283
3608449
851109
7384093
1464659
1505589
3995303
7625421
4534569
8253829
6457909
710589
2271659
2296197
4324557
8026791
206089
1304227
5951613
3679869
3505337
257751
9623401
5672277
4090799
8492021
5174011
463841
4134459
3126463
4028827
176085199
6046603
7724343
2057887
3144303
7445059
9739961
3149133
6596797
762157
6459827
6669419
1571149
6543413
1015043
668069
5498201
7958931
7274863
4659449
5728361
1060381
8455419
107484233
7345639
713299
3828553
3246673
6821173
2213157
2891923
9133411
5035871
9427267
103997793
5134139
5212789
4250491
6338777
9657859
7126849
9526399
6453949
9741701
8093373
9271101
3289803
2692249
2832173
9212243
5080811
41553
9493481
8675909
5788501
198502667
9916543
4172179
3265917
5199357
9482269
1079179
2281037
8661697
7235887
8751313
7684099
6619011
6071159
9188877
5138881
5931043
3545633
5033143
7584527
679337
4608999
5553627
6750697
7404671
6450413
4672659
1767131
7766433
59587
9926023
7793861
641943
7500547
4966787
3880049
6760377
5441627
5198863
125239
8867639
3187249
9136761
2949093
8205729
4677891
9212621
6391253
8243579
549537
3463429
25420897
3740351
1646919
7203149
9574701
748561
6458791
3458609
8600161
5890707
5590533
8703149
1545829
6490101
5813401
6691821
8661423
5726021
8469071
7167971
9917359
144565133
4721753
7241543
8754659
3161299
3859791
3813981
2170893
5313361
5364533
3095171
4949117
6361021
3995299
4653637
2046743
85946203
5384109
9730387
8099303
8052239
6116647
3338567
9382693
66230001
9603277
7065169
8813153
1557019
1000741
6707689
7781519
8180197
7282711
5819179
8804263
8374187
8491817
2634893
1042983
5842631
2841973
7761007
7329281
47659
5246683
1414427
2928131
2219099
2806273
723279
9576281
9017451
6016537
9243521
8779449
6615209
6849251
7202849
2795519
5989383
1206609
389589
4194529
4221527
3354683
586391
6565859
1035467
9947801
8972719
3342367
91679
427489
6688839
6696167
225063
7356779
5867
6766217
9260587
2257151
7541743
5985367
143897
1368159
4860611
5166263
7186721
1438653
4738267
2594569
135107519
4030169
483379
8730321
9761993
3192911
6942861
8440043
40017581
100307
8411383
42021
3032053
6668159
2429357
7481977
2525549
3658029
6506991
5591683
4047089
6890277
2731263
92883
7705119
267089
6659361
8080697
2627083
743613
5531447
462883
1727111
103101483
3368871
3335603
3712293
6421917
1310289
393659
4227449
2832377
8044727
1675143
105236597
638037
2060283
8963639
447979
9421427
3335767
5558071
1582203
9786207
1240037
4422717
9557219
2478741
9193593
9158939
2996733
8369541
9397129
7332519
5805413
9711731
8544079
854809
5136331
2879511
176988657
5066051
8445909
4251563
5444071
153644843
8800549
5781443
8917273
4887551
6391731
6489731
3137289
5385629
36983
1722839
6874817
6461121
655071
4358259
7689301
3659403
4773427
2017147
9343499
19669
9826551
790419
1191291
562417
9843857
4329637
6663547
7256823
9392143
251331
1591501
2565857
3945023
5423023
7848621
5583977
7161839
3315543
5735199
7812783
4733483
9067479
974577
9225929
163360841
9325551
8002553
6201129
9573767
6457811
2483547
7826949
330547
7326783
3338633
4988059
6910639
9678863
450903
5352743
94942933
8317453
8275489
9521149
7530613
5895771
3881049
2736049
7607503
8298367
8284703
375569
1827943
726481
7689881
51381649
4021889
3195311
3332129
1347149
5383061
5244327
2104591
658571
3631591
4619813
9251201
8256509
3469773
156055797
3182691
1715417
3226421
7900041
8987513
194311011
452911
7215193
3554579
2352613
4956967
1269109
9614791
8221261
6469469
6498529
6256141
4510823
1429179
9180347
8913893
3287587
2980449
8156659
1213113
9502667
9316379
383793
9650451
9602951
1137953
3591803
765121
179539949
3171571
1978219
8397073
1464471
9985841
99286831
4911993
1650249
4621579
1421419
7338767
455017
975943
3066813
9629469
6061959
7760717
9847873
114551
1183253
4287393
9586757
5974041
4740991
5965321
2870857
707977
8510121
3577203
104178679
8229763
2342759
1727333
9744333
9767173
5905201
1497497
6874853
8192431
7044667
5573751
5288587
3162469
9566857
9718459
4103799
4754989
9862521
252291
4986039
6920877
1470277
694851
5453207
4491439
6323949
9714611
156697401
1412317
5646949
3841747
9127539
8003699
2068001
6570031
5240219
3276611
3646849
1964121
51599
6885649
1593397
6324403
6683781
1984881
4457363
1329513
8253823
7637071
1352343
9201463
508153
1490327
5165079
8705141
9774393
3870537
8060521
5055137
3175631
5957901
8961117
118965277
176176993
9032989
4870033
9364419
4328847
4974701
9755611
3778309
7127573
2736413
4805587
9772241
4791943
6210719
6392571
1055363
6436173
6616961
9344829
5863377
7559221
3787803
14137249
3161821
9274447
5729457
1698581
189467
4203561
519061
323377
1275349
8252579
290103
1593027
4957901
9864421
6091099
3865047
8399017
4920573
6527643
6332739
5639027
9861867
184293961
4840197
7141689
75839343
27601039
3827941
6595337
2403003
405899
620023
8450431
3602153
4645079
1041521
8779539
4335373
8170883
4359971
6188923
5441029
9471933
8834543
7665589
96107
1937309
6621219
39173
2396507
9085051
7435917
672057
3323369
8899893
122587
2331757
9069137
314647
139854431
9587833
