1860151
95242251
6762089
1016579
2014079
7002299
7559599
8029891
4805843
3813217
1471697
5451303
513751
105694667
3959351
6867793
2103327
5805167
5061849
6700963
6249093
26239331
6683139
1931273
550321
9197059
1433139
3556421
1340237
2213253
3525021
5322743
1504171
1461587
7191563
5710617
8574341
2437543
8049579
9652519
6996233
6822977
7373691
6364207
6371301
165311479
684653
7215509
8187879
5205279
1594091
7380209
2454077
7525451
9417341
6657109
7218679
8964247
4816639
8106561
5565189
6078931
3980753
3741251
4076083
8952167
8040227
5190519
150895997
2614829
8725841
4039653
7034063
6115973
9980443
2989871
1009593
3630317
3510901
7393249
6245063
7863833
6617293
8105377
4210959
1078709
4754823
5913757
655137
9355629
9047559
1965019
2797053
6844869
8407637
7239539
5278743
3473659
4677563
4218731
8491389
8883077
9781941
6809519
5257203
1770371
9107317
6110917
8869767
4350111
3661483
130276861
848271
3125971
4302609
4471097
2515561
5928669
9768713
1498599
7686663
1403469
8078179
7574527
9617287
7829747
4294539
3812473
3531709
5786371
8275577
8982741
8350993
3314921
8560633
3336373
9461731
3779033
7401453
7858153
6286721
3151091
8184159
9572473
9276643
8730743
7589061
4054669
8727493
1469427
1326999
4646421
8611911
897119
2452549
72434359
4153247
6763727
8520133
8154301
2658537
518263
2035081
37516019
8674701
2822577
4386089
5225993
73795781
5441411
2198193
6802071
3172147
38166917
1526133
8565659
8396641
863651
8819961
5418247
712629
3082209
7978937
5949101
4663601
4677977
46524747
9754133
4954857
255849
9442707
4809851
5161601
2418329
8313361
2011233
5513657
9323159
410741
2537043
4175619
47158879
1905771
3308091
9088981
7582301
8842363
8268313
3310689
1953379
1482461
9011459
7432567
8998343
2853493
8151741
1394511
5986213
8639017
457941
5030121
1553401
4011123
6372641
5370541
9310203
1530051
3188837
88257309
2802677
5621139
8485547
4951499
8943957
6286879
4256923
5316221
6696913
4795677
4668419
7127019
495201
9872543
8158217
3409013
5211933
7902233
21336547
1498613
4907857
7637301
6945123
3958701
1296187
2181371
25068741
8957037
98419
6804399
7336371
3038401
7465021
5139521
7063371
7734209
9781897
3608091
6430629
1320777
9305207
2157247
6294623
9722849
8087047
1220627
2113809
4560267
666571
6764573
5427037
1213391
6642449
2198841
3846267
100639
1757117
112323
1390797
1486019
4835721
3513593
8236481
8712729
5224431
5593213
8956487
100378831
8187223
9573627
79966493
5562617
6995539
6275571
3922321
2088237
5737559
4927867
5530839
7376691
7514033
4819641
9145643
8638591
9873861
3819599
2218381
9270929
7075071
8921183
860647
2783331
2969661
1107441
3561379
4834877
3425213
9655481
2010779
8320327
7529059
5105497
5759169
1788559
7610877
9189709
3793951
3644681
67927
6517707
8095471
8082863
6089369
8048931
3461827
9627741
4740477
2193331
7489017
7668477
9601213
1265461
6186883
41708939
3234819
9435281
447281
6278823
4664267
3453957
4180953
9699487
9972529
3736623
2247773
2522491
4843909
7243943
7011959
1289827
5954337
6906497
358901
4308203
166453407
151008523
3201743
9052807
31319
7546561
9277789
3165393
177219
7745171
2744781
6124183
8775149
3100387
7327217
56966779
9397139
5376879
5153739
6843711
4971019
4190693
4656513
5865281
7972013
2849323
5131759
1548023
3380159
8602203
9225951
7114717
3476167
100214899
3044539
4357179
676867
6848027
6904667
7055129
8578521
7563857
1445123
9339331
4833633
5930367
7489321
44376413
724469
3554567
8436327
4306657
9898349
1614257
2612667
707107
189960903
6447389
1446451
1654259
8672851
8071537
4660693
4933859
108607627
9159903
7134257
2814847
5050047
4076477
6825181
1261193
6453391
825003
7381777
2203087
933939
9250461
5191033
9705413
9516463
131293583
9066749
6802003
3652229
7645113
250291
9533289
3812931
6658721
6806111
8163909
2128527
9455791
1796659
7237393
7854383
4844171
7744509
7364073
5693101
7844493
6499273
4607547
70091
161133
6581187
3335437
182179651
3649059
2519117
4268487
3192043
7640027
7375907
1099589
514777
347923
2326131
8295891
5740397
2035243
960649
892863
7175551
577301
7105059
4232447
2432233
7202877
2896009
613329
148870727
9285857
8920479
4102389
81358131
2460461
6080071
142000813
5124119
9484017
5644999
163946757
1746819
577997
8456123
4809231
5853141
4971201
4462997
3144311
9382981
814271
2476987
2201583
7024671
6292159
7512333
1561113
3773269
9539887
58883211
4078251
5490827
8899501
123794967
9769699
8942063
45617
2145019
6128501
3681283
8536801
6484011
2913011
1949071
6016999
180512379
5787041
1081669
5246607
33462299
6365567
6073957
6441621
3500147
6631877
6247079
6635413
869309
4004551
9823103
348271
2306771
7674707
8119523
8233431
7927991
2276801
596383
3834069
4132061
2788471
143946047
1074209
1120853
8558839
8598541
8500321
2213427
5379007
867869
5602783
7308147
2511349
3479081
4467373
3250649
3035611
2735761
4633899
8441997
6740813
6610851
5737283
5811281
188741
3079719
449587
2248537
203791
6205243
8661391
3787409
2482343
7350529
4117813
3323073
3783693
23141497
8569743
7216851
1782329
8690521
29088029
173041
9240499
5397283
3662783
239993
4084473
1596047
186095893
5526953
8486973
1023607
6336499
6701001
4680917
1505611
7483777
9884961
3180269
1814681
2423173
8932309
5155843
6387011
6757561
1715813
6472857
5635091
3368269
3807033
7242837
1202641
5917227
2458419
8995237
473177
9314843
6038823
3470959
6147099
143891229
85189453
3402593
3902259
1820913
6160097
6104423
5401449
764279
1100241
8970653
2044529
5361843
1391981
434517
2506847
3205303
597409
2516627
3336557
7064683
5912381
1498653
4477747
1751687
6840887
2212013
7282867
303467
24114209
7470597
4992369
6894257
784413
156581
7908491
6397781
8743153
1403529
4922529
124094887
204133
6340883
164939017
2721499
9351253
2149823
6706663
7265049
5791317
9393157
2266859
8139819
8458521
9754387
8094469
4178841
2585549
8402609
4059139
1999251
2621727
6937669
1570561
6277727
3401921
2448657
7365951
81927513
9611671
1764257
1441183
1125633
4185607
2028899
2874399
1094293
3090679
2948767
8616483
4917163
24433533
1160749
8127091
4803987
2585711
9216587
182895673
5239861
56933853
2183
3620139
4555941
6367949
792103
5143839
1855477
7247739
8216787
124878717
549091
2597511
5083297
3861553
4465803
715217
7426813
8761131
648153
3842829
4115853
8058381
9389269
7530519
4473411
624203
6737303
3615033
8471257
1039111
6731131
245543
9193227
8701857
9208731
1732849
5767227
165771
9687267
1548429
17293
2873013
8918859
280883
190252919
8796599
4276817
348291
4121411
6448253
325991
6745411
1352567
8789137
143478067
1902831
4302343
7785433
1703081
7486901
2929529
7544611
4753441
1882361
8375467
