4083329
183051247
8366769
8488227
7579623
8319233
3482413
9073923
138944499
2371459
1643097
8636267
7849169
9917707
9521387
1161821
7483783
588843
6190057
2012787
6924393
3623517
2697713
4384197
1078431
7619597
7393477
1883883
8875591
3238551
7375741
9873773
5168621
6821811
9159817
3157693
5939911
7654863
4543177
7370193
3371179
93682911
8731023
8782541
9186203
421697
4492947
6163729
4890709
6610623
1262343
3933401
7472723
3093063
4712221
122068217
7865367
2569433
113560703
4129667
9576027
695273
8839353
7773619
3458649
7389653
4545047
182318559
7089573
6900303
8909617
3299029
1126051
3399433
2102647
9372173
9000283
4867771
8680671
37979823
1852997
5701137
5628257
257563
7812871
4649497
6724739
6308737
134161231
193911
2922021
5125323
7283571
2272287
1554591
4781709
5988683
7807723
30123
3745643
6335099
769757
5153761
6183431
489503
5996397
4050921
2822373
1570453
1687987
3706113
1686999
815583
7002647
9508453
1754843
5270737
3010103
6952227
9170599
4471727
6739733
6625513
9390301
9486123
327327
6095123
7982999
7168183
2191959
637093
8092481
7848497
5999719
3797773
3996517
1578679
4608049
7669987
6690669
2123269
853949
6451103
2518981
2513671
4547833
3926003
6833207
4568131
4602593
2804177
6511861
2219709
1644371
6057473
2128657
4716079
2612411
6367749
4581209
3491557
8551997
4384901
5543603
2004579
9245813
3537837
8897269
4561397
371397
2226993
7041359
2468347
2247441
6807769
3121671
8108299
779741
7497421
5822569
8384447
5640643
2215333
9476253
2695599
7913153
9253229
3262213
6382949
7199057
2292287
3822121
764183
8167731
8249253
6875487
8079223
9806103
7129433
2809833
7114067
4139953
5334917
25294943
2823867
4900927
6179057
1351587
9422703
67923689
1049871
1814179
8097921
267951
8141479
7730659
5426739
7544423
2928479
4011871
8722819
7076723
6177911
4431973
2710929
7460539
3021941
263349
5984861
7744597
8621463
471833
6151777
1819911
342563
1185979
4164643
1319633
1818459
8083731
6663011
5039811
1937449
7404693
8380097
9720543
2726927
3516759
1577703
7928953
8940569
4577939
5225601
9937071
3106533
2896733
13315019
8268697
4257331
2098997
2392023
137042249
7518089
4199177
2059631
274247
4120311
5013581
7370793
1447901
296589
1015033
473667
8336187
177405609
7813243
1005321
3949427
4585197
5879849
420877
8408841
9325143
8657873
7606821
338961
1855851
4181443
9146379
6989163
7996547
7967651
1479311
1330013
8725431
2354997
1132049
9505633
9716747
7071021
104987
3503853
8480027
3268319
5377151
5832193
8254857
4802251
8269751
8762803
878351
6654957
1056229
8015751
745867
2836247
1827889
8446331
301179
6488463
2039343
5032751
8218601
9844979
7333689
2913769
1013037
3600597
609119
93747
9491053
8908611
3834067
3407013
3293159
66566971
9740011
6761911
6455063
850383
5927811
562109
2118867
167590749
1525293
2252109
3872991
7992153
8997623
4828121
5657529
669331
4694991
1513721
7895087
156698391
4341103
9902247
7595923
4568107
6166959
5079031
373673
89891
886967
89483007
1089953
9598149
9497439
68022511
4622153
9079467
8818627
9423623
9536981
6407653
311833
198462119
6772329
4648037
4905277
86403943
668293
5213759
1110819
4630337
7778899
2504613
8393043
120377483
5360193
2951201
3260319
102120739
1482597
7876839
7436993
448617
8119617
95457999
2647387
1437437
6121889
4512491
9658013
4647453
4509457
464309
9286571
4333443
6921659
5584269
1172069
8969259
2084157
7348387
4043307
617303
7979213
5092339
7737373
5986387
1950353
6181327
3318491
1614517
1782789
1670287
1388777
7226859
7211693
821281
6481897
2692181
8198599
5592621
1413687
8927199
6022891
3003681
6813183
5705157
7333399
9501487
151932929
7562547
8645443
9127589
1775519
6960677
2825009
1515953
5723661
8940633
1984891
3484179
1289091
4682651
6037627
6420109
1625741
4754239
1039481
8392409
926741
7498789
1944649
4375907
7683917
3589531
1387851
3945007
1541941
6623057
6574399
4938513
9936851
8056489
5779991
4086493
1930299
8141463
5519507
4116479
709537
7548111
4854339
2894289
191248401
2806867
2652679
611013
199123521
8492609
6288193
4524559
7769637
5892601
8203497
3633159
1778331
9057213
6850217
4013637
4055303
835601
5943479
7242759
4968157
2690401
2261437
8948039
5522871
6614949
1246543
8189927
93881
3049647
6085637
3668819
286249
356049
8255299
6362531
5502883
3676029
1899873
6961693
4314839
1345419
8437301
8211059
4348337
5028951
788407
9858101
8639801
8536301
4006361
8465813
4760233
2332829
9240771
3129791
3910251
9140979
9602399
34520053
6146311
147729183
3386417
7919667
6404281
4224111
8724277
8389801
9565263
6452001
9677169
9420147
7881097
808761
7724759
7005661
7052511
1436467
2259581
1003721
1002243
9357991
118743009
2764697
7121151
5531371
1273073
6717623
2340487
4367011
872963
473801
6022351
4037773
9609789
4773737
1508693
3348483
793533
3903337
2027259
5712669
1410741
1089489
7581323
9033313
6480359
2393311
2580681
4462759
1563731
9262707
5221793
79497
6809703
3295873
3907951
6191331
4098911
8667127
4310261
2204459
2648087
9931567
4123157
465097
2892763
8189513
3593751
4914253
5212021
3426883
3162199
1891231
5871697
3443511
7735023
456527
1955371
4770291
1679409
9791147
6328151
4285453
5719373
9688653
9030669
5614607
4357963
4944867
4116733
9619609
3001653
7547539
670001
2089171
8822697
429551
9458751
8769581
4230967
1674337
6948831
4674393
7010603
7352279
1279719
36387637
6958553
5568301
1746063
8101471
5435839
5324131
1596099
2319113
2736891
4584953
9467667
2372783
7490723
5409651
7453939
1590337
8332707
8535919
1430347
1810739
4464109
4526033
8332289
8971077
3718471
5059609
8406053
2181691
4633031
8272719
8139757
8585977
3190663
8000517
4420049
7246373
9590481
1250177
5712789
5372357
5143569
7023739
3875931
2871381
6743523
410851
3119293
1271763
5049083
4391529
4287339
8767193
957089
8725513
3186417
7354063
180651299
5707213
1467959
3218549
4372643
1567477
5035899
4098749
2459871
4576611
4881309
5971341
9369223
5442113
4659541
9798111
3257033
5627979
2972869
1219823
2936531
20269291
8010653
9215083
1070113
4539569
3901459
2975247
3489989
7458399
8262349
6524199
3478037
1474259
255689
8187521
5179993
8038279
911623
1280299
871413
4741033
4694031
1661289
7979911
92869419
147664113
7286669
3701667
9066271
2916069
9968061
6433353
7226217
1063837
9108057
787377
2880853
2177241
6062061
7792617
8377909
597401
2705161
3581647
380913
637063
1837761
996369
3356319
4128573
9824247
5406083
1266441
172159239
251581
1784441
1852871
820621
6822361
4095409
2158233
157357501
3030343
7298807
2618659
7244273
6092777
5782011
8186687
6756029
1746449
2832187
4097297
9184773
9426859
5403827
9009263
4181847
12833
3737233
5344071
3161481
4079453
4363263
2594829
708517
5622999
7834533
3319417
9346879
4089489
773083
3456519
6663463
8931051
93251
9495111
846657
8593789
8072261
1550187
94126077
2778323
