7088893
4695739
8629549
5185591
6440793
4750157
6210573
1991679
5647293
6756173
2554929
5503229
3382157
2570423
1249471
3399663
40949
3112681
8293679
9187871
659407
135690139
5470161
4829619
5308689
5486993
3734313
5044841
605811
1165169
30187611
6712639
109860531
7591393
5282101
5123807
6922443
1648447
6476321
1481573
4943451
9776139
1865241
307043
5356271
3071063
8044283
8004543
3335431
2227211
7247773
3872037
68979
9398587
8887329
8334481
5168053
9331607
4426423
2588873
8820359
1625653
1717643
2916077
6612201
4665757
4296163
1769607
701513
4344027
6951481
6204669
142437029
101826111
3180893
6587607
6964791
6875551
2702801
5584309
7959881
5380881
5271959
6877441
4609779
2641143
9086147
8661571
7423133
1429159
5968519
113429
8554349
6466707
7800271
2330611
9538497
8331533
2103687
169703927
155747
2264879
7481383
7058819
35712161
6684611
8925919
3764987
9741591
4723681
1771791
93456123
6088393
528451
7149693
15948109
5743717
8720759
9646173
1146737
1373217
23785349
2743563
9231201
6387941
7403221
184913
2467847
120201
1732159
4868079
7478171
8886833
324779
4379573
1873379
9519847
8564719
7822763
174363919
4476789
4572743
3690863
7268519
3798627
5536691
6727477
2381083
1786139
4804827
8944181
4044167
3965623
8052633
335181
1723233
9953031
4216597
8433311
2371497
1219327
8056749
83277
177827539
913587
2819611
4671241
6067637
8005369
2470419
8818777
7686899
5465607
5448563
1371811
4216457
8989299
9319331
6380817
8007873
6381131
918763
7292421
5206447
7494739
93876213
526251
4525783
9753799
1785809
1255341
7394607
4414549
5497371
2505973
9692091
7204219
94699011
2855853
7396271
6232241
7441483
6977881
1764301
7245061
3159483
3043263
344587
7792269
7963169
27289433
48236113
1623331
7979921
8531053
387169
7303847
9928929
7617999
5305091
101519
9545731
9771669
5292883
220239
9489863
5639029
7635067
1772257
6205843
3102277
7125451
6689433
8798251
9565491
382471
470047
992493
7670753
153292897
3863409
497511
7979229
3446257
5308957
224343
4852163
308141
5774109
5706567
6089373
2778741
6906473
7355287
1499817
9373891
8736999
4611599
9984681
7072897
7635381
6015943
5009841
8469417
4666311
1233121
8317939
2990561
615933
6157307
1719267
2253461
7250897
5524597
8720933
6993817
1019379
5389293
6437797
6400861
19225783
4917177
1546407
1588567
6728259
9724067
167190013
1995461
3877123
8465093
3612579
197428793
4045683
45636769
7395857
8360697
6814443
3074499
9222503
8969511
55338179
7592319
5700529
6662991
1133183
5465177
9482119
6910979
4445417
1392173
1518821
8475121
190868971
8453789
6189171
7897047
1110497
6536187
577041
2851411
1908963
7855863
2637051
4058793
7015053
3180449
9708337
7887767
1133507
1074739
9978509
2046513
7845273
10946061
3737091
2382067
5390027
26762219
4359409
3002259
4213901
5035373
9961061
3875029
9634779
7632899
9158993
9629961
5509573
2709091
2322107
152825117
718511
4353799
2177687
6941719
7418251
8316247
388293
8078169
700779
3899881
3727131
833691
983293
1271987
135800479
2130909
8431483
5819461
8131423
2656533
171406689
8741033
1896079
6497377
8848643
163360533
4541497
4147357
6098573
3630833
9812101
9190441
9490523
4925561
2859633
4257707
9029747
3769909
8185641
9699631
7457247
5811309
1654633
7383913
12785937
9154129
1486987
7895533
7402219
5650299
5221197
4102309
187180917
3904763
6951231
5085557
6004059
8220783
71967
9402849
2855627
852881
9500457
4747561
8703119
7698023
7946953
84075489
8688481
2017807
138194037
9546791
7379017
247761
1458297
6172021
158737333
6953649
525653
9295579
1102467
5734089
550951
2824699
2239663
5587191
6210267
7887917
7651707
1245381
4332291
3969619
3850011
8929073
9522019
3418683
140194391
9177621
9016829
159549
9219079
3600989
3232853
3286301
3810301
88066609
4744383
2178387
9347709
2769721
2367751
533319
2798451
6911841
15488643
4301917
5418957
2171203
5229271
5425559
9220623
4519313
762321
1881983
4788503
8665441
5683937
5940293
37651
4265963
4186487
4467203
8777553
2754501
3323831
5074397
8376939
7653787
1421779
4661371
3783989
4800397
5258527
5888993
157117
3177817
7417541
5050853
102682919
9740583
6000287
4642011
3844817
4914767
2081503
4928189
2625853
2237369
8994827
75357347
8525827
5861191
8778143
5745507
5525951
7549783
4121307
2149147
150497363
6988387
62282629
3531377
7778409
6852779
7193017
8001433
7821917
1243243
6053619
5877527
6465361
9629479
1312427
8142369
7949377
1649391
2890631
1453733
9285289
9145923
1479913
242359
5836721
4447229
68816259
5862263
5503493
9143353
4608239
9183749
6303133
1514293
9552329
8587471
224507
5149461
1431019
7522243
7631327
8384643
2379401
968839
5326873
5892339
94171337
2250319
5319107
6683497
3586663
3414589
9353157
8073061
2055799
5352331
3468501
5189993
3183891
3161249
9313371
9034999
2906279
99201721
3944933
6682253
1531047
6683159
7962837
8324769
3641823
5083147
5546727
3314629
3806477
5984537
9734713
4658769
600373
7108659
5030219
9491047
9071807
8059489
2339199
7272929
6086297
161951193
2371959
3175411
5435571
3472627
2640099
3657943
1684653
48409799
3184103
4108159
4204043
2790813
3948953
2720253
2978877
8605579
4541263
1099147
1355371
7054751
6688583
7109109
4290621
3188639
8525811
4030173
5908431
8296181
3931211
3448863
8515613
5946073
4949897
2484983
7196111
3536523
7648551
8200309
1483453
4272333
7208461
2573281
4654337
8320963
7859797
7888441
8097621
3626617
5644291
76067379
1129409
282517
2065521
6282903
1096649
1713637
9778973
4687433
9799329
2256381
383831
62961801
4318727
7995793
1677321
7224499
6599177
6901719
130206061
4031837
2834241
9222557
9613667
6921007
7047951
1994641
6334607
8631101
2402381
1821163
5867861
7250921
1513737
8263157
739853
468441
9727053
58571939
59943
9480469
5630181
756473
1681697
7718523
5989383
7292783
1022821
210727
453237
3310893
1808637
8367943
8492887
194090677
7251381
4624839
2211351
7758351
2487499
9979753
1124597
4663849
6362131
9624631
7565097
6088983
278523
5868739
9218203
550379
7153393
9443273
8875023
6265569
7776633
2572003
5824297
579747
5537891
5986627
121734183
9758441
3269217
2075359
702287
9542319
5525401
1715929
104630213
126073
7351451
4034013
5833799
4429813
5909159
2688609
71270609
2554533
7084577
444997
7509617
4114821
3474743
8732803
8245507
731871
14366541
2097721
5106509
193925549
5540151
9440181
4839737
2076349
5069557
6441191
9539483
2366611
9183191
812151
7005671
5965657
7252961
6229667
1175179
728077
2709329
2950997
8266989
8743459
1409557
7399361
1132073
4052009
6825511
5293201
604757
2056157
488239
5755507
3939257
696539
53559
7816427
3807299
8193697
123495707
864509
979209
84651
6947667
6038863
3861713
6887359
4168097
3137833
4723773
9821853
9406737
1190697
1531973
1299029
5853877
6177907
3777661
8167953
7743213
2590113
5906787
5042827
6170249
20735677
6966971
5404981
2838493
