1948097
993519
6781077
4104041
137307
612141
5913853
5459583
2637557
581877
9385797
3374647
1236979
4859627
2441237
4198377
7885867
4042093
6367983
8844991
3207713
9015559
1575133
9556793
6866929
2945941
5817167
1852911
5020707
2842657
9871721
4833163
718867
4235179
8377877
9402703
5716827
105168449
7793321
889347
2640263
7552797
4299077
4238839
3927487
8347141
1569947
3144563
8476529
5372051
724831
154055483
9721851
3198279
484669
3670011
142877067
1691879
5265463
779927
3546143
7979459
115993
222597
5096887
6407243
7193831
516379
3470273
4297593
5787741
4141223
9244841
5777703
8306569
8025487
8387683
8903129
2539247
99462649
1192227
1174679
4220677
5541849
610263
5290777
5246371
7457851
2528387
914083
4144931
1370979
5529183
3448211
8087103
3772131
7972763
8324593
969307
1752737
7810313
3474603
5572333
8221479
1200651
4259687
7722419
327623
8018669
8292287
635959
5516279
8238657
9358899
7508263
895411
8135689
64028227
6580589
123771
5495737
3626511
8897493
4860573
3858193
6998541
3110283
5751561
8341933
9888997
1179007
9697141
8465843
2566111
4910947
4511937
111339
2265499
9953531
1925197
6632769
1694383
2612651
960837
7018471
9141887
1187421
3576033
80675543
898549
7581831
1801407
5549509
7616697
44222213
3174071
4793559
8236477
9985299
3135189
1743069
9561349
6865499
4160833
1005769
2676321
7951787
6232281
2247819
5019293
4520033
6011829
2904899
1162143
31154903
3374643
3408131
8972571
3995593
6269661
5111459
2398983
7248999
9304357
4812577
4639467
7469471
6186801
7416777
9451659
1121089
3731959
3761283
180789
3930837
73947
5852467
9426463
7969181
1355821
3835033
720733
2319331
3812511
2110023
8841851
3005269
8517357
3418337
5070791
6526943
7056473
8245303
6880383
6837433
1753629
5295523
5979047
6044537
2890737
4189329
6483549
9833191
1469083
8307969
1601143
5164139
193161
743817
2303951
3866633
6109487
2370519
2138301
7260777
4331249
142182029
7419891
6805467
4008939
8750677
909603
4754159
438871
7092613
6088993
9949253
5413431
5809811
3105911
1984151
7400553
5241013
973541
37813997
8010809
1581013
8406543
5210273
5117569
6690589
8196427
1759493
412107
3393267
7380661
4050833
1288667
2673019
7094379
5752177
754711
3126167
1014673
9952697
6742199
2937947
427699
7898651
7392899
7533107
6272989
114232893
5218947
4712389
1978237
7935511
61989
5135061
8602357
7272277
5352599
4717859
2061771
9217583
9391193
4864627
6352047
4958031
86477973
8660057
8092073
4390479
8603563
1675391
4872667
4670493
2191299
9014079
6098477
5709733
264471
6783397
5424679
3385283
1164299
5197719
6386371
2729743
5344901
6671191
1354653
41720357
2964421
1570069
5398781
8322463
6622133
7371127
4759501
1053101
3072369
7291177
2270783
1173799
7615161
6106363
598851
6191493
189927
9046833
9361057
3273971
2874331
2058239
5244731
8978991
7789341
7672113
6986433
4322153
2303693
5495093
7100331
2676321
4457497
33513
1708093
9519299
9002587
9542761
1711517
9828797
7718071
132209
8666017
9933523
1707601
9888039
564941
5904119
6949537
8008341
6101439
4251083
6603509
7699021
488579
997083
111373789
1241733
3701691
7250253
8335493
6165029
4255377
2345399
4079081
5967247
8824083
988461
3959099
7334249
9977343
3526547
9046347
8922677
1019947
7719099
7698367
7221959
691213
646593
46974973
6999133
9666779
66864549
937733
2006091
19582183
5330359
6803477
8993997
5954993
5731701
686573
9211127
2086853
8898229
7543959
3283059
5283523
7862311
263723
5328703
7640427
7485479
850207
9794707
3331373
4300753
1605963
5293841
8499463
8581653
8470483
136764143
4561891
4383913
4245593
4169021
4762611
3662561
7163611
481907
8228007
4129449
9274729
6094249
8119529
6198093
7328029
2773173
1157293
2772551
2833189
800443
1801493
487299
2856333
4090461
7938311
8545827
2095527
1961947
934579
127731
5449159
2408729
9949633
9129039
37936123
7632143
778041
1873827
6931203
712787
786247
7382561
4250033
8326671
3767297
7018207
6846731
620329
50675887
1771729
76857267
1862839
3560791
327847
101430417
1874063
9887747
8219509
1586793
8065509
7478263
4295683
8072699
1368393
1699207
7443133
29915389
3865123
6037141
5566853
1465239
8722017
4721587
3455169
3634259
8915519
1514661
6906961
2391719
151415221
2632433
3563027
7349017
1427317
63344929
7022877
4761071
8065449
8657997
3752829
3739089
6780491
6265533
4025777
3973029
7834901
2195999
8446281
1284503
726623
9948517
2742737
856571
1253633
6355627
144523
45046101
4318031
7512021
2869423
3546189
5456103
8129247
601021
7793201
193880161
9593031
7573179
7577053
987457
8033949
1019521
8613267
6285721
5204429
5833799
8508947
3975539
8983539
1264347
1763059
6751339
4153361
5512409
3772047
3294703
5741491
6131307
737157
1525601
2499593
7572531
9303687
5463079
4529353
1926497
2010119
5078303
7951
6899029
7318759
8603421
9860003
8102109
794429
4414207
120235869
1992011
6214403
262069
4394773
4961223
738151
7008829
131244059
1253431
9375427
3657847
7845767
3555499
756437
1387863
4097697
6525169
9110217
4931471
9078547
9008927
149447533
2040907
2498099
1674511
4997051
9096689
9018751
6954167
3552183
2251263
177321
8317569
8745503
4252781
503357
8383899
946451
2506261
190933593
3443353
7481909
3565449
5412681
3775143
7330327
63873237
8195709
69625173
2975597
9906961
6981243
769277
9741109
9091271
7957543
5359847
5112047
5902887
716703
1664789
95538399
3774889
6862753
6931991
269111
3011969
5525159
170749
3864823
19401
2665931
9798143
3912879
8027319
7227049
3335077
4786917
4114321
2344719
1319619
8183681
2912617
9338579
5307221
8960547
898693
6981601
4257637
4643421
4552507
8077649
9248577
7669573
3724433
114693437
2886349
2663113
8269559
8263723
6796303
3675697
2532983
2557873
8555309
7198607
4920789
4830661
129195469
1173159
7338593
2837203
7996823
2171587
3886787
4213109
540257
9558783
7883243
111211
6451877
1816079
1478911
1186837
9645431
6834721
2856737
61756701
5042453
3018203
2012367
5745429
7881487
796699
8949197
2296863
3957209
3811201
3339569
6461407
147349
337897
2545487
7974439
4244667
3535429
8896179
4602043
606229
2896163
6784989
118780559
763207
8220453
7222291
7432789
1762903
3980453
2793099
8090447
1251569
5226187
9035107
1193363
1564067
294811
146685039
7305121
8370189
1365219
4639433
4637299
5872091
841157
8290457
1537201
1993167
6545993
7197017
5810389
2884619
6824891
6132307
6768319
8017453
4252353
954781
8031173
9855123
9101033
388157
9883557
7051229
7351839
3217693
8619333
5656429
7563311
1058243
6668371
327627
6409127
2747349
3154621
1624809
7687397
9991593
9539173
