7548949
7741227
497781
109945469
6491379
1669923
8336131
5629317
4321553
7030477
2009027
8487093
9317047
6431323
23917
6885763
7661613
4984859
2476243
1095051
3666279
5687297
9801557
2583199
506491
8427673
9430529
7908549
9972629
7809179
186523317
8317371
7630627
496363
602587
6497873
7488189
9002167
3723293
65779501
9103713
4742423
5267901
7599409
4311509
4565089
7004693
9502781
2501669
745337
5379157
9227161
9469183
751983
1542169
2024031
5909559
5626259
2376547
5634597
6258023
4048711
951383
2452321
1288721
1898153
8312739
1683139
5469781
4657651
5365077
8532227
1626579
917641
4396427
3482861
1604409
146911
2031429
7655407
4352841
1269581
3544639
11044979
6434221
4175577
6328111
8771939
8264109
6391933
6720629
4627619
4253883
2408813
3402161
31928577
9483217
8153249
770243
5998899
8443243
63647161
4024983
6626399
1244663
1268441
3865377
2279001
6211977
3969581
6426231
173600221
1904789
8711161
9223967
105507
4272837
8703563
7387771
8485873
335199
2414193
8819463
5982523
7545471
9313993
1399967
7438987
187093261
9098379
1199429
2411133
6551903
3768259
110598467
1514259
1243979
7212593
9469643
9515937
8210239
8761281
7490389
7020807
7735181
7553239
8681259
2551557
9263057
7376441
5957917
6808283
5274453
9196299
7829779
3592819
6757299
2859631
540879
6767119
8102617
7414309
6797003
822927
1499543
4966301
3650141
1046129
7907929
6009731
3109889
9312617
5533743
3059287
9704673
11631683
1849573
5073861
1901981
4028503
9392243
2758177
6464129
9227403
2073951
133278897
5171933
5646293
567143
2951909
9763607
7392013
1754607
2400787
2544769
7583687
1971073
4472399
2190843
5900493
7532329
7847349
3637923
4875427
3309437
7754579
2485011
5160723
2513997
1759997
7239299
8036451
3735683
324659
3051627
5802213
805473
1673863
3738399
2137799
4396927
3328273
6440347
4392151
7330303
2032803
2811253
5659603
428789
4244089
6030091
1601189
4128117
1494787
2812161
2328957
6981013
5362519
6632813
3755977
7384563
9028959
7447731
5468283
3276697
5460909
9962537
9614189
8985257
5532827
6748451
2270143
3548597
4864287
1291897
9328219
3503507
8826967
2572797
8801003
7765567
8219959
8914767
9632809
2799199
144005163
1856969
9321519
7834351
5932461
5154899
182167
702373
1575569
3809179
50932121
9301707
5123751
2357049
8824583
3294193
6854917
2724257
7692337
7787037
9215463
7033859
7919003
4674197
3977953
8778797
9761113
7845423
1180703
3293447
9568863
1929193
259499
9711909
5675367
9879437
1803241
3785337
4669251
9898613
3005263
4561219
6107717
4737353
4810589
7454511
7512613
4907493
6539649
371933
3158021
7236553
7934119
7972013
3441461
5111331
5460769
4160951
3416429
6607409
3276039
7161453
8089493
3199983
5514731
6672079
200019
6157747
5444347
196864699
8737599
178531481
2080811
5066441
9855083
7981503
7739233
9217909
6737153
6512977
1429983
5453127
5856217
7556891
8441277
3599647
7638963
7692027
9014037
1879153
9871427
2751887
7375839
3506337
7972693
5634811
8728247
6068897
620309
8408269
1832961
1308791
6552399
6493001
5797407
3140119
286129
4654883
6506951
6440659
95463459
6420653
9380893
1943893
4680843
3073471
5649843
27867
7051143
5076701
7298411
6800673
3311657
5991579
6599339
544127
5956143
122687
9255833
3623047
8660317
8038289
7029389
7778271
8349203
4758341
3140953
695727
3319563
6253187
9599341
5651811
9287213
3536869
1999739
562001
5895467
6189711
8909949
8544257
1730489
429697
7702123
8122681
1852051
2955811
6763021
9442791
6099631
4494367
7681029
3625607
4399397
5888443
717251
6045151
237579
2539043
2294387
9183901
8266991
1898999
4669431
8730973
7588539
8516437
2535471
9339179
3298783
8181147
447749
7774517
1193653
2392243
1511333
7884467
1771363
5390733
4880939
3590549
8634389
4235519
6553807
7483479
4273549
8070941
1807219
9357871
9730199
6370341
2058769
6370631
4576197
122361
703687
9739371
9995271
9517429
2206529
1374297
4243037
7628803
59584269
2051939
1116689
3737157
6982039
1844323
1391001
1703827
3307959
5709143
152615839
8762431
161841701
8904931
68799
8818157
6963589
9916489
1926153
9700339
5161457
8920407
8339609
3337863
63010943
5264067
6612233
2948287
9807487
9818239
301037
2552977
5057817
101521
8408031
5999207
4308961
8942917
3951741
31990633
4927979
5037487
9865609
4808489
188083971
7745413
8652929
322793
500571
8242121
3690033
6791387
5016657
1933077
9218953
688633
2626359
818451
9521529
6596393
765159
5456851
1307279
3737533
6222807
6113789
3360203
6824947
6246577
2520197
1120469
5670319
1814249
782307
809387
4756441
2506611
1698197
9414449
8943077
901661
9187741
7695721
5797017
9469239
5194443
1305921
2987167
8591487
4791681
192959
9024877
9530503
8601381
1781637
3181789
5944569
9994677
108009
2836909
7503653
7405667
1589391
6120557
937617
2226133
5673651
5191831
9097937
5311603
9229377
7474823
6254299
2040333
8631869
8718201
1712751
121712003
7129701
698263
2000781
4710113
3713351
3021009
6008163
114082559
2357929
81557603
3561973
160201
9214527
6959789
5281541
3724763
3800603
8061397
9562863
7010487
559203
2949489
141472631
8104451
2253411
7795049
9288721
128181
8059277
2315711
7713207
5288711
5080611
3936423
5716871
2208487
4756167
8813401
7774137
8894623
131153993
226001
3382641
9379009
111994281
5732507
5848963
8202161
9466649
7099797
8289601
5876847
8991971
831059
8606399
2345429
6072111
9436271
8884941
932991
4225133
5194829
466953
4404557
3791243
5140319
6077471
9207891
7159337
2648609
8723127
1735517
5184099
1020411
1142903
7180071
8284451
1275451
8482749
5295311
139881
2990271
388671
8291233
100994773
1440359
7452283
7771443
4593791
548547
9383921
2104799
1894439
3695579
5834141
39850691
8664661
77351649
3206129
8848653
2445721
15673
3617419
5572599
7301089
4862149
3609651
970579
128507
5439069
9845771
5320931
6031397
7864007
8144649
2808829
2460197
3104201
3204739
9512131
4985723
44327
6620401
9728761
4430921
5377757
8700153
2430821
6786151
9830383
7382761
9808963
88671
5100471
9116863
130740501
9021917
3658073
8550833
3764783
127314219
7667681
9144983
5207819
29210123
7826973
4679773
1386039
877781
7155297
332969
9130487
9487581
6319973
1344329
7316503
8996817
2321583
322601
35533
3562679
7496713
196314699
1570481
687503
2748841
7707097
6900393
6101567
1240397
324903
1792311
5141333
376123
1935209
3478171
6172823
9533309
1424703
7407273
3818873
7136431
770681
6992061
8241639
1447317
8446657
6424361
4917153
7492349
9621543
4796051
4455411
1028391
5116427
2448949
5006021
6434737
5597663
4563469
9045953
6794897
3467507
1210467
5478519
9550607
7389043
8966287
4086999
8455411
5493033
3447411
800693
2623239
6000139
1664727
3429203
