745559
1205219
4691289
632507
9383809
6449129
6276537
9164557
3410077
1223573
3216701
395119
96188319
3522173
7898889
8294361
1775303
8287543
393443
5640277
2458293
537491
5065649
1602283
3959407
7783881
664373
584289
4246921
4412831
5794231
410717
1477489
2091089
3124111
1002269
9573577
1725289
2881549
9315013
9791401
8416839
7837443
2703869
609273
1711399
4689847
5454743
3892629
8487177
8575197
8290969
8787391
7084387
5826461
3944501
6387797
9765081
7042851
5112723
9888107
4985281
2090063
3987763
2796193
3993261
3056161
6425813
8041359
8028539
1281603
5231757
31329229
8024611
9301363
6444307
4917821
2460779
98385149
6480707
5710291
7385501
7890093
3938841
1817159
7989859
6507953
6074117
6786961
794639
9988811
9956443
2772483
4268093
176365523
1041209
2690777
2687157
9255659
3976393
7303607
3246643
7332379
63637979
1996519
4862919
3544897
9810937
9981621
2325659
4132023
7296511
8633667
9813271
5041291
4590559
2136581
387751
4819219
352367
3788661
5655383
6026453
4502703
2692111
7981467
7065503
6614399
9973869
4118517
959029
5302571
3899769
4353999
4253791
485221
9536063
5420511
1398817
5574033
5225899
7654571
4475451
3082791
5252489
8957831
1658131
3734151
9918153
9793081
4574997
2065659
8436499
8489963
8928011
1893123
1627723
2968881
3909511
200309
804039
7148733
158373853
6213419
9222119
4934403
9002743
7456127
8962497
1499311
9992987
4835051
9444803
6164367
2698409
9929599
5150263
8742327
3048609
183289879
8142343
1541923
3015169
7469823
4829627
8467901
247353
1088929
9075823
1918447
6523821
7032151
2192033
3044747
356927
2035721
57655161
7028669
3999217
2395161
4378673
6076221
4471823
38252043
331569
777759
790923
424503
7937423
7943131
4493139
2329589
846677
4854779
6377521
3279429
7560707
4487277
182063
1571669
2528257
153095911
7988351
3814933
2367431
82689
2714687
6886323
8064783
7592541
4166911
2253549
3016901
9979931
9464457
7359497
7076217
861723
5899461
7138173
6733361
5598209
6983811
2469961
3656617
4667911
2258471
7262737
3099879
9335103
8192413
6032733
4133827
4783283
395419
634453
1179361
4514009
7021197
84227
3711429
5606383
2005257
4131311
139401
4065487
1156921
5904423
459267
8877683
1289463
9176597
4225951
6582957
9033739
7529979
967149
4557289
3000447
382209
7360359
2512257
8859473
7167773
2385913
1286997
9628383
5792187
9661981
2275523
4076957
4357527
3133377
1635101
9819649
5551291
2860261
4851871
2036639
5011481
812653
7569703
7788809
5319793
4349381
4472423
5553351
8208001
2963693
5449671
853863
2082323
8209061
64674323
5055181
7402131
7999237
9197221
8697647
8292267
20335849
8983277
5570377
5345109
2861809
3398407
5408111
6932087
2934217
7743983
352361
2247091
8058207
1888661
2674183
8909913
75367949
7908127
2875043
185793
5195007
6260869
56043383
3705529
2052561
6157653
8322167
2756323
993267
753051
8615561
268759
4637117
4078341
8307263
2912811
43174129
6962377
5940629
3833539
7637001
5490459
3054733
9966891
6448861
4316639
3598107
6325573
7265979
3970693
5033147
4083829
9794643
6577861
8906407
7043109
2536799
9543003
52020163
550141
7705973
2654169
7850457
4696657
5009709
1815167
4378641
9817503
8513459
4611803
1408091
4872761
611349
621621
7777173
9828697
3850311
2141763
3878541
1789479
522537
9853883
9553421
3712691
1480261
3229809
2611957
8200677
8508323
7315261
8488723
9801071
7587649
7909537
1902691
9725947
5575393
9667763
4606003
2358479
6771341
6514631
155800543
3968709
6388883
1538783
937883
112580847
6720711
1573393
9854783
60036817
151100981
9401407
7327783
2036059
98866503
6885913
2727151
6592979
7441329
2321097
2154461
5711863
6478893
8395807
8698447
9361703
174168661
3743827
5104747
308461
79059
8792293
3510073
7562913
3452049
1254093
7023369
4894819
582777
8420599
7846333
8615357
1776973
1562547
1232737
1304461
8744743
8623649
5038289
2338959
9525293
7930259
748931
5759763
2189113
3661569
3721237
5636237
6951977
442493
824203
47953
86717
2096987
3749159
9404351
9685061
8338227
6417333
9820401
8281431
3411209
983229
6737001
7135243
9318173
447911
4179551
140988377
2132003
294221
1905311
7176461
9654431
7578491
1402773
2410399
8894691
1265219
9713417
471697
8806607
144361897
8064987
7475163
2892921
1885307
9707967
6469091
1567167
7082861
1834553
4362763
8248329
8765667
74879
2986223
6640361
8031299
1996659
7465291
4485133
1725153
4112509
6225203
5119957
8675473
218227
8948251
2418949
5174883
9844513
7519727
8801993
2181293
2138717
7664199
6015827
2757791
3773811
6343537
1235581
3858111
947083
3819351
9373549
3058389
2891471
6410503
9770941
9352619
823753
4978713
88430287
2958419
770127
7968411
189864131
5669027
7146117
3303129
2139493
3459103
5860333
3212783
6579769
5529989
27158259
9377293
3655159
3158543
7281609
3076241
7643249
8691703
7275701
1729177
869233
5760483
5880861
2769687
7785663
3996399
6474501
6177173
192166397
8825133
5616679
929131
2579827
3148889
4851799
1205509
4985177
5711011
9772249
8314303
8949387
1769371
700951
8549823
2061499
8353773
8368973
7746491
9754771
9111449
7949981
2294333
7038499
7912617
8268259
9225747
8820527
7461831
8412713
1263593
9703029
6077133
8050959
4559643
1893641
7906159
3065653
804239
8898079
4626161
3017397
3173627
1807277
4633393
8169167
82611
6824829
1662823
6622311
4225509
3421213
6376171
4167897
4051129
1216381
8884609
7218977
749597
3235899
143278603
9932417
4621573
9301407
2137161
238699
8214327
9780043
9740447
4191641
958981
3971261
6759197
6797977
4941533
6643343
4312341
7310979
6253543
3706887
2371103
4707523
3986539
7329711
7744721
1759829
2507609
2365239
6918577
2748943
7174159
5469073
3162967
910931
3140153
3116273
7596769
7647799
5165047
9063557
2212617
9382883
5284549
8664167
5061867
430663
62905861
210461
8642529
8396203
9488749
1906951
3073191
8545127
5483833
7912219
3652277
3841659
3746983
1040459
3282393
8365833
6978621
4339691
4756833
78461491
42843077
3461583
2077433
4267283
9482679
156823
1353379
4584961
138351
1988797
2090651
8667217
6478641
8527463
9126503
6179573
3622543
9392203
3266007
5690319
4972147
3165409
2944499
8790139
8449101
