2007627
2888489
7507153
7314733
7082219
6059229
777503
1972169
9804211
4269119
3262387
8345239
5417951
6931183
2725323
9928977
183731957
4885351
7681381
5077563
9525617
5641563
2684909
6530881
7190349
9365033
7073501
6323323
49111403
2205009
9547721
65079
3103067
1359203
4013543
6269427
2663673
7845251
8996383
6242729
9577897
27547
9625029
3748429
3831451
3561267
118709311
2491341
7910313
3898909
6139227
7155619
7436841
4269627
6555457
525247
7815291
4491819
5497297
6915111
2337933
5770871
116891993
53255597
5028477
9784727
5638667
573597
8085999
909323
198516837
1322969
6825761
2391079
7785689
4757749
4419519
4585589
5317149
2129857
9810543
7835403
3200379
194876231
5785591
7738433
5061309
5703943
7391499
2738683
2718181
1117979
5036507
67275533
9786749
151061227
3224269
3996483
104921557
867591
53751129
2891067
7312637
4460703
4905037
7751153
2680663
4282069
2370187
8578227
962481
7332969
1126627
7452589
3193589
511989
8853763
8968761
2158129
6106441
6239289
3455811
4948133
2403687
3307747
1416083
3633483
161317157
5106963
5259387
7219631
8165403
8057559
7637363
6697253
4776871
6638339
5530947
1336421
989807
3243693
6819869
8102737
8679273
8603477
6694733
5604259
2072481
3474349
9004129
1990869
5851463
3540967
8181511
1324461
166913
85100297
4123779
3118403
5684361
7586479
1414473
3430287
1814477
5665143
251257
685047
3859319
4469477
1816141
7016199
1278021
8845363
4822993
5026789
958137
890517
155379327
371679
6668639
6379037
1471541
8946701
6978511
1217669
8049329
1700579
8131291
139837
4496999
3505973
3024581
6636803
7926039
4812549
5656619
8766117
1183151
7687767
8192559
300377
8379641
7156169
9991229
9058427
7677261
7548247
8224263
183859043
5656917
6471143
62916459
1772841
1188303
4890501
194318967
2703029
9407949
7910337
1566899
4142887
613407
4699789
39072277
4792579
7895891
5623763
3200471
5610467
4794199
1177889
7510313
4590699
5116467
6260649
1839239
7461913
4920027
9661021
7780021
1839301
3180491
907471
6380609
9262339
3579613
7369443
8279077
4857419
2406149
1320831
1090873
4480357
9429411
6077037
7113081
1231521
2769963
7118881
99417833
5436777
8447479
8413169
1469291
6518543
7705679
6831667
6577031
5479107
2997673
9590407
2735033
8594619
4451701
2782767
6743511
1372181
8432153
6151831
817021
125206699
2566339
425867
9591943
6093713
3655881
8209951
9433883
2968707
1787343
6355537
2631637
7107619
8708559
3753809
3113697
7687063
8749127
9355011
5156247
5778843
1718003
9385743
7994659
1040347
6880879
1693279
658997
6535991
4557523
6340181
3536809
1224051
1399089
9697583
3087901
3909083
571849
6653593
2453331
3606657
5189511
6177329
1995969
8722671
1760961
2387399
2592001
1381127
7153173
2939863
3339951
9638539
1662029
8067091
3228627
4282409
8681693
5780829
1464241
8070977
8774361
8108089
862527
1549741
70649791
4797659
1676437
445013
3177783
266909
5211703
1022247
2905739
8252941
3634969
726007
5645047
1019877
436961
1187979
1159193
441311
6426333
5517139
436469
6090981
3528477
5670959
7913239
4186557
2586843
2889301
9192771
3395749
7895557
4696959
9332607
3159699
4809077
2500921
1176713
1233569
2176111
4609793
3388691
4312159
188725869
4319911
3164109
9518413
8585133
9056663
1483867
2986523
6491689
4317903
609957
3562651
5440509
6343941
2882791
4658103
2784277
3281649
2248319
1714239
3408721
2665847
4115333
8525243
4252379
7606909
940953
7166543
388007
165368747
3317711
860243
4145119
7347009
883083
6898407
3240763
8428077
99194957
2296887
4936647
3865777
3200907
1031843
192393
8108711
5624907
338893
1227321
9709457
8258831
8622871
2612987
5761933
2422351
6286833
691467
8196213
3901989
551139
2718783
6923771
2815591
9306969
123771843
2092017
3832403
9654859
7431353
813321
7430279
9249467
846827
9270347
6357161
3916173
5442539
7545579
8253797
3175527
7655611
1394271
2977063
6876037
8532157
7611423
7009769
4454517
2968293
5635327
7573849
7722843
3100349
2388139
683943
9119847
561931
846309
5570277
5056819
2812439
2576671
5277709
4285367
9820001
3981621
2200999
6540653
2247283
1881399
6120139
37028369
3254023
709651
4721199
2803843
106227239
7274063
4307499
3997273
9480357
1242709
5767469
1691499
119793
4536099
2543033
120920183
330669
5381637
8076297
9336207
3248239
2907327
5575321
6325409
7251869
6958027
7107017
6295899
8106833
3974291
6633073
80967
3403183
3736727
5272269
244661
7825013
8773393
14201913
5384971
709099
9495969
7450931
413877
2152291
514531
82403693
2942249
7590751
2069439
3765819
476859
4115977
6550167
97331963
7853537
212017
6958509
2511827
8915999
8142649
3485117
6260443
1196129
3134413
8156373
236001
3693539
2885991
8928747
70753767
1355837
180903
3250529
2259473
7235939
3939737
2769621
8912173
8654683
8847191
1526257
8980463
162119
4313817
8377851
70361
126207
7871561
6847633
2660873
6432487
4576549
8298389
4107827
5452069
732959
2950377
6609101
5100567
7216973
3520179
697593
4860253
4120613
340101
857947
3194843
2107383
644323
5852531
7307059
292649
5938617
8865947
128911
9575091
4675779
564877
8916267
5774869
9559067
3318703
4718969
5540137
2325769
9068317
5234607
2657287
8795119
1544491
6839287
3618621
2023701
3351967
5220229
1095833
3884563
3414627
655621
9010787
6787569
8865397
3446977
7543863
4851991
6488609
8409741
9827157
4570929
9992833
4254947
6508993
9917453
854639
9045697
1190691
3227219
4635961
6306439
3386597
8153627
1256899
5887357
5598093
3785901
4506147
7050703
493917
2378359
9470533
534601
7491189
6924063
5813227
198153
255827
4827463
1452331
8668273
2890977
295499
1123961
5945433
679031
4831097
3732989
755779
8144393
7295449
5456891
891553
8608037
9335353
6990757
6002663
3435331
2868991
8817249
6123569
4593627
9488349
8406567
117050813
1502247
3917669
3172877
5242857
2939107
9766771
8017739
3444089
7567299
9929207
158953
1808763
9225769
7205759
6742969
4154229
1549893
691289
4319473
919569
6212347
2122511
5004049
3543017
5469277
4671141
7070173
6371131
5076053
2319121
121681619
1517439
7939281
5937551
7067947
1468439
9194261
6631497
1561069
1751109
970291
3936683
7740479
9102653
3443781
5935697
776831
2703173
1940897
7917287
4114021
4965353
6217879
8652879
3085891
7554559
8334453
6397283
4329641
6260397
3840941
3271081
564477
6143737
2865871
5121853
8649007
6764383
3323353
4797133
960239
2331337
6879037
4295369
1721519
8254927
8786341
8220123
768643
1933699
7154381
7288789
1896319
5305511
9453069
7853473
9365799
5737037
1305173
5440359
