7138553
3606881
4606583
5866947
9933163
2957089
187901
1682477
8851271
2055699
9578411
1607351
3036471
6256257
9620557
9318377
9964467
1503281
797723
2426583
1314559
198449781
354599
6290437
5087203
297233
1339593
8012947
4068499
2098107
1264683
6648347
5224003
6590551
3345777
9391457
4377149
6554419
6834361
3613891
3474131
3497699
5002537
120141713
33489827
2307059
5518289
9607621
2825279
8456669
6877609
7701211
840127
5915451
6584993
4024777
5639179
4195101
3712751
7863347
8521569
8495263
2336017
4325011
8006971
7144529
162995943
2550437
8640507
6628877
5478399
7605367
803949
8401141
9502371
66502683
6203999
6168203
1669067
593737
172249157
9546831
4337637
9094533
189856819
5027073
3518911
793181
7604593
474557
6085889
7126463
5075457
4954343
5329561
8131127
10009
6191179
7010193
2430989
4955451
4292387
2733031
33997061
8961401
7144111
250163
412383
983517
401109
8896779
7940917
9241519
5237629
2806213
1666457
5687411
2708001
7689433
1499529
8046053
7132711
6394353
8858589
6615883
4086343
8639337
5447983
9728859
158397
7314399
906951
2145987
850133
1357587
8117211
2055389
7510493
4095971
5471799
3349591
2720999
5582641
7786497
3037611
7840431
332289
1779581
9139651
509293
2411501
2021891
646053
1295803
5810713
496729
3368869
5019537
8023067
43291213
4204491
8817393
8740203
8931777
5684741
3903047
544893
3645591
1878123
9267169
722209
2564747
7703541
2125939
6368637
9421421
3332933
5337277
8583161
5906377
1005869
6492279
26131941
8615927
3745363
5988159
255939
6216551
5913957
9594741
6490607
7199093
1146739
819837
9063661
9456771
86485343
8619923
7711859
3952027
8455801
9967097
2411497
162716351
2664619
1778017
203857
4316197
7675249
1868549
8627919
2161043
7063491
5749229
8559683
386151
2082857
3109207
9808613
5465041
5969561
5854549
628681
181957641
7622057
92533
8568623
3239373
4410269
2140641
2088001
3124633
1200183
4728559
910283
4860633
612221
8165761
2378219
1842113
3482253
8237431
1931139
5157389
7060251
4833619
2742407
649411
9034439
5144999
4409733
8213813
5021721
2455491
7546767
6224227
495879
7403573
6789457
125522211
298053
1092917
9222059
8607813
2168679
762107
2933901
5798057
9989103
4821041
3817529
2971461
129511
6259289
2916861
8921297
7283513
9577397
5548657
8322201
6141391
2910603
36639
9823537
4825187
8360337
6041973
5096713
9180829
4664383
3030767
93749873
5367887
7688309
6404529
9186189
4443089
3375729
1561129
4314499
2177599
2498667
3573409
141789
1198889
7000113
573783
8382727
3049249
130899
6189041
7766801
457801
1238069
1172811
5568741
8005511
4023327
2531159
5534083
7455851
1561017
222489
1945281
771621
279577
8023191
1263847
7704989
8467053
6421343
7075429
9248533
3866227
2446549
6827271
1877769
8077001
8028539
1678483
9467573
6489889
3326081
3766063
3066453
7138571
7767833
3516013
7470511
4459651
7691543
4591139
8022747
9412547
5609291
8459839
7782247
38373357
9970491
9376109
2230577
3902181
9118759
4717039
2849377
5470467
6377177
1633687
1482059
9650219
4225627
8863259
68938937
3902623
5094787
7167987
9320411
9036179
3496969
5193721
2850159
7525781
4039051
2949757
8202769
3520077
7248791
8282443
2382051
5292223
2537769
9454161
3563147
116518877
69353521
8394293
3067437
139909207
390319
9641493
5231159
9165571
3401151
1911067
132005047
9856633
6575397
7712683
55516493
3892891
4699123
7139537
6924203
6971381
9958891
6317723
363297
1903841
357091
3629757
8998567
9828609
9099643
7144401
2338903
1862723
357563
5952433
2727207
4717631
8954183
8712881
114953
3302479
798457
5298223
9747031
1720489
920031
2888773
2794693
2428799
3902901
3340439
1285627
2626141
9813279
2619301
6962671
8989933
47378259
9045141
111446693
164065823
587861
9767471
1586943
5874477
7025047
8695969
8079409
2752203
3833241
9886027
9576441
6912661
962927
8204729
419719
7856641
133369051
9079581
3594927
5285917
8446871
9983661
3009613
1475971
3227539
4689241
5838553
2519133
5353501
3573929
1800257
9617481
3319751
7084111
914501
1125297
470527
8200413
141578909
1498193
5621381
2805543
8224383
1374177
4128693
150000691
7794741
1455219
7070453
4959777
5742597
7316641
6736853
1139969
8525669
3829613
637637
136448411
4536679
9074593
6874829
1784969
298907
58223797
3728423
5595329
6414751
1279837
4177677
81910483
2809223
3487403
1942037
5552809
5984047
8914879
8188323
8071577
5073881
2927487
6268347
391799
8542511
7069739
8601583
3008051
4598713
6460957
1756033
1661299
61624909
2278277
8129189
28040963
2546883
7328393
208831
846129
4896179
3559827
1001403
9915781
686879
8859757
42078771
3777963
5677587
4496231
9960517
2315223
346793
9138611
3569913
8199923
52301837
42535531
6975817
1624807
147632677
6311669
1958803
5923253
379119
1790379
870923
3827779
6752747
1872117
582829
2186261
2486021
7684683
4126883
6187771
7904379
6108283
2476937
80518621
5992577
8594477
8497777
6837571
3398791
5596357
2955639
1077143
9417249
2542827
4072653
519969
7659513
1404007
73501
7571729
8598769
118918103
4429243
8011743
7316481
3397859
5220353
8016023
937397
2532869
1979947
198987
6006421
1393111
7586567
1015389
7404537
9086647
1364939
123165539
659669
4753781
8789369
5972201
7041343
6175619
6421531
8118769
1261877
6971473
8928351
125455873
5546371
8726457
6628827
1566091
9424301
7052233
7369849
2610557
7971003
6165451
9588659
9450369
9887109
125017
6247233
2873263
7963739
18639
3848943
9460507
608783
7718969
1099969
4313213
304723
9456631
3674873
3446191
5950159
2976371
8325853
8107859
1629181
2252201
177517327
7250373
7103927
7988229
2264981
7357129
7564467
5024367
1333551
8440521
3467473
6484927
2388873
5524669
1297023
2364249
8464033
9561829
8776243
7880267
8010641
4747287
7178827
3268121
7056853
7903829
1749931
9115177
4006001
6131921
3916957
9266151
7850389
6544227
7694099
2271291
4403951
5155007
8283533
6805267
4664357
7986149
4205463
5865093
4660453
5508927
2837879
1316403
8403867
4096381
5659149
9505111
8573701
6796333
167948441
2165297
2150403
7404413
5771721
7794117
4003593
8635717
9383193
1134283
875641
9270561
5559761
946353
924697
2122887
1030539
7265041
7754803
196700743
1694161
7456571
7571527
9767337
2796683
6917549
8982881
5384991
3606707
5066543
6940399
7305901
7752681
5381459
6757569
6008831
9100567
8323429
9098307
5762627
484653
3458671
6787613
6267293
5354313
1421037
9728973
3703497
1631659
32129
9456161
6596941
1897861
543609
5932311
7891173
305599
3583081
544011
1910491
6251793
400297
9883283
7242939
7493437
7581247
2906623
8436899
3828207
12980923
5197051
2771289
2319657
6939641
6200699
6877721
326609
4045429
395333
35766917
6149551
180508707
5638133
311919
3285093
7035123
6984309
6152917
9345427
1644561
9892979
1700393
6199529
4516863
9913421
7081783
9267147
292981
