5073761
5356247
1336079
7061853
1735289
8991639
2611963
3258597
5249747
9704013
7374921
2657737
959277
3885723
2469671
7585511
3643771
6846259
9726403
78417
3475589
7983221
3108063
7359389
8422401
8495487
7065439
5896091
6902791
7573141
9438251
9379989
2376289
2976357
648029
7687519
29710873
9472463
7032979
3434399
561847
4260531
5326353
8853143
4903507
909987
7331987
6922307
4744133
3836911
9763453
3690597
8078149
7068017
5524129
9634617
1150053
4328827
6023179
6312187
3824211
4383169
6960263
19561
2159209
6177763
5910143
2051523
979499
8958581
8320367
3583519
6445947
5507847
7528601
593819
1989399
9748003
2249279
3357489
774061
5947911
4703843
3296783
5723159
6459359
101997401
3588433
286927
9238593
9588889
6034321
5604729
1279093
5696311
448133
6964187
4044257
9523823
188874951
118633859
5432849
9556403
8545507
4739891
1637001
8251469
4310599
4158967
7563389
3018121
2707193
3701553
9663153
393279
5528667
5538391
7342131
6296297
8035153
9490503
4350363
18306713
3603817
9217813
1429277
3376917
1696269
3708449
3495273
5809131
9501243
741507
9520119
2271991
5325499
1956309
184279
448813
9902881
7492247
2799387
4333909
2457281
5374257
9908301
1225347
1671731
6927079
3320979
1262033
1365041
6541203
4613851
9292289
9052437
9863717
4171841
5953441
8522681
5819007
4888051
2980677
6348129
4346463
3438921
1271777
2211403
7168891
6548989
7128559
4512659
4381699
4180601
6082743
8448181
3406243
713767
6160937
4572293
1554803
6734409
1488129
8154861
7601159
2937213
5728097
237537
6009609
5295727
1389209
101934453
2002553
4140441
1263277
2964657
6052137
5981349
1123471
907293
4516623
1489913
7201277
8591253
925273
9500707
135691407
2451293
7769537
516487
3109433
3729349
4168273
4625273
2536903
3597773
9447699
1895773
6075111
1293817
8546781
6730229
9786059
77867373
7066873
991891
4226221
199423
8450147
9051263
4968539
6715297
8034283
3543053
599301
6549367
4571243
6355483
7840463
9157019
930941
7766739
2351383
8424513
6737311
2722527
8364029
3463981
2994377
1099107
4327807
7464561
8703783
8139667
9561361
7234013
1847183
2494161
5782297
8069037
1308853
9562427
7161589
2735963
2228969
7583233
5986043
4418809
4530799
721071
1314377
8022211
5252191
9695897
9899017
1915119
8319591
82165961
961293
8649167
1578633
5472379
8158787
9387649
7933319
1198491
3613529
4994011
7920917
2460577
9258711
4333517
6660071
5192229
178471
7514949
9836571
18489753
9558831
5701777
197174873
8624533
6513617
3803341
9620627
4676991
5091701
7598781
6607499
167803
3633323
8508231
1298599
3904499
5899333
712877
6426787
5174123
8465979
7975407
4728253
2614201
4607099
7786061
2583181
2822287
8125813
5828799
9456293
8796689
9935319
6802349
7576493
5704179
2253153
7338269
1294453
1828009
7880427
7212531
6199893
9151823
3312197
4633793
6786177
3282203
9206801
163119
2101403
4359403
1606719
4661917
5868363
7375403
3893489
3745501
5869803
7119539
7478873
6568351
8243563
94768959
4032549
7064879
9861421
7729357
8821843
89252861
3754663
4538901
9939097
1280797
5544307
8973611
2854279
9684539
1090847
5565549
594701
3715817
140229
1621439
5067097
4885687
9459009
721301
6428443
6235407
4802767
8299851
8503129
9702079
8006569
9018989
503653
9181623
22677483
8923069
4076017
6816221
9572387
489883
3736441
6640333
5485879
2237713
1204057
7371471
1652987
5458659
73386897
6675643
5132651
2080343
8062613
9219631
6646737
3043611
5015611
7467147
6277411
4877721
8692299
2702459
5113593
239491
9841009
3773723
7433021
2809021
9862239
267297
6999419
5247233
3674629
2962017
1561489
8349213
416623
475129
4203777
3204507
925257
45923381
5631851
834181
8068641
7178773
8762991
2697601
8345611
4918251
8392697
9891411
6112451
399291
114028867
6187151
2689263
4372653
8085423
8812477
6866387
1274307
7984873
1911847
5024339
6115109
1615913
4589989
1786213
7082137
120077
995529
3922101
4851233
6936143
5440401
3528931
2480623
1579617
9005989
2467971
4584853
3428323
2122733
5978329
5064787
663297
140671
8295823
9173263
3293889
7947011
7279211
1048359
9160069
7227549
8136777
396797
4165957
2161667
7513481
9509003
7360537
1468639
5597737
9633213
3410751
5093173
3075991
4396809
913439
23701
135419683
6625881
3402607
486503
1013039
4434923
7716637
8731141
1544787
630941
9200813
6400529
8615941
1587033
1390553
68068791
2099799
201099
5153739
6641571
354031
21667223
5690879
4457
4678517
26627523
970313
6289717
6293877
1340907
7157021
2577919
8419593
7725131
1359581
7480523
5648231
8475081
4350707
3411347
7638283
2862259
9172001
8343961
8548651
7203371
1418111
3596627
8120297
7011803
1422461
9072429
7655287
1263071
4123417
9354661
8721661
1916613
618363
8928049
9147693
3694101
6681389
8481613
1514441
2713951
5858861
9629699
5826247
8987909
4164453
7547447
2495111
444091
7976119
9292131
664767
906027
5373393
4202069
2876611
5688839
3001243
3171387
7934781
115944451
178531
3559563
7656719
5084067
6649159
2141993
8764637
101369
8383639
4323493
1298653
4080631
7548471
9037421
5706529
3694787
104807199
1229243
4630453
2231303
8265027
1574601
3135993
2063381
2523717
9224461
8477163
9558921
8518957
8853859
6487287
8365109
1794691
5574117
6221543
64593
133937
2833389
29481589
120517
4390631
1509211
4319277
479159
9076479
9876863
8969821
4814991
6184651
4763493
1127359
9420711
2120251
1146853
3935653
966987
2937603
1805861
6836513
8392983
2128911
6996183
186607393
8230401
232699
2715741
6629237
8585697
7229973
9132417
6363709
60518767
7277639
1510549
9538001
5163587
9842229
1758827
2735643
7256111
2290851
5991851
1920673
1134379
3261201
7550619
9631907
9438183
7703991
1428713
6312001
8862643
4143399
2587969
5247487
873973
2706081
8111809
6349059
153062659
6689317
8167563
773131
3934969
3428687
6909429
9757073
83231
9144367
9071589
7677457
5348161
8841661
62253211
719429
8764271
160538543
3279111
6431939
744817
4350493
9737963
6966019
4412771
2862567
2781571
3932621
3740189
5636713
4280573
9498483
94814107
3235839
7279743
8113491
7030439
7272797
2326983
8976949
1226761
4651741
2507607
3909061
2271223
9538749
4531039
2952171
5030199
435163
7122649
6533313
6140809
4040403
2530761
5982649
5998889
9194957
1291987
8219739
5197589
3989059
8740793
4975549
1175863
5705319
7625561
4997691
3148579
9093773
1623931
4768007
6399659
8179377
7967481
3567781
6567041
4527047
72943
8596011
4209999
3002397
83090951
8492077
5533201
8453587
9237121
7713627
7046599
186639
3140421
7510649
7172007
2662319
5801607
3370697
5126141
2034489
6830107
3369377
2505611
7584141
7579849
3645693
780453
3691441
5814011
7076239
1789981
3204273
5748839
4486169
5158691
9893983
7927901
6006543
7318123
9291031
3249047
5940441
356343
