1002059
9263977
4245361
3482461
6558151
64635289
2367657
2019307
1421843
6917297
553579
742413
1149793
8030353
9106443
4223219
9368263
1909047
7117843
4015017
4984327
7539103
3484923
144822789
63280241
9931527
9503437
1916183
3296921
5842763
144233811
2696951
6193743
7596837
858629
8241239
5125581
3440597
8384117
2095523
857797
6650539
7316677
2712389
8310967
3624457
5924773
7332483
61175061
4291741
7628093
8877763
2171931
9976471
9688441
1825193
652707
2886033
2868417
9745273
5370413
23265837
5950557
1502653
6464567
8509593
6426733
7464041
9095821
1044899
1686763
8803923
4704267
458623
7163531
175254789
1307523
2532651
3954359
1816029
9267129
7148503
1780723
7953527
9710361
5028437
6744951
3166511
9937229
187690263
6169519
6229099
9685917
7622931
2297293
2281597
494397
1662711
139177
8327019
5442263
7167583
2818639
4956133
6591763
5715013
2585331
4414149
8546741
2694399
2020913
3897843
303133
1770147
7623569
8261133
8012973
7697743
106261157
489617
8555211
2888447
356219
2931547
7385347
5849521
4627067
572271
5539033
473967
655951
3519689
8171923
7477619
5284477
2643327
66397373
8005069
586937
3960643
654011
2094077
3679321
1175879
8647591
7665039
5087437
3961781
4769461
350093
7349059
7108767
7855089
1022101
2852599
5434567
1175539
9778507
5878709
2672073
6152601
305763
366627
5591817
3157989
1376023
5477101
58174053
678297
1645151
8348557
1204959
1744291
9765601
2747713
2306989
9844853
3515409
1073299
9216929
4366743
8116433
9208781
884127
4123791
9003251
10968787
4468259
176494299
5804937
5475413
1652603
5153177
6909063
487623
5770519
2696561
3543489
1692281
143036711
9582981
942817
5688387
3548893
9636789
3320099
6682693
3326939
6461813
9529009
99763383
2624693
904947
9519957
4862211
5532509
6985393
2508071
429083
7802673
3526187
4451331
6733937
1585193
8604973
660957
3247747
5649647
9437107
124213421
5774397
3338583
2247469
2545981
541771
2348911
6607487
1569203
8599699
2700539
535957
3195233
9115213
7292991
7395821
1940163
9868961
6259833
7748973
9442069
5602103
169378487
6211849
8042661
9689423
9365899
8972533
2722043
6592807
33385647
3633909
2304417
7292089
3676461
4442651
7271071
140813
3664429
3152871
4262007
8594521
4425317
1793223
6463239
1288883
5360623
9420667
3357781
7360669
142168221
9424303
2441999
8866643
381533
975721
6189203
6121999
132285621
432947
2580981
4444169
4958699
9815463
3942277
7817389
2866117
6310941
143855311
2720727
2101091
7076501
2285577
6706667
9923511
7944451
9252761
3758887
6588777
199611
7107593
4099653
3537847
1644439
4660547
5103953
9990331
8679609
8611337
1850389
6985007
5987221
2366711
9668581
2004447
4657873
3897591
1662281
8882067
1537707
4558169
3143017
8409739
3407609
6185303
5716019
5332461
2155943
2539461
7496041
4946243
1535817
7459937
9073623
5994859
7266017
8221541
341819
7213929
5636673
1167769
3553319
9153301
242803
1893287
5652587
8860911
5457499
686663
91096929
9090953
8247729
560889
823993
7300129
7376277
98571
5656249
8273013
1142737
8922043
53764661
3244597
8321917
4086923
93035521
2329287
6901583
3386993
1526273
2597787
8001627
3854273
4906473
662687
1660093
3237873
104473257
8003063
7909513
3394903
4744751
2831999
6605733
9520501
1686037
1758577
2090111
6012031
5377657
8795681
4391787
629269
6986961
3990333
56346733
7365541
3615169
6177179
610381
417049
61597069
2222653
5833061
8066389
3374227
9672683
9534379
2341063
2987463
2987209
9030457
9692881
1602287
7722609
1274499
8071171
8123597
7660783
8931373
4408643
4263603
9231947
4960119
2528289
6116953
2838197
8825161
2535811
1489069
8182823
5110441
4856129
1996939
481169
5141141
9889029
5173407
6520631
1706823
8737083
1370499
6346849
3002603
471919
3686923
8068153
7385583
1162247
1113321
2251767
1263539
9609151
8430341
9023999
1420451
5057549
4705063
7657113
9709331
8523209
902319
2409617
6206471
5391807
684331
6695273
4780427
8709657
1391909
8839299
919377
9206201
9909543
5149291
4676469
79409
3692289
6399403
5731879
6437757
4321203
7811631
181529
3877973
3044839
9690147
6177049
3783799
572631
8154927
173321377
9052419
1507801
1990527
4546103
8728979
3951079
3055623
4614163
7288971
3368557
8570349
4829727
6844279
1434253
2787413
5586063
7658441
8336549
9224771
7102053
8904621
8052483
214321
126778631
9180977
608139
7452977
415579
9867241
421321
8409807
9432439
1670257
8801011
8780407
6580449
4176199
8443291
4663473
6461991
6758687
5512761
4931687
86158591
9278893
8866771
8582369
1637493
8184391
6358803
1209053
3006543
5614277
44993
3254723
7600323
6606597
8544153
35301337
5168529
2484281
9393263
7559171
8906627
6552931
9993597
1610943
7041101
6018201
6204491
8438717
8776489
5392163
9792139
271689
6204807
6057809
5938169
466881
6708289
6950719
2548061
8667479
6513759
1506719
9775129
9181997
2854641
2054513
6902687
7980533
5664131
3169989
6144551
9550469
6575937
3073873
6397399
538441
2374599
114119087
877711
7928939
4795609
4959369
2146067
3901719
6208241
9375893
114879
9950579
4323181
5782477
797443
4808563
1424997
6583801
9409197
4691757
2338223
9277707
4751891
4613751
3266329
7512477
666769
147291
9471317
8574381
8305817
6943111
3673891
734793
532049
2415373
3719673
7002293
6572949
9560973
2624709
138158119
4061023
9335283
5018987
1569579
8540257
1710899
1419099
9077573
922431
757841
9631527
7816673
3741551
127696791
9254803
7323437
9347171
3048917
4205961
8107679
6139253
1758331
7112759
2348351
2658051
5034987
5489207
4494001
2586637
2339727
4256989
3822387
4559881
8972041
3422947
3565557
9124059
7983561
3998793
8392211
9261129
9008119
3399933
4485129
729707
9363987
5684603
5965803
1706491
2343867
2417147
4820331
4913651
1434939
4879569
7823167
3392947
6279291
6090263
4479893
8179711
1693867
3011967
9619401
2093131
538413
3596929
8530667
7708627
101177377
4534487
5972503
4718237
2433669
4194053
8950549
6954761
2335751
1046443
4256207
162352727
5712397
9957807
448811
8576547
6054267
4141553
8147649
9450919
2178323
6291827
1349719
2073751
2614601
4941509
2038999
5434723
8724749
8806769
4160261
8225341
7894817
9443103
1929851
8690141
681319
1465679
927647
3132167
3053517
8270631
7703697
7316547
86101999
3700711
1038907
5980599
9528983
3841941
1397089
3975843
5906711
7378791
8383981
1046261
4927881
5629497
5712921
5370017
7365693
6829877
8770453
3009341
8369987
3511357
5761071
2900897
3010863
8951301
8398877
1637507
6163581
107092209
6520689
3288189
6626173
4597609
2368591
3098331
