1645039
167561
8106089
1084207
3121899
4237707
4744953
5126583
7354147
8273929
6726829
4909687
5216299
2500017
9256369
1298499
3828971
78831
7154411
8518711
1367673
6375671
4210781
5418659
6058059
5110443
7560379
3613823
9324411
3630129
1785829
4250769
8367353
6951391
2500557
6163899
8463113
303419
5770463
5286377
3334867
264637
3065093
4207919
2883883
8281047
9197829
597661
9109999
6676619
9225627
2575141
7946037
324483
1804801
9193199
2418191
6091507
2675041
1550521
8149507
6183227
4422551
120198101
1084573
7124667
7358587
1146059
1430043
7887821
3070793
9264069
6505527
5810679
9516951
2542121
9828727
4526579
6104651
9940233
3617963
7442167
7843359
55277
7474117
8926071
9284007
7757697
2018641
502443
8153869
193776041
11517
4330887
2113413
1730389
5204699
3205219
5258243
3291791
7155519
1765393
1841439
5183611
7348217
3009509
749793
6681363
2426507
6158287
710269
6941297
708381
1060063
4838579
9731071
6938829
4520569
8967091
8733851
1782721
2786691
6666459
4544283
2239601
1501023
6585689
6681189
162683603
435403
3181283
1179659
5122427
5619699
2180391
2052717
571443
935849
7475691
158188327
6333411
3590491
297163
1373559
1523111
7336081
3890451
3115089
4347413
709437
7836391
437051
993403
45387577
4965889
2616059
595773
5625309
8157007
4797829
9065399
7242333
4054897
1863727
9278719
8041661
5236353
5624851
2878983
8800963
9068081
1950591
8523891
3725483
240663
2536291
7246159
1576381
4206599
136945293
3960791
8198093
1503623
1889319
9711293
4172459
9406847
1657463
716149
9620411
8336131
4096377
8225977
6686613
2277081
9783431
143511
888061
5349037
2152791
4447919
8446577
190483317
1756233
8873771
255857
8938973
2334667
4849303
2106507
5579211
8280801
6306481
8177859
6497683
1761829
9050959
3493927
6467293
5944743
5661151
5573089
3611193
8005657
1460827
5338771
2483711
9991791
476021
6440151
9166067
7537409
9475147
1957289
420759
6978579
693773
3508513
4445813
6926739
6885053
739851
2717293
6670733
3418707
8223847
5797129
93091
9055929
8972667
1767241
48537
7050281
3172451
4786627
4885247
8871367
1815957
6645707
2102977
3049209
4308517
7363317
4086047
6412771
698827
224709
4804909
8709141
2966521
242351
9103019
9897363
425891
5984043
8712273
3261967
7726323
967621
411951
4606809
9022333
7322953
9869931
9243369
9706583
2407861
159391
7051793
1100567
4178909
8605153
9261359
3379749
3371961
3671343
9215389
9456083
8321381
6621997
6393853
2782143
8835271
208893
1708249
9536753
2796417
3735327
3438349
480129
2453239
9824277
5039691
7081219
2438037
8006531
4594737
6573193
1501699
5051567
1615829
1130113
7735511
9612619
9719137
9725341
5597319
183791349
1584659
4260703
8931537
2193769
9362871
145977451
7337343
4239791
8953299
9119651
6385841
1424051
2026491
5669217
4545829
9044501
821069
9472027
3050431
99817
2463393
9690683
7897039
3189
8081739
1452023
10989
2454249
8089087
1163863
8913891
4507267
5896459
6748633
1350901
363243
7251083
8417689
4467631
3551021
6776107
3727339
1173613
4780723
4650483
6901787
1218341
8022191
1698253
5977907
8691401
894233
4748293
9340299
7595767
8390683
5686933
50903111
7459463
9657277
4600827
4848391
8610417
7073529
1343633
850889
6545929
9513521
5884667
2769279
6721763
124711
5114991
1833549
4519223
9213111
2625069
8700557
4967749
4413567
2749793
191567
3229483
1795111
3745141
3326429
4736411
4049519
213841
1700113
6251071
4986709
5381609
6777007
288647
1639337
1717793
7826559
4433673
1431809
1731671
6012211
1199729
3650939
2137193
1220609
2132789
6146279
129859
4583109
1473321
6191479
2307153
1799421
2932349
5896357
8513447
2109599
8902499
3123679
4972581
8565427
2928399
6872619
8472073
7421947
4206451
5646213
8081111
2261099
1801011
4536569
2606003
7667577
7824989
2664921
4310041
6476903
2655017
8763089
6497279
9035153
6160633
2626657
1361347
9134069
550293
2204679
69719373
5610449
2632333
3184011
86717
923107
1873883
6736913
59911
109162357
5671083
7998641
2458049
9531017
5696927
2613641
6106661
7390631
4627117
1742611
4337667
9929627
7589617
6325001
7045069
3216473
5984813
5222509
8198297
1101113
6819277
3775869
7046003
6987013
3019081
4347969
4331311
18933
9007569
3642927
150546349
5102159
4816709
7173703
2906797
3589379
1585617
2630299
9219189
124783
1239523
1372519
42064299
9397663
9704061
8410359
2586099
9541061
6674697
4452989
5224723
8664131
2175047
9339879
9925489
601729
6192289
6009881
2950727
9448671
2211937
2967723
2257543
1296449
2216827
2464941
7020219
6538521
7591863
1734559
2853437
7226539
5192411
3936179
1236909
3208921
8009099
77864049
4722973
4305639
3114449
4748347
3500607
7372307
4739847
7667461
8494101
5753551
4732857
3369257
1468529
5811541
1016453
5465639
3544977
7614309
7917653
6109577
6170879
7518071
8412457
9721903
2816187
922689
4271903
777731
9425037
8838043
9438249
2793187
2342879
7712983
9822879
1742691
3316691
5362979
3857247
54543
5268667
3477631
9436781
6948647
3946201
7496393
8463501
8661209
6430669
9371783
6205761
8839963
3562577
6511049
4943013
8455861
8018359
1545183
8052141
5864717
2822489
598567
1475141
9014189
8353583
8823491
6991633
6331447
112390963
128586017
3947161
9083639
3670793
9830247
162563
2156589
6805157
3528323
934013
5777203
9405437
9360163
106087087
9776561
6397231
4684607
4108721
4575337
9165237
3938421
97156771
3803477
4137027
2842827
4251951
549403
1532061
6614433
8684599
7018681
81767301
5684783
7733889
7831133
3865921
6496367
6318883
8202817
1080203
6197441
7992813
8489989
7180317
5282651
830859
6980189
4182763
5448917
765427
7972409
1718137
157000219
9328041
685443
9607953
7692551
9548873
6234043
5842819
5177801
5690959
9450187
8191281
6970099
4757603
7749437
6590723
297067
4582729
2342121
1443289
1104469
6408461
365281
7206359
9376967
8567547
33051
186839
5866823
785631
1271643
45480401
6709223
5345041
3776667
613841
1028043
9331771
8667399
4077457
1885483
1467489
6666389
8396991
6168149
949463
6699121
481611
6163411
3392549
9740109
7131259
4889267
1246241
2059233
5882277
8998349
3461763
6037061
7793537
5156157
9391551
4195769
2161007
2778163
6290487
9238073
9078313
416187
7217683
2296651
1420159
9087379
6079287
9646119
105334687
2348133
1253359
1061827
3234301
70111733
7222027
4579503
5119997
3634993
5446499
3138019
3646533
3803509
4606553
8793243
9595613
7047407
6991253
6448533
4631253
8588619
4840089
5721433
3529849
3948461
4737631
2398977
9222193
7384011
7381077
2462943
1318549
87985609
3858141
5929587
1111539
