4388979
4991173
9322049
7193817
4119273
5899169
6772887
3841423
3123431
8977737
2093021
2629197
9620501
4368489
115297311
2600061
1497083
4080083
6146377
8159097
101837
6866567
5144927
3417627
8088561
9948151
4803979
5544071
6784997
6484527
4479773
16774537
4273251
4599703
8314251
2134731
4046269
5654493
5905977
9355083
9669361
4095741
1606947
3073709
5708659
656783
8595049
3982719
7421357
6026017
1836219
7561667
7851007
3192273
556759
5401593
3893663
2700543
5861987
5774147
4980037
2290809
9705933
1554253
413633
3509357
8498931
79647863
4244687
9150419
3720117
5302971
1214129
5861399
6476159
903053
199553
8121527
197900129
718719
6239047
1088171
7852303
7020003
3945369
3483961
9330981
9354577
809731
719047
248457
499693
1947083
4184461
3048697
5303331
4097027
2635483
2000171
6410261
8189281
2746501
9792753
1761101
1307491
9442971
201951
5546383
5401679
200997
137907
6597867
6049631
2639569
2905141
2511641
7121587
415721
7289281
169610633
1157393
2449369
8137021
8722901
9933027
8104047
1452561
8756049
785157
6752797
9933881
8222341
4429651
7587809
6546523
8544061
8411477
3080059
4991653
665737
872529
4470629
1978761
2916287
9809157
4214591
9366391
8196819
9765533
591929
8898653
5029831
2023093
3985409
5584037
1867901
182781683
802039
5130101
111111587
4856349
3126041
7138673
7488649
2454167
9981463
4183569
6395771
8860549
5476251
9970949
3815671
96343
1162883
9900467
5322387
8132039
3512997
5789879
842947
8662097
8991617
2941859
5361421
7013327
540503
1799493
7370429
3846487
4187
3214533
2448879
3252649
4846933
7013239
6926999
7085601
174372819
7771199
1869671
8948451
1561979
19201287
7572121
35101
5569707
8368871
1491697
7315371
5853431
4116021
3546109
1181329
99825021
8882227
4272863
1350181
1650331
7140961
2943379
2659831
225257
5146417
5166913
8828683
6041323
9688267
888557
2417443
6286581
9974289
1784107
5391401
3572747
5030571
3499541
1479741
5403749
8481397
4873239
4066667
9180943
4586151
8668599
4180221
2827081
544399
5341247
2921583
913551
9417529
9296657
3592901
4524311
9826261
41922571
6117323
1297847
1490177
274799
7563801
3662541
4874249
4385407
3664633
3325447
5570501
8946149
7844921
1934473
2234487
2382527
1727279
3448129
4839899
169579
6211287
7086863
4767371
4148307
5937967
6400901
6523683
1813337
5800357
1732557
7157093
7072799
5194233
8249751
5412487
2434297
5041333
65359
7213377
69948671
7179059
5375341
5453669
7575303
8071579
7042689
1765853
3037841
16664459
6791123
8884661
534069
3902503
162355291
1612921
9254131
7615517
5126571
4130037
4392189
8430867
458203
2671141
6728137
9660717
798829
6649337
4777783
7307303
3606949
9524943
9973567
8002187
1920719
871449
1262243
4566849
4694387
8119711
5018457
2001857
924709
8679699
2988167
6376571
6466917
2744161
9400273
9558113
2087489
5890327
4152379
1709259
7380117
6371511
395061
1800879
9156441
4642379
3805707
4664043
8571403
2769421
9128017
4208361
6815109
6488119
801897
731179
65866489
6125953
2007561
7401409
9541703
700287
5872013
9397871
106107
8438887
3265273
8106059
5792741
893997
5503427
6091401
1738501
6704639
2231643
5243069
2123189
8371043
4594633
2615761
247519
4343781
9671599
3868233
9543123
876193
3286187
975317
7157651
2293607
4675717
175730337
8905137
3721303
4422929
6283607
5925271
4498417
6831791
110741303
5782127
1665289
274569
1890219
2265621
4452379
6201483
6127467
2846923
636041
1978423
3205223
4939571
1453079
8425557
4568607
1715721
1460519
2222647
6982357
7298719
590061
5307663
261469
5992837
9403311
6488171
82339833
5506529
7421391
2632127
8046831
1316391
5599597
7204739
396387
4599633
2360669
9193233
3826237
1952273
8899089
4428463
3164457
843981
1954783
3595743
4778739
6769913
108635997
8292651
8363847
7230161
6612209
3283673
6519097
4194211
2226657
6644487
1179009
8404393
3872761
336077
1296613
1492067
4608799
1256281
4612937
5967339
8639159
5456591
1131627
5033203
6260079
2043173
4466981
1332147
9011429
2994943
2624543
7271763
169611013
5167503
6631009
363707
5514927
981599
4867143
5994717
1259661
175837771
1700291
9771253
7807093
4201363
1350273
2845721
5553619
7987163
7861209
4003521
773711
188217
890567
634547
1632023
9721837
21139307
3394329
3134069
4027197
4355117
55665527
610113
2850403
3294963
6948001
9271783
9428213
5526951
7026077
3856191
56461
5118239
830647
1191191
4426367
5413073
1939327
1994871
9409033
771381
2947363
5584793
1737333
6240641
95079
1000331
2444703
6640247
1666759
9113591
148684351
44339681
960867
3676343
1303933
6770577
1958989
2887237
7387913
2612647
1794459
8683709
7874179
9422179
7326881
4805229
5190981
8061643
9918849
4770563
5335893
8186849
8355877
8640909
2978711
7964829
3553427
32372239
7494067
6911519
8176439
9823061
6946137
33489593
7589753
7812679
3699653
167628379
6689371
7378937
9641903
5009949
2581653
8023443
2521143
189209
8912993
9813173
4462413
40459557
7742603
1214897
7248499
9153089
6818457
5492013
7697991
6130339
7612047
4177547
3879029
5755329
4219439
4013857
932161
1815561
2777601
1156453
9438641
811489
5860483
131776763
8144791
2463591
5541687
1866971
6369747
4823727
556251
4317567
5055659
5114703
9683573
650521
3376119
5783179
1555923
87257
5960669
7744063
6263
7501837
1199733
6825913
6539901
5064363
46445043
2775439
5304197
5200157
8641173
336333
603233
2318399
9145439
1329047
5248383
9058943
3712667
1752827
3208583
5444601
5981949
3378667
6583969
401949
4495981
4639359
4758303
6047843
186650251
899247
14673019
5558879
2975479
9702527
2141391
2767393
4768517
763947
9049779
9693657
7011097
3469281
2532073
7799867
4821477
1426411
166419621
2786723
9790563
4016847
71338503
6881683
3901767
1434727
6218429
9498959
2375789
3925271
7538989
2500401
8025373
8912539
5406103
3998497
2186191
1108403
4269713
2367981
2404683
1913881
2498167
6000833
201149
7543893
4996147
2008983
3087699
8937297
8293193
8142823
4692427
2466469
426731
9208141
1497361
6814461
5782207
4757491
3280917
7606711
596797
5063107
1425139
1667301
5185267
5442619
6993263
159127
953159
3253527
2236403
8001803
8365183
1616953
9366101
5813831
7997141
7889559
120879
819627
6876063
2327951
5135459
6260073
3653073
4016923
67580041
7989697
125405817
625009
9550181
1053807
8896149
8360149
9248201
9461427
6191989
1545483
5786617
3488379
2605791
3078153
3248419
4818931
2709381
1644579
9307153
7390753
5997113
870207
9931321
9394333
7016221
8881287
139141
8267329
7492553
7791239
3703751
3305659
8749273
1955767
2066557
3854401
6480091
4035721
1842129
6100797
2833431
