9447417
4279339
45215453
6864949
10551157
171697
2729169
9860527
9667417
4362647
1177171
2800651
957019
9444841
1829203
9695981
2538551
6177517
2579169
5657779
2304587
3354249
7353111
2982709
2953971
6288017
6741393
1315057
9353987
9756751
7576653
46304081
3931143
1554629
7856819
9072823
2828121
4051591
8105383
3300337
8147871
94938841
7329019
1139329
2435719
6960089
1449113
4741793
9587961
9493603
9511427
7656019
3459983
5624901
2046197
47743
6793449
1200217
463979
538633
8000871
2091127
4505117
4863081
9192399
4261257
6260141
1054931
6162569
5505837
3231577
6376763
4545253
9629999
3208439
5589369
2524769
3204931
1311997
3160841
7970723
7721307
2744069
9115089
9092547
1045977
9723869
3310393
8542049
9367103
94299
4430787
2354953
6322831
383989
1422239
5161491
5571067
8576693
5888799
6341283
9150543
7763373
8267077
3060767
3602659
4870783
6598557
6614207
2507657
3921939
3804701
8717557
2875977
5811717
5020039
6432731
5769437
8674517
4408403
951409
9633303
223579
7082223
1363887
7747643
6058927
6560999
9069691
31655213
5320821
7439651
8246937
94295991
5297861
48499
8623893
3748647
7221137
9341323
122975389
3539443
6874989
139467969
1635181
7560541
2064289
871559
6525689
814699
4414233
7141489
3302253
4910783
5691383
672533
184857949
4071209
3357769
9603091
1149333
4606329
3123347
3174849
6578951
1821199
5492773
1045099
6073933
5295351
3164057
2137549
783889
3113931
533183
3948447
6194903
2014719
4055377
996231
6958951
480673
9797961
8801247
1126543
8332443
3781831
6794279
1514381
8280103
4336933
9798841
2937853
3384503
9610457
6293163
8628261
6843509
4075467
6394873
9034147
2320477
7623579
73107553
9450523
8083333
8878283
7604627
2749107
550343
913413
9337831
4476909
9842327
5957533
3153179
2442071
3653779
144562729
9163959
2094283
6305211
4660659
7067143
6918599
2296287
323867
9801407
2843081
595837
1155473
6946711
2836513
5599793
4274063
9945139
2806783
1537289
5307017
7765447
5603359
7018467
3185117
5382243
711911
7327829
6883867
9153107
6868369
3554157
5037723
3732563
6149789
8200907
5517701
4785319
5336691
8733883
2829361
3518083
8787731
8897143
2055017
8291819
6465081
5123313
1689353
2456749
6692827
9049171
2526321
6398093
93453587
7493033
2406719
253639
7080413
6379541
8874853
1445297
6186137
109725333
1327889
713453
9428491
295267
7959543
5269269
4315303
1396391
2375709
6419093
1983857
7316207
7461281
8243961
529907
7408877
2618659
1551173
38201
2756949
6169627
31789293
5997997
9000847
2598747
1015911
4280477
7417841
9351911
268767
6609649
38646691
8974807
6959813
3384583
186919547
9420607
9989747
9054043
7678349
4176843
7047381
2856819
2358151
188116099
653041
5125583
8148111
6041591
7873507
9262859
7251723
3533433
1164973
1771517
8515391
118093133
1856019
6729899
2247787
2916901
9919623
5611929
8399611
2663657
3045827
878741
314909
113033981
3114857
9842471
9658999
1849203
9714313
3683427
1413423
8068419
3419641
2491473
2928539
2499187
562669
6828793
4256951
73590039
166181
2387153
2833891
9538367
5549067
7937191
3654741
7065157
3017301
261699
7782153
1936989
3377969
6593727
3740303
5023227
8852791
116760117
5168377
9315613
9067943
24521881
3353839
2384603
9204479
5529989
2056061
7292111
413083
7429263
7623233
33867
9226181
76335543
1954191
1142729
4340269
2215051
23178947
56492577
2161273
111411
543791
7326269
613823
6111407
4552859
1809743
4788229
5102851
4687391
5389393
3248719
4185321
5773193
9183929
632021
8167729
5717697
5421903
2376907
4860329
1190047
83281053
2503833
3988739
175865411
4584393
4331981
4044243
5726529
1822069
1893163
1315029
2623837
1732703
8205821
1499221
8626189
5124979
7447327
679073
9264287
90293177
5770201
9452201
3935207
3483179
7537583
4479239
4277973
5164321
4620807
4112243
3798607
2056173
7447109
6881973
7978313
1340831
4162847
9603157
4264363
8804413
8514251
3125511
523431
1219969
2831413
7568371
1337587
5625347
217779
4309047
3054459
7252773
4253547
9064659
882243
1330651
364183
5045297
5618377
1393551
3300851
7820933
5548709
6339597
4880321
4967869
7515827
7032943
5737109
2174147
3482331
5683629
6406493
1147121
5406391
35327191
1860047
3166509
84949
7234077
5992763
4926111
5427003
1489999
3616371
2540591
2524057
4383547
2518387
3504531
8688769
3447543
4218843
9253573
5023189
1244847
6341513
7750287
8879287
7930567
2432303
411441
8509113
6206623
8502729
5204481
3153933
340167
4786989
822187
3637919
1319599
7688347
7999127
3890831
3165589
9446129
5588169
4361773
4609799
8339309
8677817
3987771
4721029
7165631
4595803
8938193
331243
6794127
4064649
7390267
1036577
7792009
2198221
996007
9349013
6862589
3224957
9188703
2834347
9516089
7789189
3918733
7148239
5903417
9554197
3860623
5795563
2832789
807451
8400879
879607
1514157
3471939
5081877
7746971
2462541
6446171
5551707
5053977
6169523
3417949
9555077
2292219
173290407
3324339
8408761
8956479
658781
7302049
4854929
2306559
8642003
9908873
95451
1074749
1033117
52803
7200449
2681813
5949623
4236399
2031773
141338131
8424199
8290541
8269969
4423121
1528309
3868879
5163891
8538029
551181
9718999
4668757
29673913
7978407
9425279
5535871
3819431
9713221
3890603
6087631
9969943
9442439
47926553
8982027
9873059
9410469
7963671
9261447
3381383
4522913
3519973
4079097
9800037
6524631
5242367
1490691
3009643
4911771
1316947
2044271
8800283
1162481
7532563
7419491
4776623
2816769
8123971
3579803
1755193
9570839
7788551
8506707
9848509
5738523
9283133
102253669
4105259
8516529
9280521
5774463
6015657
7290731
2033683
90511881
8587977
9289027
4405371
8961191
5994811
6910393
2187053
190841067
8982227
2279861
9670069
9892859
4394377
888643
6396787
9643371
1484421
2147411
198695907
6167319
4812933
2827719
3364771
6369771
6481837
3640529
272681
5180019
7707559
8316299
4035177
9679437
7434679
4309993
7162007
1123849
9802137
3685039
2216477
3621697
7694897
389689
2213149
3363073
9815137
6035639
9800151
8500981
7519237
8984021
9530301
9423889
4456623
1140023
6117477
6068809
5175231
5518707
529503
772503
8501751
8765229
8000891
1028213
6705307
6842783
4378229
1590947
5453999
7362337
9427713
7854317
5839999
8012117
4020553
5118363
2173403
3244299
1033897
6348859
4849929
5826809
1243591
43043721
5266491
215723
5522049
838337
6455843
473887
6898333
6825267
266129
974603
3947309
5355561
1540397
6800957
4815553
6149581
6548119
3110139
679189
39032909
7674459
7605033
75596003
