6035087
2981373
5487117
2114397
3206339
4661277
1504401
3488709
5933633
4484299
4629407
5182279
3331667
6162421
8303249
5722837
4420359
802841
9054501
4604757
6281967
4529477
9370869
1997927
8446191
1989973
5549999
8850661
5306069
6544193
7622067
2052273
4670449
119063
2534619
2374649
1019863
4129303
1037287
197989
8720949
3389183
5538301
580429
8952827
6660247
1977199
4297341
8871601
1365713
2142349
7563313
68139
5754511
2804601
9375743
5255559
4124579
5984521
422571
9669159
758591
2849759
660711
3418409
7869427
1715977
5336547
6754711
5723289
8500167
3659007
9929461
638761
44782827
1303407
3259891
2184709
1425171
2107567
2200087
5922323
4431059
133591
548409
6552457
6304923
1278783
1346717
4041521
1351299
3149643
2963697
3823727
6374569
5984489
6321559
4237517
1960299
4700831
1646887
6195669
4205081
6945569
7301947
3304663
6106199
4801959
432099
2982839
6874251
8145321
2811563
6509231
5762281
4451617
2810139
4951529
5286147
4176201
6256097
759187
76587639
9628871
9576251
7406177
4451373
793109
1157617
1516261
6722779
6008167
4493249
2286917
7507253
6451229
2952711
7557313
3260509
6560397
7061319
9810957
4155571
5671057
8788813
9323183
3594599
5736629
7130887
8384739
2638663
9407717
126234571
5098071
1976883
7351023
8097399
6353111
2986211
8419883
1483313
3296097
2022737
8934641
7602723
7138853
3186011
6112119
727771
7506603
1017081
7345309
8058191
2756779
108164747
7152699
2582469
1977813
1974711
461241
3329927
26501
116855917
928147
413723
2616091
6507701
6303611
7402599
5218451
3257539
5390533
3504151
7002613
3559733
4189647
3887939
5364589
3463269
9653103
8854057
4828697
4464059
526001
5563567
299133
6442189
13336353
1895901
2175697
299411
214247
7052933
9560939
8146627
1578981
4589239
4555523
2937959
7261087
90283
4594107
182921267
5606927
9637123
860237
4013599
4821309
2702603
1018363
3209117
7299523
9274513
135440963
9338621
7435723
8497123
1634989
6130351
6501417
7024107
3067503
8826761
839773
5585617
1511507
7826339
9112731
8614469
9035469
1517477
1327119
7084233
2227757
5956009
3031387
355437
3707653
3668971
9507291
5599557
7409257
5386753
4211673
5067059
9472013
4733617
2196023
7316003
6831407
2247683
2855167
3666631
8547197
7960583
9815503
724711
8161689
7546171
2106807
14675093
8387373
7586457
8383453
8518499
3646633
8803333
9660097
7120461
497937
18373
367831
1462401
573463
6354371
7871021
4991811
4478167
1750381
9079693
7365979
3337603
968537
751171
4274487
3688117
6061179
3866869
1690777
7688049
8698997
7011347
34020503
5439397
7844203
4834469
2901727
861353
3384823
8113849
4792063
8412407
7503613
8957037
1219171
8928169
8753387
7291879
7935103
5290507
9586409
531549
9871901
6754189
5610791
4534601
4028871
7398121
7182579
1562953
9732923
1144233
6085857
1705419
4374657
307179
9575479
58531
8315367
6298549
1650307
3802021
4048093
1210287
6757133
4868793
9784659
1727359
6977557
4310049
2163483
7759693
7460703
2986723
261513
4062523
3935753
8821787
589679
8080849
26971853
9035117
4992413
8721477
1377797
48293171
5411077
9319073
7107003
5807219
2934419
1957117
1179069
123864983
8082221
2580487
8431651
7273447
8110057
3275853
6913943
2050247
2363499
9869857
4509581
4727939
1967091
821297
1966011
86360889
8609043
729237
4551801
56574117
8249983
8571771
2424023
3080459
4438463
7769871
8255169
9103713
7847237
4244683
1560967
5520481
1989717
8177321
6262529
6344503
73523063
9996217
6164521
9993763
8966241
3274347
252151
2126949
49661693
9376781
8357393
1481967
8352689
8556771
3573797
2915793
6714733
956971
8728401
5187909
9186307
5195509
4339067
8948371
4609731
3786723
5869447
9746731
2612109
5636433
1231911
6334161
9608257
8316077
4438737
9814483
7236827
7118149
3275497
1129429
975539
3426211
3419467
6252883
9871319
6203867
1733261
3824509
2652999
7343087
3546091
3209017
4420919
2954423
6718821
1752979
9728773
8447679
6635651
9887061
6829383
9793239
6524283
5029083
5271063
6886387
8717059
8843733
9106141
253881
3190563
7183811
8546051
5035399
9131149
1353099
2258191
339179
3908907
4220269
5547289
1624881
5654637
6638953
5930053
2126997
5496237
147452977
4534929
2768521
3390091
1221013
3859933
1357613
5914763
95711997
104356133
1240959
7528661
5525753
5983331
9421377
5019281
5997381
4109239
2667951
8875447
8330767
7957071
7468159
6058707
9156733
6711127
7452641
9423893
2627051
243237
4703327
1564541
8214293
1176723
9616751
268851
7869863
5142543
5407121
847539
8442711
5786479
2354361
3356613
3471869
8985039
3668667
137448061
5539567
153366913
1546487
9294539
6795667
1039607
7085573
6355943
9117993
9346951
410963
5231537
1103789
1170193
8510661
708071
3100891
7070721
170406759
8046067
5115811
89880791
6569039
5737139
1039713
6928911
2261371
819759
3701067
114120369
6727117
100841191
3000559
1400677
9583859
6522619
6347713
4519301
4553639
3448811
4858003
6085879
4826161
6307287
8064553
4424099
8243021
4016177
9283701
4378021
9316879
6748133
8395523
2419057
3639243
928057
2345913
6472283
6909437
8453331
6925351
515519
167859209
1590241
5025349
4354909
5246789
9546853
7410831
8824307
2131629
9130557
3863279
9574149
3735979
9323857
372017
5259267
5581779
179392723
4167153
6974519
2862661
86849569
5599067
9963991
7520183
6995963
6337209
7375887
9165057
752209
5998099
41286459
2880513
6870309
9691719
3286239
377317
3508657
3059289
4976253
3753629
3590789
5554977
5158469
8518567
2268311
6204359
7604459
9359941
6882433
9514167
8762013
160833941
3385119
7225911
3583703
9691877
151623
4346061
8838541
2609467
3301887
1966887
3018649
5030219
4898487
5073461
3552671
2620889
9552601
5503121
2502909
1218287
1873007
6547977
7674427
8581169
4324057
9134429
7052147
8311701
6712501
9775001
9023299
4622449
827293
3746089
361573
2198271
2105807
1928889
8878399
568521
2402899
6814093
5186069
6466063
8562163
8174421
4753801
1322837
8655793
5203447
7600131
9738921
1497059
279513
7869909
2955089
8672609
6634491
7277767
4258981
4349451
4402997
6093583
5190091
725147
33586563
37906163
8216543
3862711
7359641
2808033
2270843
1388267
7941479
9682069
9883771
4508777
194892347
479431
3479903
8834051
5198857
9246577
3636937
3044409
5440481
9267687
9184031
359129
9300123
93551933
165825413
194510589
507729
2922029
7123953
2137361
9873877
1755943
603709
5253561
6685631
854563
5747633
3708711
4995179
5093137
8919953
3182311
1860911
8627661
9241627
5828579
2605113
2613257
8563303
8385823
922327
6895217
2286089
9895319
4192759
1457971
8178429
1412651
7297823
6100497
7054993
7791427
8191649
2629973
601807
8962947
9357991
5404807
