4124857
7852503
9747963
162655227
8031439
5727981
7808597
1141257
9740001
6151253
3544919
5731337
3619307
1986807
4858121
8965949
707163
7200053
2056669
8600001
2009857
6185881
2057267
9530957
8274749
4380967
1842361
4885939
24733
8833599
9007111
3408259
9785407
5581249
134180239
203751
106369109
8419967
5616081
2931793
882381
5572511
3087181
1607963
4812117
4461569
8307367
37450847
1950951
8419077
4694671
9607187
6582417
5591583
2519837
7576419
5056391
8987837
4095847
5916857
2366961
5587087
6852949
654873
6677901
4740531
5933827
4159881
7643177
9148419
270071
7652377
680729
1080107
946079
1675801
66189
6478569
1485289
5662503
465303
2085503
2786651
2436481
3596459
4923989
5145363
2563239
6997879
2071743
8145083
6520049
7336513
8514979
1072217
9288897
7482899
7042113
4529713
83897
593117
2500971
1477837
8813273
6911361
4388787
8095643
6464069
6708889
8490477
562479
8874663
2901069
4212613
18890987
9416721
4860097
240667
9973873
8890697
93892959
2880539
5745121
3600683
1739437
1466903
4842313
3372349
4912843
7770791
7803269
9961539
7143551
8537581
3262973
3280647
2120309
7631057
8587961
9848149
8768761
2607277
189156011
8075473
4068517
8316533
1202167
1757059
1489767
77590167
2495987
3813251
8857167
9870893
1266899
396969
1790583
7430877
9816863
2348607
3488773
9680063
1372199
3238499
4956287
2888053
5594073
1315699
4854687
8121733
3275023
4354067
195101767
5518809
3911491
8302707
272793
185363697
7820723
4928353
1497191
5792477
6442691
6077963
4619057
1960337
9008713
5929123
443671
8799967
6681421
3355283
7816921
164011
8989221
5461077
9981831
6159441
9677607
4281823
8513799
7277597
8380977
7616821
3696449
7227947
6580673
3199011
2174427
6700209
6504503
1096501
32170111
7986051
3649167
721763
9378427
5040961
6367707
6359079
8779289
3004417
2881329
6897023
1415947
9794323
6235179
2291661
177707413
9957013
7703021
4612209
6851171
257009
1670843
4904299
103717349
68044877
1807519
8364967
312967
9314113
3322497
3326031
6487321
9401149
3055613
7823749
4696471
9655291
1557711
27100327
991299
5045347
1423173
918179
859119
8838659
1131079
9488431
5722243
7366337
2497811
6546431
1431707
6452633
5495587
3628883
6270263
2418891
6033693
2430791
6049859
6672313
623933
9153051
2687511
2251157
8768689
2039479
9267107
3276297
2662727
2121189
5077557
6069999
8575023
8593481
5674533
9742951
1557977
3961217
7649871
4484807
3369619
1457989
1146587
6909903
5656721
7393883
619593
6339813
7670781
8301023
6693339
6241111
5075441
6240231
7244501
744019
6395037
3911013
2992919
5797383
9273243
3896243
3108829
9161699
3254749
9726317
4152737
5334161
4090243
2865967
7159673
114927547
3181597
5971497
6216403
8664609
1363343
2273457
920799
972559
594741
6048887
2518241
5826693
2640253
7496211
305061
4490253
3164499
2810681
1552691
1321439
7169263
4690863
5519869
2380203
6650629
6584043
2150477
5281837
1702083
174437
9973683
8283359
3349507
6599073
4917743
3449347
4150111
1834187
4556701
1439319
166520053
2536369
307091
3765387
8206283
6719019
9185287
7711499
903829
54934137
8694903
7100427
9694073
3653261
957179
2373637
5314513
3020157
383861
5167151
1865617
2545793
146572967
7207451
35203
908201
4718077
9416379
6753937
7160781
5279761
118064701
88028687
9512303
7801687
2956321
6900989
5756399
7808473
1507691
7948781
7809977
8350283
7488703
3571271
885033
8251489
131530323
8536867
299381
4570419
6997993
1860927
9779587
1868719
8153241
6189001
7116881
7167389
8772011
22722791
60505787
2637079
9710437
6403007
2971267
68719067
5773237
6657239
5278763
1288709
2635073
794901
189623
6465403
9899283
9919159
9885727
53471657
6243793
8317393
3832639
6778903
1977289
4651511
7940559
1254703
2978867
6116327
9885553
9933063
1064323
1985771
8002241
7482669
5250431
4824017
7149703
6664193
7513483
2441997
5014417
4338651
54141777
7871403
1048727
3101749
7893581
5480939
1196833
4499809
3756623
9536221
6624971
3322331
123097
4925619
7584271
5316779
8075729
6068921
6589031
7044299
5909313
8387209
7498669
3239041
7155477
2366831
27755951
2985711
3797763
6032487
4526851
6128449
676189
5031871
2016081
3309967
4870577
2757041
1359277
8317969
9720027
144721
2129169
7441459
7229593
1088601
7786661
9266687
1705547
6540217
926847
9935391
9647353
922359
5194569
2506799
7428917
50207
741789
840921
2504931
4498203
6543777
4417473
8214679
9512969
8650173
5109593
6872691
1702507
7591393
2824973
3327961
7870027
4782173
7343217
5951477
4324167
670207
9361737
5531729
7542431
39159903
8182841
3557253
1115301
2067503
3296909
3917007
5541101
5822819
6966653
3197301
3984321
8382463
5392883
9507043
288737
4022003
3850841
6049841
1589667
3449391
1366299
6820943
8607047
5186657
7233817
7223749
5406259
1557277
7624099
1890651
6035929
8753511
7099997
3856141
2516017
4739537
807291
2944641
2288399
5542201
8511119
5502419
335191
4403859
6747117
6274009
2606877
7636393
8626281
1395771
8075271
9936189
110033
8859899
1365101
323931
1592837
6024703
2404503
3485439
4201317
6334447
2914283
4665731
6729669
155094201
6532047
1701789
5721907
1016793
9206517
8127249
7339747
9204381
4123179
2445373
2693219
9790217
9013521
9223423
4511351
7237717
8750499
4900183
89339
7197043
6826907
9776717
8421477
5422311
1256243
3178811
9887581
7008283
2840219
736557
3832509
9588383
7218141
9256847
5121423
27104697
6642097
303313
1540527
218729
3888271
6501859
8369697
8343217
7071069
4281201
756827
4733447
2054781
1229421
3413803
4360471
54360713
8923751
2261229
775403
9477567
184354429
4650907
5498253
8696451
1141587
676477
63634811
6038063
3838287
4854207
9131651
463729
1181197
8266361
1457157
178928843
2023907
4339117
6858329
6261171
6121107
6490579
5714663
8992849
3388397
8352437
3065087
2286623
2960837
4478441
8016619
7023031
42968031
5663257
3977573
9588479
6014633
2225317
3373997
6089999
8105993
4070239
3820591
9246041
2619999
8479471
3367139
8807013
6750299
7401627
3017159
6856861
6971663
9521871
7272663
6312929
6171813
1483171
6947497
4537383
120815797
3438153
6029799
8474903
31618413
79097467
9008407
7691819
5426097
1455901
793907
6090373
6184571
5035047
5306699
9352681
4545869
128595479
4639147
6754589
791831
175978811
239507
52529
7369223
3171853
6559171
2187157
1104213
9976147
7687909
3499647
6773611
6803907
569507
157939419
