8658971
3145601
5801091
3542221
5559129
2460183
3391887
3081689
7881571
2925593
9419239
1329719
7391087
639559
8032047
8263099
8616861
228117
5542847
1090111
3557257
6854167
2656999
7750169
8952569
3849297
951907
9977459
4298941
9065567
5560993
4747091
5305097
6573219
5429511
6644863
1284131
1646659
9693169
7404021
4421911
8367233
4986517
3145547
8908981
7994723
6338943
1314519
8412691
14551139
128603243
3691821
3980381
508649
8542347
7322799
9542903
1397751
6395439
69417
6862139
1649717
2260177
822139
1625727
7605167
6298977
7932241
6204753
3870893
3589787
6948823
9574511
3463721
8073463
6736407
4371199
8026589
4329981
7574411
3374621
9069931
136012991
4191787
9240981
6729689
9449427
7403539
5220293
821519
9464083
1266401
6366191
1065987
4800573
9109857
1977719
8777649
3065141
120569491
9438919
3660653
5813859
3396449
6904849
2936529
3043711
4839877
5697323
511479
7907941
2949431
4739589
7699581
42809
3956323
9854033
8327971
6182357
1733689
2081137
9570843
3039179
489659
2086557
567929
301131
8170311
5501003
4249979
3005563
5755891
5424013
1462949
1268253
3752311
115790129
8272279
1857431
5355437
3926199
7568329
2851209
1776389
1211517
1891231
4754617
873409
7277827
6323129
3674739
6186629
8643649
7655163
7951413
115246409
5705577
9710661
4548279
4957287
8806117
721969
659811
4788733
7634867
7085247
1626521
3158523
855631
4899647
5051711
8210741
92084749
3053543
9124383
1916227
7720253
1413691
7174621
2984561
186011
92704059
5905613
9063159
294857
5717997
9772049
3085813
1207593
4460053
9196801
4299951
5897669
4253187
4661909
9013181
1618269
7477229
7727559
116903
3939089
7443117
1929379
380193
8672501
6343067
7035023
4355579
6733149
9873319
2018247
60569
952467
2519747
2922129
6159193
2495629
6690009
8454263
7728303
3715327
3898057
6498139
7477909
5502163
155933
7057373
6002137
308829
8504511
6443141
3383391
7971099
2347701
9058807
9781581
5514101
7904907
3249307
43674021
1604451
183660951
6042937
7807461
7648051
9047851
151591579
8073829
2914143
273757
4772891
1144091
2989337
872663
4582473
161352857
218221
4141551
8781833
7283883
9195811
1709959
8355249
8608039
2681741
6606293
1315623
1718249
9836113
4982773
1816623
1431727
5356983
131903903
1532047
2251361
9770063
2803553
7732209
6811729
8651773
3568513
1342793
9408261
6242939
9543703
4009381
8135027
3482607
7156979
5492497
4315871
7459251
8697897
4402229
7367457
3673429
4650141
134269823
9571061
8583117
1640269
5035519
7269663
4669963
3925649
162299
9768387
8704097
1522039
7197389
294339
8419083
9914303
4948297
2288719
1478581
19082977
1278313
5895633
2229813
7363621
6686557
144140887
1691671
169143173
3259911
5572037
3180743
7976523
8863111
2176513
1275053
7246407
6594973
7663529
9080323
28531183
3372049
781841
2856637
358981
874821
7433521
5316987
3822049
4029019
9293311
9445129
5146189
4042827
9364593
6859587
8367451
3133319
4428367
7114053
2966709
4899611
5517713
9418681
2572361
528071
6397989
725733
768807
2330033
6859881
5182441
111993723
7916097
8992849
4249021
329657
7052013
65670839
104071001
4104889
8636443
1325183
3636269
9469027
3606589
5687971
3822773
9071941
1794741
3193537
826011
147283077
494351
7092621
7604509
4678741
2182939
4285747
153547
9490921
5900243
9066737
9620313
9086129
697117
1478139
9414109
8986351
1645481
2683543
5469937
1950859
704373
4662429
4975839
6579157
2143661
4750057
5092743
5416993
8096601
9709481
9778821
7296523
1892011
8276363
7658667
2255751
7112919
5342973
3900057
703739
32339
3503227
5638869
8376457
5169341
3770389
612153
3963519
1064661
6490821
2905389
3967737
9546673
2410977
2399083
4608731
2268599
167822839
7355807
3429621
4177157
9362907
9190741
4659541
164847719
3417627
4240071
64781833
9541769
4124759
4135919
3356347
7587551
8992679
2933569
4771887
8737427
4009439
5206759
8579969
673359
1264461
3405709
3143911
6747721
8601457
5941773
7456867
9193541
6719919
2224127
5568207
4518627
9249261
4811637
3696273
377579
6472759
1263507
759141
716453
8922481
5609603
492367
8526921
3533947
6660141
9009003
1986923
4535029
8427983
7028057
1440987
3482027
8253407
4280601
1305289
7670999
255041
195712633
3583861
7530723
5074043
46921681
412111
6873361
4547491
26772049
7683127
7598541
8444151
2804361
4488339
1363741
1339463
7531901
8265517
37563
3728999
5407807
3467199
9490689
4698953
5881999
7029443
123039431
53469443
3442827
8078631
4830927
5844963
8023761
3298957
1665407
174353851
4690783
6772487
9671593
2515991
1127469
1552867
6768411
7516023
7803571
58118839
6196997
6285229
9425663
108212257
1923101
865623
9534779
2862257
6753067
439349
4904027
5604161
1203897
8499063
2377051
5070727
125916881
1708019
3465769
5981017
5837207
5196571
6933113
4793841
6552041
1644009
1561541
7706239
2323683
5757777
40129
5731781
3388687
4873691
7255029
99482099
7128031
1075901
86592171
5058397
3541603
8838081
5836907
5474739
893139
5063417
5902823
5709411
6147499
6857227
7599469
1825011
1713459
2719447
9183311
201629
490753
9972939
4209699
7126599
5518387
1038257
4988231
7296637
1337161
7693317
2945379
950881
149636759
5116373
6019307
6882973
2104103
8371143
7898893
7276219
545301
6343917
5773583
6111203
6719313
1582147
5118047
7686723
1456987
8809327
9858473
121661211
9872803
158493
2404587
6595299
8086851
2908849
2378331
1244753
2232249
5773001
8934939
4890231
294039
3779949
7848347
9027977
6949393
174823
1583577
2668117
1950799
231747
7308723
6894279
1240211
7333073
5175103
9591997
6954947
6137001
2883547
6486253
4504617
8095061
2354631
8560301
433373
9648769
26617751
7783883
9979393
650503
876123
6262051
7489991
4275457
3516251
6318087
6345539
1734071
5805639
686861
1008863
828841
2055403
16289
2436529
7288443
5473857
1208701
538871
6290077
7790321
5848263
7846493
9078717
762267
7561991
6341209
148637987
4372271
5986851
8842799
8910581
7520741
9023343
5919371
7570779
5803853
8574661
8350687
2588591
6269791
6195621
3899497
5259861
1801673
6555567
2540277
2154221
917851
8647423
774667
9835761
4376437
4036159
9837529
4309703
106371647
5339003
3319381
2603511
1299169
4947439
3513327
6099217
1063807
3870941
8503363
209007
1869499
6250199
9928557
6038393
7233649
3118857
8659857
8808127
1217031
9858531
5978037
3147749
17527317
9435303
8447177
1884927
5489297
1210439
5939197
7637667
5410653
2475529
9616113
3492387
1747609
2909929
2319789
1052231
9078613
4504591
7184419
4402999
4915103
9380029
1988533
4132643
765641
8213313
4806651
6057171
9741783
7095817
6657681
1514119
4494683
8876741
4086631
