3378521
7236647
1409143
2669079
3190463
1343279
1764253
2786591
7810339
7691209
2543267
409519
191388321
1408841
3559717
5377101
9146593
1715703
8151339
3992629
4042127
9790331
5760393
123818397
3490773
2968921
8467201
3389751
9129011
272901
5578527
9253401
8453237
706449
434647
7471909
4413403
1179023
1126023
860877
9615487
3935747
183693
8237683
5243553
9645709
179265949
2498127
8988981
4614403
8403713
2005147
6113307
811067
2128361
277093
6071119
6197909
161709867
8198497
8691621
7474711
50432703
7542477
8907937
975543
2532251
8332513
5558249
1400753
8610597
7481333
1352973
1151297
6089279
4661241
4263887
7452939
8318383
3119343
9535651
8837467
2142293
86487171
5293199
155292121
5477771
440587
6353549
5162741
5656239
6439797
5527217
1432843
8832803
4336289
4462951
7585543
7073779
7650833
2909911
5795789
4232141
5538677
7100787
7901951
9135573
7273243
891517
4236361
3191591
4308893
257407
5706033
1846411
3558011
5721259
104347243
169129
1656939
9763297
3247579
1080633
6240971
7180089
6755809
9487879
6411961
2707053
5869307
8016411
9349399
7787457
2738301
7451001
6066419
547863
3021349
3878219
1581651
4097587
1064637
9077823
5288337
81971
6854019
75084337
7893101
8056599
2631129
3424003
7887627
6425271
5609949
9246943
7322443
2601257
5187641
1978929
490717
8080953
2487081
9751723
9900157
1476003
7023523
8051573
98039749
4832329
1442587
2408449
1003939
8708759
1311281
8213553
8475693
1231317
4796541
1147267
2727691
2864917
8003653
2844299
3118607
331277
2234361
7547371
793703
2598051
8371117
7994237
6711931
5323931
7977881
4203147
769201
9569777
446247
3390307
75483387
9024259
3769129
4791873
11414549
8217979
26394421
6871411
2264633
4647977
8372293
3593319
3005689
4491769
7769579
8393773
6895317
9778173
418959
158102241
8784923
7104929
1951077
1988927
145921843
9629689
1657631
6273571
5147103
8688367
1166599
650497
1027841
1767631
4482849
5707567
1861877
144433
3032257
9647237
3633723
6054633
9078891
9035991
7878941
7010563
21281713
2239639
1052061
7629067
8306043
8402943
7905269
5201493
2147863
1537601
2020577
8962057
7158277
5831223
761437
2204249
9292339
1040723
173601813
940133
9388889
7534187
9546151
932861
5798657
9135561
3647799
5123039
9893891
7340943
405891
9213367
4229639
8676077
1735169
4914839
1799829
9929353
1496083
6380103
6503201
9033909
43903
5067987
6159963
5467689
9559961
4297639
6978541
87515537
9007701
801281
2871171
3434739
4589759
846037
48701587
5311461
5892487
675039
770549
4590257
8964549
322379
5836517
5827929
7821141
7908497
4511191
2635133
4233861
4376263
2634131
101953
2358523
1796347
83480893
3969529
6550121
21597087
2048749
4861761
100840143
4315751
56179
34123299
7366413
2861807
9090289
5573353
1534701
1567199
12277
356109
6551091
3217991
3538537
3001423
8185831
1260549
5708739
9786997
5162167
1419093
7093231
5448747
2769593
5368783
6480321
7433377
8420281
7578901
2935487
1006213
8223219
2987543
2907757
8631097
9749067
5388047
1427653
182960143
194619431
9404749
2108071
2068887
8532227
8711901
8865403
4132433
8422827
9941001
5741249
9837287
8647627
2309027
176607599
5456139
4699177
2646357
9987137
2022631
2954423
5609651
6093371
200337
5017907
5141489
9266289
7559071
7388159
2520491
87330433
4787843
3403631
1067291
6311457
3180953
7858121
1708931
4608723
3628543
2115239
5387359
5223099
8509597
34211091
6745919
4489219
4021729
2271231
8636183
4570381
8760121
4328427
9028457
2250719
3037747
9838751
5140949
1570993
6642707
8708853
3088137
9305079
6438837
3752637
6346041
5251699
9599821
5564157
1914269
198897361
7258957
6087667
6541557
5818659
2950111
1360371
3054103
6486797
1891173
5319063
3979363
9303519
6965873
9787163
1631241
9091863
4157469
3655441
9203107
5042373
802283
1136509
107705329
896497
9319641
4623829
4891211
9052013
8594061
6412887
2177291
1678521
2809537
7692167
3893763
9230863
2369217
3523871
7518223
27869313
5084017
609317
7354641
59409501
6439909
4707597
2545601
173977
9963491
7545623
1867663
105841639
853453
144797
7466387
4925653
5454507
6044973
3454531
3338603
3753783
6952933
145788249
14706549
8217407
6288733
850349
3664133
6574143
3164623
411897
3610437
8601057
7135571
8544377
9374883
4079429
7759157
1148467
8745609
7595419
4063261
7320183
6255011
622497
2400419
1878141
5837899
1203857
5255767
1443231
1870137
5818759
8162069
1451247
8564121
5797019
615889
6961359
1783339
1749167
8299609
2734523
8675499
107489761
1383549
4277357
170596899
3516571
41891311
3320863
497731
1958469
37039897
2674399
3610537
2397089
8122103
5335929
4422259
118883
1049197
9290017
5819197
4374627
3473519
3015849
5158589
3845051
6185347
7084143
4549763
7149097
5229933
221423
8409573
3814929
8062977
1809161
4791487
4137987
4166461
4292741
5929189
9869251
5573633
5841141
9395699
4350999
2392263
4390043
3405909
6978837
5524289
9711631
9346853
3375929
6357363
118231697
274687
5347733
9491799
2669907
155541
6199113
2437277
3371221
193795969
2113519
9822277
8569643
7423537
8806009
216983
8582667
5901069
4536359
2654687
9589393
6340597
2854823
4337521
4184789
4190447
7669303
7078689
1685041
1989131
2077583
9925169
3012787
3458879
3100987
935361
6921943
2749159
5134739
577151
5761881
8671911
2256883
146203
5462833
2442159
9342967
9498139
6960817
495647
3779371
9220639
4309193
6049657
4047763
64939
6917821
9275097
8539801
6990849
3923867
440391
9534917
6509511
7087983
7950279
3164621
2688843
2118209
7283273
8290737
2283101
8135553
7458161
3130881
5308751
4641427
7533567
3197581
6388103
2874621
3522881
3546869
4668821
1777511
9426547
5304681
8209971
2495383
2416537
7052179
3209411
2907681
2631333
5798823
3009509
8580579
184098131
5787251
5517837
9560487
2370107
773493
2308439
9462967
1047001
1222279
2234567
1554947
9653209
1670659
8719217
9837381
4153717
5467983
9462813
2131019
74023207
3981729
7562083
1911751
5210107
2526807
4407503
3956049
1052899
2509821
7978097
3261199
3455127
6997311
8672529
1696411
131177
1111899
8855303
2210811
2726243
4607149
8329027
1412493
5579123
5907977
813191
2127989
6454393
8799189
4702103
64699163
4419587
1004187
1937281
2646023
7870889
4779459
3072071
1520681
6220489
7646139
6143791
3375663
7448031
3640699
4374981
9423043
2513209
455753
9369219
7164243
6402801
1954791
529279
2675877
9540667
9683451
8143413
552649
3700677
1762839
8575589
6638339
9434977
4028093
7033809
67716281
3339623
9898633
4583283
7366883
