8291273
7952959
107313553
8546811
990767
2802169
4781857
6941477
6047861
5149459
8713881
9945461
722223
3837693
4914387
8143583
4431087
5080427
2925007
9707399
3517183
9269033
7036617
7220419
4531693
156356387
7727351
9094227
6084321
9155901
3492051
263841
9872829
5607271
781467
5066333
5312171
5322501
4543039
8123639
111168849
3346379
8661541
7442707
8290869
7990267
9875937
5836731
6360713
4143931
8394447
6682103
2311113
8607601
6328187
7413623
1288909
9090679
2064801
2791503
4920621
8055819
3966223
8848649
3269419
7193989
5892349
2137539
6226253
1082193
850377
1207657
5855119
8427657
4359769
7860459
8920267
2149667
1678607
2406391
4591307
4721931
55970979
449817
5469967
4949691
1214271
5813507
960037
4078579
5553873
1161357
7707053
4679497
2486949
9510731
1861141
464189
3517951
4311923
4669347
6861159
9610607
685221
8419103
9845623
102488049
6155187
4884879
2999533
4903689
6139861
3256161
7487209
4550313
9040269
5179453
2998467
9253493
126559
3400831
5773799
5614533
9280159
5109643
1081109
104380127
6672227
8492301
8648041
86178767
4988451
2189731
2608201
469269
5592239
3434781
4211781
4690197
6315023
3315093
4243579
2691293
8945277
5058313
3846541
1475463
5621533
403269
9825783
2074597
6328739
8090213
1424903
6574231
3319507
2432273
7681389
5555329
1132797
3203453
6782053
4900709
9566721
2224709
9468499
6890111
9960527
2629189
3123937
6973169
5369209
9488603
9702049
2812319
6271169
1662133
9731553
7629897
3561053
7763091
1087249
4594601
9703171
9079509
6427469
2472303
638227
3455079
1762623
7784199
9604413
8717189
2210069
9445069
1103851
1528917
2802333
5307643
2497451
4846671
6738459
2007499
7105927
9180689
59706617
8326029
9104859
7718509
4719879
3493681
795069
4433243
9465833
5899613
9240803
251257
7482733
4256091
6420123
3240447
4979269
6303931
3479911
8802897
37797
409517
9971841
1116129
8945549
6810211
3291529
6320299
114419943
1412763
2175049
3403977
1226937
5311837
2282967
279917
9127633
8964227
1981217
2420821
4477327
1860693
3188993
9579529
2444939
9872747
5142341
3094619
6509327
5392087
3879387
9412061
131987767
7457801
19937
136325219
6268033
2848093
1397001
1745841
3094559
3801781
8798517
6037927
2189897
5782527
6025111
3817561
8574057
826703
8534703
2084513
9422491
8758539
7610643
152379773
2278193
9491523
408353
5334747
2166671
3986623
3030633
1022869
4613119
1291813
8533167
356819
4677927
39279071
4268059
56818679
2372273
7430397
7427591
7250191
6172771
1897647
5006421
6105173
4289861
4820371
4955889
3133763
7975851
793797
1384433
898487
1822257
2500397
8926913
6887269
2540249
9974111
6507927
9617397
2658669
2625169
2551837
9738911
5385873
7529883
374171
7649227
2272499
4919217
7667879
104829
356199
6046711
8476519
9797437
3077263
7081331
3624271
490393
7038653
4723259
770349
1215639
6217179
4727329
9235541
7227177
761317
7208429
6788567
269477
8489949
6741423
4941561
901571
2874187
5616789
1610143
271227
158379
4175999
2223599
4574133
2936549
7819449
2907177
4018607
5691887
4370083
85203567
6582501
3632851
644873
3861953
2479553
5984919
2535091
9749427
5589169
1516343
2738593
3110089
6429403
9359789
9043793
5482933
713409
3045769
9365901
7449321
6984217
5525609
6479299
8893257
7154133
5953187
7677177
71459813
2315443
3985767
2150819
1807109
1874589
9856443
8396963
6480377
5746709
1031511
6914469
497831
8587463
1083161
2792489
6774713
6685163
8894809
1325993
2415779
9115397
9282527
1029781
8991741
4617671
7137187
171884341
2060139
764887
7037937
5965891
5675897
3001727
5966611
164870583
3590577
1460341
8185721
9670331
3000811
1441347
8728783
6541543
1185359
2849547
69073223
1529691
4727269
444363
6066701
192029
9966543
792837
5194281
1877003
2970097
8481747
9072773
2189117
4804997
3277601
9369423
1642479
308219
4992599
2452717
35352221
7111747
2456421
2615593
2324923
2324193
6075299
5486749
802717
9221689
5601171
3208529
8842943
33817
8856691
5774211
4236597
3842591
9832013
5151291
6421131
1743771
5504223
1567437
231001
5007117
6474989
2404981
3994231
4030421
1217461
5449077
4109641
6510121
8589051
8519977
4290277
4778179
74727681
6699481
1517839
2956793
83540391
6145859
5845437
9397247
38349
2849777
3923157
4576773
4531383
8286089
6151099
2974937
7909357
2791969
3670549
4833937
2674773
805117
907531
2800091
10042811
1747159
1475411
2153583
133365781
297479
3963139
8309203
7103437
1623373
5366831
1818847
8025971
5857683
7178067
2599427
1942381
7741507
8488119
9200747
1900899
6364627
2824157
6337453
9970693
7726273
9649293
7738489
2632323
5523411
9901139
6570069
7023503
9169657
6114819
3822833
9516637
1236143
377137
9776729
183573
4741569
3453643
8944937
8437251
5305493
1823199
608703
7383029
2507923
3750051
3905117
8274769
5241709
9785811
8066839
6152453
4095183
1454671
3697947
930297
4921497
3831177
6059507
7412857
799443
4177777
4187617
5665117
9371907
3417663
6422507
6323993
1601449
5877651
2524771
1950901
9710449
623749
9341011
1002309
5827927
714341
2139957
7787989
9671697
2929607
9920653
8949787
3001273
28133399
8567993
2009641
3202481
6618107
3891411
5659619
2257899
5269627
8622783
5877531
5638653
5623453
881753
3927437
1499039
1873709
6512683
3084277
8491057
2993
7014077
1541417
7887391
3189279
9099059
1016429
8442811
8452293
6306633
1687403
285471
6227683
1358849
7188807
7212083
2147851
8148517
848769
6517843
2620377
4383389
496467
4886001
9201321
4521719
9141757
2123789
82306553
5384263
4547589
2572451
3817839
8594781
172179
6365189
9255221
9245907
3900483
704693
2835951
9813359
6667951
2533603
5168661
162225019
8686313
3817743
7122439
2832031
1162491
3075493
6194793
4105337
3638193
7281701
7618971
1267617
4502309
9547873
9852537
1497537
67340953
4181259
8444167
5902841
8672079
1499057
73737
9097003
4749647
1454951
6199271
915063
3860091
6334737
3161223
5296289
1127549
641441
115411953
2717517
8321127
2764789
6015207
8070613
673161
3297211
8863369
261299
7419833
8268427
5289049
8424871
6082521
6686759
894693
7295513
2112763
5364283
9166973
2536717
7881447
7580339
2694763
8936037
1870601
7784087
5759961
9610181
5267237
4195957
6216157
4712909
485623
1382403
7256999
134375133
9432859
7512037
780953
9470631
2661101
77991251
1871303
