485021
21183
1204893
5720923
1159253
4468561
143187079
4531883
3656583
6623869
8811101
38367501
8446009
1023611
272599
2166413
6014669
6826177
6004149
2684021
639799
1934899
1425791
7087499
11203321
8040977
7921577
2443709
5139483
3033251
4026119
2103441
753161
4507873
8879239
6002509
4242217
105651
4389937
3177929
1991183
9997297
523719
9561783
4923821
7034301
1174151
6390799
5086671
4713507
650217
9252519
951157
456713
5314083
5821537
6043401
326617
5045559
9294663
5236177
6014743
8823433
1840587
4947187
1739387
9269247
7736743
2551381
9928801
4652937
3030761
2132837
279529
7588697
7427447
3755809
6444999
2246961
1173017
7390247
3853927
5694243
120553
298537
1731203
2483409
3293277
9466337
5938977
578469
6545171
5733291
874889
2007581
6030603
5368643
7030033
7311177
3081727
2567931
9827233
2088997
7507351
1533677
9594323
8906469
3806527
76608633
3758027
9200909
6021267
7983001
4031977
8860763
202901
7058951
7596491
4375609
5391089
7065839
5291733
5827751
3906193
4091899
2658147
6352669
198663
9091887
8984231
9111991
653163
4583807
9950489
4338587
2723371
4126111
9235589
5569231
3034707
9859513
1333379
8208321
1961769
9275137
1890323
4004797
9311627
7474711
3074893
7801743
3399397
1192037
2629553
1972791
5635347
3157277
8884841
3526503
425907
7133449
502517
3266683
2359571
151970253
1607381
637537
3556567
3294187
125762031
5647757
5503097
9776087
1512641
9650113
2860993
7217093
8339533
7020007
1511143
3070619
5283517
6857779
9373941
9938633
96519391
2062797
7974769
5794459
836337
1569727
6396301
7534163
2568993
3796999
3048123
3510219
837167
8363079
2006881
3373321
7208259
1865257
124073
2505857
1191381
8000057
280241
8981723
361329
9894311
3731837
5916167
7955879
3641181
2845583
9229903
4876039
8968563
187700653
7003977
2382687
6376129
4518711
9496393
8688623
5417743
8310033
2476319
3797991
3200177
782237
2209003
5245331
4695633
5149901
6253719
115037237
59647
5321867
8799021
9157019
782987
2332101
5385423
455457
8098499
1963949
7698363
292599
6555977
3402263
5218691
5842247
5654269
8650393
6140199
857651
767773
7022941
1309107
9396711
412983
3984811
9418021
350577
6035893
8127361
55124209
2393719
3412899
4745703
7789479
2102617
3240031
6612793
9175117
4288757
3190523
9535981
1022713
106801977
7517047
1953571
962587
9051117
1991531
1143669
327467
3841547
999621
6688187
1485983
1860617
6309343
3757277
4450153
191361
2361709
7823527
5386387
5332329
3320709
9057727
4953393
4913801
6300529
2468399
2519773
4889339
6022339
3303767
2236819
7027857
5909331
3705889
5687529
2576053
4315977
2593907
7679151
4765409
272401
2169409
4694201
3245269
1245667
3273861
5861371
8773927
47959
7939
9293751
3230219
6899563
8391873
2464043
9122089
626793
6109359
5284721
1000311
9437251
198277273
8145229
1217213
5514783
5100663
3889111
3738167
4244101
3775081
4738737
6091311
9479157
620307
7108467
5838463
105333677
2515143
8159751
1514741
6758227
2101127
4508243
3862561
8893533
8779981
9797797
9995929
2671761
9020893
4933467
5041297
7367883
7127519
3572083
187030501
9797757
2163297
6027663
67300953
8026057
8727681
4992077
3395537
2817363
7618051
1973233
1010413
4656489
6906057
4993959
278021
7061693
3179383
781961
9681949
7850397
4463919
1892433
7055411
6999187
6126901
1576369
7971303
6557549
1298911
5331573
182152899
4419351
8318807
8040467
3725333
5821827
1742023
149746487
7930103
3552321
6092791
6826533
8197733
197829547
7502633
4130533
789291
2527083
3734731
2068687
2762179
3344717
7684509
1254471
5928841
9735169
6153233
8955981
8619063
13653
5086273
4364603
6214921
2891383
2772467
6945563
86919231
8310719
3153909
5892713
1829963
2713549
7086359
5674017
8766039
620657
1499267
604883
3901301
6342601
635461
3157343
261781
4391457
8191997
7289671
1971397
1030287
1628173
3098211
1277349
3166931
9819561
1489921
101559311
2217089
4715369
4416643
6776021
4618629
4691757
1078701
187885721
8763757
8634799
1695803
5598707
912587
8559777
419933
101412139
443397
8801111
2952367
9882081
117420593
9743991
818853
787859
4835169
6649187
2989889
2146731
5648227
1269063
687839
126588737
662289
4046043
695121
8354877
330683
5581987
8800501
4335943
1047819
8803287
5249009
1206161
9135037
2994203
7251493
9663547
9426733
2738967
6672837
8336501
8213941
2342117
9624451
2556531
2766713
6875267
7640883
1719823
1201209
3445569
5505687
4505963
288423
4751021
8928039
2012891
8392077
1669519
7331949
789301
7439409
9119181
9251743
2449723
6195039
7915899
1962019
8739041
7156917
7835373
8118183
6103611
8586301
3139149
4187181
2603561
8581319
925131
4721851
7497687
6276131
2070259
7176899
3325249
2908141
5885607
40014133
9992711
7664323
9718863
5858577
9861219
3960229
5439607
8901611
8207893
2512209
7060827
9555679
1531331
4234949
9337887
6687157
5791867
240727
8081937
5219059
8513383
7874699
96725033
1443449
2279877
1743779
1887009
6648831
3369249
5972047
2152513
4107633
1016537
6910719
8841013
2714469
5590401
6335083
3874647
8289673
7328283
8418717
3937903
4985841
8541963
8286871
4486481
6892623
9022587
100901707
454099
8363527
2392639
5937481
6035117
2504177
473077
5405933
9491629
6296771
4297699
1898707
5199143
9785429
6213839
2862957
7015023
3959561
8766163
1395509
4915129
96301879
2418247
2068493
6222197
9686529
2269077
720069
7387153
2257749
3045053
6867133
114710871
3664569
6719611
5309909
534691
646567
2594571
4796237
5325501
6283819
4783709
5516609
5180899
3121441
5728181
4571913
6169383
2109707
2188811
3505887
6656417
6224697
1532989
7109313
1346881
139106733
2205223
7095387
5032897
4234587
5796769
8972739
4501763
8673267
69379
5778031
8036769
779301
8929057
5413781
3068703
3488983
5424151
2476941
8873841
605931
712661
1095021
4149257
9659111
3184123
9461349
8423699
388691
2989769
444259
6281071
1647127
9726419
8466597
7120419
4588503
3341007
5361487
4800629
3857603
5557593
4551917
184107929
736561
3476409
3700017
2197479
9259333
5552953
4986421
9728979
2420351
7903693
2389797
114859033
876629
4817271
4828211
1528203
2929917
7142751
137397681
9687231
2743443
3782691
8129847
9241727
8899843
1676351
2265553
9294909
7742659
8963737
9595387
7121287
3900923
7472981
166669053
9730971
53081
4367311
6828047
1315241
6346609
125826907
64199221
152328247
6008459
8119701
5382353
9251213
1329603
2950439
2284553
2630291
6357789
158710039
3638313
7043233
8059093
8717511
735871
4091279
3180213
9736467
5175431
2387573
1259967
