9093207
7591659
5974293
2638239
7960887
4149927
6047591
7694881
3720397
192527557
7141529
165177259
2424569
264591
6440393
32377573
2652399
4807929
9883213
3390707
615599
5753947
8138401
4365851
2958091
2455027
6519943
4052973
7915303
8889549
8524137
4152013
124573
1020731
101784827
1438063
6232553
6503189
5184249
3310039
4618401
3269831
7430939
121618681
6907013
473661
4514679
9068607
2864923
7467957
5518647
4064593
3549047
163913
7196751
8898819
7157153
8125051
9683777
2879311
2407241
1891591
5158877
6357301
21741
8879677
7207871
7837349
8971441
8185973
4320373
9888423
1834503
8673771
7530621
468469
553433
7800133
5823591
3615901
3864953
9472657
5183071
1187997
3233657
2010633
6556429
4888983
3882121
176728997
3944509
7180603
3708857
5745201
105070161
9090573
5934307
4056701
8917501
6815467
5534863
9200309
6087843
5906087
8846599
9684651
4662709
2142563
3558401
1813323
1663323
5703759
1595269
35053679
3064357
7935339
2605217
6795311
3003267
5842349
7627359
6264887
3035529
4871087
5699411
6175533
7861567
9446133
7482387
8634217
5483569
6283013
3945961
826687
8180811
3010241
7126041
7076173
2049611
4337799
2706253
3996549
4515577
8956797
3321097
7451693
9838891
410661
3888399
36251837
2529943
6848961
6309039
2968381
4687577
8949121
3153677
5847291
1887109
2390151
9797553
23580999
2662189
4197787
7372509
5515103
8622463
6674107
8843259
8027857
6836159
3060431
2167611
4505309
3969327
4188859
8729037
236573
8494447
9042751
6920219
4115239
5822781
1735781
7436459
1164087
9953
7999559
6420137
958979
183139539
9124767
3930627
6913451
6114629
1220629
10080963
2540807
2679953
2854427
3572913
8271569
2609831
730623
6788991
4546439
2249449
9900971
4345829
9963067
2847619
9458309
669749
2787959
1306221
7135819
7324367
1729911
6340951
1134321
6247297
5468527
6216823
5037411
6194921
1481647
4876633
7005579
4769747
4192571
9375641
6286623
6583603
7547419
8641857
4109779
9130237
6179653
5599311
6594817
5859189
5574957
8034669
2816871
1611781
7720947
679429
4380517
169355819
4049631
4392827
6011283
4007173
2520881
6084663
7266449
6105761
4269549
180067849
8134509
217379
1559831
9875967
2872601
2395309
5603443
1181419
1042151
524421
7672369
9011291
7843873
386737
823941
163718463
1972209
3413007
600309
9133237
8535479
1251243
3017169
4677607
6609887
1598469
2475577
7919183
3968511
1323461
1481073
128014801
8661263
8713669
2537327
2242203
1846899
2805361
7080027
5895507
245119
116054019
3716727
2981283
5568977
5516549
7112073
2460627
8980639
9787789
4207497
8601233
6744841
6184549
7711331
4734673
1108581
3734829
3181629
5592809
180207619
6362841
7285353
7129787
773981
4186309
350419
5788141
2343667
4793331
4853561
6968309
8782559
3707861
802789
46389
7787483
1328203
3079927
9780749
5491333
8910171
3894773
7311989
8280839
9302623
1298531
3514831
2228069
4899687
6697977
3595627
4745703
1630187
196695849
7903169
1430607
105187821
674833
1931659
2142157
7686647
5862837
3175239
3317131
2196481
5639027
8576317
1098693
9249873
3337857
5715593
147775789
372129
9605021
7773787
6744093
8572497
9307947
6263073
879127
1015481
7803211
3964791
183343
4895451
7203881
2688823
9327987
4120291
8330543
6174079
1662649
305159
30459627
536871
3154459
4838381
1287579
223469
6647023
6469291
7750377
9698799
7562453
3952349
8056099
2801691
2311009
2930233
8626363
8843159
1725857
6713867
805489
9119209
9841441
4269973
490887
23717033
174796281
322707
8682957
264159
8583121
4461199
3974663
4443329
6886117
2032819
7257157
8663467
3774743
2514283
188495027
107941869
3732979
2744439
102929653
3468017
6254601
6570663
9237657
2532503
2688671
6636071
5737207
1745113
160944223
423727
4278143
2822313
7963927
6953529
1010951
3001033
9277413
7205867
1926559
4325153
3653039
2731567
1525263
6129949
6437453
4464561
9592357
6603267
4019443
24430151
1047447
1531177
6973113
3688511
1708391
240673
9120907
8561427
5720171
8133707
7273113
6579569
1253851
7736013
1511843
2282411
4971457
8947741
3383247
103961
4825313
1503339
4989543
7481879
569233
2527941
8891771
8932003
7079473
9503393
5858701
5707621
9438259
678333
4677041
4485289
7301571
3463927
2787083
269293
7855943
3131199
8818759
3492073
9549851
1763703
4305917
4721793
4461513
114100299
5525261
2872577
7776711
7787193
143398857
4477263
7947381
2503041
9691743
1759811
6295051
7200007
1971243
6308279
4988937
2842807
5065193
8365337
5924099
3154751
771841
4928579
1943197
4159287
3589911
6648259
513189
102109
9286867
9736113
8769169
698913
5274713
23049021
153306501
9926091
4215457
9737671
5479979
5937281
5207759
8004491
7539007
7626083
3980757
4182333
2683517
725233
6500741
5751919
5780999
5238223
150893251
736653
6591761
4224489
3791139
188251299
3408173
1289917
5725189
253371
1265593
9114393
9008677
4762873
76904201
168101109
7958761
5305943
3641899
174131
3794779
5122577
7185897
782923
7425349
446757
4895541
1245977
7068283
9220753
1880737
9185581
6958537
7915657
5940359
7455103
3192197
1112879
3435607
4662517
3473417
5439667
7100597
1624597
9077077
257651
9883719
7926787
9786417
4199631
8916609
1933937
9887109
5456709
4864979
844983
9837843
3025607
7045753
8071769
5760593
506771
2922003
2443551
4334829
3822393
3176801
2854293
2500203
9131413
427579
80031491
184429
118001171
6122071
7924547
4741547
277459
2341723
9914281
1341979
4433049
4087957
4939537
1811647
9521193
198461
9489541
5296907
8517949
6797861
6594223
9004069
4475439
20740133
6548041
9545911
4832603
1537977
8074987
362049
1507007
49835527
183457957
5864691
21388053
3891879
3673831
4284609
1089317
988557
2932893
8019977
4337077
80763
3278061
7260473
244613
2634217
5727391
4970443
93624991
8416987
237439
4398027
66270523
9089551
3647623
3669061
9890261
6584701
8543471
7474287
9034767
6766159
7804241
925731
8816833
3767199
1125061
82065803
9411143
7376273
3859927
8577403
5126547
9998869
4888251
2451047
1873689
6044943
9768137
6827991
4350681
224213
9268073
4660577
3464289
3208777
5896523
5630149
6151689
4577541
4021157
8218261
8789693
4301643
7075833
8315213
5444863
85012481
8408067
9928187
292331
6856209
797597
198445309
4252799
2390619
1606401
