2266701
8943979
7933577
224273
299293
2469841
5836499
6086723
4844157
66639
2622351
2053511
2814639
1591023
8483669
9608109
6917987
2236641
8660913
4083613
9116269
470009
102000341
9953411
6839531
822209
6742679
6584059
25166623
3778733
4016937
7334201
6903113
9018937
7474057
5690043
8854753
3117129
152883
196300457
380319
8526803
3953089
8112407
3300229
2443729
4969927
6158217
768687
9740171
18039
5006591
107156183
428633
27286293
3646183
7210887
9545813
6975777
6009819
7339039
5927569
5033481
5119313
9275717
31269
8951871
9205149
8531623
3393759
9624567
2269121
3227207
3226241
565131
5800487
1390881
515389
6659989
9628113
8761111
9515701
7477187
1358189
6028449
4904561
3435343
8970939
101799
1793307
2495147
148203861
4713901
2951051
4932991
1981881
2229719
3875499
5257767
629043
8193341
4798299
4784193
9731477
4257489
5614831
6910297
7060509
6435947
6422367
7856233
2689221
86837237
6194561
3233879
6747827
18668847
5211771
1221729
3246973
6432763
2685013
3837629
171754439
9642893
549967
1829517
6568639
2047591
5478557
4910777
3494041
5802927
9950047
1950691
8723
7748231
2187547
4028723
2794133
1947303
5981113
126669731
5726401
7605189
1329637
1688271
486913
724241
7672201
4463299
4282721
309067
5269319
136930919
5461277
8629867
8176607
620259
8328767
8973711
4768417
2109319
8716057
4328303
9870687
1661663
1760551
1692101
9645737
8612271
9370757
5144287
9988167
9847543
4627639
3407019
4428253
9048363
8886777
1378913
8531747
9770423
4783473
8995263
7779639
8657951
3699481
3336431
8622199
5279151
7966423
6649779
6138427
118867983
80079
2345937
8646241
3056877
2104947
3886307
7315271
5551083
8938471
7801377
1247661
1436143
7075823
4504843
5260473
8411747
5203419
7339279
7792243
96377
4034271
8047077
4192763
3256087
6317463
6362783
3874419
807203
3189691
7224443
2662957
1947317
1284841
3437483
193980017
3751081
7592001
1059453
6228059
4297279
186252309
9483509
184508563
5444253
482307
7591003
858261
6734659
2741043
6426257
9138821
3135457
9806309
6835543
7399219
5032323
4110867
861403
197043011
8493671
3699993
5716513
39822397
4279401
7058399
3202499
1898933
19481
1533973
8741559
9793049
7331741
105316441
7962533
1055137
8757813
679881
6650409
180049
2820243
1011911
9043371
4515709
4088071
7726491
3160523
9976217
9763583
7010909
1621429
6580483
6801777
9622653
4861813
344553
4781291
4985421
755073
4365947
3058181
1225939
7427019
3045993
3126279
3403963
7448701
9564073
134687
2420021
8093817
117781367
3558679
2840803
8920413
4655219
289563
5244693
6053993
3469947
5679153
370673
916233
3334531
8418799
8877087
8306339
4904231
7627409
9461967
8382387
6183017
8358851
3183189
7402161
548851
9961041
8095227
7605013
9944739
7491459
179887331
2219463
1007489
7345697
3325171
7242549
2299261
3847263
8612483
5388613
8484739
8740677
3350087
6391877
1984751
1506479
3723889
9240857
1191707
2604153
2732243
2002983
387479
7146449
2229137
2291363
4118711
9573191
6888249
6678667
4360269
5512981
658911
7857063
8468167
1177343
1524063
4512421
2410453
7925663
8630287
7920453
1295741
9489777
1054809
6494521
1947677
4283531
1674507
5269037
115399
7056139
4933723
3638013
5214039
5854087
7722147
7351659
3007607
4178911
5076817
2788567
5703903
7959707
359433
8064249
5089127
4294199
6639689
5089329
8890573
8553009
1362037
6152787
4616561
8954261
1471017
9982277
8843543
5167071
5976991
4112539
5211137
8533101
2023837
5752399
512153
351429
9881369
7671277
6979359
4150527
82179
198979667
9462819
9664599
520063
2016859
8448181
2772619
4287469
9784659
4896039
8129703
9769501
852631
1717261
4549569
7814849
7540649
4754607
8001281
5008049
6153643
6596231
8627681
6475649
4709119
5146259
4742857
5951409
8281839
6893869
1403017
2249759
5094301
1016309
4435471
7878677
6237039
9847801
8984181
2448499
1880011
4306863
4711827
7614659
6031099
1697187
3897953
6073907
6435749
4941617
9082247
1297331
2227731
7334051
3585097
9420217
1012093
1365921
782503
5924163
1648201
3762803
5082707
8562547
9344293
4542869
3684767
4571579
9648371
4823231
6642983
3465133
7758501
3556693
9564439
76337371
2712319
133412641
9658261
356341
1463427
4716687
159238001
4125287
9042779
4321869
228543
6832929
7559211
7669181
3384317
7097753
4348831
5174099
4516871
6429391
7426413
9448263
3572567
7389687
834271
2963667
4286993
256901
4012869
8678081
9073461
1778561
5729499
8283587
422913
2403373
217951
2332021
6962787
56775409
2952163
6756833
358467
6387213
2676369
3181861
7586717
6446169
102569293
3008413
3654123
9435733
8564189
8498703
3071671
8006393
8635799
9137417
3661911
9671217
3212369
4661199
5559599
6179529
3696887
7569997
8829027
389147
5044173
1454841
1761673
9643087
232997
2306811
4896819
4721889
2916149
207767
8298331
2811619
7539331
1844319
7036583
1397429
2603247
5348643
962029
2392653
7793907
5453651
9402247
5055759
776149
5343649
9977073
98607
8086469
7448403
6685601
3869217
8242673
8909063
1316863
6561027
3660471
39933027
8749087
2798307
7431873
8129087
1749737
8885507
1920081
198501
7896421
2091279
5352113
1215171
7021219
4651803
7171307
5803251
4150317
699109
9381721
5718597
4517641
8928873
8033487
2028241
6931467
529107
8817411
5738657
1546389
413513
1396857
19837389
2210867
9887771
7995569
7176011
8361823
6472471
5947897
6329643
5496489
4931603
6993099
176927087
122447
7963539
91146557
3699381
630603
7571017
4207641
214569
8764387
9865537
399473
4578561
947411
1700451
771667
5016529
9912817
7995101
7277987
4791349
5597171
8307593
6027627
2350917
2522147
7234273
629571
1368457
9466837
6995719
7356187
5299769
3993369
2718427
3659657
6619603
6337973
1593393
7197589
9106453
473167
7191599
3384793
17789
32973
9402731
5870131
6537963
160182077
6355771
2295421
2491009
7635927
1590803
5513079
6308061
8942099
9099207
9108023
7085673
8377109
9010487
8033839
9169679
9962493
6045311
9657679
7806819
7968057
2084781
8272967
69559669
9798927
2433351
770539
932883
3449623
1815943
3448777
3094227
4593209
8537373
6670637
9455071
7039663
8058997
311043
4395669
4083367
1118813
8451379
9844147
1962627
40216051
5759879
95122443
3068743
8925543
7085231
103561711
6815069
9724561
2080041
8740251
7129071
9188633
5086799
5471561
935333
3622879
4186747
1581041
5289927
3882891
1900989
6350827
7354513
4276513
6593581
6803497
86630321
1855563
1441473
5971683
673399
3696803
4059941
7047247
8273341
4221859
4532443
3352991
136629587
9250951
4112381
4843237
6737583
4605719
3044077
4533031
7731531
8268711
4877391
5865077
9533483
5090211
1070389
4767609
8065181
9900717
4897847
4147249
5042029
3001673
1629823
7420483
7914637
238143
6982231
4687667
7662661
7181779
6420643
1207781
4401069
8269937
9737751
6725361
2442707
1449439
2459249
698697
4963909
6445827
4888099
9680057
104622811
6494307
2717643
3371271
3476333
1971707
2388547
4440221
1707703
696193
1843291
6476573
6621911
