7975289
4230411
8184449
9359769
3604423
4896911
4960039
7110341
2433887
7252629
6787867
9114673
3147117
4132031
7958173
4174213
1576007
5922491
814991
4585029
3717021
9874179
1046803
1963019
9237023
2648793
7964661
8598123
303093
626851
7785817
2332407
4123017
6365801
4805847
2291153
561139
6403481
3608453
3548161
3867519
1629789
2909559
6187621
6504291
5839313
2902719
1769001
2653979
8894329
4935139
3260377
1269913
4215181
8216453
6331623
3045783
5310439
8940401
6418831
9540269
1524841
4290319
4272773
9048317
430803
9194073
7734021
2552443
6106037
4009387
2090873
52186943
2092713
223393
96217
7013301
143641793
8812627
2343829
1978121
3495493
4422037
1810099
715727
5294203
6055609
1752533
3618799
2720491
5036147
9702759
3399097
6865563
9221487
4714693
6589377
3879417
7044631
1323119
1539031
6017229
2372037
3211997
1887553
8148667
6194321
159741429
7424219
9522137
2896601
5051091
2242121
6805397
4358553
8378101
8988347
2897591
1759621
2939701
5449771
9188449
7695269
3411383
9488489
8514493
8586897
6380893
8371897
9794869
6064953
3940857
9310761
6240659
8201159
707757
8061783
6581269
1075549
1679207
6211839
1347913
2051501
8607583
8361377
9902993
2846553
4712609
2255051
115797
1443869
5957437
5487211
4591947
5013211
5256143
8923893
103458221
9564791
4808517
2806243
2213273
5441463
308451
5882549
5746971
9910307
3519863
1497237
2310033
1098037
8843677
8969731
782183
5799411
6238051
8233181
8292647
6262323
3556197
8161279
8153899
6661177
6376811
1560209
3232787
7842507
8602931
7404361
5756763
2423533
5988947
4548033
1178221
48004697
5176799
7242311
7587897
5395667
7447901
5045971
8916961
2845423
2261109
8882861
7077399
5946923
3765973
7607151
8773881
7756571
78213
3527477
4929423
9826959
5004183
9409693
1791123
197266249
6897097
3921009
7931421
2822987
2981781
717723
8144369
3561509
167611
3850311
7018849
3100131
1068613
1649807
5434803
674519
3565473
3545711
7188471
539397
9487213
6950161
2305037
6553509
8285891
9508533
4255033
4126003
2323833
6764249
3238467
191953
3792961
8683353
8937159
9177247
1110689
7426959
648523
4453471
6014169
6028937
5198713
2589239
1733237
3959121
8818179
8207107
5357033
836821
5549827
2239391
9851353
3813891
2938183
3191989
1812597
2331159
5694849
37227453
9535151
7151583
3363437
86320197
8150897
1640209
1242829
9620713
9442543
374441
1960603
1254151
5420587
7196847
5189111
5756511
7389151
5479119
8266807
5899123
7815369
3318077
5786441
1110919
6543517
9006543
9933609
8147301
6650269
8447789
4749433
3131057
3143411
3985877
7614239
4800907
4902441
3781167
9708889
1828783
4632497
5890753
6874123
2164999
7658817
9789163
3687689
1672979
9189777
7536201
2798459
7746439
9796087
3099059
9994133
6896401
7424137
1502241
7775559
5535367
2320307
4283023
1019869
8697151
37432027
9698593
2781423
2673479
294747
9162073
4152229
1203451
5159581
113050641
7505761
3055467
1970013
23591281
2087521
5882429
190767
862199
3054429
2158123
4288703
9029073
2100977
5721061
5934801
5359317
9201589
8859987
3620039
4435929
2194809
8294799
1875569
855219
6937037
9374121
7974417
9815197
5667893
1099881
3436837
99391669
2703127
2544651
5337399
5724781
5178089
1713111
8866417
6796739
6680437
3003031
6782419
2465151
3633837
20449
2453271
115607
9602091
5099811
7136771
2949823
1824987
133256839
3963847
1489627
7080963
737319
6563979
9890849
9591609
7680269
6357991
130602411
9754061
6703703
9301073
3969349
1884577
6146521
7444187
7775093
5714121
4941517
7129321
5030083
8985931
1023987
1286113
7896699
92474259
4146913
1026137
6778999
1071039
133744867
7648857
167623
3971251
2381699
3294949
1936823
3244421
9161719
1558717
7879621
8436659
4069443
5750257
7868357
9583019
59602213
2165213
3717293
6075133
3371747
1659469
5455489
3553717
8012837
4252939
5561179
8484909
661217
2632129
8488089
9798613
8095237
9968353
6676153
6396543
4023819
6148257
4637181
7981303
280473
2661299
147896137
3629989
7845743
6221897
7980849
8876057
8117017
145861
7523129
9093549
1991501
4645979
5559209
150522897
9060491
4172147
5226037
793813
3063853
5610701
739977
4094387
8892047
6145727
8165127
4589611
1211729
8094451
3239657
4295181
6080849
1146367
6589143
6316711
2487783
1144127
2539309
4540617
208401
2647597
6315813
6118039
7053973
3992697
8262429
774709
2689749
8977529
136344143
5840749
5854259
2527171
5999377
5810797
7904373
7201583
7250953
5464819
20111579
2903309
3032411
8615421
7909711
9043917
16803
34380963
6102877
2406441
7154789
3189459
3547687
5244829
160144631
7754959
1922579
172866921
5425271
9710289
9673751
9556911
8614731
1213283
7592507
260833
2181081
125295807
112191369
4099901
7345687
8314779
7263937
926297
2880407
9335393
9962011
2028273
9824943
3012449
164157
8317331
4207003
1710223
1756187
6699351
9735279
7082991
4944361
5030791
2521477
136731
7780551
1196297
3118767
5502331
3075221
9785311
2369513
8560979
5318319
7447947
679827
8187853
109199307
2216923
7640809
5659393
6675487
5913917
4098527
520257
9787249
9342761
6464711
6638513
5605401
5341833
989203
1324089
1060857
1050679
5699133
5115033
1793707
8286789
2062419
5409607
2161741
9384639
6101963
7790121
1264399
5273377
2081329
45061
105866929
5739987
3301801
4721247
5268733
5402219
9131163
5423569
1214719
8586187
4447549
3985161
2009753
7010401
5138031
364889
9672061
834531
8596967
6518173
4517903
9377617
9268733
8398781
5146479
8647343
6423233
4723931
8393537
298339
1666079
3500853
102856419
42053
4595021
408911
8687299
1200907
9178143
2189601
4025471
7198717
4797667
4046571
7737037
5585849
3179861
8587991
5691457
6688559
5040487
1590027
103487241
6759867
7125921
1438431
6956149
1146627
9081991
2383807
6602421
441647
4578759
1170379
1087519
5284073
4789983
3432599
8426907
252377
3080389
572259
9244847
3458911
9091279
6036349
2119829
1116359
3473111
9808477
901853
32084649
2356837
2090071
1329651
9397613
7779321
9808199
4868909
3555963
6815559
6725807
7374043
8639471
544517
8839271
6697557
5600861
6235923
4891999
5650817
1657131
4416787
1103093
7722321
6891111
94022841
2148219
9661139
2018571
6566029
2050953
2073813
3377887
8128361
2722149
2677467
2894473
1089753
8811401
3285731
3836103
8523361
8656457
1403989
5888561
5891041
106482991
4171203
3630993
1496191
176294711
9735893
5710131
9086021
5784621
191130189
9869849
2296733
6677977
5004753
1702593
7231041
96747411
3034899
9460583
9655381
2947389
3877467
589929
2337943
1174443
3152911
158199
3553161
3130559
8939031
8251479
3904529
5051909
35411843
525187
7146177
1199787
9531497
3754589
872993
8322777
1860533
2443311
763963
9998661
5636443
2042551
7857251
6619259
95332853
1005857
5051711
462659
3458959
8009643
8203937
95142831
4488241
8407303
2584573
6844871
3180963
2762261
9576729
4724431
7468543
3233883
9827829
5739711
8828559
9320961
7612579
158859067
4468891
5315063
125979241
111261311
2577351
2327199
1256189
4652743
8389087
5314117
6942569
3199277
4486917
6909083
