6125261
6677963
4087361
679341
5660667
6321417
8081363
7789201
9975641
8347773
3017481
7876873
4091397
4681781
7813337
23390451
2133039
9416701
9820709
6913331
8253589
1421587
6402013
4876453
7392563
7430671
2375887
5374129
2372491
1252241
6475741
126913387
8825687
8054739
190637611
6045257
9066639
142961209
6572831
7527707
1271269
8385941
166180661
8544777
9744067
3125009
5022519
9581003
5321739
727877
3748797
8437873
4543553
4004959
5269523
158000281
1171689
7935407
8747627
4124563
101961
6313327
5055193
1655343
8606139
4266713
5301129
6555499
7762849
9515703
9802223
7244193
3063809
7838959
4405669
2014607
3536299
7547929
6943547
8797227
2858213
3034449
51471343
5470573
2341279
4100657
1944803
5154759
6478519
3560131
8827413
2989507
7103459
6940473
18009
4261037
1027647
7451671
9731267
6074473
7284841
2541613
3781161
69886137
5669501
2398613
9629869
6613067
2931671
9444189
5011597
7267469
9796239
2851103
441059
9154679
3495611
7969043
5745121
2842093
2671863
8966881
5929379
9185529
320373
9700719
28866249
6070387
2608499
8321443
7764649
7734889
9457241
4162519
1730123
5042907
9632057
1146069
757727
447329
6357343
3634461
3812987
2889547
9451037
9081263
3507713
6467687
3530139
8115689
2981639
1355229
8487183
9023709
2714583
3321167
8104523
1095593
8783539
3934087
9692991
8117989
5279829
9312701
2249377
7520437
6532249
4012103
5693863
689337
7941317
5650301
2684471
9957257
2350599
7202991
4016891
3591659
8023097
3146921
313559
1881547
769693
8856087
9284809
7222987
6160189
2116077
3912959
9069211
8687797
8107397
7300321
6245207
1143719
7971137
682277
5461669
2812947
2147377
7273821
4397277
1790517
5244957
5376503
8550801
3790087
7220413
5919017
46619
1485039
1423699
1001823
9828607
7773919
2668263
340189
8366481
9174671
6668609
4049371
2678263
40607
4571367
805587
3893289
7464171
9888713
6242393
396331
1062089
1449881
1943137
9276677
6800821
9699409
4141347
2833303
6521969
6125169
2131841
897011
2145311
840969
610499
2225003
6691927
2010097
5955033
8647009
9368747
3072381
4418221
507091
8760951
2549283
2483569
1055667
7971831
1833181
7495277
337353
9185537
1080639
6757201
426663
7598503
7765063
3480847
9395463
5976593
4318177
8621161
144699361
4994789
6447493
1747541
7127037
6566813
6687551
134083423
4081381
1125197
617137
1083981
9928033
6089257
6456411
134447
517829
2213923
65964971
3171731
7154639
9611529
5879499
5183191
895049
7440451
3484657
2668237
3205261
3583059
4750579
5846893
7871469
7342213
1124807
6901631
9217371
3518841
5720753
6191931
3528539
6746357
6881259
7585901
389117
6813691
1276107
5551989
8326043
4526583
3494199
1166289
484859
7901259
5933987
4120481
6688917
3815199
221511
8949437
5152891
7735049
826359
7250889
7614677
8640877
5428293
115739
5429387
9002063
5368009
122613367
7356277
476903
8014897
9617723
9006819
5213549
3958859
7007949
8262297
2047411
1881291
7643899
7429493
7134721
85461
893811
1151641
7508389
4486833
9544231
992349
6075073
8845607
2572051
5880163
5899937
740579
1577929
2291349
1675387
169257173
7355229
174777209
1654271
4462719
9463203
6022151
5911987
6837283
8847551
5694243
3059651
5560983
4433331
9849607
6111507
4034311
5885897
9873149
5418249
6957877
2989449
1172429
3325457
7535811
3813241
9998217
9516567
8100827
7854609
6949593
8661897
6627141
6137329
4871329
144669
3856833
8033457
318151
7831487
9325609
3026161
4082797
1215309
3520759
7865153
6996377
4027419
3478903
6058307
4850423
82536833
2432699
8662101
2412687
3813209
118503
9413991
3322527
1822503
2761719
8472783
4880129
3664359
8894597
50962499
5819669
3269699
8142777
9306743
9618923
711339
331353
38871637
3187053
1491357
8476989
7789679
7110823
892697
6393653
4817207
6791419
9710333
4544157
1983239
3082429
7581957
534099
963677
5872161
7464893
329243
4928349
612541
4055849
7503759
7991033
2718767
1067777
2877333
587583
199227681
6337379
2829391
1053481
5629657
6080309
2863177
5087719
7355851
7352381
6259537
1010539
2461723
8380449
7490599
6571893
4051437
164137999
1677429
1689029
7962913
5584717
75377
199087
3939107
5430677
94493293
2390751
9703931
7661571
9245229
1978727
5576459
5448399
1659367
8058413
3827667
9739613
5972329
796097
4744417
1093521
7225481
63480181
7898837
2309819
9206359
767229
127094383
3511833
6211167
8891549
2671291
7506947
6429893
7280491
6285037
9856193
1131451
9920951
5860613
875301
8231707
4819297
8384893
5407413
5771279
8314059
3878399
4459641
3720879
6672467
3779259
616839
3304627
1209059
9671763
7920509
9189551
301463
8861831
1975803
6072639
3483253
4780573
6242801
7584219
4978587
848551
1929727
7399343
5357763
497929
6984021
2049773
6603001
9411951
2859663
8684387
3551351
4781043
1742039
8614883
2895981
2701101
3518751
9498043
9311009
7624843
1651401
8855407
98122077
9244647
4010537
2307927
3166479
110353
51587139
1904699
5853051
3794849
6685203
5866569
5736511
8212541
1712673
156393
6103643
3615761
1810749
6176073
6422223
2955417
3116471
2672969
951167
2271133
4537813
6525913
7348427
1800139
2747911
6598523
2138593
8140397
6049553
3528547
8852397
34742117
5021947
2762851
5569259
7319389
8186947
3192033
7439423
6626113
2503849
2988447
2481179
4590179
6979623
48722077
1122721
1887149
4688553
5037271
3578339
8443641
9084421
1056989
1397579
8501109
7861231
7640637
9096853
8206559
2912901
6036761
1068017
3091729
9890377
4794453
8115301
7238149
7708163
5015397
1918997
6714807
8680351
4137041
491047
8779729
6723677
1682149
9750901
4444531
5267791
7631293
4937343
5130447
8543181
9858049
8350917
191830853
3395371
9074979
6676229
6198241
5767357
9900253
2344809
6299797
1444079
7781819
3558829
8148581
6627877
3701763
6652669
9170301
9061367
5311329
6389949
2601273
8869393
6184949
7034287
5015941
6041267
151625873
6707703
159791
1443573
6585399
5050993
1296069
211429
1146583
2088557
7613913
9261149
6808859
8202187
2496461
1501731
5242757
5600221
1818293
9885497
8611013
6412433
1660333
6453109
1108863
4069287
9438389
3951841
1640673
1189697
2762047
3565221
6287027
4341951
5360477
511487
5251677
7543057
4839213
9073321
2288749
4681313
2549993
780547
1819429
4389361
62107
1790341
8963937
113717
119552651
285169
7531373
5052047
122217091
8180309
4849829
8678181
3600387
602023
1783711
1475899
3266829
4335133
7595039
3187251
3136471
3223439
6984889
3076329
3803019
6119823
3857773
7730311
6982579
7383727
2747859
9088977
15653259
141166373
4502341
8143509
9828377
1192813
8545257
3568179
1166751
719431
44985641
9646241
2410197
7756261
683061
8216507
9744453
9072963
8565359
9180841
4544717
9720483
83625019
3518907
5777453
417823
3966861
3614597
8606373
5575467
5459347
4078351
3175929
6110189
4077417
156995989
9074847
5285579
3746679
8428143
3799839
7870887
10407
5426487
2108083
6054689
3950001
7322513
2567127
8932329
2113137
7739343
