8128581
150616819
85349
8828949
1671821
5668343
9958807
6204213
2958323
5769411
7774543
3780167
5148719
1030429
30606263
280387
7395971
64678427
209207
3128777
6132447
8761021
126989681
168619
155134833
3508569
5713013
5916527
4918317
4445167
7642753
65303989
9164377
1041581
7245361
9232111
1609423
8706979
7794239
1811069
332991
9469121
349793
6537409
2813669
1316571
850937
1236939
9710281
7615287
1677229
7013889
8918117
6607383
49605453
5178841
9431533
4938107
2924907
6798951
9478607
1818103
8637221
8276951
7687493
3563593
74939
6382281
2175583
1265989
9447651
131956429
6915707
8915721
320353
9777831
6946897
7125001
1056197
5013799
6014229
1586349
9225491
2065593
5161513
29632099
226279
4779817
1888679
7135221
2837341
4021759
6926819
5502209
9189347
2038773
7536717
6041723
5265897
8329469
9547131
1082299
5880213
3493487
2624729
151983591
6513257
6886323
9560679
5379461
4309421
6037219
5220089
2219567
2361103
5191671
9472857
7932961
8571187
479489
234707
9696649
621217
3591523
2777737
9986957
2945773
2721751
7293547
6251061
5703157
7615589
5243727
5223311
2641031
6338087
4000351
3460227
6238341
7370571
8910441
3304831
6671363
8222359
9004813
7509883
9660153
5271063
9857297
105566303
176007483
3196181
3772923
1078951
9016581
7025941
6370857
9349751
4323309
133483
7073769
4068609
81869
2786481
4353843
7359227
2585709
9752751
2315337
190505581
7852581
4746889
2729529
5891217
2061969
7028509
4946697
6470297
5230119
4313261
1557429
7949879
262417
3608759
8922637
2530061
5732259
2092747
4453469
2166703
9409451
5453443
5425669
3129471
8017977
8280807
9127679
8333859
6298553
140886981
2629813
4581129
4181411
811037
2008109
9061107
8141767
2025031
4453747
4942869
9288101
1444263
6028509
1021607
8674297
175086829
5772303
2016333
7076463
5823449
8220957
2866689
7962747
570789
6100823
4642021
2151893
7887267
8464243
2408687
1598983
4001769
953493
9614853
5785309
5125737
5092259
9047431
4668113
7867853
6878387
6059999
9028233
1402201
59163793
90860391
1635297
8852871
275697
9196407
6728659
811741
7687089
1659231
3360441
7946277
1705009
9580817
1804041
1397353
9996137
1131113
180096873
1069361
8627059
931861
7372581
3869949
1919443
9560589
6228239
4287507
3344279
9315653
3494369
1117023
7162437
3144247
3977423
2570471
6922141
3036467
7355913
351527
2529007
6744703
7962423
7669391
498443
4435871
7243581
4856521
7184221
6018461
50187
3962287
6651957
191841
3770793
6916987
9920037
8963993
983293
78682557
106379233
2241259
102877
6975477
7312561
6316749
4173623
9014293
8701969
4948347
5983853
8323141
5912903
93906737
1900631
6193031
1731861
6445919
8907387
1830907
7110717
7688063
5919261
1735873
5128359
7738779
3719439
1049839
40386907
9295639
7044421
8481683
9568113
6795747
4109251
9230121
2829277
6876869
8611887
2761371
8006789
3709283
9226301
6669031
8283329
9293091
6548269
162469
5417511
97766667
5324343
5283563
5543847
319673
1818011
4298431
660837
4887837
8447531
6130101
6756949
9223059
5876513
2481393
1808707
3763517
486631
1333689
6320901
3299811
4604951
1508303
2982469
3921661
801883
9782509
882783
4008271
4839231
185610113
1688829
7449067
8793939
3535033
7731103
8727071
7200481
2892661
2858681
708087
6517199
7608571
7826831
3190389
3451553
1505647
512121
9038579
9641297
94890229
1142597
3891819
47489
2781779
9627297
3060689
3988503
9203923
6418441
9664687
3068577
7889317
4931529
7332037
2711853
4860137
7376353
9717
1003761
9413043
7850151
4786813
6503241
2318447
3963203
9776893
9591237
2369341
9668921
9425579
8768839
933489
583821
2365219
7479683
9770453
2877049
34393
6174209
8108919
680133
4726717
4282691
4369723
7567899
5192631
9894063
9504729
2854673
5283909
2172257
4431423
7477959
619501
7362427
713903
7644709
7595431
5961927
9995947
9981969
3714821
5969767
3544897
5113593
5190443
3687169
7874983
2764151
4179651
982253
6841613
7107133
8127961
7040897
8561227
8903297
397947
5428093
3737543
8962361
9104027
2468773
2786803
5708833
4317641
1420629
2642439
4126509
1277639
5100941
8368603
1124193
8228059
9122593
8399137
5419177
3403311
5658369
6355927
7267193
7412199
113647227
1756737
3395397
2120769
274207
6666467
2790503
4301727
7374441
2594421
9502851
9856469
3067221
21150579
414139
1998199
7949433
7383177
2425493
1808839
3918843
147696011
6599499
6754159
10899377
8518387
3716437
8052669
3901071
8248499
7042443
7703983
2179431
8536933
9660931
7445817
9193773
4975137
4113113
5125021
9385571
5450971
4930709
2175691
253367
7868503
4455341
3264031
6156807
689683
7809639
5211103
9515329
8722671
5194637
995533
8031627
2385281
6928759
4917599
8099213
60324067
5865571
2371049
1371739
5992967
4383147
335517
1999911
6863829
8019713
8793059
5176709
2152721
7460797
7371471
4594751
2338707
9823857
3242927
4200399
8909399
1512863
2106229
2177297
9416263
2431059
1186101
4403959
6536579
98390177
2726313
7958493
1943837
1716861
46635627
165987711
1527013
395227
4802521
5873339
8458087
9345589
2306039
833027
7898041
3117313
4645151
1014707
4901537
7703633
8676781
8115069
608789
9159481
1086057
2047299
4837489
129650177
2971647
574877
6911797
3314413
9144931
8071233
6598069
4034851
4890843
1473133
9870277
2918543
2647487
4430613
4536517
6103247
4914001
1588459
5022489
8658227
4996429
3432227
6939493
1142307
5257969
286931
1350257
7950723
6293049
447223
8157343
3574757
1700719
338253
3593443
6318093
4345621
105493911
2816481
9152199
8685953
2211089
7785103
5145351
9664029
326211
571449
6767819
5602291
5604237
1103139
3454051
3485261
827021
3639659
5006119
169359901
9755209
8162411
73579019
527641
7540083
8398933
5579617
3890313
1499709
2632977
4015611
2001147
2942843
5416909
654451
9896829
4710533
5399211
9324467
1126011
8127323
3342351
7816831
7152489
5248951
3999941
5214139
7158499
730967
7817591
8216697
2256691
9235091
320573
6230739
4313327
878221
8425453
8864897
934801
2286909
18639719
536827
2471709
7812603
8248417
5197243
5976541
8667521
3117291
3002289
6251827
481089
3599553
157550521
8800667
811841
183301191
1105791
3243871
9930021
9445289
1438921
3953779
8060393
4074141
5199111
3349409
5913219
9875617
6574567
9845967
8403541
888801
3022899
6858279
2044497
9162771
7142743
7986249
8208721
6453689
1156653
695991
2176983
1555307
1259949
9526789
727401
8570177
5488597
2609697
8540289
8322013
8177707
4960551
3599317
5792689
6759193
7714631
5934603
6795477
1832549
7290227
7253853
6400921
6186803
6075833
183960639
3943679
8212473
948727
9745537
5342563
1425043
6216301
5017953
403537
2690559
6261311
14798153
5174259
8049993
269911
255237
8870301
8522671
1012021
1744999
9933499
8963909
3051327
976481
2921399
6785573
9647833
6256573
3690783
9155481
6484613
7060281
141347363
3061667
5184801
78243
4604853
3782727
2001679
1359857
