7610309
4843691
6463771
3220151
7856689
4045613
5320957
7245939
5395949
8398851
1982351
8104307
1049643
6011681
7115317
950319
4613327
5222507
3328177
8920161
2838729
940379
4945299
41153
2901589
9070959
28311789
2352033
1063763
9268391
7358373
9633669
624857
7874993
114601609
1582349
8901407
3265331
615343
2720167
5105321
244661
2407783
2576671
9080997
8768319
1550917
2743769
2968899
149995727
5000223
2815671
9890837
2918761
8849087
6296843
73629
9764839
977237
3894131
240137
5999737
672743
2743549
5863067
60833959
3747451
2886963
1209747
9415321
7929589
2599761
6096931
2997969
9738639
939227
9887817
7903939
1700267
6387991
8812313
3259209
2896123
8560013
7862483
2408621
6160003
6154029
1688041
2236177
7239217
4314103
4331893
2884581
9513061
5482159
1018787
5436773
468809
4801237
8238231
4889749
7656357
8238197
7362939
8087231
2721381
5332889
1058881
5072183
2808281
17169
6741761
9347151
1415809
4543287
6664927
3823889
2151767
8323493
872299
9917201
6420989
9590411
1452607
3432529
5061429
5626679
2485491
4091019
4453389
8697509
7806279
3302319
7657949
4909081
340341
3056007
198033921
50709
9380443
2046207
2756903
6782313
2331317
8864501
9026027
8573817
8945043
7750067
7413959
638469
908203
6444749
2149391
4167577
5602149
5466837
2646393
8834027
3723299
2434023
1915759
7961439
2985417
5102039
5614413
3487561
4535023
8036931
8478879
3086247
6834307
1747431
70353
2818913
3698821
1945969
5293163
9865233
7844331
6875123
1912657
5234501
3929227
3418571
5951833
8090629
186844829
1903391
7341071
7366261
4549269
9332399
62974823
9538469
6126767
145284209
6341169
8496017
1431047
4600449
593941
7935677
6323761
3641973
3237683
3389513
4992617
8810301
4776213
5627253
2487799
164451807
105811
5527381
2654549
2858703
7113177
3926081
728153
4702973
3611559
9721487
9985067
1539023
2506001
8212757
8103657
9205373
4718047
80850327
676321
9355199
2158011
5026633
8416001
4169681
9404263
5328957
121923
4746609
5680819
927517
9853219
809291
4362983
8022103
1092721
47869
320099
76577791
9321099
1794389
6252237
5568677
59134931
2385163
1060491
1723481
5727339
1045499
108845639
5889967
7850683
7319773
4172521
1525157
1064401
1398253
5270403
156225571
4393047
5299987
6985277
8090397
1290391
8882969
1487651
3635931
1008369
4775187
4894039
4072227
5934693
6483101
5181567
5997743
6015851
6346789
4577959
2840857
66468379
3936417
1328803
6871251
7762279
3514453
2900637
5995337
9449993
6513803
2172801
5061001
9360493
1391749
5453943
3095081
1239709
3435281
9707907
3740771
3972343
3649393
8589183
3582361
7304033
6116867
365437
8256147
194430901
4976961
9152163
630573
8404859
4326839
4891343
1054341
1568637
3243213
9808021
453389
6371407
5549889
6691123
8948127
3364863
2693881
2908113
1236727
3449843
8829169
91353867
6382451
6164269
9455979
7699413
3964823
8015869
7412209
6226807
2154391
944743
9320267
4582263
9547611
7550241
73624057
7685961
2294477
8160591
9098489
5484407
2727659
123033
6460873
1139061
165225977
5745131
2889963
6499139
7281199
4539067
3322611
191328701
6931459
159945741
1293821
1919241
2277141
9982977
740973
2075867
4295103
8386919
1324153
171274859
1785333
1608963
560359
4170693
5213711
4698687
7970921
2733661
1548453
6020461
9082501
3221047
2751813
2146867
1735153
257101
6736307
8334633
6537821
2639481
1479963
169457733
7182901
4188419
4130667
8579581
4351051
8132913
3767519
5064927
442899
119696257
9257673
4989857
7328393
3169299
1774493
2455649
4228861
6942453
8949237
8343457
6672691
8697447
2824957
1885451
19219
3824191
7091999
4717319
6381827
1166549
1707403
3543149
4172253
397401
5897129
8395459
9508101
175888433
9712409
5055523
9621041
4794419
3373157
8742383
1113943
828827
8964841
7002379
5884347
2438759
6269059
8898633
9980883
20507
6711257
1096159
9190411
3562521
8056257
3630991
4622189
1520701
2908719
7769321
2055637
9790121
3888371
1223487
743177
8964783
4762579
5116413
7247267
5649563
3088251
2618241
177730203
8776153
2528439
8573671
2681819
9340209
9488733
4732197
3254161
1864727
1402793
1614053
9476377
2800509
1230439
4175457
8997729
9015527
6484503
197314091
2370939
6725773
4277689
8578307
7626871
5594887
1770967
6595517
7831867
3595201
9562307
3673613
7094439
9942999
7990919
9279659
6274659
2556297
1504903
1630281
1710953
8716697
8957789
9080369
128751
2399541
5623039
9433017
3239881
9508561
4113677
5536497
6068081
720667
8561823
4529889
8631391
1004599
9066309
6560263
8279533
4400779
3637693
8295939
194377
5495929
3275017
106475973
707261
3003061
1211853
895903
6108589
9921313
1259321
5766193
8654039
1147017
9916799
5885731
9653819
7834239
9556367
6614547
3930441
2387979
3065223
7743579
8836781
9834763
2174523
5298729
4904439
8244799
9992067
4693089
2965507
3209697
5988379
5450123
6775847
770271
390127
435569
9591007
3726617
5527737
2384163
8613
7219569
9810239
967551
7190897
772759
703217
4044021
1024901
8260129
128897
8990621
6644723
6130349
1929627
3043167
8773583
728711
602609
7344619
9923109
5176937
9658951
2615749
9752631
2137219
6411493
3490683
4820863
8120339
9718231
3924113
9732793
4739773
1266599
3267369
8273553
3812737
163449663
3819491
3673817
3959447
3336027
2496811
6114613
7954909
5088621
2623579
831127
4775911
4242657
1751461
7105913
8493947
9188527
6889397
3256459
5043747
2538157
2009467
9568459
3060719
8404479
3739077
1311427
1280689
1477821
6646659
1739099
6071621
3791983
289613
7321931
821093
5985401
2443559
9981303
170550711
8037411
6788173
4393201
2282697
7816659
919873
3220301
8460317
6605507
6227573
7416193
4482151
21674711
6919533
2171067
1954139
6259527
9040101
9481719
9640149
6605469
4321207
6555443
5445881
2329937
1553943
6935813
2718849
2212407
2794473
5817523
8586061
7235857
8318207
5244263
8339069
7472871
5009853
517983
3264941
5154599
7006479
7263883
9311143
5637359
328409
5506367
2009207
2203707
2661167
3853697
4952287
9261887
8846673
752307
4619899
1538861
5763613
2444759
7973401
6557771
6296127
3241171
2661189
121336063
2282141
681793
8767339
9443951
1916889
3616399
375831
4101521
2927743
7958213
9007373
2270789
7393193
5882173
1059681
6271651
8799053
479261
3410723
4217723
336247
882183
8562359
7780329
201339
7929169
7460611
2886687
9181229
7897967
157271
9833271
9946369
30737
6554847
7525941
3049601
5472917
4218699
5160401
4247157
9270603
7595457
1871739
193672683
8049143
843053
7049041
5922579
3688769
1203209
5776041
7951197
6990611
1150437
7980849
4718541
88700221
2283353
156184057
5828151
4311161
4255757
7317159
8084383
7668839
651339
5586099
8908203
9523037
8090081
5545123
378601
6433717
8680083
8999223
1682207
7939579
