2000429
7174279
5408579
5980219
6842657
8664807
2295163
638029
9600541
4481667
492383
2443283
6269023
7877453
2142593
6238233
4609077
254611
3106423
6446511
22158633
8485593
9545483
3917659
7748769
6114047
7675981
9373391
1053521
2463493
6442591
1345557
5476033
159733
3076921
87786807
4179347
9812793
5490437
7062599
35533
1904923
4609631
6673317
5523179
7820621
7819263
1406873
4840307
9251689
9751381
7616349
9700991
4258607
8652063
687563
5038009
8668633
3958241
5445951
5997853
173153361
489177
3391251
206593
9311339
309139
6481771
3789619
544201
7388207
48590019
2427287
6143997
5118441
9453581
5382521
4282901
4318817
165202927
3071191
462953
4542259
4749641
8187511
345121
4097059
155704791
621879
7370987
25094243
6638587
3972383
981023
3533757
1913177
8805503
6968987
7842113
8374829
4033257
2647947
5211579
1581163
2445257
4469267
149230709
6663203
5177497
5622551
1221027
97493
2125277
8259037
5181149
1841681
1093801
8608743
7603213
9765341
1800987
199373
145659023
8039453
4270117
8130377
1689983
1119451
4546099
3238409
8239021
768867
8424781
9580973
1846021
8467003
1216567
6101709
7046059
4308679
6629019
8804501
5758989
9594359
8020981
680417
8212793
5580581
3398599
6210639
7540129
7446217
6804853
9239107
1576719
236179
450429
4339711
793799
4908271
38217979
2377137
9368337
5313409
2877683
2404127
6155931
2590371
7646203
8035483
3788001
8531177
2006091
3346541
3874023
805001
8666133
4287943
2939607
4350769
2500291
8981393
1478441
1587479
2046841
3945401
5716211
3310851
6424349
1480469
3337291
9053801
948673
6000079
7016987
2983893
7972267
2561883
2826351
469369
120081
3861869
7503559
3197171
6522369
2015277
9667531
1702703
8728579
3184911
9747571
3693133
8085891
3111349
9753753
815791
9187159
2268173
5879789
1236971
3046599
9646523
8654869
3256779
7618011
227069
8965481
1820037
2361833
4360341
6346427
7213827
6211563
2911013
9642993
2594219
8458449
123232381
56237
347261
2138841
1843843
65022343
5850509
2596217
5231821
3541187
7822619
4431861
3685907
2338003
4575429
9095437
6175841
5253551
843423
6577939
2241969
3835159
2237211
1371077
5936439
9758287
1199309
2804193
6025803
5411777
188097103
8110997
7896057
6988093
1173851
9689007
4617647
7651437
758361
218093
4637367
8348223
405569
8334099
7358009
2622409
4593787
5421519
44885393
6313179
7616967
7327201
9576579
98938561
7592249
1577587
3431067
2250129
4289921
7939251
2513749
8556827
180989617
913467
9708863
6684709
7920749
1364073
6314901
59819829
3422653
4220073
9740133
3031759
5889761
37390611
9270853
6676849
80797
3918311
4395667
4824871
435141
179475683
1357771
6239473
1689317
2634547
2857267
5560673
3548981
3769093
4687661
2270191
725559
2385989
8591751
6975687
1535357
2496019
7144997
1624277
5207007
6870533
769911
3283533
9822599
5401863
8808867
4575029
2592801
8239033
4824243
5453589
8041339
4503323
9081699
6575581
1461129
2296263
7086407
9035193
6690583
6476337
6875501
1125731
7875239
6254929
6024483
4703241
6851213
3139349
7150217
749533
7602511
5293533
6806939
8289333
4666771
6519693
2433037
4715239
1659103
2760933
583067
8050259
2575583
6657597
104581
6519663
1075253
7324747
1182959
2853157
8888467
5469301
208103
1798321
5942763
2041323
1301929
7020969
5653171
5071581
9775977
7526911
2130981
4972177
7363253
9327439
600519
1962751
570441
6740991
5446529
6142867
142279
5417459
7883619
2908217
8465921
2384179
4059497
174951
365991
3834039
4983509
1332437
333071
3004703
551523
1732089
8558953
9277111
9426141
5431971
5932973
4261991
2702843
9464709
6061119
5439729
7225867
4953029
3511957
7978533
7057697
3968251
4503409
7036083
4532359
7469263
5434403
5482761
8392223
5790053
9310677
9168147
74527373
1871169
4601421
4984987
3787223
7459353
8631751
3646061
9394871
4871653
7228127
7073617
1905703
6173553
6364549
6975269
3385431
4471071
3642123
587511
2930437
2907387
4433239
6525677
2399789
1154513
4284001
8569319
7718051
1835001
2624071
8960723
2998359
7517597
1326027
5537751
7302163
3801121
86268241
5407931
4607071
1868227
9137167
3748907
7668033
7516729
6779349
9037943
5792141
7126949
8607419
2159383
810089
1315643
3245021
5976501
96176319
8633487
4379307
4145691
4877189
6914657
2073641
2332669
5748353
4626199
1926481
1017963
8281921
7725669
9529173
3927933
1633467
6507613
5873123
650339
3304937
9918997
5909477
5340793
9300407
8530619
6412461
4999631
437037
4723603
317869
3482199
6476763
5192143
7293907
6204239
7299869
4857049
2782613
6001447
5123337
6557667
3676297
7904969
807061
28311
3870393
4156811
1988209
165236827
5941091
123534981
9931121
1206217
9948683
7930007
4280239
2600787
2786411
3949273
3489753
8803307
3851951
36842143
6595991
9307831
1864837
9213793
4950109
6962963
2979201
1373477
6055923
68247
7650809
329781
3763153
3687839
1500629
9895239
6990841
2023523
6855501
6146239
9486563
4942843
473301
1217491
3990391
707977
6549863
5345079
1929803
8038511
3131657
7962907
9254159
8698093
4715543
2994931
1904299
7160369
26850453
350023
5654187
7077599
6261957
2498509
8046303
9612527
3572789
240903
4154879
5249447
6429867
9870769
7900967
4654373
8836737
6381599
4211469
592943
8798741
1297931
6847697
454449
156267
9188777
2342919
1259717
6563259
5790441
7128139
4651929
39385959
9887541
9560643
5157369
5282253
224003
5509333
5252189
7600783
867331
71807
1080377
6762289
9063327
257039
919497
8488947
7977577
1245347
9360591
7697293
1364401
9867477
6302679
1561249
5098593
1325293
4151931
8742007
483233
18609
6217751
3693389
953673
125326713
9574859
1171873
6706747
4088139
1531667
400189
6078953
9036907
2441127
1714239
9602267
7930067
118827
7442687
6413549
4023003
6501329
7185263
704747
5219871
3403469
4082761
6150563
3347523
7459601
9724173
8349267
57997653
9795319
6686627
7833293
1414549
6824573
6852993
2491981
5305439
4814337
154987741
8177347
4257059
5843807
7718907
4253299
8182897
6946279
710043
61747251
9857941
7778943
1287767
6285491
7246207
2423559
4886601
7433019
193301199
2378873
5848137
8973969
3796707
7010669
4147067
4110023
6552981
5080223
5988267
6290833
340759
9645347
8288911
4353361
9682881
4256413
4760767
3371351
2374963
5568567
6653031
1137231
1510209
8477043
6633013
7779623
3517773
4353273
4264357
6527711
5717673
8897791
4586977
1304169
6562051
4887491
186244109
7342217
2231617
722913
2002631
3457297
7709623
417213
3517691
3005369
7029781
1478103
5291433
9634813
8901253
4898091
2760261
7137661
6202449
1897999
1566737
572269
2916783
72083
1487613
4026399
1464301
125731411
8098643
8624103
2089083
9341249
