9495119
2393481
559283
1109909
682339
92559
5513293
4284427
158894391
8384767
8142947
9428897
6205209
194321
4031657
3670763
7739831
8107319
2562909
7057671
8025403
6706649
9656339
6431799
2626021
2338791
36577927
7347511
4516397
4432247
9775411
60247669
6730847
1495019
1836087
6048829
5417649
5306107
2080267
9493239
1368063
5562871
2227509
161540027
2833871
4838383
2557661
356631
112521561
9426353
44354887
4070257
8776167
852221
771923
3373783
9875709
1100351
3065373
5390347
8065987
324561
1200697
1981947
6976211
9292999
7120653
6124033
6388421
7960187
9445563
1939513
9603491
3876237
9130103
9586433
63454821
6181301
786019
77321617
8567139
2501963
4085787
5568287
9887463
1218189
3249417
2788297
7496897
1942501
4864461
8120259
5675797
5268869
9105647
32917
9944733
4012743
6076161
1414767
7421569
5896009
3233413
1039697
7876329
953149
4503933
9051657
4326683
55400977
4064279
5007581
3408631
2863817
1499937
5193137
1492217
9129877
3697041
3634239
542911
1370519
3346343
4634113
6792357
4427363
3604339
6985833
2321487
119271
8321131
5017241
5593901
69206903
9219943
372691
8105119
9096949
1775657
8644459
8362741
9374739
3002301
2612797
7805351
135747
686439
1638679
4307403
1815917
6753143
5541069
3810769
7575463
2129909
5827613
5504831
7467459
8270827
8237501
8676949
2344713
4543427
549679
5933399
8681361
6247347
5504679
7231859
9736633
8259459
8787607
1882683
5385799
4555229
5280863
3588201
1082593
3974107
7225261
9160881
6807991
7209163
2226757
1405543
198917
2681957
9518549
406649
7926757
7640921
1782391
2540247
687051
2997511
267563
6150647
3531993
9502227
2546143
2957489
8241663
160169
8103067
2893377
6591527
5578387
9999489
7417581
5457809
8792269
9970633
3749147
7338189
3751909
2660087
3851971
8449549
7437801
4119597
2186019
7592321
9866313
870083
4832207
1543007
8643623
5320361
9524209
5832263
150289579
6540341
8893081
8403187
3791263
2109673
4158361
6064557
5240237
9012101
1826707
4667753
1073153
5952987
7350063
4924327
2867401
7614391
3514751
9208301
2355407
9236141
1178703
8975589
1808291
6096231
2141791
2036113
170391
4350213
5963349
6093313
3360223
3649009
7002439
7302853
9134931
5190061
2844169
4318299
4035749
5979771
1375399
9133889
9429701
5662003
4653823
7930077
6166791
51294829
3063713
5620773
8966013
6508679
3180669
3560721
5752987
8641467
7019783
584351
9406169
4015593
1723111
8305573
1595341
4532501
3367229
2426541
7165109
1704449
3021409
7048293
722819
4236721
3663057
6226823
134895967
4047771
344091
3409677
2177673
7135679
1003549
6718801
6453421
4839611
2960403
3185297
311667
6944467
8038573
6397471
2513823
837269
9068601
4202081
9189867
9105297
9409583
800739
7107933
8067887
3204313
6596771
1666941
4851081
817689
4681169
117391569
2471391
147218129
8345859
132379
372707
152076743
3969177
2379619
6407689
3898919
6275571
9398949
2367479
6976091
4751497
2593939
3628503
8758091
7395969
7479663
9825119
3524441
5659663
1339387
3308749
8890777
2564591
7683143
2404867
8270699
5992459
7368157
4611827
7629597
9317421
8430141
9210941
8717551
7791997
2815767
8096113
3654843
4606181
9587699
9574709
8396801
2493331
3953573
4512557
929611
4916047
4455799
9776481
2332587
5161997
9415457
4691081
51330617
6336273
3469809
6961847
5828237
3942193
6108749
9984757
2765243
7382389
111663557
9647831
681997
2800561
6230923
7912517
2298059
217697
6925223
3207001
296531
6834463
3729241
108731
6264867
5329349
7959741
997843
2031583
80241217
7101923
9540869
6685683
1343989
1151431
3919249
9676201
2836727
9003089
7565889
7148419
1650493
9871211
6509013
8686461
574987
325461
7584891
8812651
9694561
9571659
1012003
9157109
2574809
7032781
164293
7270107
7388261
4526727
2038453
1915359
4035433
6334361
4999161
5656937
996901
5837581
7084999
33275919
7661459
6297277
6129261
32451
7731751
6219859
157379
7115601
6789661
8206169
152216159
4985907
1558467
77874099
44961231
189033143
4770921
6392051
9947933
2614539
3202373
6710383
1688937
2801911
6255973
9518719
1908053
3018513
5003891
3526479
7171801
5186387
9356453
8987107
5012987
4888247
7030939
7956723
1401501
6345011
7886023
3268673
5769873
6730289
2810091
885493
9903439
7025367
79777
7679333
4187427
7506097
6859193
3589413
7669499
977559
2739399
4147699
9639471
5099467
455903
87961
9398529
7217409
7026907
9018947
4347117
628613
88168067
2409107
3491843
4379607
4600451
5170709
7722979
9627857
4896907
2038117
128909
8281053
9640823
2855633
1836891
2816347
827899
6928959
8561807
2334639
9195611
3787823
7121107
5437427
4358743
9668713
1894059
2504491
5661897
8772099
174061
7094207
1014099
5019733
4721587
4787971
1569939
6319017
3476651
9993099
2114787
7606097
833689
1571773
3646243
2216637
98367637
6269043
4911627
90784923
8231169
9849749
1945429
1011809
970269
9591283
8320069
5506699
5048829
882759
2367261
629009
9833219
4727857
3966189
3644681
2240947
7172199
7923017
562777
4371893
1043889
5207163
1087641
9119067
7975739
7973983
6114021
2081989
4163821
7826151
2028097
4570929
5427261
5755607
4093441
9370979
558927
4384523
2368223
5817677
5374771
7833293
2645651
8866439
9921757
8798693
8274819
3250969
2262211
3093461
5049527
3060011
3003021
353831
1075849
449553
2154937
3964317
6971097
1986487
7029189
4223691
8640119
2796857
8907333
2919309
4323777
1138703
2816381
6435803
277727
18812499
1140229
9200791
5434333
1232867
8763657
7457907
1438439
8051573
8052791
9318487
4326151
4065227
2241809
3802217
3354873
8100519
9832593
1464219
2272649
4255799
6513243
5728809
3038871
5048581
8775669
9827689
5062699
2556237
7258421
5283321
230897
1423249
4975039
4793609
111989349
2604143
8521281
4017269
7646433
5430293
4989201
5455023
4046607
25717
6578353
3430403
3346249
6348641
8607519
9885083
5342621
6968789
566289
2058087
8234291
3030709
9301943
4546359
4854111
9161321
9778969
9044003
8158369
3098791
5486709
3618903
4643073
6127843
4447333
4154723
3845983
8032901
3859867
2515927
891949
1772191
5379473
1825211
5191291
4267849
5093321
3906193
2836893
7724481
2023707
3645583
5807379
518251
3798037
6277853
5678381
6961181
7632593
4280171
1475787
1308849
3307343
59863317
183731
4940639
2303517
9653387
48660113
2069317
9262813
2869333
20818839
2267163
5471389
5177767
4599193
4100391
5496197
1839339
9684597
6434753
9658059
710247
6547327
3461593
5477639
5406881
2788959
4044179
8931637
7466217
9513529
7716009
3909237
9624619
6805527
3571169
5004227
5511803
3720579
1896183
9851237
9091587
168149
1376413
3655811
2584901
8654619
1222747
7912543
2509437
9293827
1674141
895859
9973981
5476371
8250229
4905517
6335227
5788149
6877509
2060647
4622849
4903533
274743
3204987
6196511
7160779
83502239
60651
3996447
198369
2685331
8994529
9756161
1479593
3149371
3057643
5214419
