158330727
6509669
8824423
8741153
4482889
8889381
5850013
6304323
105312121
114662597
4199741
3115223
5042787
4707879
1796477
8862247
4744161
1706093
4056131
8900137
5287361
9627047
5856031
2402239
2293767
2925311
7162743
568497
9226107
8027981
5997967
63470661
1095813
2523719
1656199
5424933
2886703
194155629
4662961
8548223
5785031
1123217
9323673
3155069
7374293
9145149
232349
9392829
103607
2937337
9564843
4687383
4700161
5647177
485187
8643303
5033083
4361383
4262571
688973
2501231
9590457
5864737
7916063
8316697
2608629
4915049
7812229
445773
5381521
164304267
373429
1256499
779121
4134341
364153
8089679
722189
6592463
2496971
7648029
3142359
5626639
2162523
2749011
2126247
2832389
2660819
9823491
6958087
9923769
6265011
5111021
7581021
1934959
1013337
1123473
2664469
7174443
8806511
5507637
601147
6682377
7317253
5540803
3711369
5383541
8520967
3744557
9663533
272573
6912041
3118221
151815097
6247543
6664259
6522839
6954951
7879219
8490661
6693669
8414341
2944561
126947509
2981843
5761343
9774259
4027537
8323531
3556829
2556873
7444033
5584687
119354027
6815701
2422119
3189901
5163943
8403759
1755433
7120163
5898417
5472981
5423541
138344823
429421
4753689
2419067
152909423
7686057
6292281
788811
8902719
8081869
3406471
8949379
8402543
906501
8721661
3955603
8727371
1714741
3135101
7662331
4404773
1244089
145731017
5414803
6900451
3241539
8793981
9613273
4891639
790639
89283
6778337
5855161
2020193
5056623
7598581
175704407
2576081
39502947
7489787
8729787
8362047
2758297
3663279
7727373
360533
8599043
2555259
2502251
5024253
2981227
3230793
7282953
4007007
5398649
1946871
8466597
787261
6880939
146101
6526459
6921393
9987771
4390001
70059449
968431
198473313
1934531
1639003
2698417
6895633
7319443
2455469
5599581
3234187
2620731
1081743
1119169
9089927
8926533
2406177
5929893
1967921
8835283
4933081
4266153
3185493
9199609
8686039
2363551
8232489
38321
8879933
9977369
1266247
7181877
13895101
7303267
4811281
9372477
2499531
7447299
9414163
4439351
1492383
2987227
5572749
8597507
3875151
9321691
4658719
4758633
866119
723471
1800299
2589987
946447
5934977
9229107
1101627
2464569
3967611
1937061
6973703
1828603
2309937
2354243
6214631
4686471
5507613
8448673
3616149
6215137
756659
8481911
3217621
4638361
6725713
3558417
9327097
9399319
6918927
5904539
9924263
817451
2073999
7599307
32485031
1628509
2340681
1753333
4772609
1746819
9677551
9455359
8384799
7769089
3245559
651219
8299823
2679761
3874733
7264453
1308033
6737467
4679399
1631501
223661
8765129
8196119
157806041
9757647
1679813
2986331
2045557
4538373
1382569
3199189
135651
1574849
8616017
7433153
8563547
1449043
8260353
1484517
2855391
281851
43535717
5654403
768327
9089797
1459543
9226037
1856713
9345753
5021957
6002373
4347357
981773
6091089
4364471
5272287
4001827
2606029
648681
1606963
6691209
3512689
96251
1056007
7758923
2547891
6334573
4048321
5956661
6969827
882531
9271151
5903473
1411569
6185013
4776889
4626161
3914239
7270367
9182119
1520133
202101
160641
1111453
2416219
3652633
6805047
9978779
6879331
6924049
5885033
9108453
6581581
8764829
5694559
103637651
5664483
7900077
6307681
261627
1514597
6627333
3652881
8326681
7036123
121141
1056321
728727
927557
5004957
2692551
5616177
6427581
8135771
6765107
8348841
8902597
6541021
2424741
2961659
3890039
6823353
1033181
610149
271901
9210913
5999011
7866537
7854661
8441063
3292373
4868237
7634391
2882767
1584813
4682827
149702139
2807481
265891
3735009
5231143
454183
6118613
1412211
3455597
2683149
5832689
7835243
6844859
9320033
4817929
58779
1457373
9586961
6635961
6360383
557973
7928827
1676357
6722619
3605819
196633839
6611393
7595121
4581677
4445627
7648283
147169369
4149911
5643857
575891
9864853
1057033
9578033
729467
4272797
3287729
184148747
2052593
57445719
4669001
5690433
4695923
6645951
4431999
5676159
257669
68669
297291
6058167
4185313
9152351
8891179
1293417
73773
67139719
4101919
5102583
3716999
117015809
103073973
2955551
1858147
8589197
5215391
6346643
4054797
9280583
8494193
6459481
4942097
2486241
3892913
5907047
3837551
8698291
505493
7888123
2508911
7234733
720413
8147991
535857
2095669
649967
6763109
8389991
8192289
9982289
978831
9629971
3477337
875877
6198097
6498913
7507311
421681
504121
5909519
3623977
7398503
4020037
8814227
4806581
3649757
1679539
9428669
351217
6265659
3810979
6726851
7147129
8475873
2743617
2238917
8534593
6002047
160976247
3682923
4340879
2340321
6409197
7129213
7339807
3902179
8579593
6184199
25983151
9823613
1001259
9325199
3259563
1299663
422401
2159587
7222667
6611617
7750961
8855929
7925833
213843
5417049
4941393
3017757
4139741
9131223
1675681
970327
5098147
7698719
3448627
9327029
8472943
2430873
7947811
5004603
8409199
8873777
6252049
9997037
5069879
9742897
3104679
7520349
1539587
3750599
8498699
4721139
9304621
4208471
1411451
1172059
3810869
5900813
9726241
7495783
6526031
1479777
487549
1619321
4441803
3901389
3907211
2234313
9477281
6408537
864929
414731
2728897
89256227
37871
4209891
3448581
34197
5519839
5232851
1094709
773733
4357781
5447341
4206837
5566913
3266901
4101559
2066411
4182813
9421567
3434143
927839
4973021
2861539
2637269
6392649
4302529
725627
100457
216771
6413517
1392891
7876743
1626477
2805009
4566477
4718209
3051593
1100843
2147771
146168477
5969127
1299009
8047743
9645239
86565779
1794263
8508471
9908937
9054337
5400413
5044319
8689647
7796823
160919069
473943
5567143
3674603
9285201
49896851
5208019
1312293
6775397
3715209
84909
7218721
7452723
1679513
8294813
2227797
7444693
3431271
132196213
9981761
2579069
8684897
9335987
828403
140361
2870783
4729789
4424011
3374827
6776413
1087629
3199469
9091031
9416441
9379399
2644693
7616911
6693773
2321073
9728681
6725219
816373
1727869
2534841
7701007
3079751
671857
7919899
9167479
6321253
3834717
4074243
6008853
8847207
5933331
2297527
9045049
51094827
4410933
191143
3657099
6421871
3690063
35460881
6575059
3026157
3569161
2976969
6976191
1725077
9980001
5868371
8936057
8381163
6358993
9807351
1003713
6029363
4424657
7929903
5274861
8635953
4279509
6172583
2036407
8864979
2821087
19078853
762037
376849
3090677
9868231
6961747
7507201
5080739
1056741
4982751
651369
4950073
6119313
6588141
5336843
360761
7258907
1108243
6119331
3876683
6408479
4735509
4532749
614191
9427007
9412323
2294019
2761071
3809007
641279
3607841
6015433
6027813
7853519
6479223
6367097
6947361
2460829
4157389
6674359
5730799
7205437
133191311
4189377
3629077
871791
982877
19996113
8594777
8731537
3339629
194693163
860561
4364781
2827039
6185053
7159647
2145429
7806567
2424833
7602007
1279013
1245929
9808863
385467
5604071
9332543
3249887
2482651
