2097291
1424521
9939603
108110261
4646983
9806829
414597
9708217
173847851
6692167
3176871
633187
3492273
3632441
8557891
4028241
7198323
3839949
1647663
3900951
1420369
2141207
6065707
7636371
4047493
3776457
1101771
4230077
7713949
1198559
7539353
9930291
6602891
9288957
6510341
9553837
62608959
1213543
8825229
4021463
2686491
2460457
4965157
8954349
104313
1268671
4871593
2389527
3445409
3117383
7600887
6461519
3784123
6875329
5879083
8654329
1917803
6519789
1065249
1990881
9471749
606067
9264213
4825607
9146703
6569101
2869997
3715717
8214543
6041771
7827333
1940477
5474833
1253547
1856301
7491811
4613071
92539179
9208317
9285747
6684029
1279429
8334867
7591133
7592369
7653551
6729297
56212163
5892499
7819397
2521569
1500329
36147
6688093
7793083
8342197
8888577
1583769
6305177
5219999
6479629
8953263
5650779
5430933
1344073
6695129
6856071
2859371
7816089
3115743
6608753
7896801
610163
9231399
8896259
195394467
7965207
4705749
7136481
6625643
3125753
8765377
972399
306729
6032737
4638169
2208589
2883071
5354277
7827033
6717097
2670431
4121467
8883973
161849067
716053
9436011
864687
1448673
4140591
500287
3627589
2351647
292197
3563643
6558751
5465829
6345177
7699319
2831589
1907549
8721423
4043673
3952481
1012229
6285847
180268807
3370717
448629
3109327
1344347
1014311
8027793
6130537
6348461
3100833
4128843
5378483
373933
9622861
9322821
163317093
3947479
7870109
806839
5954811
238343
2742229
7516161
9570053
1053877
6640237
7093179
1644321
7807173
7387951
7894969
4861987
8121959
2212591
4878911
2572513
6124601
57288783
5575021
7909977
9032061
8600671
5011657
5673649
5335781
1365807
4333321
4045803
1290647
482509
9293011
4514049
9256667
1489631
9704999
7177133
1294271
2536743
4576859
4982151
8612603
9698173
2687099
4182349
8886519
9611283
151498017
974737
2810429
8440423
8137943
6131101
8170983
9500729
6496837
2923919
7910157
4741723
566663
6198837
3452123
6112531
6708519
3204361
9102813
1470919
3542013
2188647
788713
3015599
359077
2466827
5300877
9755341
8833447
3749449
6028101
664029
9791551
9159167
124753403
4032417
6474071
2267783
5353897
2432363
6129797
7398233
9468401
7789899
9737879
7007257
4813141
7680649
4457581
6247689
6527137
7364153
2536681
1220161
710473
9007619
2720757
6502683
2417421
1776761
6661911
2980953
7389513
605769
166239561
3210507
438511
4511913
6377881
7607541
6823219
5429527
1955511
7882697
4062807
4093271
6673807
7598529
583583
9502959
386707
1780211
3156091
79771
1344337
2021813
7855073
3582189
5340437
2317417
6776579
995683
4097827
3980359
9201857
169098129
8297431
3323179
9524573
131927
3922987
1911589
4891737
5510487
1464351
3908053
5280599
1951677
7789601
4697019
5874679
3738893
9052097
5425889
2079429
2464609
6723617
2575529
7393557
9257743
1231587
9726687
6140649
3565253
5038617
4732873
6783933
4194657
7357407
7420469
9114151
4731351
8618193
3169849
5116507
180173253
1717199
6332849
7321217
3254523
5196801
3525779
590317
488843
5160571
288991
6151787
6595431
59453147
5848771
6583591
4997823
4260227
9060481
9839853
2533127
7574277
4366561
6907827
136814519
8937437
2120381
4269881
1149247
1047103
7997091
5569257
48258347
7098487
3010697
128641941
2092829
7252771
6810741
9503733
5954157
3422587
5215837
5050389
8043781
2668851
1667453
1871317
4094109
912381
7022763
6170913
5807789
4240829
9291527
7819933
2716059
3595497
3888301
4794929
3967113
7684503
4715139
8331949
3062701
9347093
1549851
720463
3635203
669499
3659213
4467977
1507461
860249
1595431
2928119
4738793
3496067
2664151
6384193
6334857
94559
6312147
150522557
7140101
5694929
157409259
3862407
7880771
1634843
5190833
9363849
516691
6894611
6140867
2852571
7571353
5273379
7741051
4608917
6559891
3817093
4855031
7823413
8635661
2757653
134681801
3297903
9223027
6379477
6645819
6539153
9397561
7206241
1479567
354639
7504471
1413939
4628357
8769321
8888721
4817503
7368393
5583253
1149839
2306663
8399999
2879713
9052353
5853683
1829699
5989491
8633581
947491
9167509
272663
3077593
2972151
1352331
5818881
2263791
562401
9810147
6949387
164199091
1540657
5235837
6730541
5697093
177663
6945051
5187509
5503167
3854027
5474403
2105923
7152187
9967083
706447
1310457
2596519
2292659
595347
2694809
2896183
498289
58149
81070291
1465453
7964777
9986679
4666349
8412231
4222519
3976389
4501951
5287933
4770237
6343523
4867117
1883129
8191871
4388887
7710861
9564449
4454363
8956161
152341269
2194867
923277
4383763
8870633
689939
977939
6653873
1452091
3694291
91133
7338907
5860903
5798293
920359
1957257
1108281
9188161
2632133
8517233
2288647
479239
4467117
9700901
373761
517097
9519963
2267437
329583
7437749
8017011
603393
3911759
2746887
4102497
2054701
9024173
2184567
6667959
8240879
1642757
479669
9578799
8845447
2315099
8689723
6561717
5012341
4547051
1501513
9699971
5326703
1801937
1109593
7547699
8128501
569783
3023359
4149369
702207
7948373
3435591
9553801
1556831
261797
7283337
2530329
3054473
3370611
5530741
7858369
1699179
4264959
1073261
1328407
2695053
9977463
8335507
9611621
920881
1895481
155923
4983769
7120641
72847
6246391
79331277
2748129
1785771
8222587
6214143
7372527
28281
1792757
162905803
3920611
827183
71171403
6540481
2636429
426673
1862191
5664617
5348731
5917469
3640269
3706979
7531627
389883
3156919
7144387
3404043
3949329
1380567
4393723
7767723
142871157
6135699
5182097
2437079
1745929
3723351
1320523
1490131
6448543
8739373
2017083
9675133
7536399
6692259
7777481
407627
9107213
9655937
7258861
9993219
8018553
5342219
1667809
7593359
7925703
9877177
3822793
2799903
5585213
9317311
6132723
5010517
2837653
1830583
5593777
1918077
43791
6914283
9943203
4127161
9902053
5564829
8399389
583227
1656959
4229143
5609539
3454591
1174881
2871549
3259921
8700679
4141111
5723299
4430079
7487869
58071311
8197363
4528503
8612183
3501587
7884649
6630499
2504413
2456499
7058731
5017461
7883769
1143527
3385471
5595083
9565359
3260753
58419249
2937407
3143401
1133261
725517
5587297
5636787
3657283
20387
5392721
2258137
4199841
222317
4360583
3893907
5539691
653431
6165973
3609717
7238047
717703
8221337
2507571
7304501
2501107
8684107
86879197
2023323
3243661
7600353
5930029
4082491
4686587
5841641
4059541
9175979
8260283
57919447
9758723
7759683
167953341
4165107
7512941
6475409
160458067
5181929
8100329
2444939
9596389
1119281
5232223
978941
4797737
1704549
124189
1564961
9841207
1244199
195810367
8523623
3367523
1329257
6443661
92707209
8096751
6219893
9817911
8804327
4079631
5499067
6722751
