8275041
9738819
33458221
554527
4464909
2005529
7464133
20489
9381607
672033
9163007
90472237
1911023
6688457
4185169
2035919
3022397
4528359
3281337
3427507
3795651
7652987
1141659
4745647
8681959
9432899
4540617
862899
1418821
2206971
773759
7148327
8345333
9741499
6195023
9915599
44656779
971973
2449241
188382113
2535063
3385699
5709301
4909933
799933
4607763
3446161
8671129
3777157
7612813
2030983
6170061
3382031
7447749
5159253
6637719
1289477
8004751
4859401
1705791
6795657
4796921
1949807
9328367
1310497
9831789
72310327
2908359
5303271
2161267
9698017
3907211
7841143
81077783
5011787
6441313
74313
4468273
1154719
3797527
3589447
847271
7886763
6601167
1427829
2802169
5031433
8866457
4274041
268097
7021531
4122519
193611149
3850697
2427231
9254773
4062817
7230649
1756461
6976397
9930139
7483409
178171101
8051951
7289999
6755609
5115377
9344873
5856361
102155903
1757943
4697053
37843847
1114057
7317743
4019217
2245413
4612301
5537979
451423
6433949
9046281
6106961
5349067
26564373
6170591
136743
9802281
2609621
4893277
5655087
8991597
5794897
9270691
2852863
6515107
3592067
5631059
1920531
7715731
2882203
5387241
5548893
1132399
7779953
742017
3473447
9903023
6268409
6322821
8684399
5646311
117179699
5059957
2178251
2036257
8127223
3152543
7848983
5664993
7794329
9857631
7662319
9091409
84239
2264091
1702307
5456583
4889497
6416273
2065971
5600931
5462347
214913
7257653
33596749
7809833
5569107
8071543
8027773
6054273
7270919
1292583
195545923
6737221
271833
6251723
6426543
6780621
7265889
6207337
7464439
5980061
6662287
6865903
8402001
87972771
9399893
9221543
7498679
9311317
1194107
1704243
7705227
7487939
71529
455843
3250791
5195111
775673
9796527
3493539
226471
7709699
3182169
1550127
8647607
785851
1201671
9519881
8098737
9955911
9469557
8209113
25919
7444759
3600437
2700613
5251249
9890127
3545369
8732949
6820661
4577741
622987
8371979
9977023
3243297
8728267
6400289
7659427
4167097
4138361
4303023
9754979
50732467
9987151
2306447
8017197
1564251
8174167
5500623
3251917
58211
3412629
4473627
5890333
4037661
3167061
101476439
36614269
2590193
9916859
9514797
8874449
1043773
1522397
9271713
8815237
1420013
8062081
7374179
1970539
4439587
4916091
5940477
1832507
5621593
143643
8252769
1565959
5740533
5183213
6516881
7564983
8739161
9329603
3500391
3146557
7932167
6784189
5539781
329243
2069189
7128983
2334091
1624881
9885077
6027517
9353057
3452013
7550193
2566113
3441621
2280927
9570193
642507
6319307
4013507
4988549
9168083
9754481
2869017
3885037
8588587
4374167
6558851
4931127
324147
8496049
9646603
6574847
9803181
5563957
2816783
9179463
8126203
3978789
186520683
33963707
9544937
4998787
5068729
5595643
9176117
7363557
3290957
4980929
63986211
6986319
8608313
5170003
1430479
5950647
5299707
7014159
6672787
1926287
4599193
7029189
357477
7364863
8049051
7151819
9976049
6649881
9387513
446783
3756447
2537447
5561741
7402949
9506641
1705449
3782311
400949
5655921
6061259
8866071
2865653
4911071
4190811
1018303
4447459
2420027
179238431
7988543
4396753
5313381
4373091
1815547
3295823
300541
9587517
6196243
8303437
2677641
2264759
3506753
4824049
5656063
2235413
6230557
3810737
4136413
3732077
1068997
8125603
1463669
3159477
2940709
897601
9222431
6336027
9247801
5499053
4077619
6086947
3991053
1220559
6686881
2807587
5669499
7354539
1565619
567209
313579
505513
6201537
1676617
2512813
8517959
3450831
7330911
5477317
6480517
7044117
4206097
4889093
8054679
1633237
4008301
31475159
5904599
8762941
2691699
6176363
6326549
5759067
2685693
2604703
3694719
1197383
6251271
855183
135778199
6060729
3214593
5007889
1517857
2617017
6768791
3556943
7911467
6350031
105553251
271089
2584437
3960027
4695343
7741233
7407641
17841153
5215243
1431289
3987803
2231897
4182643
120987
7581891
4402879
5306851
8271543
5982193
8146431
3654583
439019
57270047
1781131
1160319
1598967
845929
159837
5871159
6586727
3501547
8105443
3400673
3675649
8074961
7029757
5058421
7744143
625473
9978219
3716111
1327867
9442307
7556359
9511679
9639407
823177
5039949
1182841
661089
1368221
682127
3505329
4776739
150000191
2393917
1793819
159196899
4521101
8368533
633641
2053609
4842633
1303717
8339953
5653021
7867051
3823653
5288069
6559003
5471927
8676921
691199
2857691
3962041
5077311
5707867
3483547
2026677
8114971
9923179
3615049
848081
8746841
9088967
1430171
3983507
8068531
9758697
4197771
7542517
9109931
6731131
6242557
6029217
1150667
8422913
7433311
5867789
6449811
3128127
4067203
2734419
6054199
2270167
1647769
8744661
3790213
5974363
5332193
6788641
5156521
9985369
73966327
8721487
6030577
8860261
1689113
8180287
2268209
9585533
6996553
5106137
1960241
2736519
9643749
476023
6642941
5440603
4822247
5478807
2691111
3065273
4307207
4139489
610649
6813001
6101539
6550141
3321383
3807129
4437121
999647
7424911
7919351
4292313
4079123
902391
2891067
7587079
6452917
4282147
7437071
3707583
4650291
1725231
7821459
9306937
3622053
54575253
556809
380877
753897
5906003
1234513
172687
4351237
102647001
6234061
959659
6566149
5465751
2849077
9667867
4580379
1921633
5416669
6221811
8085279
4692973
2633673
3619003
9484477
9789851
7181713
6184519
1871379
463467
11999
2137063
3483393
9411079
8758431
8032221
345481
4036729
7691061
5297753
8085381
5054477
1650509
4034121
9219977
6940421
3162879
5102339
3451547
7946173
4121177
1140561
9270341
4740587
1599619
7950381
16637
6707331
756339
2832971
197665229
9811647
7290883
4483379
6902981
3169763
2172501
8442207
5983129
9851879
2290627
6681757
634693
3167589
8959181
4190997
6289639
6135651
7791981
6558857
4680389
488863
8150197
7633501
7019253
2705437
5523311
1761189
5923817
1712841
7489311
9318441
3893329
4047731
9875951
93041159
8508211
9507853
5639507
7325139
6351391
9741567
5223159
1040079
1510809
1846109
3892419
5628063
25177
2124131
9571033
6158771
7346961
8646039
133988221
2310999
7149643
9609743
6496203
1662409
3710823
9519421
6135743
4108937
6324163
3414639
9309901
6285219
2968923
3452009
6451713
7773949
3310627
3051511
255437
5839781
1122121
114403
5189567
7185737
1104703
3727469
6952577
7605717
3780447
4813881
121711
120672969
51687
6797879
3719459
8851669
294097
3296217
435033
8269527
4812799
8638887
9704753
1754821
2720923
661623
9013209
7749413
903689
194965009
113791877
2475017
6065537
8938343
2150083
