1215047
1706213
1982903
9687967
2408649
6859197
94411313
4099513
5181539
7467531
8586067
7826669
8202371
28353743
6959989
614423
9729311
5781469
307311
8251693
5639821
9270791
2624037
8076839
8999359
8584371
5238037
5260449
6111467
8778883
6847539
1766229
104064411
8288123
7087821
9243181
780169
4530499
4486413
6735311
4937449
7450961
7294139
5791507
2770103
4073231
4292129
9501791
6397123
352601
742991
1873891
3431061
3805677
9011187
157297
968119
4468987
86399
4814399
3464663
1303023
4748791
1128971
6495987
1537113
7966759
1725539
78669
3172133
4678659
2015107
7918809
9981967
5581699
878899
9957163
6444137
3859793
8144839
5566607
1147881
5179999
2385119
6098651
7239841
1943857
8503373
2566983
4212709
7335099
5693047
3630587
5056713
8509903
5933597
3339969
587219
4119041
2446187
2930343
6607629
5091003
475961
8989639
7617039
6296377
1347727
428433
5745191
3948603
7419587
2503631
7119669
5473977
3079109
9584611
3391037
65587
4323831
4531869
651389
609327
1409941
7886007
9147153
357881
9580869
281471
6726309
3512629
3111633
7488123
6371211
6161191
9195031
891281
6803277
4949671
2550903
2820267
3420311
1055267
3588463
6350487
5631221
9751201
8154873
5651363
30811
9281643
8782047
6525833
5708833
9907087
2422463
8219513
8201113
712347
3830473
170637377
2418077
3152411
3303301
339183
4757547
3075481
8044249
7726353
2683367
9572607
6544497
5578449
8646863
2779417
5376977
8821719
7106203
7124229
7036729
2123853
4507113
5240373
5151039
2910753
2687737
8256007
1461943
7003037
6302167
1925577
5619673
4958403
9518423
2994643
311057
2165373
7226879
3817323
9535297
5053293
5216163
6423321
275051
3600881
2808137
7353761
1810067
6621383
4222017
2891091
9737883
6017287
8059451
1641897
5981443
8989869
5622991
3848199
9098957
8024819
8819189
9154419
4014233
115568143
6925413
3089853
9603437
622161
1532047
5764373
7747131
5182011
1307751
7053509
3615941
6388609
1068367
7886177
7418531
3042629
5325497
2631593
8202419
5465053
2078789
6288953
9170187
7323263
1082513
849227
319641
9345781
122335881
12300073
9537137
467989
4619373
1525201
5912809
7439513
2263717
8565607
8873059
4182041
3628769
5274039
4594871
1181153
1594901
3170353
3963551
8534829
9385689
596849
6761137
7656487
4217727
8560363
5714769
1152269
5140867
8266743
8202949
3119693
4891797
2364623
8843497
6944329
6613923
1960459
2840161
8148147
6670477
1530281
3184621
6667627
9228399
3958507
5336377
7958613
1513263
9985333
335163
5738397
5266643
9811917
8441251
2282097
9689377
7066953
780269
875699
4394289
7183499
6198373
3921051
1051641
1203771
145263951
7367619
1885201
1059039
662477
3769511
874959
4520697
7222343
5469183
6476783
184405667
8665929
8435067
9154637
5172119
5388903
2455051
5543017
7955097
3940631
8806179
1585227
1191653
9903443
6935209
2070253
3115269
557139
6077201
9423783
2454379
8836723
737389
7956541
5857991
7330927
2057561
8510963
2970877
3701519
163449
7410189
5804557
7875639
6014083
7879717
7898337
2992831
3630253
3044663
1241697
9332637
2085799
1359261
2906567
1148823
1066133
5918517
4329229
3537889
1693999
2695137
2648389
3219019
9618207
7669791
7359993
9782633
650803
5050229
7687449
5684139
7748651
1729259
5099621
956587
9903107
4886497
655649
8883279
1112163
1887521
6031411
1930957
1759461
6433377
3114949
8820913
2976081
2944469
1813717
595287
2738811
8188131
7568447
3886613
1243729
8662079
8520689
9708819
4345019
8419453
2691111
9146029
87340523
3895931
3068721
6453327
4456339
250167
3807351
5093963
4622459
3148923
6554909
301971
9148969
2952463
3376883
6774483
9527527
8204319
7241493
5194713
6735311
5131959
1058331
196207989
1361027
2256039
6782769
1068977
7721353
1998911
2185483
7741293
9961523
5943801
7608721
7648103
819523
7558703
5881539
6645893
9943259
8055071
4557007
7472977
9230443
6436649
5300571
5293021
4596697
5128677
4791001
9160907
554609
4957481
629559
2318199
6729151
9429427
2304233
5299967
8715941
7321517
3135009
3698677
2968587
1374371
5769161
4688041
4399729
1607629
2903653
9189943
5905073
2109317
4872663
5048613
76389101
8205789
4062357
4914817
3613741
5956397
102516197
3548731
8630791
139060039
8342633
2251999
2642731
4053231
2153263
8044417
2923087
6234043
169683923
7874867
7769313
7518541
6021859
5259081
9833461
555267
2384291
9692609
7965587
8401839
8459629
1632871
7421203
93553763
9056433
5742231
7610153
6999677
335553
9958711
9074583
1652251
2501629
2530233
4463127
5188393
9052977
9225023
5699759
8940159
3376713
3114149
3647493
1650167
6382273
7196139
5693563
2700457
8852441
5607283
9154081
360377
7795847
5098681
5243717
3410803
5424373
5400103
5178847
841051
8194107
376539
8640167
8266437
6145801
39357
8943511
7352287
3797463
2056373
69299
3870797
5892129
2719943
6941547
7192117
8680277
3245541
5553107
4426897
7589673
934551
4789719
6060827
346437
9105813
9595703
342831
2391873
2779939
3443571
7644107
100949431
97956601
5979407
194756959
3874679
6662727
4200753
7460963
274971
166937
8889581
4286569
6049283
3306893
7760987
1762239
6213621
9176897
9754609
6630761
7686761
8169191
7707153
1064757
5017421
4116717
3136979
5715923
3463173
6837669
5267289
5860951
1347513
30499
8415999
6728999
8790979
4070567
8548871
2305813
5199397
2031123
27155117
1302617
4314081
1990063
5168081
8873507
4369287
4196783
2230679
8093007
2921561
6378049
9459167
8944879
26778879
7984939
5039677
1490687
1231651
1855527
395187
2405527
6504389
9920627
1808167
5339549
8932331
9894793
8113911
2800209
3500149
9319777
9297481
2528413
4222841
9280619
3031153
300591
3342721
7052499
7431299
5321327
5209533
180035321
198762847
8112551
1600787
9752307
370791
2854441
4969699
5504101
4938509
6702763
5693073
9181939
5316579
5192151
7347563
6919103
7185791
4846829
455841
2167451
211959
153638641
1820247
5652567
3892591
434497
126362759
5238979
4132431
1289687
3723011
5807841
9060117
7160713
9476637
4767067
2962637
65573
2959549
8431887
7368861
199279
2708663
6242009
1545413
981517
3746563
2169179
3927113
8269713
42987
6560697
6592889
5030959
5683739
4313581
9269493
5364861
9133121
4165403
1383457
5618319
2245021
9548063
15717
100659077
8448593
3421911
9527211
7020311
6682103
7154507
8108117
3288063
117808111
5474031
5266957
3352203
4016009
4127411
4015831
5493077
4268753
756043
123598849
4682017
6390641
3624197
2381913
3241057
9916323
5548969
1680083
5315353
9812721
9861989
8926523
451533
6253897
7495337
