704549
7282201
6825823
41873
549759
5095707
1735149
3288917
577387
3510363
7994183
2775991
8709687
1953013
1174607
9112121
3799933
7011837
6528973
228373
5434621
3937941
1186117
4213473
1461133
9462157
5804321
7861747
4313143
2409159
8483899
33479
2044583
8659399
6078801
502857
2211099
5870697
2698447
730171
784353
9090899
7092171
3209147
6814937
1410099
6358657
9422783
2977739
8218353
8271107
6295271
7886289
2273223
2297229
9771293
4810203
5514733
2472191
2621169
1518243
134973533
7415993
4871939
6105669
3073769
6575067
9785993
8881103
424891
9622987
5578033
2154269
2927569
1773361
6148057
4590663
783151
9212873
8656107
3804781
9684443
8900921
6924239
11349
1786903
4153691
5436453
3113121
8229723
6562967
7408079
5280023
5777071
8748919
6212399
2909837
2190959
3370183
5446859
890487
5979289
79467
6889369
198207359
273179
1679991
8433197
7633977
9248069
5449587
4118677
6989609
5679259
1896909
2926763
327751
9940479
9082061
1831103
3951443
9694557
8387231
3191991
5554177
9084941
3093263
955371
6953401
5262139
491179
2596197
2512807
2830279
2258389
150721589
4243601
1201597
5472369
6798913
7678507
9021237
2362237
3233507
133953659
7044677
6758827
4620633
1486539
6538729
8289417
8814649
3105833
1776087
9145113
5635767
7737969
7149091
7658029
2183771
6127713
9113689
4460237
1815579
8820773
2758647
2273427
7061867
9666657
9606969
2550049
7027779
835307
9955911
1498839
9729617
8087677
52233
7362989
5532891
2150387
3060651
9224379
6007693
3713957
8308331
5707971
3323511
2422597
714557
5005821
1677911
187064949
8611827
4185541
4486057
4866591
4085367
1642551
3531797
3803003
6300921
6509551
7920497
3818467
2243751
642393
2187293
2734407
4725909
6455561
3673009
6763561
8194509
633117
4918241
6127929
8539527
3970181
3115799
8950907
8135159
5130703
45955371
5392871
2453703
7603907
105123727
3901337
3260511
1959653
9697087
7692053
5215699
7837667
1633161
4867793
8316779
9167671
7235809
8460909
81528237
8683377
38307
4434207
374099
9335773
8681659
9622827
6019753
7055563
7025333
1922933
5982827
6005057
4004979
7497177
221583
4562991
537843
6649061
7526287
3467283
9442823
6165867
6376637
7872633
6703693
2593457
666809
5299677
1757907
5819463
1196791
798213
1582369
1820659
5244359
5942383
4322603
3710587
9861411
8127759
4558021
6165701
7558261
2351073
9552271
8663019
1787361
6226417
29117
9197521
4196413
6926561
2325721
7117829
2013369
102840003
1123299
2929829
198075763
7730073
3138541
4054049
7745049
4251437
6351151
1639173
4933619
6751379
4991499
9079323
2662431
2853029
119606297
45466963
3796213
8727343
135601481
2030773
9998739
6357679
7317803
183467589
1414591
38652169
7043181
1124757
959521
2348377
9146527
9867141
187931521
9131521
907201
3902847
5876727
1166593
1891313
5296681
9660279
2550397
407879
5835119
36085069
4454487
9758691
4969517
292079
349387
7999031
2606821
3419687
8201693
4964341
3658203
1663353
5262411
3915631
950969
4644367
7673711
8189491
9401439
63963
8586409
8028059
6163867
7343573
9596819
24515547
6373353
1413427
896131
6770423
101106611
9142851
4350623
3684017
5208221
5111109
1979173
5474809
7109707
3365069
2338501
1583713
6745659
2692081
1029343
7954953
1400861
110431307
4536617
3634501
49681497
5236249
1774391
87893
5695177
5631339
768731
4076063
1918381
1993837
8753421
982289
8861037
900801
3919113
8711419
17650523
4765707
4928891
8867313
5940907
5198041
7674937
197700981
374987
3337447
6471381
9871131
964647
1510133
67153527
15119109
5766633
8075903
246131
7672229
9888593
4597699
7702833
8068089
7347141
6138023
2008817
766867
7823879
8374399
2068381
5167981
4030341
1775299
2349237
2150421
5469011
3150603
7910909
6420781
8441233
9232051
6698883
5688797
9126863
7228609
3369437
55928933
9144711
2894653
9321107
96339733
4429613
9377259
5744069
9931179
2089677
7291013
5036841
8206913
8684389
1042581
8805339
178847187
4787727
1724841
827009
4328091
9631593
2571921
9594813
4231091
5416997
4910877
5761293
876703
3019727
7118603
2704537
2924041
5622107
1952579
3814247
8366871
7496857
528123
9300063
8877063
113550987
8300953
5525037
3165813
4824099
435377
2189863
7693827
1827821
7985671
4487837
6214547
8567861
1721401
4072643
8363929
1669101
2608433
9125837
9267489
7533543
2585267
884601
4232207
4721183
7217231
6179269
8349077
4731939
5760909
146167
3954627
3776917
9920239
167517
5388581
2312407
3786159
9483769
1308467
4687059
3140341
2123441
869591
4834093
5845109
33714723
1200821
3978959
6036589
6271487
1249861
8065023
3798153
8118337
6762389
7757157
8688697
9890701
5968551
6506127
8638337
6203597
7230713
1782561
1809399
486401
5486859
5453297
1229857
7078241
4395289
703523
8141479
4284323
1651419
658909
6175721
732869
91661
72840521
3271743
7744261
1761299
8869031
8682543
547211
4374389
3485277
3077233
2178157
6741059
6419691
1029691
3239683
5811567
6375193
6407253
5139003
34742759
8414361
5964101
1517
345483
7638411
6924851
5222597
2923847
7341719
32628701
9650213
7493179
7588419
2212901
6038071
2088509
2551751
9020081
3508603
5337969
4098173
7417333
973989
9179707
4484761
5835297
3108403
3622981
5259763
8047881
7935871
5703851
3113287
1924783
9718277
2968423
2137697
8553389
2229011
9047377
403213
8825967
223271
7329527
7831189
3761467
2342367
313297
9491087
2816539
8257697
957311
1241637
3678079
3619007
4734039
1693203
9963053
7080351
6426993
3203543
1638797
795881
2776793
800067
9524631
5849179
2549771
9750127
857617
9978461
3285219
4148613
4227559
1345309
9409911
9857623
4972737
8516957
3184917
1707497
9642969
7517803
9248947
2046059
3586623
5376779
863737
1228451
114617
5070717
9016461
7145377
4597779
1513889
2304401
7032867
3917409
7935933
5639873
9155513
9383691
4764897
2475309
3089669
3046923
7336101
6136799
7437337
4088469
8119723
3407701
5776139
8229569
7795177
1517621
406027
639191
5901467
6528813
1232227
1967213
174059829
1402839
3696223
590487
1510057
3793339
6891477
3549681
2694569
6196153
3162431
1299513
4505311
8209897
7332907
335771
2780261
3981447
2640933
8091953
6215431
69958903
1236233
6764573
9436797
187198961
2900259
9218141
2448087
93241391
7019331
1044077
1765603
9535447
4290513
116497851
933943
9187831
6013169
8987973
1851811
6096527
8605077
8100937
6550563
7284977
4263147
7312253
1870371
343597
9708489
1889447
602447
365153
1207287
9139949
726587
27001
5183099
196600077
7929389
3643307
9949601
175537
598891
5445739
8818449
9197329
6280849
743961
9380001
5984063
8521743
4611291
7814639
9735199
5919421
652897
747159
8288637
1390463
1863243
4974333
2379677
9871143
7547437
9526453
9767021
9270899
2528859
2824847
