63509
160878717
8825531
6170761
3619161
2085541
7435229
4423389
5995427
5072001
7934367
85135439
2669083
9801357
6808487
5053467
7711023
4814389
3803503
1276331
4986559
3353177
8018337
994557
6077069
5771447
47009657
7163451
8690501
6803047
1552109
3438261
1198913
4948097
4384093
8260247
5618147
1005921
7460523
1349149
2008077
5406437
4503077
1872361
5842753
6312569
8455843
7060809
515691
476629
3837487
3924819
8889613
17278303
1526123
2483231
3149631
7513509
4511237
2136107
7002751
8627673
8357851
5512129
7460801
9988209
4156057
7544381
3129231
5724949
55351979
107849
3011313
8870507
6285239
4323943
138076173
7164657
118501707
3312863
8487381
475609
6640431
5632991
8469363
4048341
9618453
2845023
6619143
48939539
3385751
6688777
2378343
247291
40600433
4361579
3774593
5167717
45283
8268559
6878383
5319747
5124771
7519623
7530853
6317973
7304043
3636307
8998071
8534951
96981
8920553
7780331
3619213
2450531
8088889
7143627
3791673
8378249
4662259
3393437
540957
7674001
1011497
3626951
4109223
285611
7233951
881907
9171517
8059027
9289847
7341407
803969
9090941
7651097
9008717
8876169
5862127
140911
6150557
6082953
9990841
4903451
6874463
9034753
8239701
4453027
7687209
2942189
8693697
2829721
3112111
132644159
2195011
1202213
4594043
4755839
7926877
7602257
134733
9464219
7540619
8995689
1312079
1005279
6662729
589573
8436059
6755251
5052487
6877467
6816681
3359113
9242981
3002031
4413177
1819661
4291093
7828551
7467389
9048513
470511
4022193
5220509
9241157
3249909
2382823
1574859
9403041
7880063
3770073
7054351
9281209
5565331
6335057
210647
1756801
3999631
8524509
3312759
1102749
9463833
8665989
4466453
1110133
7253037
2407229
8409633
7026071
4862999
5990859
3732377
8852671
1707833
4642537
1035213
6330401
4279129
115587611
8150887
7707969
9890371
8736913
8269167
4938681
2184901
6154703
5377703
5061783
4198611
2005963
5758209
9015457
8198913
425147
1081787
9305603
7965083
933587
846181
515031
553311
5472277
2215473
36677
1115981
2287481
1039607
96974449
177124659
9858933
6824313
2677543
134325723
6481911
6298843
2509823
4746057
170061
9224997
6070871
191363381
506043
1490679
1378479
6377399
4251661
4117093
8978023
2420377
7097541
1988067
3295207
7973423
6156497
3163607
1076617
693189
3731129
2214263
4936467
638501
5798141
5611797
3531767
5670299
5485487
583187
1693619
6781223
8879037
95040497
170943
8899601
11173777
4818917
4378081
178394791
6975701
9562111
9527931
7993111
3254633
6074903
6404487
160711387
7344341
5781661
658767
5067197
8010139
4202431
4524311
456269
9504117
2030749
8744041
4032167
1248329
5694339
5103569
2848191
3273661
218553
1165843
9694991
541709
7693827
2534451
2198447
9726973
8326719
1246269
3747611
6979221
5917977
645987
8054969
9566999
2082333
302391
4276793
5841481
551181
8546117
1290053
7653019
2711781
9280139
5605603
6116681
6011521
4612891
8475611
1667547
421191
6720999
8519647
9306067
5784333
5609397
782723
1328433
5629499
6644187
7445353
9585391
5080431
7901117
6496169
743663
6805401
2594393
4256791
7096333
9530807
9471241
8016099
2659441
1894719
6388589
1397183
402053
7773219
9272613
6904889
6792041
6630077
4233677
7973291
602589
8310753
62587
7750059
4457077
68574567
2155799
1398849
5809789
1944689
387629
9923113
2480611
4782481
1318339
7260669
5788127
4302067
9636173
292843
242849
1617247
9448327
613929
2808479
1279307
6721707
5174647
1732813
4222371
9973853
6977177
8211541
2577159
2805371
2568419
6541771
1746347
6215817
76837047
373103
4205809
1487123
8789459
9739183
2742167
8248457
4135961
404597
4709113
9086593
6138753
438769
2227327
190668773
7059343
534923
8569797
7292419
5128387
541467
7794883
1921479
8507699
4869859
9789773
1134679
8852471
157939347
3218631
1421003
6008603
2398157
4806413
8555877
995791
3781031
7375319
529057
3033199
1761217
4442419
8044767
3915013
3647379
656627
7572307
6466429
3773957
7483967
8252867
6406601
1968993
9170827
2155951
4532617
7471877
8479007
8121693
739609
7528509
3643749
9956257
3255621
1535659
1661011
223961
4508209
8760749
141519163
3108211
282597
4403819
409011
2936343
8223421
3362423
9017597
1265659
6992767
9606433
7248659
419659
2101219
5341781
5029603
8550631
6800659
6593293
7202567
2424117
9598723
95941301
6483223
2094661
4660353
2720591
3410079
5084839
8160697
70464577
687971
5125473
3226557
573199
2378119
6209103
775391
5171707
179297107
4293131
17401111
4365801
489761
704111
5305873
569673
3504591
1255219
9775297
6514949
8842259
1626207
1152101
9919201
4080097
4568621
930199
82994737
3429501
3726537
4508169
9633871
4067353
6395959
3529393
358517
5466129
8705729
1538021
4840633
8362573
2096739
208441
3769689
8984113
5845401
7426801
82747789
3169067
8281883
3330263
433583
4936561
1287687
876003
6162323
3956257
7001897
1786533
8717203
8248639
8490093
5678131
8127409
130665593
6914647
1541343
6959391
196102037
6823147
3419137
8064141
6622101
2785263
1606069
5930737
3860229
8293401
3078167
8510513
7083127
9219289
3137661
920021
3455997
4453619
497819
5890519
2029159
7415077
9655689
1868213
4215183
9720129
3113881
3990541
6682953
7944367
8334539
1548051
1007359
6244583
6628007
5402311
6762479
9465029
9271453
1322113
8790517
1723059
5838567
166908621
5273823
9062979
4668877
4917403
9720853
3269831
8115813
7251911
628701
2973021
9884507
3748991
9683539
6825657
904553
2888223
5634981
5430991
6177879
2622587
3936861
1051097
961851
2625163
7366887
6908827
186161427
6376891
3035259
2011517
1788079
960229
9436919
8147663
6705677
158204343
4400823
289027
5543983
3728777
9169289
6581741
5695043
127669
3018429
2106557
7736201
9702621
7160843
820539
5469241
7099559
6200609
3624243
9396993
7062727
5794969
4907667
3016771
4591433
465657
259809
8116681
8763391
1824489
9460443
8154339
1004327
881543
5236581
2424957
9965443
7696063
6852419
6991109
225627
1276871
5005687
2183367
8104131
1917597
3035029
7768603
7619811
3995147
474229
6742137
2417747
260133
3821759
8390949
8614057
1279361
7394593
5772753
7911257
5697971
3196893
1079631
5667113
3360487
1793351
9156059
5836389
1423291
8838547
8412729
6050071
5022681
8850453
15673343
7601579
631137
5063889
3819387
3279381
257077
2604991
8728171
1718949
2429639
8290553
7494719
3177351
1115133
8156393
6120303
3064321
6917359
9520231
9279439
7589017
7172793
3850737
8578041
2500261
1111767
9132327
137601797
9873673
6533567
7267403
3034017
5844117
5401421
5286589
5457069
3563949
7405633
3549771
6192851
3322091
8132581
8195207
6271651
8080603
8953511
4733869
6639629
342147
5975297
20659
5438199
5911377
9593763
5113699
6572773
6198653
5501857
1914373
5416103
6231891
374713
6194097
8061829
5032639
8269127
7327223
