5922953
6829451
1460193
6651673
1376001
7861353
4064163
8782909
2440629
748577
7375667
1600637
7156391
100143
5281993
3027951
9065191
843291
9445327
222397
3324129
165131
5361163
7918471
3197381
2840001
9865093
9392297
6064141
8158669
92250307
9711241
1395097
6114591
5913431
3535801
6699983
4456283
9576339
3801293
7818111
2226359
100854983
4107563
3549283
1787667
5052591
3655841
8516309
6122487
764041
5295313
4756139
8432289
8329981
7147363
6592783
9173329
8586601
5352907
3643051
2932063
29551149
4148207
9048961
8582841
7859209
1901481
2640239
4018873
7918313
6428967
9333679
1035229
6790697
1976429
4008957
161196143
9707281
2931883
8542463
8572603
3041111
1035709
109703
5958747
8934521
449491
2360533
8619689
7089933
3839979
4322357
7072901
67679881
9274231
6081921
8191461
4453267
1363747
8310931
828443
5628541
2974443
5038053
8056641
8430611
4736479
5264931
568049
1765993
9813227
5849309
4060851
4048199
564649
7409323
5301677
3214777
9922413
3011411
3415209
6752587
2757481
16435133
6291829
5852373
5541361
9788069
1729391
3820127
2194091
1876901
2165691
167067397
2068561
8283963
3065109
2023019
724647
9718889
8974971
794819
574821
147442357
9325559
1747597
2143741
6463047
7639017
1300109
3251701
6139753
6701629
6684687
863059
3361263
3749031
1681661
4590067
5468089
1221267
9513319
2020259
9351409
6028921
914123
3178237
6715907
4556623
62559669
8856739
8749769
911523
57137
1798891
7877639
9247409
8610173
7481167
4283217
2377271
8706871
9524817
8815489
499543
8385107
4905571
5969461
5464739
2972091
1446189
8085229
4323699
573243
1629843
8319521
2524009
1263841
7386887
3888367
5102001
2341351
6726027
4432013
183213
6465581
8083911
5053113
9658671
2997247
6501623
7696923
7270751
4019983
173103721
5348627
1388653
2431781
3969443
6281423
8074047
16779
54283059
43497533
3432927
3616571
9524557
2956273
8644481
5864717
3858431
5958989
3022089
5770197
7584021
641201
6283739
833157
1518343
2064019
2168831
7048781
9908389
2937527
2191027
8446727
382309
9761789
3392721
7574887
8073107
6078871
9155707
29547071
5649851
5746149
8848289
1172729
8213463
7407087
7826517
3282879
40432357
8338047
3668019
6039239
6306431
7675331
6887731
4011569
8577971
6551487
1075099
90233
5580273
9328431
2349611
8504173
2965849
7240733
8676511
1446659
2653771
6521759
3992551
8689663
9079193
2011697
6256053
1170189
6655143
144432363
9004277
502917
4482287
7017803
18466901
2475367
8173663
6930749
8868361
75793547
6347587
8841873
4136499
7386931
6761431
722127
8479849
197829103
100020717
9263043
1105999
3203091
2623607
6845691
6845599
502437
6592039
8366107
8092833
6379671
2971741
3898709
5243673
6790479
6288581
4292023
857171
9733227
1478419
5066523
9946149
1138771
5878831
7411039
2634773
928399
2203879
3181713
6971269
6297373
1549057
892623
3900093
6360651
7894749
7888177
7907369
7632199
434433
764971
2302771
5573017
8474297
2148907
5872003
8233357
6536483
1984809
786387
9631907
4294227
31053
8195791
3710193
4018093
2052257
8103191
3076053
6437671
935807
2028503
2716721
3868983
9018179
3291347
7755397
152340029
6426393
700113
2056841
930197
5015529
7425179
2422267
1739947
4000289
5898083
262209
7643787
11087
1855027
5725997
5848599
3136471
536619
3281351
9779233
9354579
9097167
8498749
8416561
9942727
977083
9913677
6765779
5644831
9538059
807599
1294751
4261277
8881217
1273269
8838397
4695981
1409027
7400113
7966791
2255341
96169511
2939567
7436813
4680287
1606977
3769687
7054009
6168979
3598201
4877073
4164787
3884929
9965167
5282619
9667477
8843023
4174563
9167231
4714013
9358443
2858463
9712163
9209731
5224189
9909289
2765789
3536579
6777013
9659143
8667903
5608419
1654951
2839839
2222929
8646617
9596957
7691847
5609067
1449721
4317763
8859301
7142189
7913739
9853341
4968339
5847117
6890219
9757763
6318739
94989
1979259
548511
9811809
2241019
9701539
1410921
32541
3176949
3899671
1731733
954947
1271401
8236063
704863
4522623
7783051
1433737
1725459
6494053
4281817
91972219
3138317
9824753
1067627
5836853
8437189
4587271
722097
3388917
918701
5778521
7101869
9014979
5181639
5741411
2350291
6319711
140560283
2260503
1521843
9047013
9142567
7467623
7805371
2860329
4547391
1463321
2082799
1476987
182222871
2467017
7577363
7633307
9798013
9764147
4569063
163236039
8985899
1166659
4204677
2055747
9542611
9971929
5045471
9913461
8487251
1607723
3868099
8933651
6333767
3137841
5659687
173896493
8788859
9779247
8139691
9252721
3168419
1378689
842573
5876751
4467027
3211983
29288993
2930157
8337347
508503
5840767
4233409
848859
9424343
7612199
130182973
4051949
6460809
7273201
192662107
4571713
9052477
9658517
6444009
971981
3810723
5324551
8385479
1318139
52022613
1375089
79097461
646899
118224311
1272397
8293149
4250879
2216367
4855921
9830233
7425751
1048289
6679639
288873
8633119
59865937
2661731
2841803
2355969
4981341
8020669
5017159
3487427
3316817
8655689
3310951
4786487
7332387
4569763
1689053
3397847
8035813
687191
7006507
2826587
6830529
9170559
5334983
3213623
3336183
2815691
7101203
9784459
81477309
3225567
3440197
392767
9389769
395381
8146577
628439
59849739
593377
4763313
307721
56569279
113887147
6599991
4479847
5459431
154517
4436627
2324079
703673
2393803
510037
3699451
3553119
2189747
4739669
1801613
1205959
7119081
7001457
8377809
731491
3446267
8678981
3307091
746527
503517
1476349
9150261
4767571
4606253
2963711
5910761
5883129
6915239
4924591
5817211
316369
5899931
9810969
2153197
4065519
2950361
2491631
6046989
7956851
4335809
4077121
7015893
2659767
4792361
249273
9335003
184054629
4605843
4979347
9952967
2548033
8990911
697173
4689487
6536641
5397613
7209997
1962129
9289037
9990449
9146801
64388521
5032011
7773027
9492077
6651619
7717999
5103697
2879089
7504317
4265043
4562833
7285779
1569893
6403837
5681163
8885117
7223149
8165531
5153549
7589823
2194391
7180281
8770219
6180483
6583739
4126443
968331
5402381
2391153
8100403
9785631
5382213
646477
1724983
1300411
7181481
7036167
2918363
2725399
7801491
3734153
5561043
8337421
4597593
2107277
9860613
1687411
1260731
9061863
9946393
7926093
5195643
394457
3983739
6192059
624533
4038761
3561363
3488221
49219
7134667
9882417
1366431
9511149
2520027
7134379
6107163
6461097
3500117
1424819
195783901
6041191
9527021
6253911
30621089
5300711
4763721
5194063
8638787
498629
2446703
407927
167129
9947371
1692363
9088329
9787753
4672751
8114099
8022583
8741521
5260929
2328567
2586283
6265301
5521537
2828407
8857971
6197747
640421
6701817
6700517
7202203
585243
5231103
964633
47213289
2730071
2309717
9940159
1328877
5977613
8678933
5143479
3709959
467003
5806929
51060243
7525157
6654559
4829757
948087
9895769
