9642403
8097601
8165083
3759917
1701541
3958317
1193077
6181437
286669
7569871
6106067
3490681
8465487
4270017
3777807
7170239
1956271
9788507
9932349
2838969
1394037
8666759
9049023
8922321
130761
5388571
4127893
5244939
5436223
70940141
8253519
1596737
9282317
2405679
2897161
2924351
121599067
7932327
4875343
4221109
4517227
4858253
6707629
2975353
436199
9718393
7946047
7900863
6737063
2325747
3109143
726179
196014817
2369689
5805733
9325143
3264351
80258011
5979593
106448607
149623
9755879
2252043
8331973
20693539
2056037
9343677
9372027
8909677
8771427
5773527
3493499
9808519
8456863
1489957
520589
7732579
5799031
363679
4479517
2504803
1807731
7976489
1164531
9671033
6215803
1452739
8063657
9282579
2486127
4702133
347893
7912277
5111403
3057919
5787473
8027219
4005339
1338753
9930533
4173097
6632789
5110889
2567613
5435131
6403267
3720109
8817111
6908651
9911681
8506581
2679023
3697127
2339379
9139249
7193629
47868941
2447421
9710447
162457947
1993061
5114603
5165119
9050381
1090029
7525747
5526283
2987643
1367089
9479869
8625041
284757
5922487
816647
188849819
8259687
716233
9467833
1785771
1838683
1600509
268887
1709899
3324763
137421793
8119639
44553149
171617117
8999469
4645139
6763523
8095181
1814837
1570631
2941037
6499877
8220799
3785061
2577227
6742459
9623159
5069663
1838263
5989741
3628591
6783301
1626533
6732897
6256413
6263877
1047769
6891121
810103
2248417
6696499
6375023
5809981
6541009
3234533
6683269
9243981
29292663
2869477
7545937
664989
1718773
3559573
7980629
5570819
7152911
2485279
3382323
4637467
89389
1408539
7914553
7001033
4766657
165483929
142799
2822613
9426051
113500461
3242043
399829
6771207
7214501
3213659
3677471
7218999
2912019
92985147
6825661
1633467
7181773
8373839
9077147
1303603
3716153
6943653
2153373
111497737
77218461
7676933
9050081
8901557
3185721
4300009
8544179
3457361
7099139
5111253
7133741
3745349
852599
4905351
65136119
2759601
8503413
6421959
5752527
9387829
8630587
2016041
3067071
6173483
4787103
149629
1495067
613123
6664961
36663911
7311963
4112319
3753197
6551597
1979149
42227919
246619
9616501
9388631
5503273
8247603
2044743
5860313
5081291
7371653
5866819
1485023
9113949
906073
5721247
6026527
3863309
9368157
8554101
9486307
2359731
5596369
4138563
1256743
8616323
1465699
6223037
101006539
4746923
7909591
9335973
4442071
3432609
6923391
7536719
9481151
1845667
6944447
4303543
45796933
6641953
5396637
905961
4471117
8207439
7970961
7569067
2352371
6383421
5982797
1976403
7149449
6269239
9172469
4167601
1488871
8573781
2359321
4586269
9187021
9516947
5516197
2636541
7752571
7153527
3445607
7629859
8012403
9880023
1200339
2746829
3839949
4662881
86707
8141921
291137
7355657
7876237
8863301
124205091
721113
2138471
5694077
4868089
5773673
2102361
5521141
876643
135919179
8071753
5924939
1740469
8685867
7126337
4137981
4231483
9211209
1932331
9818157
1485951
3102619
8549611
8477727
9649697
3258451
3496587
4034371
6434811
3424303
2332457
1807369
2648617
7729107
717817
2804623
14460621
9099543
8485549
1967137
9673053
5140849
7088423
3110007
2889191
496513
8689587
5581417
9649443
8654027
4587357
9405783
221379
7973819
1860543
7423981
2423741
37573
9967243
7829489
884347
3912389
1697
344847
3085433
6880579
2117337
309173
9500897
8534809
6117659
395909
699661
4136733
1643573
5644753
118791
9145961
4813683
2009231
364483
2827701
1633973
8485743
2263227
168966011
7336357
8090063
1851927
95317277
3344993
5461183
7117777
1116637
298737
6922471
4876789
1118163
7559003
463169
2142459
164511043
9578163
7264999
2649003
1887373
6895647
6164171
4576283
9243813
9237611
2414989
114797719
6683819
8402999
6651271
172057
6092753
8806241
3290253
5648487
2985449
36833961
7398609
7506621
5345869
1721211
6041601
6971611
4544049
4792983
9028743
7594263
2501799
2851939
8950891
8578747
6922897
7810481
5089477
7757667
1598173
9973393
1839143
2459229
5571053
8557457
4766063
219753
4235253
1281929
1624103
724297
4515627
8812933
116409
9723929
1520983
1189697
5991759
8066697
486177
9908337
5846909
9974559
1291591
8480421
693589
7141551
8890423
452891
164249
2441833
6184441
670787
6512301
4882933
6586693
9564243
80297717
1024199
6562659
3673143
1106591
4934871
7256639
9273421
27061
31795503
5189051
9276603
2265817
3454217
7333807
6503633
6410679
5993983
9534101
4906509
7998619
7863993
1230051
6219127
5796931
5029851
1968387
6592189
3473443
9883787
2013723
840027
4539303
3443129
6713849
2793727
6238557
9841933
8127203
6272413
92732591
7291113
1883731
138859739
9631567
8791601
4237479
6901713
1861423
2874479
5571871
4686583
9605961
3139531
8731133
441707
266639
4431623
26063497
7646729
829017
517453
6950357
4537853
1768409
3544089
4302143
2322673
2871613
4337499
6178581
3561671
4820573
5277949
2978877
8031243
1377361
7536359
2553229
9681023
187158223
8737683
4927151
5818367
8467137
8191617
4188551
6664341
4150391
197612431
6676783
8253221
7761871
7241497
9111651
5207229
8804039
8369549
9967811
6340201
4245237
1217091
5814281
4565351
9859819
1778607
4695099
2034437
8307967
2060273
176830787
23733573
3745477
9676641
1428249
8249093
6963803
8765297
6496407
7930483
2522261
1122047
5148787
5862379
3631457
2255253
5116443
7203829
9878653
7231439
2168663
975131
1365023
1346647
624771
6595083
4648297
6800701
1546943
7402919
6067897
286667
5323883
4270721
8258359
6338819
5120733
8449839
3505421
8334423
2774287
4488021
3480029
7107107
7791639
5404683
2171743
6678711
3882859
163491193
3729657
6889893
24425051
8850101
2027749
4169437
3179989
6613787
8127309
560459
9961873
4039119
8005933
726371
7460053
8479479
5165739
4742123
877361
7810729
5452321
1999221
812559
156299
114225371
1344141
3738949
5297629
7934893
2278871
9751927
6595723
9205943
1784731
1773363
3784953
4533343
1969083
9446621
8933341
2504719
9721533
384643
4353177
2386841
3303841
8635021
295921
4405351
512471
9858761
2100053
9027073
978711
6679933
1372331
3235611
1879151
4995979
5873947
7045541
3617339
4345337
1434791
8534201
4398389
1629649
7705717
7801097
3352893
1058721
182410779
7911237
8715917
1761399
2104113
1601437
8488077
5961523
6307363
6991833
1093359
349663
5464359
7020153
98539249
726479
7129979
7283167
2639577
6892649
1287599
8063867
9190773
8760281
4592439
3753763
103427
6544699
676483
3194221
3669359
2463231
3407841
203867
9370111
849569
3972103
6339121
