336247
9757001
5233549
7407937
769559
7120899
1432923
9681283
469839
33743131
3412747
642631
4070987
3108703
2802919
3166129
6423371
1160311
7251159
8898507
2713019
107083951
6863709
8511383
8801951
247187
8319623
6349159
6767989
5905101
1744113
7777239
5050623
6536007
6288233
2528057
856383
6665293
7356389
4538293
3696033
7975487
1918151
9962711
5090487
3644617
387893
6573227
1193741
144582693
1653891
9269679
12608709
165944441
3067193
9705401
4478809
4864731
9770609
2126593
3416431
4489099
8439067
9922503
7902809
4190323
8952307
2491167
1732779
5115259
732823
4362403
129529409
4011187
2506823
1477509
8784969
6675429
9371687
695089
9524659
1341731
245301
6700373
4753681
9720677
8403939
669033
6241109
3191517
665687
4469231
9527921
5840957
7624037
7641533
3836769
217399
1029473
2497699
8035517
7087293
2790063
4038727
2765827
7249371
5828483
6459903
8786791
7783779
64331889
691633
716473
4979081
7368433
5600597
2830781
1264847
2119251
5288371
1008859
6356197
190077
7444803
3162271
1176653
2497863
6167021
6596307
9767923
7702213
446869
4794137
125445887
2243131
1275089
236809
8479221
9030967
3214909
143442979
2569543
2188793
5884323
6997817
2576087
7057707
5204673
3094979
1315707
2813601
3195237
3594653
8606373
1143213
8027697
8504273
8926591
4012711
8259091
8550931
7720897
9670961
886267
88521
3707279
7915781
8348239
2408259
5315859
6140667
5676509
2685559
2104521
1976481
3196877
6491389
6619281
675237
3729853
1243351
1917671
1651489
9706969
5888767
899257
4057147
3374061
2538797
3540023
2539803
2039243
5177259
8240789
5098807
7671377
6057301
2940893
5231349
626001
9038651
4705069
2323857
6013851
4514897
114079
3549217
3913987
1280423
8976643
4874947
4820579
2704613
8518521
3142129
303717
2717927
4271379
1258067
2573803
2368623
7537459
5178877
2430393
1867053
2970453
3380881
518721
5408483
7604053
8724901
8163911
6856793
2417053
5617437
4766053
3497349
9831431
6006499
4543591
4302363
2443993
5005003
579771
581757
509983
4938329
8488001
1192477
7004583
7477737
5120159
7380641
2054577
1928651
6673863
7411393
1170003
715759
5074203
6550819
7620719
4658743
8330007
52742903
820597
3375009
6458057
1326269
5502137
9434269
4178341
8442191
1935179
1485133
2972479
668317
3746091
1422669
884839
7811327
6965623
2521549
2247779
109776677
396779
798457
8156229
5689167
5951203
6015761
117942761
2254387
8154867
7752919
6319253
9553301
4501191
8242057
864643
1263097
8029467
111083
8787081
5192749
7558163
3778859
9113497
9621831
8108359
9103459
4654289
4926041
6684277
7441513
595033
1123311
1799483
6771819
2491467
9267873
4820773
4182467
3835253
8379609
3823439
5453187
47608409
7266199
5564981
2362493
1456999
6887451
8374579
3872439
745363
6453533
7509809
1808883
9510483
995063
5395929
8417213
3570601
6573833
4485357
1941187
7237449
8787173
130563
7383713
7183789
9903463
9675861
8222297
1134873
9149397
6757657
2064131
5228569
5969219
6072739
4886853
2446221
2974207
9089197
2238539
9805459
6395451
8223783
3016577
4552679
3916563
1676463
3351
9462431
6255837
70147
2728317
8035901
7188823
3181731
4090019
9083579
7977689
4356793
1601813
6152803
3195241
2990459
9156637
1529779
6468503
9077493
4802519
7948679
4228529
7160421
2043341
8454037
3505067
5351041
1866429
2698419
9923197
4973701
9650931
5649291
4153141
3974169
6604829
283553
5139643
2246913
101857499
3723031
4261833
8462507
526707
4023411
4008507
1241681
6294837
4422173
4767587
27880779
2853489
2809999
8432039
5475513
8465649
7143023
1224593
9520249
5172373
8943917
9402131
7416389
2095143
6126671
1629259
691169
9784451
6312029
9508251
9578077
1297129
6716081
7173247
2636453
3290473
4075963
5963317
7773229
7935373
2539371
4965247
4124733
3863109
5074543
4887353
4969651
6521663
7888173
2610879
4425971
8574867
1461883
1439581
1361747
410933
8575129
4243123
7120967
3823341
8562887
3288243
8250893
6745737
2428417
2772363
8066329
8027961
8959923
1319669
6057343
9730747
401791
6842337
2438943
5159381
56708649
1238599
7111979
6404139
165039759
6156713
8378373
4978303
3100897
1584779
5087027
3425381
7476671
2242593
5330657
30397807
1930921
9951777
45601
9218257
3138293
2135283
5278373
4513491
4498049
9491311
2210351
6928683
1138459
8846049
9341863
2986369
9642239
1019473
733567
9854997
424993
6169541
125683
2137253
1432121
5240589
1101521
6862529
7605111
6041129
8887599
529471
8761651
3249329
2505823
4852171
7208347
177836729
2358451
6506999
8250797
3142903
4693379
3383509
839801
5496529
4892291
7110183
3132617
4494207
20136599
236063
4819291
9589391
3418157
8867833
9422957
5507669
2247741
8112823
5358743
8196897
669159
2495607
7519399
1133113
307573
6107799
9203767
6549327
3819773
3899991
15669
2039583
5584339
6071941
7972743
1531977
2284769
3208167
2217313
5524753
4197643
7220431
4361591
5840311
4238277
9422177
3201641
87617
7573121
9943161
2958791
4465609
7215669
5599033
4614399
7850711
2624969
150462891
9870283
8916303
360913
3640417
4409877
4224963
7327899
6773391
7416301
1079719
4160301
4550503
7904107
8544509
7153079
8142953
8902581
5643191
3145521
9921277
577587
7294931
6584823
1635001
5146939
562177
4880201
5509151
9556393
2673893
9652133
1571651
5248483
8017099
8944719
4685969
4522853
1370599
106362861
8161307
2575441
8783129
7598323
2463747
4511611
6481057
6597911
1777221
3078017
934663
8462833
622031
5198959
782007
5908167
6829829
7845439
7740413
8202263
8215249
790991
5975913
4229177
1753217
2281069
4682013
8810151
396033
7655269
5073853
5608559
7440281
9742619
881173
1124561
1750121
2050251
6966157
1604357
9296819
7729933
2760693
6751397
4253671
6466401
3119259
760317
9314413
1262129
6296619
1797229
2793213
1238727
7127693
172367737
9368053
1826931
636509
8957573
8910727
9890191
792661
9980051
8090137
4786903
5723293
1723279
8857821
9531297
4912789
199001
194330427
193116401
7294717
115723
9659147
86946551
9863413
2960389
8805659
7675907
4033637
8610641
4480251
4281223
9086483
7256771
2243601
4574607
1149129
95097
639849
2254843
1818257
4456503
5445403
2314671
5481451
6976043
2061519
4885231
5923431
4228877
3020477
6717561
5487921
8413401
7490891
178643173
4611513
554349
5828959
2940111
6454919
45250741
432077
5304721
8661657
389
4687977
198856689
8438197
3945813
152109
9001237
4671933
8848557
8120821
3886267
571033
7945641
8170157
463643
3020647
5758069
9412171
188003063
8885067
8105299
3571677
7372139
8952867
1111497
6160889
5219043
106027
1925957
9189667
2116547
7232259
2024971
7098659
