2656503
3137261
4567681
6563539
9783047
8430089
9834367
5699703
409273
1979017
4451559
732857
8461623
9016851
3549551
255419
9038841
1106689
8168957
7445787
6893177
4148041
849457
1372387
4384733
9253583
7918413
7949393
5599731
7002967
2045029
9458333
3040293
6069819
155808699
1427469
3783023
5629029
5274837
7691381
1027131
1792633
7888017
4209639
194851283
1618459
868871
5389787
2288789
7742013
3932909
128352093
7171827
4246041
7418589
8413639
4312769
3077313
4952681
4853969
279601
9713689
2095599
9258987
4242319
7690633
4757199
2135143
468497
4783861
8300639
131283
3889061
8184343
7020269
4153943
4367201
744419
2312553
2561457
9604539
90921
2031613
877289
9714809
59112973
4937059
4811333
6048323
4274647
6660769
8843291
8354841
6318259
3359869
8499041
9956347
9699529
408371
3020021
5234591
137241377
680911
8721841
9798697
728451
6749389
6272493
8849223
7635939
1547523
4185551
2459973
2708213
5327693
2008809
3168767
8101369
7672239
3293973
922681
7084331
2104387
8746141
9747609
7154193
2808163
5174603
5023909
432511
1812363
8337717
1144837
8941117
198196741
2254409
6764669
4874153
8154651
8632079
5058933
174183
6742287
4087087
1797901
4715961
6304753
7911577
3679153
116849363
9840223
8854621
3121573
4386701
8571003
3171797
3633099
4316287
8330509
4869183
2062959
3355011
2787963
1933583
8040983
8740929
9304949
8532091
4772361
8547137
6514293
9475103
6300817
3082577
2578801
5861859
64286831
118300019
1907959
1538297
5043791
5947443
5724429
9721661
7864061
3078367
9012557
1187181
3675041
6937361
6103297
65285647
8373381
4303063
9850169
9733117
9130643
6538067
3889193
2231499
6495273
6499737
8678061
4785507
4085629
4356071
5504281
4596821
3939647
8995121
4813741
5183629
4578707
96641
9544273
1330559
5892587
731539
5698317
7315111
8751393
5874813
1814987
19873
9910131
8587137
5068483
3260443
9638653
8024943
3793859
3192541
1015403
9724507
4735679
1337149
1383881
8024819
9697763
3156039
808927
4438111
1470433
1202809
1448707
4631493
2749601
8589531
85279
9432089
5410413
2530331
8888053
5465563
4874569
2231327
7434933
3836253
1262281
7650183
6309179
1978761
9706841
207079
4221321
1066557
123394727
3569003
1787839
7389011
2349091
8942451
7461003
5806461
175499789
2736951
5461579
6401779
1367213
111619
8067327
4521123
9859943
9510479
4866111
7085613
7537797
2497523
28648291
2172699
5809647
6731001
8181219
9132599
1117541
7070763
9584379
4343733
6867987
6098251
4980101
8618849
5159059
3971869
100861779
7408767
8050503
6418217
2032937
5470659
3541243
426887
2036657
2916909
2694091
725161
5102597
7766393
8170431
277881
2000193
3926117
345861
8118347
32727021
204777
9976747
9529833
3397369
4264923
5045433
84861
774729
73729431
9836661
7791027
2970909
4399043
9870857
9362099
4316947
6955131
4142999
9071741
1261209
72539589
411859
3505081
7745929
6416781
8361399
9157247
9282489
5226181
5757237
8923219
1624961
5646771
244563
2548603
6853027
7953657
4597531
4235313
1270101
9689741
7643647
9089187
9264151
7621927
5392021
7003319
2193883
4472333
4108269
1310737
696599
2859301
6054349
1842667
5813471
6950793
5320919
28401213
162626559
5560703
3027247
1246817
6227303
9071337
7122067
8314763
4822561
9237853
1145047
8433163
6700559
9212707
26449319
106326777
3039121
2694083
5376007
8822981
8111621
9401233
9894587
4099091
8778237
7886079
9910861
1377647
34457901
4065961
9371319
4050223
7354257
2698953
2062371
4334957
7722907
8733097
3619561
4844557
8659039
5400237
9592227
1571029
155149
324757
5692583
3278051
7337253
5825829
1214691
2903419
9342891
962457
6189661
6649591
1456969
1766179
6125393
4667651
157747
8867967
8487163
5959857
8376069
2972779
2915623
4039699
100414119
1171711
9759163
7823183
100500651
3371923
1539401
6664403
2309683
1474609
3125457
6815951
46089527
155161
9135093
9757163
8685101
6636333
2606473
1627059
8269153
3642071
5501463
8100547
1929811
4635483
51831
2738393
5886667
5272721
4650693
2513761
95399
3161653
6440637
4716989
7390637
3597013
5884727
8263797
239993
1213789
3659717
6708377
3060447
2160861
1073949
5294213
2052063
9550937
408071
4711323
8123081
8659017
9699991
3884581
6542089
5638037
8879417
1525391
5509713
1552843
9005967
8243779
3793057
4069639
4391461
1055293
28836731
5007817
150130537
3538311
347329
2004629
8496161
7332857
6221501
8429591
9850381
4893837
3126251
3457931
5862921
1043461
2187061
9101907
8870799
8279893
4802259
7569719
3233339
1252679
892839
9788721
4510493
604627
6790751
2342323
1352067
6987193
4354667
459107
2593211
2850801
8997459
56823991
1063731
2613893
2924973
6430303
5654051
1310957
4097747
991857
7992821
9024503
160057937
7672273
4826853
2330993
7877997
4073783
3630107
677129
3242669
6755189
8182813
3352769
4490423
8813271
1491867
4028167
6912577
1442377
6234317
4307521
5528771
8737647
6950423
5363209
6380993
5470903
7281309
9148349
4069369
9722117
2850029
8885129
9049537
2574503
462133
5602107
4111961
7751767
4330459
2076519
3519539
5692957
8063971
4792173
3569559
86764801
1927167
1591923
848683
6567909
8822667
3854121
7016017
8963681
8057171
2552243
8509671
7195087
2894261
3843967
5164143
153051
7355783
4348593
9075471
491147
5571751
6559141
7573717
9255929
9336713
166306591
5076383
5511643
5738547
8614629
8771469
1582031
3847967
5066071
7009591
3033929
6723247
138001
84781369
6502649
9452041
59825821
514599
2440987
58951923
2130033
3688979
1268123
7753753
8151189
4954893
8309057
6817489
2327937
7329709
7876143
7761311
9756531
1185649
6748467
1251737
936233
4364629
8927209
964157
1205489
6836581
2126361
2157683
2601341
9293657
1078639
3139497
1745849
4117697
173963
6755409
4992769
3394957
363309
7965663
8083759
2827751
9464817
6935781
3527561
159879
8788177
6187611
808877
6276027
3721339
2860777
2466297
4296459
9225499
2749893
222817
9390929
5168049
1070067
3724709
4516791
1316777
21461001
946601
5952279
4440197
5721281
6518643
1570803
2948029
3458951
5137307
2725607
164747801
4811313
7028497
2950139
6627501
8467187
2426333
3665949
8818289
3981811
1155337
12689
8828051
2115553
7488799
9658271
848939
8448959
53812063
7955597
5388379
550293
8338049
3288783
9961489
661297
7742113
9941653
5415771
4094643
119457063
620899
322611
2104007
852111
606351
1790847
2556833
5767239
116837
5663073
2994529
9722927
2030021
7829009
7565523
4273913
9834649
5307967
9292843
1173011
8092657
3021183
4080239
6230581
