9857153
18327
6544957
8655063
8533079
295779
3917857
4213197
6342773
1297409
1044299
2456241
7362069
122019203
6812133
2680889
1406949
61871
1562867
8253237
9702149
3311781
8323127
9519457
2969811
2192119
497671
1363387
8946721
334689
6917181
4381087
872127
1674023
1680031
7022001
4891909
7985183
748591
825863
2745749
4739781
8775239
148711
5769007
4794371
6430517
588441
2281763
474207
8193199
5498737
184326653
9150943
8987587
8523931
8514463
1565317
9061771
2933893
211907
9886721
7231169
344571
8438823
3627829
5648307
8882707
510551
2462289
3588277
6867413
5539949
8376921
1313597
3995601
4209769
5913673
7805451
1032819
2665273
7928381
7057923
4418049
497459
5611911
3459513
2567041
843091
103618101
7431309
5673819
1265807
9145049
3031043
2507759
7260611
7965223
8496413
9044329
7820387
4832749
4950729
3602013
9675037
7558681
1331247
5628721
1058449
2663703
6820277
43071789
7749921
20773
165303873
1922019
7049997
8459307
9683871
5443677
7917213
1352019
3309509
7550729
898211
9889461
8838577
150474089
4781851
4136839
8209417
9012553
9387977
9949789
178579
3144639
4943163
3814447
7189279
695673
4902609
1835443
9236207
3830573
2308553
7000393
1491741
8037749
2660921
7970149
2036287
1122243
469939
6824693
2956967
1392439
3715367
6904243
1375887
34727679
3765323
1157659
6448401
280807
6112383
2824241
9836819
8153173
7731147
8484943
207829
7645047
4014511
8055243
8196717
2839323
1335463
5601363
9453591
9193139
9715597
1412471
8221673
703059
2037269
4607587
132037
6409671
8880531
173244589
6445979
4378793
9598741
7699939
8697077
3062397
9085821
3930361
8825029
4889449
1666297
1494821
5864317
423491
7977667
1065561
9681311
297851
1392909
4728739
6989157
1933871
1529603
2935397
5482847
8903989
2125987
9023353
1531677
165013
6890563
9424319
7184617
6245677
177494719
5189211
363771
969353
9895113
95258731
5928649
4413609
2960437
2209933
3806583
5107743
199011609
7181473
9582379
4831337
3179289
132681251
2729343
1695957
6165191
3719233
94915999
2749959
4521451
4179097
8213071
2815213
588133
1239531
466181
7143123
757803
3608957
5195097
8900313
7585143
5742011
2130163
653783
5914047
3581257
4070653
5479607
3528807
327503
727309
8460903
3290681
1777913
233967
8951819
933291
4081553
9026899
8119879
9790251
4778363
4909293
5327761
6627553
3057731
302699
6577461
1946369
152951451
2063071
8957373
5992777
8116057
8783773
50820719
6942149
2734287
7866441
526943
4744053
8134891
2749259
3407989
3331121
991907
1163257
2831809
9170551
7832591
7051727
7127279
608321
2154111
6023791
6457057
9177783
4449963
2923623
9274333
516841
3232891
1130601
5379339
4886833
3309721
7362119
9525021
4705177
6163719
6703013
2471609
6545591
5670699
8308191
9987261
1973839
66918897
1207891
4815129
569843
7956361
708377
8805139
5394509
3398197
2902041
7251463
906589
4774501
8705271
2101693
3984269
6629503
5254309
771961
1668637
7491203
190168511
8642021
4766457
5429609
5691239
5648083
9602219
7576759
1675947
1464571
294051
3008213
6141679
5299833
5931611
131342823
2527911
614587
1936971
5291699
6706999
2290633
1916219
2222327
9711549
9355833
6468403
4417699
5753137
3529549
465953
9474491
1138041
2288973
1351169
162607
127112139
8837223
7700707
8748777
5059047
5305209
2799557
793397
8364281
8463621
7835323
3606567
1930991
5836449
2595109
9514477
18388211
5540709
9145521
1702013
8271899
8156477
7214161
6199157
4504409
908017
9361551
753739
1206419
3103701
4580209
3891599
1775891
5539941
477679
7031287
1685531
5635991
6989281
8533703
6438589
2495413
2464651
6320357
9564043
239061
3944369
6510707
9176377
115636569
739667
8979557
2738827
9755729
5941351
6888781
6585647
9580513
2330669
436059
7200621
7647657
114751
9663751
9187257
7951227
2834327
1856459
4203747
3641069
8665347
160067501
3602189
2505059
4595007
3079219
145489
4166937
1493793
71951027
4616987
9010227
5764991
8349499
3160711
2322933
9518227
6856413
6904803
2626039
5474009
3146161
2579289
7160219
2649051
2540879
5829567
6989693
4109869
7569291
3066807
6576617
2673487
4935341
5063847
7509897
3400319
9524451
5895169
4006361
9894283
3401123
1293949
1973547
6107583
4842417
36623
137896163
6523031
6123891
9784929
2219703
833359
6606369
5888883
1888597
5291673
7958531
1887297
9967597
5084821
4348317
7799401
7883659
4666279
4693481
4434839
6911473
6950399
6760589
811547
7357089
8787299
3837631
6491057
5154701
9824461
8719541
5397479
2373079
8776139
195385287
6157499
8218783
4122093
5182417
5057339
5842991
2661807
8531863
6299781
6361377
4909639
5113237
4983651
527361
6128547
6404379
1062199
2659657
8576987
903559
7036521
7802213
8002937
7184061
4703247
1449841
3806257
5884537
1114379
5994313
144607
7759589
9777547
6356393
4106453
1827121
7177629
6362431
7168527
8089739
3490469
9647601
11405297
7971063
1307929
6473727
9713379
8864811
1165987
922189
923229
4667649
6725693
5114117
994293
8271469
3443121
3748963
5123529
9407883
5044047
4510973
1441013
1114841
4987853
5800629
2435541
6202297
1178227
2703567
1323097
8511537
6729819
8887811
8644069
3173789
9100663
85339
5780961
1342521
116582071
4033219
5077141
3240721
5064663
532667
6514693
2460427
115684333
3324883
2744917
426803
8694739
5596823
2555437
6369701
5368693
860441
9347637
8235811
745917
4673897
4288673
5110277
9673451
484037
2175003
6159099
2315127
278671
7287
115579057
1647317
1368477
2151959
121297
94363451
8910903
3399047
3112103
3377773
9086119
8296567
134172529
3000151
7151777
3406221
7329081
88593377
8377473
8509701
6297827
9452009
6258439
2037293
661899
9242751
1203623
8172911
2758777
414769
3666031
8228631
4910161
2653169
993397
8190663
3825767
8898041
7729781
8566163
9513697
6346659
536227
6963531
4190091
97936661
5327569
3708467
96763
3592197
8411657
6482937
9206677
9917513
4413089
5560457
3701367
9432609
1380867
1007391
4464873
2422701
3768783
5375063
3746399
9928529
2448241
4515173
7267081
6009297
6264131
5759447
4366781
5041329
6269259
3937397
6468627
7614447
5237699
6431081
6329499
7313543
2437791
3731577
5395537
131558567
8958531
8449197
4206451
9268163
1744347
6631549
4377919
9498669
7108787
1239859
2057873
1639487
929549
2539173
408817
5735663
3214087
5728147
3942913
3563367
3340177
6394281
2672863
391531
3083067
5612579
5380887
5602491
6662593
2017629
2194791
1812589
8623153
4994181
6286553
5199109
6166569
2648907
1820391
5181779
5768153
1484981
3359617
2451429
1415299
7034879
