490337
6893177
9804077
1178951
2372191
996801
4296499
3353179
9704947
6274871
5292031
3214833
4195037
9054369
3874389
9924081
4804561
9647449
712001
8762813
68879
292237
9620839
4025943
5659929
9419707
5219743
7156843
89459
234423
8788357
2918631
3915239
9593683
2036661
84399841
7611973
6507061
4299757
5770779
1294219
3893427
4169177
2934999
2141279
6592369
7046031
2480083
6934407
4680957
5507929
4248479
6423367
4979321
9092509
3992511
4054693
4167009
142837
6725397
6931573
6856063
103983757
253083
7740829
4331927
3260949
1798831
4770777
6837301
8835033
8318503
7775679
9428871
9194687
7239329
7126927
4199639
6554957
8968761
9413611
3860621
7060573
972523
5981781
4742437
6397269
2374831
160657321
7508787
2248479
2373309
9178239
110609119
1550103
6681747
7681571
5989739
3095973
2072171
3598579
9074571
7240523
7974267
4429267
6282113
4591647
8721681
7908443
3172557
8982883
1434393
3986193
8864421
1051301
8878449
2280841
3094097
3463019
6686933
4055901
2394209
4385793
561339
603773
1211283
678793
7944211
1617623
9617187
10003471
7451591
9488549
3652431
446719
710093
4054077
180590597
8901573
5015367
387683
1682797
6911701
6273461
6997991
3286349
5559049
5003947
8753429
404727
1826789
6845969
2409903
3870617
9613929
9895003
5999623
9490087
3048437
750177
1207167
6919581
2491191
7451797
2141823
166048857
8532437
3679551
2641413
6737991
6924139
346859
9008261
1577673
6501327
9641
6140851
9825737
5212263
7613391
8257137
4771521
8207641
2961083
7222983
3950211
91463
6896117
5262569
4783081
3074721
9980241
9821281
8890239
7070397
7718089
8001031
137412643
6727297
2096199
3227059
4520701
9838981
8521109
4744557
4711603
7935277
3597961
3815493
2793871
1985003
9793241
5166543
4312213
1048613
2859649
101758157
2933159
2913
2163747
115625777
9207391
3031099
9842107
2545579
995817
3572583
3505309
69027917
829027
2470359
8112189
8806547
9127057
8967553
5350961
6988567
8032857
6645763
9133433
7188009
4844137
7697341
8027433
5567473
7876829
4927413
9793397
1246043
8804523
5397747
9059931
1734871
474783
2741841
2583421
9049481
2582899
6697869
9442407
6545001
6506897
3057447
1377949
85513523
4684819
401853
2392341
1196599
6877681
895027
5771147
9370283
3748931
3329639
885507
4446259
8892731
9287417
6236511
7299387
2257243
267569
5303409
104612663
685471
6413477
7327211
815117
6842259
4400701
4063161
7419399
8723507
7541929
1233669
2100259
8990439
2853351
2944023
6956083
8693947
8193987
3151373
9688609
9653131
3849179
4403491
1986431
5518509
9719491
6894587
2011367
3835803
9085017
8306239
7307257
195650731
9611261
5887049
3342659
3936269
4730451
4618293
7504551
4499529
5168643
5254563
5165899
4139721
6251049
8774343
6781513
1211083
3140811
7184557
9368991
2236937
2320217
6491321
177087
8705603
8154797
157988847
3792027
1928597
19833431
2118457
9936147
913599
7045599
490859
8980933
5983813
8887491
2805347
9177603
5306387
1867323
3329077
150615063
4617757
4790607
9610031
1130263
9392457
306617
784183
540797
9382243
2839449
8282291
1628389
993231
5113877
9227273
7898029
3281041
5890783
4203191
672297
2460813
705923
4307049
493577
2157401
5527507
9688653
6896439
177209
4214989
1976867
4118297
4396633
4502273
4042543
1880521
7651189
8601573
158470613
3993561
115081
6595657
4495703
736837
1588939
8842603
9458209
8364451
3250963
4866467
9931917
4938049
9979467
113589313
80184413
6380931
4312673
3004299
7296613
3073391
8762159
3818427
6943321
4459711
407277
1184199
116406229
9532303
7123589
315273
2581587
8253787
7100439
7127419
8818599
8363799
2615683
7213149
6105077
3278061
8622273
6302687
8272169
9392067
4540679
77529
6967597
331649
3015109
9629653
3601889
9804011
8989809
6886483
449657
8125343
7085023
4450963
7836249
3189819
8962229
3819109
3808917
1637443
1189913
55003009
3638383
3294391
18243
5185819
5984291
6259061
115733
2855781
5190491
120556449
7520257
38893099
42282433
1005409
376301
522357
6615519
3101677
3150869
3465657
8434713
289833
4634243
6366717
8350581
1672373
2368887
4345151
6137361
8624307
7505269
7686109
7736569
177661519
103404899
4333909
169821
9832369
6650001
859851
2723167
8667963
946013
1927971
3389617
1139813
5609409
6738203
3239441
5049103
3828097
994663
152541
1994649
8124663
7294623
7896357
4480473
3492311
6554853
195686579
1962427
1529907
1515391
9785159
4451489
2230607
7033363
3186313
855197
6252023
322847
97147
86192037
3799529
3663129
4127531
5708057
4359811
7327093
5491421
8772807
9141271
5634053
408313
6582099
7343571
2105183
8222383
9167541
1462711
648349
6695643
3796681
3646801
467559
4429799
585909
6455919
1277353
4039457
6233013
6134037
4357523
953173
3802387
58600279
7417619
7877083
9301923
3136041
9721137
1383851
8175337
8257899
5955817
6871577
109446833
7723893
8200391
6319079
5717567
329403
560733
50273
161364269
2837777
1652779
6137789
3154861
1191207
6331767
1163143
5023391
7450737
4122097
7916207
149011229
3910947
9307429
6352143
4027773
9950591
4999147
8969871
4271137
79769
295789
6504203
6970483
5917567
4192833
110856587
7344217
5028081
3984191
2489223
2531929
7543281
1377723
2909319
9359419
8359807
5166011
9476181
6532101
138001617
8478383
4870899
4504637
9193031
4177673
7779589
8047353
3143243
4423509
6332697
9574143
4177941
395383
7688479
102478427
8782249
9182979
4042059
9078247
4622301
5059657
2075287
5477813
1686201
7099433
5663537
8542901
4478721
7741479
9561929
8002271
4064771
8564403
578431
980797
3514013
5663401
31109747
2299927
6919411
181312547
8002731
5965519
5737939
292643
2046197
8144873
2689063
5579543
7947093
401223
9150709
471613
6465987
4566103
7489397
5154893
8743001
7735959
2113369
4693981
1122179
2327523
7958081
1702083
7417933
7122189
1736903
9684699
6323127
1252987
4313713
7450991
1995897
6891739
7057543
9757951
9532559
2971
7667869
4573181
2737847
8245139
5250239
6081069
1514731
4528857
2257677
2026951
2955617
6650169
738733
3050933
4768849
5347649
4907931
1504147
6407927
3615491
6238461
2525817
2540479
8259957
1908503
6034673
5126977
3025237
4287451
2768473
6119903
2588361
4704367
4002389
971667
7028727
1238107
9607753
120547
89750831
4270687
1518047
5501303
1316943
2020497
1747217
1713593
8272681
9924741
9570269
2654839
99991
5046049
4163993
3461293
9327211
2133979
8739103
9216253
34881
8488183
