6000343
7421813
4038487
6583527
2600457
1629703
4442719
4566779
8653429
695789
1582369
8281197
3651441
6700029
167969
1564027
5121639
8563717
9106127
1987249
693603
8740247
8900351
5349557
4656259
4993233
399411
5959027
2869273
1095669
2125059
6361127
4216211
8235941
257469
8680069
6885431
6254171
189092309
1770567
1353191
9057877
4582943
7501583
3664123
8583393
3017161
1922281
6302017
3610433
4676189
341569
762631
4341169
3617449
1636927
1499877
8977039
4679473
2573783
3436879
9237639
1749093
1426581
3564167
7886521
4932493
2863927
3794157
3273589
3326963
6180823
5580991
441763
5519003
9890843
156412183
2381363
5050401
6706033
5770299
5857349
89921431
4586611
6526707
3405993
2567
1763609
2001507
8405321
9480007
2511391
8358917
3093627
4815999
6452219
7503089
5336147
3277587
2572837
4631657
3250597
3186411
3141287
101627061
600013
8918679
685723
8715571
3789153
5945861
3532903
8839347
6529213
4853181
4012897
1044487
3898429
6342333
5963849
571723
9951023
8068683
9966821
5864837
9342953
4834229
526009
4642813
238269
3541853
2094413
4037323
1893279
4140667
7575199
7906623
2574957
3158319
2811183
4647399
347673
5157103
1405521
1374449
5629281
1653627
4430233
9160367
2403631
2598249
7277799
6355963
1029753
8608627
8092711
101743
4939319
6449127
5683159
588143
6513157
1173353
4759367
8647251
9403051
4794939
1131719
1321337
8003781
9918301
1059811
8757127
5689093
6761921
2294971
4448609
371851
4872161
6966611
3456811
207319
297913
4410939
4258857
3904491
3623297
2500739
587271
176417347
6171017
1654133
7568879
5961339
9950681
2493619
8742371
2193683
4665519
4714409
6383149
5844333
7644841
352087
2859139
3740411
537001
1834373
8287759
5192581
6650713
69250327
3025229
3722119
1867813
6549683
4876167
8731793
4790901
1711161
321307
12641
4389013
13441
266379
903577
5309543
4709947
1764173
7145581
3289093
8709337
85723
5169529
2851139
2287003
2808127
6126801
6129351
8779233
8340539
6977571
142366607
1644913
925713
9634337
9453043
9907571
393563
6418453
4841697
9130149
2900509
9471757
6233117
4673103
6664379
7019159
5016181
8321579
7874863
4566883
6903053
7040767
8782539
350917
3896449
9369121
8529013
4758649
7389829
8923267
2794513
9082213
3787127
3818229
7925393
1179341
1033229
2428131
9243127
7454291
2487429
6164671
678749
5160783
6471403
8812781
4086383
2991793
5562261
85327
8542793
4244391
6294473
2058959
307569
3774941
4077421
9773943
1107347
2712759
7922427
3309083
3659169
3748873
6967619
9629953
2415591
4940093
3693537
7287831
4342877
1838829
2171331
9784121
8608159
6116739
7065267
35375953
2361267
3689121
2408431
5505549
3632339
8528569
125871641
6347589
6058231
4471851
8137833
3230289
8205599
5442081
3166421
9614117
16679407
4725667
2101859
6596947
9566497
1474917
6655921
6758669
3480583
6716373
5282723
7726219
9799051
9347877
7058009
7476571
1619147
3611777
4971129
4908163
1036923
8214203
199201137
4361
1731119
3180587
3970547
8355439
432393
8122539
6577909
3963797
9196881
2512421
9994271
4695523
6640961
459101
4021661
2091381
2694127
209587
3422439
3283839
9681273
8014877
3783941
9713081
8943727
7941259
54578847
114366003
3137699
3644523
8534391
185905153
1626307
1942613
2867653
1620969
7907691
5859679
4487021
2694829
4371033
7253091
4485029
5950449
5754019
26089
9917967
5832579
5986637
947981
137619
5031481
2516091
38885703
3479577
4566117
7098667
8388143
2204853
6095041
426779
8002121
8492871
9401019
7001957
3251201
7604919
6793297
9828023
1177953
2254231
3728051
2938707
2701333
3866973
100653
3481857
6532339
5933327
6579799
9903097
577209
9858657
8175099
3034987
5565107
8171389
9916427
3065661
7356043
3345003
8939989
5226011
1802791
2706543
5111381
3281053
7379731
4046501
399343
33657701
9050537
9604531
309307
106771413
4625763
706367
4463939
7749079
2829579
9345661
2440087
9207999
9241781
5506747
7368307
8718993
3977667
6714153
2056657
3011431
4921703
3631449
1858557
8920381
9599459
168797
766457
5520903
4374753
1939643
9462411
332321
5939773
1387069
9543029
5529511
4408411
7810097
68164353
7076629
1656023
183899
3466681
3805313
4561609
3003361
481887
9800327
3772579
904237
1577149
5778563
7402139
5592117
3312743
1493073
4557127
4972807
8719503
6782517
3339817
1584257
5503477
1843027
3148023
3379359
6920467
7185773
5614201
1406731
3495769
6719183
5094867
6920733
4749491
1619613
412009
4514893
2720777
287841
9259727
7968581
5482699
5683569
7691007
3663369
3980193
2301473
6621897
6561341
5555357
6110247
2751491
6943733
5991219
7056387
1266017
3487183
7225889
5550927
1349531
3411977
720489
2053203
8648011
9937789
7199383
6934073
5998947
9282273
3440027
8445863
5562849
6536549
293177
2381411
1019551
828833
1629757
2074119
6226039
106640649
324279
4084239
2938187
7705359
9033593
7094471
5683919
6052221
4528557
6568441
4415313
4376351
917253
6512713
5860983
8062021
4999287
4037793
2288167
8537219
7017013
8026339
9326849
2562839
2548001
7577327
1530607
2412441
4959703
4673967
1265999
1663957
6434023
186533
96688357
6405691
1477411
8459129
6876689
80278583
6431533
8603357
4066887
1885639
85104973
3826789
1882017
1157423
59267839
5249513
2087921
8136853
8375383
3493237
5778651
9979479
3024989
2089119
6030419
9922867
8091961
9361661
6502887
5670209
1365383
3934211
4845703
7474309
1238099
3120867
1654167
465513
4691453
8017233
40798479
2592839
7330953
1052709
4402667
135333
1728837
6365633
590221
5939439
2454401
3475369
5614263
3308183
6410279
6301367
5521697
1270013
9417773
3962553
188026487
6969389
872289
9146679
1300921
9080609
2630009
1541079
9056199
498089
5999473
146800467
1404487
2256947
9488211
7778747
3657633
256931
2683631
1624843
4588601
2818423
7420193
4358259
4560847
9086679
9555109
2960413
5905091
5228021
6416031
6640997
1721517
8032461
5040269
7712209
5717471
68185057
7342771
1354147
6134451
3064419
430419
108401767
5529671
6921091
7200677
1594213
3433701
8033567
7422439
3337101
2545403
4642583
6414409
3643223
1793039
5320339
7091217
5582701
276077
93893
6409363
5462121
100234973
3538583
8969727
7548499
2152807
8889443
5824899
6973759
6800221
9903499
4978269
7272313
8012313
1947863
1125509
5589909
738191
840989
2297227
1902347
4031251
6745029
6237087
852123
6018693
1232339
219323
4838993
5156467
7115751
3965203
1516103
9337441
5106141
2936687
5985541
3434441
2817251
4316797
1902891
6568521
8847689
6881133
1733909
7735019
5384581
7574053
7357213
4235037
3933211
7532803
6674659
5982479
4436693
3561983
3444983
8305397
6677257
1214569
3945869
529549
3877697
9369357
9887027
8052787
9687581
8702799
6938451
7356287
7956427
2310443
