4185023
6188009
44666971
4803519
8320979
9461259
6989939
158213439
3640649
3884851
109619929
2174477
2882791
3825827
267537
172751
6561669
254951
4732041
135968113
475461
7944249
4834801
8677503
3202327
1938077
9832877
5343537
6784047
8290429
8295449
90465233
3309351
5333689
7483321
3518609
809061
2925601
4183923
1962127
149429381
5427371
3691719
7551753
607783
4406523
5023513
9223713
7920449
6186733
9801609
7021791
4681847
9756669
857123
6686461
1944787
3290279
7259813
6823213
6134819
8631739
560393
156249
6397223
569583
6354719
6900747
8999721
433839
634287
5859809
4166077
157651
7000107
9263067
15888043
9175439
1220551
1002897
5491009
4063383
4616809
9846993
4799651
2909223
8498557
4128189
7240089
1659687
2554799
6148147
875309
3511907
2125547
72513
5468713
4328537
754203
2487833
2630137
9811663
8688477
1338529
14114451
6188203
5048477
9019857
1957693
1640577
7160201
9228431
4847103
386557
8436619
4534737
9050577
5504899
3505031
217933
4123071
8106161
3707271
7456811
2059791
960069
1357113
9378387
4993687
1099559
282211
733549
8746513
1379571
955713
8614759
3491809
8767789
88482141
5272549
2606191
148819599
7939909
3047701
109042377
4769187
5409361
199171
9722241
6567807
214947
1623049
9393117
9275929
7309491
4051859
4295107
8153419
7185271
535293
1449863
137698189
7944279
5455239
7186607
218509
4399589
9567159
350197
2101063
185961073
6341857
8240531
7797927
2500833
42259
8441367
7686923
16227183
161881827
8344723
4130983
3766139
2312699
9133269
643029
7143879
5095841
7124639
1453533
3648733
507179
7117377
5520903
6755493
3254633
5589269
9250909
9807671
677987
8329659
2375737
5708381
6913657
7729039
8625003
7430601
2127757
5125151
8263941
9468767
5960187
8858029
2805823
4918481
8608081
9488447
889141
7162583
8667993
455233
3868079
640981
4498359
2746661
8067977
4799901
7876013
4194023
2923317
7644243
8094383
9081481
7428123
123199
6694881
7175927
8086649
7263693
7057669
99639
1131039
16404071
9901707
9247449
4218773
7814733
3955611
7994977
4188993
7942679
6798183
3177721
1871597
451339
6632641
3931311
7574791
3875607
7541607
2925441
5408811
2478657
7168853
5609977
9063657
196653947
9075511
101009
6637477
3505577
8704149
6016671
9506261
8716347
271487
8225233
8352553
5564167
7825867
7007733
9605691
161243017
7278691
4311797
2226353
6600099
135726417
4303369
5432997
1028153
2619613
9505029
9037099
2535237
1094197
605177
4623333
2195199
8133663
8736901
1851727
1372407
3424747
7332059
1530257
889341
2419391
168346923
4898849
601611
4195367
4658147
9652779
9855199
3969413
3250353
3387619
7570531
7150627
68173637
1670803
136708871
750597
7726349
1125157
8708227
2342329
6354693
4838623
110941739
4182931
1980639
5268649
4497519
2878333
7094343
4325163
6352281
2221541
4523287
6924601
8015891
206039
5396349
499211
4145223
9780409
5252153
7026493
1375149
6002433
5606397
4144271
9096971
126345381
8571523
49564577
6184447
4153723
8237861
480477
9553031
5969911
18826897
9627921
2272639
1765761
7573117
9338163
5507567
1447791
4332351
2981151
9441121
2405561
9711871
7968749
4253377
231649
3809263
3781927
113691221
9365279
319433
6943517
2032761
688091
64504367
1484889
9287751
8804721
7262921
1971669
6535639
1040189
5153503
3927381
897137
8198549
7314983
1460177
4164931
3945743
7691693
3985559
6438267
8565259
6484741
5830067
96665029
5574697
12849909
2600127
6231871
3073553
610759
9156529
9595529
5342921
8269459
6537057
1711813
2408099
3634161
2048359
9986731
1343341
99365043
8257639
5790609
4478449
8149107
7654327
4912131
7828213
8544817
7848489
8021309
4779117
6491223
7502487
9203137
9029181
929177
8879307
6922547
3314321
8198171
5237731
9176799
5138661
5195377
7687141
4717991
5887817
7747571
8578653
6484257
8983581
2300763
9779947
410379
50803679
8644271
2257481
7114039
5811729
9329991
5370839
12351211
2094373
2976183
6309339
1825313
8688069
9741109
5961259
6695317
1821057
9252601
869271
2068361
915997
3424337
9579587
7298481
7704843
6467113
4480287
9954971
9112663
507431
1658597
9722431
5184189
9859969
6701831
4659869
6451331
2191289
9661789
6617267
5902287
2601547
733261
8425547
8526457
227963
9880803
9807313
1289139
9057993
4650377
2319199
9317239
3275541
8527733
8063153
5343651
2325039
4612249
68261397
2738841
5114003
8071967
7229979
1345727
7424541
9451403
4754561
2510757
7872469
7596847
2670629
6206093
1940753
3316399
8118981
3276527
1859721
5198491
8269
568857
2561611
9883499
7158721
6197911
6489437
3710917
3344097
7970133
256329
8381127
4241643
8614647
175553533
1472039
1916551
946553
1073189
8524489
4813147
8974559
5653677
8189427
8919123
6983539
1307069
5855009
6768329
7273203
7001071
3374033
606391
8120029
7014841
8391481
8668127
6684969
7032617
5937579
1214093
8115139
5455103
7112131
3337569
4396589
92542173
2924273
933531
1010097
4114709
2924497
5303407
231053
7574231
5375701
3297153
3858017
5558887
7888621
3771803
7442651
9581091
7390813
5522427
3629417
8247573
910379
9100007
3597437
5948221
3044803
9247441
1421417
4787921
5081071
104556669
2132683
8717773
7486143
2079563
766929
9871873
2614371
930833
9902563
7893981
2192427
2106179
686707
2784621
838953
5924633
5850713
5350169
9512097
9947541
1058689
9243143
4498869
9216837
2617453
89304219
3562867
5465357
5207583
7786091
2654333
499193
9883959
7516867
6336809
9371653
4400637
4826941
1369223
7062227
5474143
2901391
1524197
3199763
74273171
4963433
1079831
3479167
5182381
5410503
6998103
4308643
836869
6044951
8466787
4920341
2549869
5226111
187451
7875321
9041637
645263
7803581
7634513
5902553
5859259
7429423
685081
4820013
7688129
1238639
3902091
1676191
2021343
403509
5597423
1750501
9723041
8600711
3419081
181613
558673
9047489
9646467
5968151
8494681
68496211
8409387
153265023
8932669
8751417
818643
8142679
7942131
10661
110198423
6519981
5000071
614667
1408711
187540593
6816227
4827849
5880721
3704551
4355841
5416197
8760797
2092601
609429
1999523
3300743
340461
6503491
6315113
5371887
7461981
4604529
2763583
2245771
4786759
374013
1793147
9075439
6043043
2639211
9509239
1504707
5946471
891351
8216289
622947
2711329
5211189
6098087
8779869
7220051
5210113
6296391
2751581
7412969
7627903
5891259
3458373
68771933
1790443
6570039
6708623
6355799
5887657
9040187
370627
4540469
8693189
7259827
475049
115718361
3515553
4931441
4617769
3677949
8555773
3285391
4186269
6589997
8164477
9767727
4150853
9992367
9810519
3287433
3862891
7375093
8721087
136849717
4643627
1222371
9595861
6467519
5388349
4925397
6871707
1012543
9574539
5183209
3930067
2045553
4326647
4397961
8002477
793763
713771
4092471
5218231
5520943
2338053
2019973
154851
419823
9018749
7626349
9360077
4156909
3570337
8666591
6792649
4592983
7669951
2490541
5732643
914927
8917907
