9088139
7377457
33047
1464319
578583
6165211
7968411
113547
8255131
1291621
9849081
8321641
6811809
9781827
7552059
8534243
5237447
5802211
7697527
5778057
6870209
5080673
2811613
9213809
4814949
9455977
3921299
6956187
7296341
318121
33437149
2191721
4991857
4999887
4772577
9417121
5178789
5009109
6143709
159747
2174477
6411221
9104891
1310363
4450321
2876459
4594667
4548401
7169723
5368127
2464951
3149069
5039053
8932171
3454219
2306739
9731373
1906019
4426059
9156687
4959383
5811899
320899
1462341
5323339
2525997
7470733
111357889
8854009
5651809
6961303
2519861
5345757
7428461
8949167
1392929
219607
709881
3678997
95729697
7634691
9753229
6543503
2538173
3468999
68603269
1567337
9055099
9217087
2085693
5386403
3029443
83212631
5778381
2215549
8358231
2308763
9296799
9647881
3648857
216587
8793117
3128159
6187407
8902767
9486499
1370539
7151217
3781257
6686673
5039571
3804713
3476581
3102073
42479
9180769
86146733
977079
4168329
9862797
3031699
2688129
8672921
993007
8627001
5613647
1514037
153722421
5215563
8725583
4656469
5135941
3417977
3296547
5892707
506159
9221031
3623707
7856413
1888347
8538483
3537359
1131663
7372457
8088031
146329867
9278659
8064949
8312689
7854681
4712461
160201857
6646497
550143
7675271
6186791
9892453
19501423
7947173
1948749
9821987
46622987
6464011
5310947
7645549
215359
8785899
1803217
6895691
1666239
7554823
8935023
1570619
2823093
8008153
8417243
7461503
2034859
3395121
9605753
36004201
6839921
7153091
9530579
7745679
5085463
1106233
206263
872741
3576631
7348389
8402267
5896559
9534731
2850883
1041661
1782797
9740997
8065813
6879103
7122031
6941081
987329
8564203
7277667
3602439
3693631
2407779
8736363
6979547
4156769
4212963
6350401
66756741
9132471
7766301
5135913
9640921
870261
3735387
5338503
1383873
3930681
9374981
9849873
5499701
9536299
2434747
167200139
7276919
1979213
2591729
474421
4842393
4103419
2492309
1265131
8017339
2316737
3813977
6509243
178084599
7701691
752919
7334649
6365233
1174559
3088853
4094781
9760041
4913753
5770563
4078663
3044119
8992413
8002279
2995053
8046313
9797217
7370101
177821319
6711193
27810673
5261777
6552487
3525633
1266579
9163267
3889949
6600417
72194329
132853
4737329
8036369
5854187
6102553
8151627
1745769
7454467
2579111
9461901
2837971
6525659
7199433
3074091
7626577
1796589
68783081
7639287
5320557
3216611
131633539
6463887
9401623
2707369
3004459
1656003
149853529
6204863
6036157
5115289
1901559
4961799
4358517
26806761
7575309
103236289
4659251
6748927
2785577
9297817
6365763
862133
8623687
1823339
5370341
2678227
4701977
6040037
1281733
8761467
558479
7334893
746827
5874777
1364503
6673987
412823
5201861
5441079
7265873
2650531
3461609
98023573
5743961
25063
7787209
199384329
2551677
8539801
8524057
2064573
2325941
2544891
8632091
3025969
4937321
5861729
9973273
6689731
5210303
5750003
1944987
9852717
2150281
8544761
874257
876443
2683071
8017167
1765499
4592537
4982073
25526879
6981617
6369661
5293171
4567791
38631909
2068003
1843453
1233529
588553
9126777
3051481
512761
4164257
6035973
105348547
111147
2512859
1773603
1451971
1379719
5073717
9190027
1896093
4404513
130843471
715211
5436319
757771
712063
5826743
5283629
5280093
9963959
7315323
7452929
5044803
190837919
162921917
6870337
5868689
4039301
9307723
4099681
3665347
3840227
4929317
1910699
465807
8385471
7045819
1193751
5544033
495099
5920897
2029897
8102687
3587441
153363
8317537
9882803
3597653
4023019
1432303
1669503
3647137
5762861
6671889
8387191
6225033
4893541
3513119
7198567
5564727
2016491
3205061
3310697
526389
2444989
1029969
6631839
8886949
3585867
669833
7073659
5680771
3639839
5066127
9630817
8189179
9314161
4328907
135552753
4445451
7008833
9120851
6667119
8733349
8308173
8693611
7062519
7900141
7795969
4544763
4743813
7793733
5772807
154497
6071483
3629457
7362949
9842713
2390977
7178211
9664951
2459229
2951061
5540693
9717447
6619503
5729879
4352737
873313
7361497
594953
5559787
3291569
740793
8008611
4294521
1547627
8356983
4658817
3678799
8261687
938899
5027253
5850459
4117989
6670751
6376993
8771753
7133547
6008003
9536051
4375039
196858519
7713747
2713247
2904731
7429903
6043639
297809
3606581
3277157
8877171
183475331
9469771
9877399
911799
6438211
4127373
8169047
2260033
5696899
2672681
2183747
7108483
6148183
1787137
5746257
7807587
7945253
590941
3061213
6710481
9838303
7126341
9056139
4145811
7366283
371347
62860617
3760287
6681657
749511
171472617
94589819
107905801
74549301
3086153
6560557
6109407
7062261
2405111
5099319
5940767
3267393
668297
146821301
1700403
2155543
8907231
2451637
6227079
8330469
5942609
8323991
3502223
1191427
1674451
891317
23490353
1272903
8388983
9126299
6001033
1112079
7346203
2612819
2152159
9319293
3594139
6599131
4693537
9699977
7410623
35839911
9133141
7800069
3831557
2113837
8959807
1150327
9959131
5909941
9977687
9199329
5171657
5710339
3788967
142203391
7206393
6530941
8857781
132741057
7012259
8534787
9253229
751739
2057399
1392801
2413531
18907
7398619
4454879
8352831
7379079
7111081
6442611
2805687
8692251
3936227
4378659
7695817
7498413
9829797
722891
8897647
3031211
6602083
431993
1634173
9670543
4534437
705679
2666843
8348287
2307103
7738897
756023
5977207
6143279
6801983
9936663
2739109
9650229
5631681
93051661
8926981
4154139
4708533
6769509
3609913
5873331
309059
9254139
7365839
6840783
3957769
5844347
8739433
5291499
3299531
517827
1789247
2146339
6778223
6365847
3931039
9011433
8571471
5449407
9391149
1898227
8159071
4492823
8214589
5695787
2115309
6233571
1570807
2716769
1687031
6369633
6371123
7654679
9666259
4517721
171061577
6976763
5930583
9901241
6643139
9133691
7698419
155205901
3496407
4569441
3441363
6851323
7271827
5238287
8160709
9124839
28221397
78643
5402997
6745881
5920613
5588859
3349403
9792821
4387509
8515087
3002187
8020609
5796467
5589941
1539507
6846321
797773
3795329
2156553
1459661
3376887
8005447
1689591
1848999
7690951
9532731
7888241
9168469
4406417
3188247
1050139
5991713
469251
7712479
2312627
2781107
2609759
1913419
4642113
6756363
1041843
148691167
4698729
2286943
6911491
9536811
1626017
1099709
681591
2977903
9209107
8402461
4027911
5303199
2646791
7265429
5277037
9617007
4151529
4482877
7702751
4925577
4923151
1398751
6204013
1969437
1598437
5188839
3468203
4694483
2431159
6072337
1501951
6807211
7126373
2907613
2419001
9840159
5312893
509181
7878869
3561613
1507083
5145689
3596747
4819637
4172273
161810247
1851147
2706631
767683
4907563
5252279
7482391
6782009
89282439
6266223
3314957
4107903
649677
4936077
5535613
8835003
3821049
6192143
2451161
2430917
2180189
9091531
5342431
8146103
6137197
7588021
8872571
209793
5474047
1732501
5259277
193032951
162553
122223719
7440133
854487
3644113
4087193
4979149
4202671
3361679
3955897
561221
4909929
6534423
