2876143
194159817
3151917
5374103
7828457
9921833
3237743
184641119
5682553
1588657
339837
8626603
4302371
6423763
675213
2467541
5261663
9937391
4567989
2447889
9549701
1425273
1983253
3039269
5328199
9914633
6397161
3992169
4290087
8954441
1651683
1400883
4407871
8619653
2803863
3597377
5745551
1622331
7396901
7451233
5780307
3075679
7736963
1340729
6160523
5249083
5506643
921007
5535849
6896653
4433333
9043923
5951311
8450957
5930241
969391
3358891
3095389
6861203
432527
1487159
8271623
2154943
9552779
5754883
3263279
3157007
2281039
3131089
197613053
3599239
3954787
256927
4148569
9554589
6049203
4174101
1658093
8929941
4599057
9111249
2974793
3984393
3501521
9843083
8409019
8533309
6835371
6498579
7029281
7537771
3436807
1802641
501107
9681251
988673
3852983
1223031
7116579
6887597
3469737
239561
6095121
916427
4259961
66336271
6089727
2462647
5465831
5392133
9192741
7444201
1528541
5247491
2277881
5743273
9729869
6836229
5991763
9286833
1590249
6041187
1782527
4009327
7046181
99334169
8123453
5971089
1311141
5901639
6152123
6134691
6984921
1847593
9102693
2908681
5705383
5016451
5916391
5278573
6654311
8752943
6505611
6634409
3828911
3596603
7452877
8303289
204023
9163987
2470371
5427617
6742887
3302717
4199763
8684199
6589579
1886843
4183997
6680687
4199521
6221117
2824917
3205133
125534573
9943517
5390057
7500419
2683731
18846909
1385093
1346887
9083671
905593
6102071
4916259
8887597
974279
7560687
2636263
2022819
4044473
8449857
1253057
4913571
5580031
6768129
175002517
7137599
2224651
4311731
1349641
2578113
2544297
5622443
3991027
2644611
7150643
9539227
3453409
61097
40521
513399
8749283
5059497
1035149
463931
12401
8943323
6034701
8749349
5391419
2975179
1631781
395899
9180963
6542937
4628511
2389513
8680653
7744197
119961179
2837299
3595669
2686539
9698353
3731067
112493
3248447
8794047
5772291
6279293
4253603
894209
4289913
7188889
222137
607463
6027493
9599517
1493787
1548771
2904027
2376399
573323
1963169
286293
2143677
7197157
221767
1014503
3392773
7370499
2630529
1325099
4266849
1429073
6336677
535959
6113267
6973557
5136339
15460111
9965373
1683467
2439967
4240031
4359719
514431
30179127
4833291
2662017
2988539
1912097
691781
3416471
2363599
408809
2626239
4716787
3116021
5989373
8575537
2418797
4983083
9397521
2441987
6499083
4984489
7145533
2488433
3893243
8146241
4972329
6424199
1828697
3591887
4548499
9213157
2007267
2783341
3801237
2756191
5300451
7794303
6156329
6979283
1020091
142623
7039871
1132601
150242959
5562277
7024491
6102591
1875637
7263223
583891
9035507
5137823
931827
8482899
1763293
6121207
7490821
5303217
1492523
329133
17746647
8560789
8249997
5032329
2819039
5883083
8837563
573897
7212107
7134173
1308989
93141971
375307
2531449
3122473
6082051
5397777
2243311
7682817
6891379
9826757
7948823
2843023
1408027
6838571
6885177
5798119
3015229
1133579
3657149
8328259
8768287
1645457
6757799
3059603
7082101
8989177
8281939
2773861
3738199
2013249
2888359
6244391
5666669
3640791
4490689
7682791
1005087
1541941
4912087
3263109
5893797
2103771
8026123
2524651
7422067
665511
1713177
8786051
2087523
7439893
6615437
8096123
201053
810281
1883113
3584009
6535303
182414533
3754441
4227887
3391611
5473021
6309923
8518589
2702321
2377607
6338551
5447923
4320073
78235443
121303851
3742093
8614367
6137001
298507
2457037
434191
3874927
2350407
2916219
8509937
8360001
6980797
7687449
7360899
3985399
8593223
8574349
9547187
9227597
3397063
4223061
186848353
4130777
8528343
7637317
8535889
4011389
3436211
4001623
7719057
8829691
8876781
7794449
1580253
4312989
8058057
2904573
7470899
7675147
7303829
2030437
6547413
5965611
6270587
8801233
3606831
6259911
634751
194580679
9418691
8998441
863
4676011
8462567
4335957
89359807
5549251
1972961
2210711
3289061
7138919
9599613
6626219
275459
3892521
4808229
81878421
3904259
3805783
5317547
7395553
7003637
1973647
3289017
1621779
8320043
4643127
9302671
9336659
295637
8593283
9531257
489421
7922753
1947129
2077577
8356707
7203547
70294967
4944903
366027
5211839
8798361
5217279
6609007
4056019
1946209
186733
9054953
4551513
1566893
3957247
6330621
5853647
3066113
197123423
445383
6706989
5771913
8132039
3602307
4123341
2557547
4314569
1047183
7083279
7246153
158697
2252891
5842643
5113223
3112941
483431
7706769
9492677
4296267
2045343
121197151
9358879
1887083
8970447
1831641
5872441
8106309
1671393
2067411
9989311
1447823
1383779
2849003
7707857
215291
2614003
8219591
4773917
5427551
191101
2729031
1492577
3052419
3656439
169731
8128729
827491
5034897
8912323
8807347
1857577
5658999
3852133
664451
5619127
2070083
5065757
6818137
1488759
2292023
1949971
5463981
82737623
4672071
7561879
5668693
7240293
5347287
124763077
819511
8792031
8267123
58081031
9454773
5596271
925253
117159161
7403573
6288141
4478923
365001
11430827
7117667
3522439
5846249
463977
1013389
3203439
1777787
2923011
6094807
4904317
8988047
2748371
6594723
2710171
4387071
2644359
7785173
6782883
3262741
2157729
9603417
2025889
1621841
4032393
8699179
162631211
1009747
5124177
3540989
9597447
2955273
157578141
9991877
6453029
4697559
6794319
8458289
4663711
9223391
9159059
292357
2258979
4943237
884539
8266163
2507399
1082463
6083961
1471299
7638223
1583233
5600977
4279159
8591373
200147
8478639
5450817
8908681
4329219
8689071
451341
140973
3345937
3721739
5841571
9041143
6809997
6620433
9330803
5204443
3688437
2259909
2354997
9061811
82653
2465399
5564383
3701841
8375517
6728121
6999279
3320707
9754859
7209397
75585409
779459
532537
127365057
374913
8369537
6117141
8660613
933637
2510079
6356791
2503963
6521869
7105131
2915469
7674367
1391587
2989789
5406419
5830447
157928679
6249693
4308347
7753637
5738207
1094181
2752359
6046711
2331959
6986993
7878407
3278459
3577883
6477367
7413237
9326641
7931413
4645519
7766437
3213719
5390841
7968993
5728939
8056191
9366839
237349
8614767
843923
153659261
167037
6715299
1387309
6426987
6149039
8480907
5993811
5033949
7094503
1945711
6247787
1785363
5463457
8230187
2239757
8026999
3168543
6152757
2961217
2247997
1424429
5188967
3958521
4774487
1931717
5963141
2560321
9217153
2566763
5326801
630739
2821353
8185441
9463633
5526639
1783257
5933853
4974383
2415539
81461867
8228277
8653337
4801949
6993431
1898673
4161951
1485637
7238231
500239
3088063
183652891
8383601
1198727
7769883
422999
8592641
5565019
7989647
9710993
206939
9244987
7470669
2994603
1112113
2847841
1722507
39014047
1205147
9101919
286551
8987501
5317593
5501273
9685699
9728991
6456959
8856553
416129
6716621
9481353
2932713
858343
7073889
1457413
6350919
2882333
8729039
3367917
4020609
1382369
1664833
