1559211
9427733
9887903
4090719
1729637
4167457
8296243
6615063
1906477
7494471
2091757
3059097
4663009
2932861
7935221
8333719
4484693
2014403
45005313
5312921
6189457
1268403
7865169
8090889
4327973
5654407
7633611
8946087
2424171
6401357
9719627
1296183
954419
2809823
8655857
2817717
8722991
3660883
7139311
6644683
34134589
6204859
1256777
4206731
4349273
6024771
5675771
4714291
135853
7652421
816809
4865153
134187
2858867
8579599
173781
2700309
3864959
8761111
8329883
8002557
2662811
7152533
2109201
5110521
5161019
7929979
7944879
4753349
7906591
1612267
4960013
8812277
1571489
6396439
905247
3897589
9295659
3120717
134832713
2745033
9819869
318623
9894917
6008193
2528987
6079073
811179
5608279
1500549
3086433
4878639
4575539
7400589
2658369
7381231
1867091
7356157
5348989
6433007
9484677
9917683
7919507
3554657
2024653
4554639
5237093
396013
5149271
1425471
9909253
232907
8415423
1344513
4649953
1497833
5747991
9082981
1070527
7845841
7278067
6656663
5021837
282057
9592851
967199
6947827
7778253
1362199
2738169
8344337
8928539
2333339
3987197
2111733
7099311
5711753
3954029
3007249
6575021
1909971
8198097
2546593
1200253
195121617
4881527
4257867
809017
230117
2650673
8047043
9166107
3005361
9819253
9113737
1646253
6053743
911501
5135697
4096269
3932631
5697591
1785357
5478579
1974269
4011651
6115333
6846093
443419
3044749
9394293
2867687
4651727
1497373
7703383
6832583
3873069
4588051
8842439
7834953
2664291
124031737
5704953
267113
5749369
3744881
1143911
2649579
8406413
4295447
8246437
2641727
5747751
7896861
9354787
40305977
6531521
8533329
821457
7587057
2029369
8280501
2719819
3043619
9864401
517747
4450779
2383163
1786413
9664589
5738521
5992233
1600843
4084299
4685679
391633
663913
5067997
5647853
3773717
1401767
3682941
3567573
8568491
7328301
1331437
2240077
6169347
5769583
8543459
7821113
3738147
288157
8131423
3596313
7115301
8376343
3027259
4680391
243047
4666373
4159667
2160857
2185489
5229269
4559201
5738593
1677293
3670653
9318359
4362867
8868737
750613
9832597
3102727
3209627
7835187
1595917
9187671
1305109
374281
9120959
8394109
9034177
4902931
42299
9281517
43281027
8842867
716869
2469141
86260533
3435007
8129147
4521303
7355499
8970249
9915373
6127337
3080701
182863767
1992989
4487937
362337
3480891
784477
189641
154251473
3619607
1816769
1113917
7600209
7030997
5076287
5356547
5843901
7079733
3989677
7986637
3125441
1189857
8148151
2531407
1757741
3705749
6521033
9247891
4345127
6564139
4810203
5892253
29809
4809593
2994201
7142551
4228327
8877231
8094731
3463609
1348291
5814479
4558531
582631
7249683
7422659
7577301
699677
9215197
3183029
2978153
1594379
1836577
4176469
6010813
1466583
6615893
3020861
5818569
4460141
2661067
3795669
6778969
3504001
6246733
2793609
42119857
7805279
7978717
3138791
3669047
2152287
1625817
2714323
109917307
1968691
7120213
2421821
166168397
49938029
6977991
4154179
7191781
4368437
2345773
2345971
9805173
143300783
1442249
3813463
4799899
7273843
3661513
3755787
222263
8063567
7307819
4700623
9149693
193711217
670247
991037
9789141
6380497
1328433
3327241
9532731
829533
405757
3355141
2992863
9983041
6418389
8656471
8768103
7706331
4177629
7996397
5083087
2616321
9927949
6079389
9173857
3428661
9744127
7981393
7494037
7605037
7910219
8108357
7847967
1205581
744299
869003
5890247
9516221
2549551
4769857
6660777
8547413
3640949
4825171
2230629
6532647
4794649
63583091
3418867
3354521
8644859
5354049
8375249
6460069
5198169
1269611
4442927
6610341
2570119
178501
5337223
5479731
6468893
6231393
3816711
3982581
197400087
2410919
4223549
53002977
3590363
2234737
7887943
5439403
5996619
7423957
1032789
2695167
3004681
1704569
4743799
7629889
6853813
2627239
3852617
7101497
3074009
8189979
1402721
9565229
8562361
1875369
6891689
4706919
1151893
8340967
1923709
5410527
6521039
9933347
154471
140954041
2733477
8742577
2562959
6600241
1735223
4017967
6881643
7473971
8867607
3045119
7881581
3237813
2796797
172496309
1222869
1821083
5067771
7473193
1416993
6702731
7244551
6084789
7668653
6162153
2760979
5394347
4313101
8655069
4780033
8921137
1967489
9995667
7724063
622241
4513657
509673
3133211
2936109
101315173
3494629
4697017
4666939
7153441
9997421
8453509
8259217
1142761
2845531
7982911
8516049
8184681
1198529
704233
8843113
186436437
1118293
9418237
2861371
9807933
1024587
101497477
1813037
4072223
3064451
8670791
1800969
1373937
6272707
3281231
5058631
5604421
2574863
4455747
8593173
2925123
9904763
6445993
8416643
7119029
6557407
1022693
8288039
427017
2053789
9470963
5094213
9062159
6163509
6535133
8773231
1965681
1779427
71693
8744793
5695993
4536771
6718761
3651417
1150549
9012523
7811353
162525859
8531763
6430497
6855659
2512507
931069
6671079
3515767
4795317
9062097
8196483
1678059
3911681
6372541
557321
5746589
8435637
7593031
7028817
6232287
2983153
5160801
3756553
6081103
9491109
973723
3476127
5182463
5368541
5624987
6941819
3878403
4772567
6585501
3121303
381823
7881793
6067603
7659453
6200871
7272363
6351671
504913
3601759
7915237
3451801
3522247
312857
9890199
7228723
2271067
447153
3334309
4139459
801833
3946777
3972417
6315437
9823053
6872337
8465161
5203289
2906019
7891627
8962803
1022171
4187519
6930149
5193859
4840737
3904097
6151181
1239093
7608327
3939121
1627477
4238743
2694487
2024667
5308621
2940337
8209411
6431303
4424663
7524769
3244139
2287153
6898963
24493089
9125713
8768009
7459269
2173553
4548801
131492317
9107811
399857
6259711
2269477
2425809
3453201
8791411
6364607
3109899
408451
27182069
9085137
5459589
6288387
3573921
4202299
7721581
8537279
8687307
5053227
7872229
4684627
378233
2622011
661841
8195697
7061731
9068073
7713907
112861331
1401221
130670089
7016061
4344907
9552417
6802153
6010857
5397497
9951863
6604559
119459531
6591707
9929899
4573589
6368343
6385919
7029623
93624801
4992731
4996141
7804423
7777299
3450783
2559293
2656169
6496079
7706317
1238401
130749757
4050771
1051821
122307513
2610497
7631123
5166833
3850803
9581369
6266747
637107
235393
4699281
34341
640971
3820159
2604419
7394167
2379157
431207
6130643
2970801
2068547
7924821
4494721
83702983
5232557
8577723
6925653
120532277
297411
6266287
6914757
7987529
2045849
8553627
2556811
1778303
7527569
5152709
5541813
4246919
710069
7023771
9380859
3161103
1516507
607941
7143111
8694837
5962943
2786673
28026421
2759969
2705129
897533
9192571
6056599
3120783
9724913
6201127
163405481
7990847
1134849
4886917
1707947
6954357
8132591
8088309
398487
58957
6034279
7445383
2526971
490839
9053863
9223159
9832119
5316697
4945883
7742219
5270253
7086199
5917669
1322167
6189057
2882563
9695509
