3405651
2178303
9865321
5843711
9385891
1704613
9758681
6014209
86313
7908699
1244077
1541411
5765979
3841031
7511847
7365761
7125179
7323101
9064343
7642037
7387057
9536723
7058359
4060803
3747113
155661199
9407303
4566191
2946261
4681147
6171537
4502011
7961721
2796981
3942883
4689073
8944957
4217853
8629413
232337
6126693
2204291
153369
5357857
2848333
9362371
6217123
5736361
7036989
8356821
2530653
527059
4085213
9398759
78179169
7270211
5440497
1041793
7012601
7542109
3729563
3111249
4584439
267917
8022203
7895501
7043161
3850793
7407871
5446953
6405371
7038763
2411399
8412351
7713909
337117
5265519
1209027
8116533
1272767
381183
4246347
6832091
6948161
9429761
4174209
7038337
8902641
96484101
2042083
8748547
1257743
882017
9849127
2464139
8694767
3040317
9838329
3151799
8577293
60899671
3806877
5824111
1573621
6877581
3098803
1267637
668727
2370171
7415553
3936269
9604831
107259
8291409
3442693
9523567
5356421
3774719
3258423
1378681
4086193
1514299
4865693
1653149
8135083
4358309
1028719
1170803
7679073
113539
5597563
19657
2389819
5552327
5259379
2004747
9587429
77965711
9203591
3684983
9429923
3475947
8370999
9106031
7728713
485043
5779363
4020961
947481
1546283
7079937
1110779
8478307
5088963
3279749
7516799
100787421
3450917
1121141
9109941
1369229
434363
109833077
6574823
4969517
9013401
2382447
6441437
163037
3401807
447623
6163057
2951593
4272753
7403789
4905663
8483131
4374283
4172003
5661487
8593641
191563389
759357
6967299
8308791
6813861
5591557
5727523
7467751
2956741
773369
180801
8812137
991937
5588969
989867
1336773
5694627
2188569
748653
2430519
9791497
8744277
858533
6884633
7676101
7784163
7359681
9585367
9701227
21856127
7137043
8220807
9137593
1933253
6585859
9640293
7147479
6194847
2900581
9942991
4481547
6785057
4472771
5039789
1006031
3734429
1900353
8235993
7654747
1019961
755311
9805673
2853563
2322091
5133
2370391
528151
3911031
9923223
2971697
1917193
9632841
8158777
3444807
9393863
9877553
2287277
7427499
6455491
5329123
4845363
8204547
822811
1792609
3275673
5665051
4463769
3794513
1668917
4061233
7509123
5504221
3637861
9244059
2648477
315881
2890057
159562187
9500339
3754141
8956203
1501087
6066233
1615053
2376367
2144039
8563879
3401103
4034657
2625383
1363101
5973673
2492871
8355297
4183741
2363209
4127829
1967717
3198509
7216657
8221409
6023727
8086003
7069257
6121023
8182103
1739001
8491997
701713
8064511
5079919
5195623
6569577
2146551
3454921
8360931
6731913
5637613
3966297
1856871
2777743
1859437
9721697
178793
4223913
2846333
5391731
3762883
318741
7050837
4817691
9118399
5064273
647667
9739591
3738429
2536521
4102053
3207957
9076957
8695031
3106883
6734683
6205783
4734641
4527293
7277977
257657
6418097
6264011
653031
5653909
4873177
4463877
4014079
7542669
4117823
6140877
6441417
5715753
8189261
2352957
7429611
4615061
9432947
113926883
6944033
9986411
7157857
113223
2769451
6980487
789391
6662563
3410613
6010801
2126863
6051437
6348617
1517489
4776577
5297613
1223871
7655577
1830313
5452511
9057633
1977037
4258829
8090233
8681137
9074857
1336167
3777751
2521131
3431363
5707681
173890197
8531257
3183209
6816819
9100681
5751263
4867521
8451099
6045193
5684887
1645541
7424859
7604193
164604043
8261489
1990891
2436659
112641527
3169813
1451557
3199207
1232443
145221599
7196133
5962263
4771221
8974243
3708027
3520407
6746759
3350491
5141941
4297357
7028683
3085661
9559891
9399993
5479097
2983573
2608987
8021373
2098067
2443949
6162401
8861147
8765319
4239321
750739
1606199
4298399
4298851
4546251
4292663
3433927
8603803
7720589
1074659
8602707
1501473
8934333
7965779
284007
7056361
1299543
9258629
4394121
7931541
6174979
9243641
558443
1585913
3056881
3849677
750451
199871247
1500411
4956791
9210023
399793
3723557
6196823
1327329
1559153
2280499
7626793
2434737
6624481
5269773
8589049
7498527
2216599
6036789
7261869
124633117
187660287
4719107
2536489
1306553
9480319
8887607
3468793
7152381
1133117
62393021
3999421
2297073
5501869
1329121
8821329
5213523
340401
6932453
9587509
6126691
4456761
771753
2512549
3317229
7616719
7189649
4703489
264473
7658843
9251177
6225407
7058417
125221693
1776527
9340013
103165671
8013197
7993361
7166897
2276051
8560957
1423011
8534151
3909911
4409933
7378437
3892831
1071091
2575123
9475089
7103021
3901933
459231
5815263
6568077
4513639
7168271
8536801
8061071
6290473
3650291
749193
3087371
3193679
1442083
1834751
3893357
6246541
4910543
9188029
3560851
35540033
2938469
6317489
9371217
1349691
7646801
7741607
3821477
8903319
430587
8778797
3583079
7173147
2740357
4389957
1408169
8151053
487963
7723963
2290757
9145971
4623037
8087753
9775949
9662399
6449617
7131001
116176461
8453657
6828189
2571639
7582191
124270081
5453283
4041069
1045191
513169
9931789
1016491
96483
1335429
1781507
3696053
5378439
1173997
5928367
5237263
696713
5761913
6704889
4914273
7813803
7005513
8036997
721933
3626189
8563037
7396623
947531
8978289
6074969
5712631
4793489
5184029
6019229
6111503
5768351
1959731
8839833
7499231
5748991
7205973
2337271
4443747
8009301
102454087
9780503
4774569
8904867
4044061
4694309
7514721
6815583
3735369
6410669
2559363
3347077
4050257
4857091
2076209
7866617
6518259
8962369
676919
6348173
2848573
8256963
3745489
7868119
1601987
9149211
5424761
4024001
5865693
3963851
8580451
3119511
537589
828911
5076619
3667799
5972361
8071107
3544253
8877153
4506063
3006029
805673
2348449
377053
9698829
8650593
8377517
6148399
1301763
6166733
9452991
7358483
8869541
9933163
2290647
9408067
3303469
3726911
3540713
6651667
5761131
106400199
161877
9195911
9294507
6031143
3124883
1365751
9130199
6065507
9707319
3927013
1680957
2907647
68674399
3867397
191896549
2621803
3219689
4054249
6010901
3552187
4765789
8356681
1585011
9290223
4614791
5997563
48166203
328439
3833197
8802929
1263417
8774219
4354909
6377987
6113489
7754713
8805447
5210563
6983037
5935779
3211137
6914411
5479489
8781097
4800581
66719
3836777
9039077
2591641
2280553
2932179
5219569
9112043
8728929
6765153
3789429
55226377
8902779
6549261
2543603
9729761
6366807
5782133
154387401
6025009
1036157
8017191
628989
6462619
6321957
4829889
7309603
3645063
9640079
1232579
8839731
1448723
2021973
7106701
819251
7320877
3986223
6574531
6839739
6171629
4993963
2445841
4333901
1657941
9612429
8169393
7178139
672061
9035139
6668543
5462587
2519389
1965297
7602233
8666983
9297813
2641687
1323647
5766387
6563261
6478919
9765231
102681743
1475001
7433513
2848949
8164803
9129929
6701421
3652809
4588561
2149441
6440357
4864757
3631741
3534193
5515219
7452003
8369469
1895557
1273557
6886491
3569827
6770589
1139631
7425539
3380317
2038629
3490649
4357069
5706527
7137929
5496529
7740569
4175539
