6135357
8262351
9655597
195754623
9931459
3398407
9937707
2358997
6628627
3902359
5376257
4651083
2074093
768147
3534633
451261
6504977
7591151
4672097
4888149
7114037
3486233
7571689
101403157
1574753
8747157
5997553
201933
9698021
5940829
3425791
3163573
7861611
8885239
3591901
5468999
2203191
9733761
9071817
4759323
3402669
2799923
1228099
9802623
7706209
3374393
2567937
4541423
5005987
942593
1358889
8493487
8208271
5241787
9002069
7837811
5541341
7685269
2081189
8092177
4979437
6416257
9301423
4723857
6464807
4550389
8945871
6930213
137983
4998759
6845959
6559159
9532817
9872791
3314991
9394483
5706627
3783571
8509707
110262771
2887533
689467
4087213
3664239
3625727
7647319
977903
6053759
2476269
298349
3671199
4810703
5530473
7381797
2436343
2037079
9921631
6613017
105671813
8689287
6787361
9948617
2330459
5182723
6295029
6196173
5481379
8360601
1260251
4283937
5284501
5419
3140509
8667597
1145091
7685161
2677297
2993847
6874277
8400909
3062133
2509063
1140717
2271257
1620099
7126461
5146459
2648567
1486221
3823191
11471981
4658181
9471607
1896321
178368147
334567
1591653
2512777
6048709
6202507
4667029
815909
9293599
4767919
6535459
1267371
5695113
8241691
4859601
5853117
6719923
7135049
1822487
4839513
6864651
8728129
7126241
1053299
6776533
1466013
821779
6643081
6808423
5184941
115781
615863
8188673
3782029
94083803
102187
6654749
1685711
5694303
4421721
2086721
384201
7984613
2039683
8428419
6859291
199177157
9303351
3191379
3516271
3357089
675957
4121327
6526503
4564329
2618887
3169353
1828663
8378259
5073159
4884581
6661237
6290311
3177569
3352849
11767
3563883
6719597
92406739
1248433
2540107
9133293
7429771
4070943
3676463
2675823
3756403
1240597
3347427
870871
308681
7777503
8698371
6807491
9890803
9206271
6553257
1542053
711547
172690357
9790591
3444161
8469127
2524603
3093227
496809
8115991
163174257
9397219
2327137
6642113
1238231
5747757
9457507
1185441
7819841
5052051
6640633
2688271
5695313
5156577
115130613
1379149
1556249
186357
9482429
2022419
6791493
1210971
3377229
4913379
8454089
4830567
7210819
942157
1358523
9483873
3769933
3652717
9740127
1991141
1257967
9055867
6482671
8343569
680547
8368773
3746543
7401179
9198589
8892999
9336559
8012257
3234583
9257883
771021
6868661
840523
7479881
7027419
2139121
119598251
7910299
5899663
6345839
5742459
5316701
33359
673309
3108179
8139897
7903803
8580013
3971607
8895557
9879381
1422761
905173
8778073
2927183
3201997
990581
604799
7163699
144937
28080913
5899737
1283003
1539989
4801701
8698781
8391063
842527
7083717
5908823
1193411
9649563
491071
6832193
8156231
7364171
1952473
5674261
189269
9550159
4572529
6687871
4581867
5538199
4647841
9145453
4521187
9611273
1421893
6580257
3646377
4953793
9392589
7565513
4812991
3459733
6147129
5791001
4786391
7094873
9668373
8583691
6189591
5612821
6058501
529201
8548903
3259103
5068433
8234223
6070583
2182363
8823281
627033
529191
1665903
245589
3264617
7001249
3309377
7245479
6525913
4709523
1218513
125666593
4445303
4712343
8317687
142158347
180729881
5723349
4435351
2437947
3554981
4474897
8797083
6789193
9288457
579343
3808269
2403643
6525647
7146981
5617633
2412921
5363867
5966133
3280069
3076013
3641693
868659
2780989
3359243
9122973
4937787
6411701
9791271
5977689
6902139
96245293
1154073
8531743
9858893
6481149
8522829
4113953
4548349
563217
7838481
2748813
6661611
3382827
4939383
9986823
5323133
4143181
6508821
8906793
8298779
507049
291527
1985513
6000297
6018629
9201519
580589
9471393
2461327
9458713
2752681
3959879
7560337
6492471
3261953
7224299
3918401
8053291
8413887
7695261
3388501
3009481
6704719
8549
1918399
4999223
8428719
6254967
5344341
5156353
2663821
4154157
2001943
1074793
1405189
5651733
2808769
2201909
4971317
8440837
8996629
4619397
6186217
4740503
8296377
6805903
8923539
1586551
5766789
2871639
6982597
1429907
9882109
4830539
4923421
2803169
5833529
7396753
579379
6361497
1184729
1845117
7495071
9182071
1312233
7591421
104079
7586831
7475241
354671
2921419
8216811
4814101
3246811
5692813
2634029
3999507
5116341
60397399
6581913
4678083
8106119
5898103
1379953
196074889
2407141
6982083
9564581
5587463
6822731
124459
4819411
9654289
1237273
5852167
4928141
3919271
9372593
2743643
9185341
5029449
2851137
50111
3005783
9638217
8998559
226743
2522163
2489671
4821449
4385313
6554421
9469589
7966613
961887
8972817
5141889
8539021
4141323
7213189
8958827
510259
8924729
2431407
2032213
5308423
8063447
3807101
1129791
495501
3038137
8551993
5396317
9815289
6602221
498857
448309
5584883
5585101
5619527
9392297
3035047
9941801
710087
6207927
9936353
3528077
4986489
726813
782941
1996061
6687839
1208451
7485593
7156259
48077029
4013553
1139587
3838587
332127
6215041
6562457
8379649
6008841
4895767
1410963
989939
8169949
2153101
1104269
3805853
5970027
229931
9492657
5916359
6861643
3720287
3718763
3804457
6869349
95033351
2405987
7392001
154202073
4161781
9634211
4434329
3052891
8950217
3279687
4815501
1438933
1240463
3100707
6108727
9325241
410733
7096599
9334311
9164573
7389523
3611179
7222789
4420637
2805891
8100627
9022899
3685753
4578453
9440349
7967739
1595541
8914643
8252607
6187187
2734793
8070673
5448383
5900989
3535867
8153233
9452097
5033223
6555889
5784211
7376429
4787163
6218651
694017
3963397
8794519
7279859
189574177
2840751
6037423
2866519
8482203
3462369
3352753
9286879
3958561
1200031
8985877
2980257
705927
499007
9036833
260133
191586437
8409461
818649
2060111
5536629
6629809
3555747
8570567
7307259
8905127
9330811
8382731
7545721
7921457
3945879
5450013
1926977
4211347
7480919
133359
6085529
4132551
5034677
7553869
3558781
5971639
7965273
2519179
5870629
7419867
1926701
9901137
5233399
4721563
4272961
5560381
6005249
2363349
5387153
5787587
3668201
5432373
7631537
3041399
6199853
1379489
8836401
8245653
6974189
7668451
588917
9099997
199652927
26264201
2815489
6413837
115404413
870869
3562583
9834271
3495033
2545639
6497333
5411813
9598609
6224347
4867691
708899
6345387
5283397
7998879
2761211
20306543
6244063
3974829
6298493
5258873
4882009
6160399
8101971
8589537
3580659
7810433
6346047
4800373
7376389
8184267
1319937
5408819
6080227
4242409
5466719
3462251
9492017
9953359
4597873
5256129
3204357
2940459
9466277
7347333
6401431
2877391
594679
8849783
9463073
8130389
7855619
60999303
7432611
879381
1007769
9378047
134535567
4508467
7985457
404241
