1047159
2701787
9726869
9248523
694461
2070043
756817
1689037
502291
6740547
751289
154251
7936447
4609363
9709987
2532941
1956249
8059903
658029
1884907
5699597
6508309
9308587
2002727
9337851
167073
5764347
153057
6345599
2843569
6011303
4400531
147676403
2924701
7023167
2572727
7213711
4861859
5614427
9456867
8214241
7776661
8352241
8438833
7296701
5282319
4604707
4789309
6048961
2774331
7637213
7948547
5419317
1849139
8286729
7531339
9210547
7376237
7156549
7677563
4101061
4602247
3836227
9155373
3411493
7849157
9013241
285753
9373967
9274201
82102559
5325421
2077833
5693739
7195157
5519719
5003757
7298523
6935399
9294907
4554081
5690179
449881
8912733
125107
9134939
4615249
21372733
9845917
9911763
2227777
3150377
174659
100067
7423613
2548883
9328441
8085407
9259419
3029087
7375339
128889
9616001
5782797
5754007
7158167
9006049
8630973
5954219
5963539
8261847
7499121
4086217
7796989
961671
1010523
7109601
123067829
3913409
3889037
5161911
6619657
3388597
9398579
6789461
6703601
716189
1297741
8101753
3983623
9379683
9735097
7002999
8547151
2417801
6961621
7849463
5594773
1497927
7646203
2934131
39681123
8483543
1346639
683279
6707687
907357
8793177
6526579
6571747
5683051
3462871
9318179
8297897
2237167
2646493
8474323
9387079
8113473
3784733
9964809
9347837
8060327
588859
3944109
9908653
202743
5879731
8912951
3189781
9900887
3594973
4337861
1035293
9872453
5148893
8119893
3771897
4839363
2386083
121733217
2012121
1509507
2460037
4526469
6676119
8187641
8763087
9141553
2114849
3016383
8425181
8741751
4915891
97539403
1423397
9514251
5771473
6940801
1606689
4815007
6545817
2661403
7008021
3032677
3413829
2700821
3054057
782169
4615233
148873099
8110643
5640067
9644473
3120709
7847087
8896703
7504977
6708267
2670883
1040387
6764949
5513957
7600041
3654707
730613
4298863
932651
6809883
3281213
4689663
3233657
8768249
2273403
7907397
7467489
4401877
2016657
8592401
6534809
9680751
4714639
7736501
6616557
1238661
7153471
3970289
1134709
6083871
924597
7777679
8219947
8516023
1944177
1458229
8152653
9651411
5496527
282367
7231173
6540901
9561623
3177243
8563741
5323443
3094993
6019871
6192523
6178853
1559517
7416513
6149727
763317
4131963
5034131
74017
9675447
5270341
5180391
5841621
421639
1633527
7190503
5943691
1057899
6580043
6126927
7061271
146183
5539589
6588849
8100253
9622039
7543817
8425739
5434159
8570619
34350429
7508143
9933777
1954819
9307663
5174997
2929037
101452679
8473863
8933073
7730449
4630637
3755743
9672141
7026701
7909767
1000793
526773
2320009
7133233
3881587
7329571
7446061
618957
1183917
8056307
2613151
8226051
3725187
6922071
3031031
9226041
2538141
4932559
8910643
1380029
6593043
537267
2925757
3457293
50667471
5528789
9811879
2987521
9341347
8170703
2917223
8626319
3929741
28259381
8859591
7494353
4828069
5521663
759021
1512543
8170973
4142837
5018679
6452903
808603
2910791
283851
400511
4921583
2959951
194761
8500867
7915553
9701097
5863149
7567213
3362611
6189581
1297319
4107539
4662219
8568759
8790529
1424963
5105601
300687
4037759
8668293
2012177
5042693
6532971
5277733
8036069
8019513
8828187
5937413
9333107
3547329
9040613
251329
7890851
1389759
2943169
7441801
737461
9990209
4375491
3660883
2713633
3365251
3838119
1919397
8275183
9582503
7320059
6125579
8016401
171377
12695689
175913753
8441231
3756943
9809321
7794549
791739
2775273
5609893
7561777
2766471
9659243
8411397
146905091
9591463
2770991
9967091
2096271
6032239
90550237
3471547
2853383
8694309
167561443
4771963
3110047
9867537
8287297
115278021
7103643
469313
1472973
5699729
5487289
3256203
3815913
492523
2930491
8057763
132351937
3855201
6549231
2438863
3317691
7782381
4868827
7095381
2306239
8176717
6497407
6829741
9300061
2240243
2915303
114151673
3233207
3505881
5258731
4953149
6805567
5784803
8720997
34791279
4243481
3495463
71982163
3765341
9132949
7862729
7944701
2667017
1340897
7762621
84933
4091059
3508273
1913507
8887521
4579129
3138177
5480093
3045031
9379619
3527597
2902257
3772117
2956301
1817779
3031283
8929767
8086817
2343417
6946363
4264461
6121141
1234517
466611
8448621
4616509
6671001
7232001
94855923
8685137
1315029
7205299
8858889
8483933
100763797
67258147
6776431
9125827
5450951
1284317
7955641
7235229
6402771
4268183
9492609
6573823
5977631
74435501
3836883
2441967
6091679
1012917
265233
3449207
5700993
7821633
1033479
78273927
9956273
9779157
1239169
7192541
8501581
498319
5233817
790717
2155029
6278999
7579551
6351411
8030779
9347547
7947741
4679869
3953301
234613
433283
8737709
8244087
2959731
4126297
9218749
1106633
2419417
544663
9478827
7308033
4149959
9381873
8977689
8977911
94953
2633999
131747293
7292149
6160461
595977
34639
2885177
9148629
4052013
5709433
2352089
9103359
8432921
4594777
8935851
2793413
8408613
1657103
173103
115362073
4568299
1258609
157007587
4183769
880901
9569797
7003933
5829731
5714609
8964557
5816213
3417851
6646259
1761403
5424847
1432137
9224417
3210851
6030143
1080891
1594083
1285291
5613579
2490123
2159623
8343327
3738711
3135513
8990751
3918187
7103707
9368757
3353439
1042591
8916013
2106629
7590853
6740267
126724501
5376777
236989
900577
1871253
8992991
5275211
4630933
1646943
119482097
8867343
1893489
4960191
3430439
7444687
7390641
5564969
7451471
1024559
6207301
2474083
8111903
733083
1204387
3489467
47179269
9103761
7698703
8389777
1647161
2481081
8490109
1032089
4236827
897191
6774311
9348743
3625267
4126713
7312427
6288193
3685759
4280513
4434857
6214127
2358443
2152977
7821449
9282513
187161
5214239
9193781
8006019
9203861
3174351
6579319
2637847
5263703
9844777
169372549
422209
3521961
7927573
725727
4213819
9705271
147559449
5588721
2333941
2863259
8142557
6123767
1483181
7171253
6644923
9542667
3898613
3542619
999783
8330149
9102937
7725717
7605181
5144909
1398133
1299053
5092403
9782583
892879
5973759
2250663
3702593
179941
3369491
9610971
1780907
9220637
5121063
7196887
4738167
669031
4589711
7071713
7104039
5318593
9809699
2478309
9174837
5278239
5896233
4851217
8059859
6238091
8189831
9301441
2792803
30432947
1898099
6733533
3137551
2160289
3572139
1825421
9648741
9708663
2212679
1871573
1754383
4662421
889037
5109469
8978419
8570241
4763701
9390331
1556409
98508083
6436217
4033861
2255951
2103251
5507563
7628901
39289967
136936233
2551403
4991241
2047017
5292807
1996103
9611557
9450013
7354679
9427549
1778879
5090427
3289781
3644153
6737171
2927409
6149851
3480357
8057079
66265967
5348329
9302239
7571271
2022279
4086327
2733709
1200597
3226793
656211
