9623663
3746873
5510131
9023571
5335863
6276399
805481
8472063
5618233
6216347
1592289
1847657
6876143
675893
4251391
1224147
228501
7801169
182173603
8537601
3916669
560083
4589557
3901081
7887089
1514631
2852483
2293489
5448631
2328431
6683081
9375621
9179491
4977737
4986567
9753177
9184681
5173913
9750021
1294843
5012923
5688107
2645183
4490167
7004451
3211951
6706999
3718771
6170181
5610071
5732519
8035939
1094657
2728231
9749267
8089861
7374927
9219407
7137489
8205533
8707459
4644383
3141051
783151
4311231
9288783
3312669
102309101
6473357
5550551
829941
5385313
72651
5374819
96511
9065169
6070379
9900031
1721311
8084081
5744417
8687379
5858687
181762983
1413659
7227069
3566117
5475527
6092149
3709277
2886301
3826149
6707139
3620849
1648197
2115789
6136937
5643107
9841291
3434373
1892827
4525017
2871627
8751739
6273051
5465311
5557191
5780223
322399
1789421
7762111
8893213
8083433
8445243
5477679
6707401
8599571
5818437
6814469
4837099
8374341
107096141
4097169
6976973
7261483
7258903
3478939
1483263
8651751
8430959
3136479
4654333
4049141
5501101
2027683
363351
7023631
6863649
5018983
3499561
4199287
4130797
5911917
413913
8567227
5831041
4677827
3449631
4437471
6660447
3474819
5369333
3046387
4062803
8774601
8140807
5263647
6441069
9694413
3760053
5431127
230747
5987101
3341513
6841323
4482777
2746937
3448701
6007327
8728739
6073649
9626583
5719081
1557959
2157137
8920427
9590989
7512101
1383227
6643527
8295169
5886841
6244547
6795997
6384441
3803337
5369267
8184279
1207807
5310907
6052891
5901311
8722517
61569851
6545149
5517923
115268111
1244981
7007003
4075627
2920217
9021773
2106119
5381
8777061
7631957
9964687
8203637
3364981
5793251
551357
7674483
2438783
5226101
3099533
2365561
6902171
7553489
8638859
7384811
118786121
2646889
3084797
917407
8737969
9969741
5246451
2128077
6656979
1869613
9805029
3174407
5906091
5206541
1314177
1959251
7147223
8552313
4348367
97596117
366963
7717629
1149297
7845583
6407579
107627347
9295593
3898261
740037
5932741
2000993
118233
1488821
1177893
712133
1943347
3773269
2744881
4234821
8882831
7115589
1599453
7945191
4025329
8379053
9624461
3234727
2643133
6055513
9173361
8542479
5994899
8128591
8287937
8180147
1251017
2012517
9917533
9048379
7389517
4602581
5070677
4727771
2830387
8378763
410829
4647357
4153853
5561483
3478941
2179357
9638523
3881007
391089
3487721
2712023
1930431
7937079
4560301
1481009
4857909
187232429
2056223
9363043
4964603
3898683
7689699
7321163
1626741
2086053
9442803
944621
4141991
6802399
4058407
4884997
2622499
8754577
9769999
9050949
487
113347629
4373943
8486693
555601
2712619
2029033
1311899
9159207
3714659
2703963
4345019
877697
5766199
6464373
8303919
7300839
6032037
4410221
6426011
8805687
6480491
3876557
6489477
8988611
3520529
95167
3599019
8454053
717501
5547273
2677383
2330287
1338777
4404361
9417247
6854631
6864853
7535061
5919547
2280677
8606597
497467
3299201
4422453
6876343
624479
3888769
6552297
2382577
774079
2781231
4979423
5174769
4441929
3257173
1002977
2755363
1616229
4049563
8463237
45660989
7000407
1866393
9466237
498929
9422299
1361437
487769
683137
5713333
3567061
2436583
180111
4699589
1396909
2276231
51499971
6647809
318441
5795227
4976531
8931971
8040337
5762757
199077489
7935097
124413649
8027489
6996131
4019087
2979561
3142677
7229639
2746437
438173
5620551
854237
4296491
5426203
8923257
4816899
8933717
7999499
21783
129658103
1645309
3774729
7494713
3056767
7674109
6721581
74866891
1190227
165299631
8890171
7673387
5651993
1871283
2416811
356573
6912367
9285849
6569227
1435673
635819
574483
7633651
9660757
9688301
9028649
9401837
7370981
5128417
3330613
115536357
3527437
129903477
9244889
7674101
8045081
7120981
8264667
9504253
6552179
8713631
3452169
5312927
5580897
93741661
9910923
7406591
401903
1935167
7848451
9330747
5594079
3815863
2816269
7488107
3981269
1876287
3981573
6919991
6320671
2439641
4312603
4431291
6572939
4892501
3292287
6686401
3692683
4121303
141943
2902249
745821
9233099
8511979
5914651
6628233
7807173
3331747
5401089
5288117
9845997
417877
1844839
947587
3988917
2477513
5170133
8047963
3967819
8277883
9152853
2588467
110728497
7471107
104669
9274699
2343603
925063
5971747
1715723
2830477
8563839
6537213
1228851
2342917
6988513
8178739
3791403
4439777
26272083
73947113
1079419
2151053
4849003
5112757
1003897
7527159
8425229
4332231
3206217
3154399
7809179
1795477
3730807
2797289
9855697
3979793
8151611
795063
7287043
4891567
8886069
3060689
321737
9926923
5784671
8448239
7941547
115628867
2762511
4787319
4488367
4894443
4279579
1910627
5554683
1559391
5419289
4010063
4789327
4095643
6422117
5895907
2984947
66356217
3261889
3960497
9064973
2308393
9853317
5270173
7234199
5838461
526959
5942197
5199053
8255127
5775859
4360653
7904631
7119887
1677587
3091883
7766487
6677183
1542019
5179613
8163003
6423281
4274407
6912183
3262667
1078137
3365397
4070827
4848559
6248991
2128491
9674327
4458183
3359367
4211123
4203061
1256833
8519017
6909309
6915317
7123189
645479
4424081
1858341
1491019
2201307
5958933
2511337
1873609
7494677
117883
68872777
122811
5666543
5934413
3993691
7251497
9176061
6136943
9393753
3325051
1007933
8713429
9722307
526617
5083237
7454257
3458893
2552893
1934611
1715097
3369743
1074609
2684213
9952963
5391651
3114633
6542219
499069
1914683
4462687
9556999
3341219
6152537
2893697
6982943
7452877
145442293
6112533
5222613
6455849
6498237
3929921
3392761
3960077
1834953
2970703
3254717
3733281
106604827
6071967
3574167
9329
3766887
3494503
414109
2491341
9129779
2084041
491919
1418197
7975833
7330341
1819907
3904897
8718451
6959597
3525929
3451437
3531157
3794731
5262433
2398803
2221609
5499973
1779349
2484387
9804819
1772167
5418441
9118167
4734329
313007
110359627
1622381
8827939
5441417
4763217
3321299
7836357
9373759
6671899
2440167
8059859
72808739
3995861
4420859
8380459
5289181
4078341
2909119
713223
3606773
5210091
6147079
4029867
1842571
555113
513809
171549617
9956227
6162599
9880361
6843231
9943949
9697327
6116973
2078031
8469901
333257
8483619
4697837
8452641
2578609
2082377
478627
8478043
6136339
4271591
727379
3949131
4776099
381269
3444441
6172177
5214011
5310579
2006689
3293479
4100173
4375637
7037771
2752303
9335383
4845943
7655787
1422359
666719
3157953
9616609
3695127
5874967
5741469
8905231
7620179
9913531
5716841
7846133
5121153
