4903119
5934567
9074001
7655223
2091401
475491
6305507
248363
4961579
3920871
279843
4593049
5019141
6604191
7381783
5328817
4673539
5335313
2719617
499821
79926439
2136341
7054961
2358787
989681
8457859
5034091
8884783
954473
2799983
3898771
5611131
7247807
2037197
4214289
131338723
6976453
1805961
4101709
4670629
1310739
4699011
4309671
98885657
6713431
6545173
3235641
19107429
1658961
1312249
2625647
8220467
128035491
5741937
2147053
1574043
1195293
6208503
94336713
4681013
8936287
7222461
8607567
5201443
4609129
5501573
7415783
6348949
7356269
2422437
4164279
5707369
4812059
4458117
2581609
5605617
8799623
4199137
9393621
7230049
3008427
9692901
2644273
4755231
67050797
2395327
4497583
4278487
7760349
2493739
8319471
2767619
9777633
8734877
1549849
4035827
7693799
69019389
4273433
5478401
9109093
674427
9567341
4027911
6152211
2001287
5951977
8530461
3021217
3895979
6093271
1730647
3692489
2094141
5104867
9896061
7262179
7713801
8966231
7458177
5715311
8608509
132373
1017831
7577513
4603897
1356671
4001573
4553659
5350019
1943587
5902951
1050077
4088857
6614943
89581
8239223
9557371
3951921
5709517
2908437
143501
7764487
189101
3945643
24524051
4332719
5071109
7574513
6583569
7480093
8251749
8818567
1301079
6529921
8877823
1020171
2254409
1822573
2510689
3844759
8134073
1518383
4786617
3888607
8649199
539469
7364263
9413741
640491
5178769
6309521
9336499
1057609
6519693
3024969
7690391
4617227
6833983
9233813
1235339
4317961
188701361
3000041
7755503
7626611
692707
83935989
210537
153627611
1440687
3992911
3078171
1297907
7044279
906461
4247231
2052677
963899
6207513
5951891
2890299
351909
6692227
1395863
6904631
3289353
2416669
6879653
2122971
3076907
4571333
5405443
3612633
7443643
3612681
140027943
7965703
9661369
3782669
3183199
9499547
7820793
2499437
8167449
7960789
5266327
3319223
8370269
7502583
3948749
5744759
165147403
7082373
2770469
428913
2255321
8807171
3627139
2356639
6457059
1277271
254757
7153789
5467109
1069093
5328277
387243
3680851
2892991
5768583
8182357
2346369
6855529
4215009
5710163
7727781
4861947
5132303
8434669
7069257
6415549
3955347
9900279
2287267
2295441
103978591
5497007
1042683
141180007
6242613
6876931
5875463
1987127
4224823
3931589
3687891
923039
3561683
2373923
202117
9557433
3028581
4517293
99993317
193981043
2666141
4028739
6279577
1979799
137281429
4118613
5983969
5791961
9888399
5107747
3760227
1671683
2114111
8251197
7983033
5619543
9735251
9295053
2629999
5628559
2713977
256537
8137851
2187153
136837
5601233
7585527
4741089
7084057
6885003
200523
1682309
2130823
4339739
5722607
1860387
600347
54473
8516971
2355369
9764497
91872703
887451
4674137
457367
841641
3498901
8163049
602291
1383349
6367303
8568301
5325159
1867871
1349923
4898061
6347707
7534449
159186867
7358267
13950089
9328059
6537701
6542527
2117737
9164879
2374339
502693
740539
1606871
5364801
3492067
9719501
15927001
6719839
2387707
3669311
4774201
2258641
3224111
3450071
71571797
8989117
175931929
6314359
3591951
6699367
3520959
193237487
165163
8592719
2486431
5539589
9915471
5634061
80805073
7686373
7602487
5928467
354951
4764063
188057
7257593
2774787
9866213
9262533
2490087
405133
6679741
6113181
9187449
1988071
8981493
6317297
2633701
8365349
4853851
7617567
7681483
3689421
2393201
9866339
4294787
9400019
1762669
6435683
6514217
3963639
841077
946323
4976501
1301651
1998157
1035977
161975469
9045517
6005537
5030799
8661161
5415749
9322491
4692021
4075857
7947339
1800749
4508833
545523
6059449
5746943
1447369
2485471
8852149
6698129
2379313
7759491
5996427
3336649
8172187
3175751
4465987
943061
4362399
7741689
1494273
2625571
4425241
6170623
181907
7269769
174859469
4566809
7684113
3811709
9257079
6940951
5454553
1230553
2994729
5490931
2126293
1609771
5882681
1656903
1488183
9736691
8681269
5365877
8870093
47337
144133743
1651591
4476533
758307
5855599
3396131
9375601
4317919
8994021
9943139
1331189
75676713
5286641
6954077
6964957
2946821
3022363
6295791
6366409
4410999
3767631
6228257
8165103
3136309
5827651
2849337
3498049
3290039
1723461
9109993
2788507
6158413
5431303
6376179
9134667
8014601
3859699
6028219
9242449
4386777
9268773
51827197
7510281
5631157
8250699
4153647
73101821
196379
25277
9697663
8977867
3050063
3368797
3830447
5338079
6619289
1793307
8435979
2100729
2356337
8949591
567217
2874341
161468503
8770061
833143
8579221
2423991
3593061
8203973
4932099
8850213
2744377
1896509
3668961
3553397
2503519
9434511
4177779
2716269
2462509
4216757
2680979
5247467
5985083
226619
8559559
5831899
8438669
7035281
9729781
8038049
4967247
5811621
3888511
6345871
7407217
8528573
7250537
7941077
2493187
2925177
7723957
5268979
4591659
1409679
9898537
4647979
9878787
7264829
6128863
8813279
5437291
6076337
9833047
6435893
5069521
8720587
1133277
2186081
4878917
12002753
5426297
6900473
8347821
5559929
2398113
9813473
8576891
6722013
39992697
557269
7185771
8144799
101388027
107785917
1434193
6789341
6631223
195949759
6229021
9643411
5597151
5003847
5569737
4308159
6494329
2937441
3273271
9467347
6440761
7237981
8120827
7305011
2368977
1668161
6722981
4258347
5712103
8533089
1027831
1917933
3119699
4417873
3123027
4899091
189093399
6096719
1329869
5852159
8678509
8649837
9662147
7204577
9292977
7034787
6602779
6764667
4688407
3333827
134879291
7042867
7064437
7734909
1164361
4080297
1345737
116289387
4897849
343313
3714889
6589117
8882931
5241993
8708203
4295471
5266919
31027
3662229
7947041
8996307
9878261
4830511
3428607
9029409
9388383
632999
6694313
7571079
9245981
7531169
9733727
125929563
1306731
4928977
5585337
3373793
2841377
3471903
9736047
6338129
56387
299973
2581443
7494399
6359311
658461
1571323
5176777
3580103
8425689
9062179
9401151
9973267
106579
6732133
303887
1570627
128991709
3045967
95336873
312257
2238197
8399387
5992147
8819167
1676843
4793603
6406277
2154133
7299083
7566949
4462829
542053
9535777
1772249
5338473
1739973
8810347
3716947
4968937
2278719
6054289
4308339
8179787
3389157
8211229
6875837
6127183
691907
5832259
582097
5183509
9137381
4619083
8219861
6845997
2197159
3300711
7217119
7178001
2784339
2325943
380847
4937809
9364029
2438133
6172957
799989
4782527
7498083
2983469
6279517
7036313
15509461
1353011
72487
1304227
4208917
7153967
748189
8381849
8004227
1307509
191944437
76453
9206451
8283469
9075013
2458657
2396293
6079441
7309139
1799149
23763459
6380107
7386497
4231621
5975479
166779
50401091
6095923
8582559
8851001
8154771
7636937
4442487
3834971
912727
6149547
3437337
2096709
1834473
108877
5272423
9085057
7829643
2857833
7980587
6152149
5477201
3003161
2351753
7376321
6060583
4724241
5601817
2315843
7045143
6857331
7742383
