2469219
79801
2276689
2195599
8964169
7637799
807349
7831353
3330579
1651747
4323371
3261231
8290603
1279057
2380551
9590591
2708631
7629011
5706531
8271583
8179273
5119021
3285523
553611
2871081
1474107
6166291
5398357
9115323
150131
1506483
149353287
5918611
2083469
3813861
109620801
249929
7584253
82203323
3228323
9190649
8782821
1429449
7495921
102231727
6532769
5058257
6905087
156513
5451453
8157217
4492771
9092811
1886867
4978517
3639771
124501
8999827
8941303
1379483
167579
9180379
6802987
4313239
6670943
8596787
794017
6314527
6404703
7898851
9258227
1767309
8947711
2731731
974187
2743803
5565807
5212489
3817667
25115409
6888779
2446847
6979793
4931177
7012371
8088247
1155791
7161157
5414547
4524061
504169
4911429
8728553
9561519
2008693
142921
2867071
9507109
75661157
4338557
34217
9488177
1739887
1288357
9878191
9081517
49887583
6537743
102873589
9446947
409761
3847809
1041369
5737541
2653207
4813313
684711
9978547
9905919
1077241
8798941
4388973
1558441
3996993
7855521
6014857
1464351
461763
9092423
6199149
1497627
6510767
3164029
1569261
1193309
3005123
7262831
980491
2789207
50521
9281149
4572957
103179
7835757
9170457
5754143
6312317
6578827
7458313
3708393
3506957
3098523
5979309
4885263
3333459
6288223
3617149
7106219
7879747
8501791
1342877
498813
1946757
787777
9856943
9571217
6132083
9294303
8578911
3327607
6419931
5167527
4156633
9923663
2506893
978439
6033351
387839
1452899
2980101
4795879
7432249
498829
9376589
5980133
7859967
856579
2048483
66362297
1015147
1166917
2941171
8270861
198397687
8074503
6944581
137927
6746287
2813861
3752613
9794509
482671
6162203
133767
55365847
952931
8856727
1771073
7475319
9335869
5491307
2220887
9151863
2227871
7590051
156749117
4975939
5159647
6379339
4830891
162914051
5207567
6077337
7346601
65549661
3478409
6201681
5987043
1355089
4834093
22951267
3988439
5613953
7432959
6652103
5733369
6326173
7218001
4717153
169499
8528103
9157677
5428697
2620409
2763723
326331
3756761
3038191
3644277
1206847
9850367
2361941
7688531
7184987
6570639
6635549
344711
4688957
203659
1057101
4058303
841803
1457149
6388673
5890803
5148061
3170831
2792573
2004211
94603859
6736607
2844963
6297339
7401167
5812641
5226429
7749309
3744981
9089903
7405199
2255531
2236341
170925407
855429
9146233
4889787
3390847
8669017
6601359
1336651
162261921
602451
6283189
1695269
5401261
3842123
9876529
301519
8814251
6044721
8528403
9440171
8333633
2731521
9116871
7043889
8356349
1230041
6804331
2230737
7406913
7693833
8949929
1828027
8385943
1389243
1004681
2838687
1674691
2631901
8878157
1599933
3636579
5053511
902651
9520627
9357557
3505519
8153199
9928141
9311647
4497491
8772489
21103451
3378459
9620639
4845403
3451163
7926661
148067043
4430917
8998887
558433
3696331
2823901
6469883
3426201
723317
1328837
2067973
3049329
9334401
8335909
1970603
7724529
1537091
7978613
2394991
6406181
1729197
1549517
228237
9123209
5474953
4049699
5813693
8148727
141157177
798801
108907
9919433
4078397
6492613
1046879
8630049
121421
6143293
6630879
4022157
3554547
879461
3552391
7765723
5274457
5253851
5460913
9689893
4792959
5741159
9800773
3079369
3138027
3275911
3178221
7898507
9851179
7181503
779921
6608123
6544909
88694123
5420707
4458203
3238747
3867417
180721
8534761
7815301
6103097
1771757
905541
2170693
4460637
9839049
5434427
714757
7072863
7537317
3198381
8906281
133368199
643481
9805439
427463
8405889
9598351
7588039
5334797
1689439
3902717
4264667
3544447
7510259
5056731
8038727
4852981
2034089
1969231
3541499
4227093
7703171
1649709
8678867
8832227
1145263
6757431
87189
641771
1749677
6026557
7195029
7522953
44143853
6905659
6139213
9885071
6753999
9934249
7770727
8896639
6223139
3276003
7217059
8764961
7419349
3566197
9100571
6742521
65513987
2793101
4324159
8590547
6354569
3676797
9954353
8675171
5826349
6569999
8042023
659841
7476807
6784601
8196347
5375277
5767691
98496321
6763467
124869
63891
4673429
3223191
1883811
8765661
2562853
731547
3622331
976499
1252087
1628319
2200173
2103623
4432051
217529
2770199
8041857
5924003
4063109
8419497
2150139
4298717
7635817
3218463
6697231
9961403
5637821
9654609
2956239
9296933
4422387
4605067
9015603
6738119
4387769
2146289
4334689
6731193
4686217
3794831
9012911
1081027
9475791
6549503
9699519
5531027
6189159
7085841
3306547
4540519
169201417
7115131
8727579
4447153
176248259
8945127
672117
6394257
7591633
134446093
2154601
1323043
9803497
5210127
93311639
9430219
5268437
105973
9815087
7699329
7572351
9359941
7565883
3325543
196517477
59991
9790387
4393857
6794021
164855963
4127429
2325499
53114037
2108841
720521
14322803
7729713
9992537
3622083
9390007
6387841
6410497
7294919
1018077
6770937
8959483
8348961
6465113
6792031
8401347
2695721
7642597
4477207
2045421
9946559
9071771
6259847
7243807
7884313
7147083
1857763
960113
6857493
3316961
5494003
9483393
6465113
1288893
5991261
7008223
5662607
8045351
8834421
1160199
2904999
1991521
9072217
9785293
1537369
8230303
3287469
416419
4466391
261443
9672747
2630937
2488187
805497
2739143
663553
8793893
7678473
2280263
5460029
6022189
222233
4966137
765107
6617503
4086771
3176403
2159567
5058423
9994433
5619801
9494453
8726313
455477
5132129
373687
3282579
8993383
509883
7756907
5940937
2964709
7114283
7611257
5704129
2539759
541057
3701149
4487237
3192899
7104083
114771
9206729
7597423
2019877
6930347
189485187
1877467
2189423
7802809
5063873
435987
5180919
7275531
7557703
8751739
6967963
571033
1144029
7951881
4718727
1821701
4764511
3789833
4701439
6245073
8473803
8389771
4748561
8295763
2873513
1577387
3765001
1547107
8272787
76009513
7040301
7107861
5094869
9105021
9405643
9870053
8030987
3194821
6158959
8604369
7474289
8619639
8090597
191208319
8575571
6720639
4435949
6729623
5416911
8788817
3773517
8548781
6163129
6070439
4557207
1337413
2956569
1269667
7362027
980011
8757601
4203909
6437089
8036103
6966793
9756839
8265043
4709939
9393649
1884883
7216823
7665341
8823919
5172049
1339451
1352087
4528641
153959209
88303203
1290063
9634051
4806573
7475457
3790463
4323793
5324653
2546249
1766453
7299301
2671253
5513653
1613607
9429073
5957159
8364247
4365653
9088903
3125509
8116449
3396191
9745673
8675917
5221659
5010257
1057391
3590409
8504787
3867801
2930217
1908127
