166471
3181903
6958207
725277
6282149
1257167
1647311
515543
4573723
4507771
1842483
7238051
9282607
1318917
2274299
856067
6095729
3010057
9210331
704607
9561257
4883139
8872333
1987469
7281883
8933459
3758449
4877053
4924351
6172913
5735997
7805791
6291317
2385357
3899199
7329667
6629359
6313771
3978083
7240023
3950497
330193
6871859
4400909
2400647
9998171
4332093
1213033
497353
2766403
5268751
5567509
6162831
12511
8301237
8074809
1482061
3729281
8280779
4211473
2564651
5398273
5100373
105055093
7419049
9676571
8868597
525683
9297913
9009403
8793149
88423
6502021
1306321
7478511
3810493
5061797
107709623
2395419
1165129
5169093
8298911
1049737
9166897
9580033
2255357
132635083
9254527
6418133
2938451
712811
7889117
3186019
507451
5682479
120650221
325509
1499711
7993051
8088999
503759
9180713
3974513
2290631
7447309
1661749
9300961
1194387
5658497
5659083
7475557
5044647
3735767
8530881
2395063
901691
8337293
217627
8298421
2524763
7855317
9583573
7091057
7737259
3944851
101913381
7864253
1627359
1331211
4164903
4481213
64981
6796391
3272481
7262647
9480099
7036407
4089609
5907593
8326627
5289157
7101371
4731883
3620281
266301
4199331
7422597
5363033
7475753
1902957
5922781
6190059
3661007
8465817
5748683
2360491
9759281
7888191
421227
9571163
9923743
9041291
9007661
393339
5261779
8064387
157811
8821449
1592409
2058313
5414811
7867537
33515171
2891147
2135219
538201
8114573
1877937
3416689
9238367
231437
5551891
8047097
4778983
4307339
3625149
6146601
1233941
3115981
9440753
7167677
6360273
5880433
4437101
1789459
6684517
3395003
1020881
4920493
6584881
8076729
9567471
2853447
151849917
7545673
9555839
2964721
1654039
2270083
4851129
4581511
9828223
9662179
6024391
6953827
9297743
5807519
3491143
4340811
9502727
5182663
51291081
9146931
2527027
142477273
9520741
4465289
2391657
9401141
1579273
3639723
7244609
1006631
4610103
7826267
5742913
3475513
4593567
3554677
918877
120675471
7877917
3106973
8868559
9256697
8720949
3404541
3751931
4212201
9212293
7840157
6588743
615267
960769
21611003
8070849
2427337
9488221
3466031
1831171
1638969
3780771
34457283
5266391
106545837
9004671
9232417
4334813
78033533
6320861
2438809
1469047
1581197
3227653
7598621
404103
7462279
9198623
7052011
760001
7695869
3794731
8045909
3379919
7993843
5686903
5754469
5183523
4525153
5028167
9426527
5818159
6339401
2177851
9063353
490187
6913459
4887317
1259407
3408239
9227301
5057181
6521261
9213401
2038769
3953719
1986829
6576157
3507829
8321887
5973833
8042201
3232579
9890221
767739
5046439
4737671
8944841
615249
2549483
2367581
3228443
5624943
8719783
9738639
6611897
5708427
9912537
6897253
3188089
239143
119987073
3756157
22623893
1252141
2214357
3792461
5163571
693531
3713361
4477119
1442311
9229901
4707849
9674639
1988203
5350881
9322697
124675001
9391269
200459
2161549
239931
2320257
5435037
4036157
6517511
8920883
2819587
472341
6671389
2218319
1055291
7298857
2040269
2340389
6725703
8976179
9708761
4381863
7495203
9106797
3484871
9865507
8571259
8800043
8598647
51985283
2248537
1416167
4480011
1196611
6519637
4816691
4189463
1098911
9823553
309881
8814897
1768901
6100547
9544429
2614761
5748893
9381729
7087543
4265521
1114029
2783113
2715747
8850011
5111489
3809787
8339081
3908883
147196031
248077
4121287
7958953
5755417
5340797
9178519
8746733
4930659
813331
8268329
2225717
20843621
3235529
9825563
9932813
4768297
3627739
1404767
7089829
2271617
9244749
7496541
5949273
1820541
3510771
9412089
4930691
4889023
2865849
9676157
4944601
9420837
8017061
8678729
315429
2790481
5465421
3405527
8500599
4123849
8999619
4163507
8695389
1051889
7960641
6604157
2501153
2002843
5433309
4556491
4484537
1345157
1539177
3038517
3505957
4299059
3232609
4219189
4209603
5600087
9793237
1746411
4279443
642377
8304323
24663
1717287
8198049
6149203
900577
692607
3586153
4320901
3132217
8539223
360417
7205727
9761587
8004801
7126113
2022383
3943131
9956439
3935207
8619617
4672579
4931523
8105133
4786477
4941009
6066217
7326993
3773889
5617997
2536053
94796177
9429739
4220147
6582919
928883
9518711
3096367
4205199
2781499
54433863
2962131
372031
254699
3347989
7660523
2756137
7332017
2245723
9194441
8429941
5631849
6790159
7870347
5280951
9420557
4815379
3739187
8816453
2528413
8287423
342789
7678153
7066621
4593413
4099473
2971603
5500017
6318177
9473661
8584031
28176721
154573
5303431
5412229
2844503
2087917
3193777
735157
8302019
3127693
137285813
587889
8015931
4678683
5613019
152785111
9863631
8473159
4279141
8025083
4924519
3930977
1542503
1188859
5666491
835627
148361241
3445157
3374409
4408203
6902949
3233259
3245069
1859297
4101401
7860007
8963809
6198841
73856707
157801
1353017
9081569
9285219
5110873
4267447
7270087
880313
184714277
9070413
4588577
7083597
818257
6667429
3711797
9637193
4391213
8724441
5758877
1054889
2027613
3855893
2594973
9242101
1748531
7643367
1205751
2768633
2799537
4929449
4351823
3060871
5758771
3826291
509367
9599437
5361621
6556963
8225349
5428473
8966897
2110317
7655643
3950759
1375221
1640237
1380381
6173491
164161
8434157
5530327
2686549
1576507
2777079
5937119
4263213
8133709
7252763
277061
3322607
6461037
5537369
6224573
7991949
1971051
77081
3339263
6713719
8180273
3809099
6854569
6107483
8829399
133380757
9179033
2352923
828003
6080523
777941
5454539
9055689
8204149
3000869
6526627
3532217
908611
1879571
1786237
8611201
9666671
7167203
2424327
313589
8655517
5297823
6860393
5580283
3582057
9379271
8037441
4841017
9076271
8337779
7211741
177544497
2826647
411083
7155001
2707023
4862893
173578639
7920419
4507723
3697231
3242381
5762853
7349497
4088239
4568417
1639343
4737561
1079169
2497009
3191357
9161523
8824941
178083217
7805067
1957199
3225599
6740639
8584457
4572761
8594921
1948861
8878587
3696001
753483
7185953
5892237
1223757
9554203
6675643
7147161
9309359
6654003
3578691
7122441
4922713
6583701
8299713
6336751
7748699
5387783
8300739
4259793
3492611
6655487
96185123
8231783
2821081
6681699
9145347
5128663
1164231
9756621
9727567
6067841
97741043
1654779
3416623
9491997
4496587
2465569
1428891
5231097
3528767
