7824257
8566149
5566791
8959671
9693439
2531877
7638523
2956569
2988653
7939987
6672293
1357267
95683
701699
6588673
2207067
5722589
613829
7026489
807049
46560393
7655973
994561
9043551
129309
599903
6116183
8280589
151449417
5095759
1447137
7234337
8881717
9728847
7438947
6437811
9631633
7604931
94721
4612073
9414737
2330947
4919809
1543653
3089899
6008789
247277
7789479
4998689
20999623
577329
4240351
8762801
1488739
9030611
2693971
863061
9160161
150544197
321211
5646861
393049
7114083
9904797
6659393
3409217
7959617
4323171
7353233
9084019
3109849
3393791
2402863
7071907
8856931
3780621
4349897
7073501
234987
1730199
5344069
2976491
2824209
1286231
1206473
9162973
3519477
6559353
3972171
6466573
6299039
8494271
3632263
186019
1436889
8415019
6969377
1187237
2108533
6340539
545383
2937679
9127557
38245479
5829367
7210407
8140907
8349143
7150871
9968593
5899091
2604083
8496441
3863933
1965727
2167841
8151817
5038031
507241
6790407
125255327
8820247
60879339
991339
4640693
195390211
2484131
5994243
8375927
4772807
1941749
7718931
9534059
5752401
123736961
3905803
183373543
3760289
7219307
4747389
9242747
6264793
7678857
8417653
9077503
3701627
6131639
1787591
6981451
6854289
9075101
1234301
4052477
1346877
9104581
1188761
4364537
1219429
9895949
79941793
6587023
4081191
9353479
5516561
9245137
5268681
8392703
7429157
5634319
88282449
1933089
2693071
3525571
3610699
8899143
759507
2478903
4054317
8911589
6652813
6521579
7994871
6368747
1563573
8273167
1170689
3519743
3622663
5581973
7054049
6748371
853123
2490067
2877823
9113739
1388859
14197
474641
4534783
6290771
8438193
3721241
4366279
1420981
4273333
8260969
5638413
2439911
575519
3745773
6569327
2818061
8706601
5745753
9123541
4840891
9657861
9521353
5611961
1319731
7963699
1661767
4485451
5979821
4943163
55819
9244759
9264859
6873437
3589941
6698713
51764231
8316677
9998411
6789033
79047
8707971
2631131
922113
9127081
2293847
2097567
1295279
7349683
9973993
21634893
8009279
9013081
4840869
329489
6024973
8053311
184882453
7645359
5105157
5359027
5219323
7527891
8512883
782997
8206527
9234203
7170869
8410623
1046959
4604081
8019703
2253629
555677
9840783
3929453
4072729
4625769
8969093
2828049
248369
133211681
4364249
5606147
5761213
9067551
6154533
8544419
8006107
7275281
2692619
6231279
8649199
7942889
7968831
1606563
6092429
9225987
6107203
4577629
2829521
8631657
5021987
6601637
5414227
5668609
9004933
5208281
3218051
1305061
50123939
1677263
3377509
6486769
9369281
6408071
8832269
2918523
1109481
7233733
1729611
355971
5455193
9317859
7870927
2948187
5590789
1569139
792079
5602397
2198091
24616667
7606893
634607
3035277
3773787
3102581
39397981
60073339
554281
46234801
7997017
7441071
2455301
6331677
9069959
8919739
5070591
2771433
7447079
8817941
5090907
3056187
142531509
223451
162868423
2454691
6672167
6294441
4016731
183268003
3221153
5863007
3285333
8686887
1334499
910393
9186129
8144819
3961171
9854759
2486879
9629073
9977623
3983561
533519
7573269
102683301
2919063
58220567
6594837
2288837
3817271
1059011
7879859
6454673
2071421
6695223
5711533
9748173
3327511
1899009
9284707
366403
3602277
9107997
8622003
4675417
5096901
8527181
9223661
1729573
2818549
1310567
130314109
896171
6651621
3256117
758269
2197399
6095917
4897421
17748821
4229687
8232123
145611753
4515273
576577
7452917
2744761
5412851
2701479
1777837
8808699
472527
9281873
7819413
9075283
3300587
4284863
7534419
154933
9068671
9237501
578153
3739609
3568589
2183329
8735573
4078431
7090617
4233419
5538821
7037263
404907
984071
6957631
4775067
8855227
3967443
3535393
4910611
137861
7121157
3357271
3872503
8018341
2053613
7542339
5712249
6080101
9613419
710389
3214271
9778437
3425059
9275567
1807557
7146951
3881703
9160377
9026717
776773
4199747
2248597
2338477
6594759
1093379
8980563
1014939
4583411
8903331
925783
986431
6423301
110431
8171137
7525091
8839803
6970499
3821901
4155749
2844403
8625739
2232909
6266867
44626361
121772307
3689677
8873187
7637141
2761117
438673
295219
8759619
5825177
65349
2770409
715099
6222901
8539863
4423847
5455323
482267
9870883
4421349
387429
6468803
2793529
7142599
2936831
9307511
6715013
5802961
7186029
252489
8609837
6387891
2121689
8465557
5022139
9357627
6717469
5136883
5322333
2596847
7311859
2268687
7413513
3123931
5690951
6712623
4158497
2002983
6663769
3583651
5409959
7437283
922327
5048499
5161209
6667863
4527367
7874691
9475561
1326847
6856463
27103
7770711
189372361
4663553
80047
8506791
7774803
7893309
2159959
2184637
1239941
5061391
170721
9524721
9402713
9939093
7754989
9861607
2344921
4522927
6238169
6297961
5561989
5262543
9172663
6144053
7708937
5609553
9159239
2893901
2339059
7207901
4408623
900977
8665833
8638439
2445991
4775869
441639
5347021
9949153
9950107
5645013
8403647
1672101
5293617
1003643
3511251
490359
7027233
7842111
6568217
4022227
8090957
3592983
9866493
9375333
517133
402673
2868569
8051473
22619
917447
1366383
229713
4970429
4072727
5982643
8279013
2355479
9137363
67039673
3496473
5646417
9442861
3295773
9856819
8670367
9910373
4829689
6780689
5910511
9732791
4525947
2001497
9055911
8199871
145087
8363347
120203601
1240943
7897573
3455003
3788357
5803433
1792787
5125319
6040887
5459223
8015037
7690221
564579
7678587
7748837
7741621
9509663
3711999
6900307
9380233
7015991
8624969
2986531
3022159
7138661
6716141
7787683
3210653
4876927
41686667
8912057
6920941
2886057
4073581
9962741
9427781
3628817
8526307
5456261
3754097
2670897
4694901
9220333
6982413
6172747
3537609
1552469
1199787
2175351
8251901
38588783
1682543
4176519
3615043
7565443
642521
9030411
1183649
6920331
7944673
5658161
2997661
2899347
613061
2231801
3901267
3281579
4021917
2359507
1597523
6118977
3456229
358939
6535071
4754413
3303621
3244747
3985761
261351
1426699
7294019
4571323
1130281
3662553
2408623
40265151
145631893
2813233
92543453
3151803
7230923
8447159
4803707
8274007
5289941
9403489
7071423
4781981
332469
7863237
9750289
8642703
9303227
9263109
8942911
120919
3281651
840347
9492413
142948007
2636427
4753121
501807
2681191
6421993
8159073
671879
2443169
1206627
7131337
9437811
8802971
3227573
8823641
4157169
5334029
7102967
144523789
3810127
1263009
8562823
6299491
6397249
6875739
7370221
