8567107
7294161
17557
6971127
2406771
9161451
1931709
6642933
4546619
3999653
8769913
7740337
9333713
8062223
1822029
503997
2975503
1734573
4809593
4898419
8668421
5345651
2766431
8242373
2310257
8289013
1774619
9345387
8829653
3730139
6512689
7734073
7450049
1022277
4168381
9166701
801981
146953
8308893
5199077
8946563
6200203
1608877
3277871
5977767
6625531
1777433
6685719
370051
8584439
5698819
8894569
4321489
6796851
2722583
1940887
4330193
9299959
183591
808523
1691071
3613701
4132611
7284651
1873133
2115353
5026347
252913
8101511
4663839
8235941
1479689
7124491
7154007
6375777
2861169
6009717
8799631
5471851
9582843
7409
5839337
6481777
8349853
8319953
9326877
5338019
7282443
11776741
4938713
5056799
6956461
8908073
8084159
1981371
2911029
1673039
9248853
7100397
1182861
4882023
4763959
3038573
6291299
2290329
4210131
257609
133573
2166941
5184283
2687213
905577
195744501
7009073
6666671
65524081
8646109
2464279
1862593
9526897
140311701
2276647
8139683
8468117
5782761
8810129
3292207
3271683
4110121
5329877
2658679
2434621
931711
5330591
3899383
6630017
2675687
551171
9933777
422641
8568253
1220729
6935323
281197
3817007
2571737
6990121
6159883
1972371
3303767
938277
2797183
2636191
5987497
178938801
6570763
9539389
1150139
6924929
6868783
9740231
2391371
7087667
2669761
4720389
6011111
6262509
8536431
8593873
8441453
1065721
176707
8787717
1829163
2106859
1708881
4513043
3616631
3299099
8243101
5120183
2292041
3382219
3961117
7633123
5260773
4201067
1104587
5419419
440923
4166633
6540009
6988797
4178553
6955037
8788711
605429
4398871
9262649
68381
51335031
2648887
2186363
4123057
1916939
4923881
9186879
9845807
2694077
6156413
7085033
3502483
9264381
5758561
5905001
2697173
7460077
8712851
7771899
6213233
9825693
149027283
9245853
2234037
976823
7210781
6229853
4753891
5782923
9072893
3836889
4576347
35717
7879801
1104613
2149527
8992227
7802713
6801137
1125901
356761
8280311
4253189
5358101
1696393
6912551
6985503
2706159
160495437
9858001
7397747
6694803
9144101
7640313
2943397
5304669
67587
4881447
323609
435833
9696403
3916813
4161213
2650849
4269721
2535631
1990163
6944643
2641867
279661
1194101
75319239
38917
189907519
4426329
5659039
2977853
7781131
2966419
6510377
67977
5163493
7391771
8775467
2762559
8080463
2143571
2946541
587689
8313917
1162039
543693
1871579
198148447
8485171
8188533
9672081
7175717
8562413
3759081
258657
7430189
1321759
7200201
5627427
1813459
3497609
9436587
297407
1735607
8253127
920517
7139933
9995247
6536439
2123537
7765147
2927961
6713601
7224633
3640011
2145201
2283313
4251687
7475519
5564291
6606931
2021717
7521789
917653
1732953
2874897
8900101
826111
926103
6015817
1104349
4593671
3772059
6309481
7651857
1318503
4698151
5304203
3956291
8889657
4108367
1321269
5199133
7351579
5402679
183310117
8775639
5417517
7584179
7991011
7695197
9122197
5000717
5616059
7314721
899949
9919653
1300987
2509683
8087839
7009739
6602397
9523741
4741511
97731063
7149259
4606829
265759
6482841
5074713
1048991
8525993
3835773
1366291
2388831
7049447
8204037
9681541
156763
3635279
3528909
6707267
6120873
3427859
1201149
459131
3882079
9442901
2979037
70373927
1910853
920469
5438573
3221877
2290769
1346713
41573353
3494593
7227469
2144621
1755971
1472913
191975383
186025599
5579109
3046273
6100937
5831031
4684557
232283
3868123
5346131
5663137
15399541
1611373
95496337
7607629
2485729
4007917
711903
9241987
2739077
184959761
6965653
8283139
7836629
4556053
8076499
9717801
9405789
8375319
3033677
6877359
7171079
7576339
720413
5829493
1518679
356457
4446469
977673
7958379
7112479
602971
3761839
7692819
6162509
7499891
1391803
383107
8360517
8662229
3776979
9799511
1265469
113094257
5457429
5588141
2145821
57237
8938681
8039377
7999533
20238083
87349659
7288153
1329513
2513151
2095733
7030013
7983897
7843711
594749
144464827
1955753
9266289
9886601
1339769
8559299
391589
1433049
9899047
564597
1762163
5525413
143041
1902111
8151457
7744181
8985187
7771811
9004401
2163401
4771599
5858257
6805963
4728367
8733651
4542237
4171831
578949
5144389
6790799
3689363
7466263
99041947
252447
8763063
163660701
49417
1491831
93427
6109479
3905583
7322951
9397043
9444299
7299287
4801809
4969943
6453951
7530643
2793193
5955217
6171539
4556877
2331817
126563001
181577907
8122247
9585123
8188641
8770639
2834961
3729321
3113113
568399
1813869
1791731
5146553
7818147
8869497
6014663
4445911
1280649
6112321
6586869
130661233
9745341
3672393
1057977
3543563
7980873
40663209
2885973
3663501
3793779
1847033
3614223
6609019
765917
5658373
3531577
1056659
7978447
8021763
9667697
2572767
4998691
8747409
5200447
2553061
819443
5213579
4442357
9259821
9997309
6232237
4336153
9683541
7571903
9185749
8212279
3298187
8461891
9373917
156581509
5479451
6031553
7611643
142869819
2242151
3418427
7327497
9845579
3781767
5789969
2707671
4999991
1761479
1277003
7702843
2352667
9662237
2303007
5630959
9443857
270651
1654183
6379133
9476403
148588739
8419907
5535447
3868061
5436109
2476841
7860931
329733
9696077
6844267
6573179
9664597
7009847
5303231
7452619
5722359
1942557
9430623
1468589
6872479
2804231
104295187
190988169
1276861
3851183
5978227
6666251
6714183
492191
9342211
8774107
5487769
6508103
3939027
3787991
4199851
132711137
664183
272099
617569
9015373
4506043
3368863
7284831
4449923
8733069
2746233
6855329
1146207
2878331
3182271
3750573
4771817
6747213
9794739
3863017
1447651
665171
7357227
3740737
5644061
7227451
8434009
1613807
1256771
3162643
3744251
7916889
362981
6818883
1730361
3670887
2599591
3826829
7067569
9377191
7537707
4239891
741163
7627633
4072713
1708213
8205163
8523223
8642949
4829521
960967
455007
1497749
3507009
1431919
9163953
9774737
6194107
8206003
4702437
8647273
142009
4286663
8634849
9015709
9647859
9032361
2129199
2954393
1391233
1350961
4495069
5908409
8918063
32951
1757819
8222999
9690521
83859233
2459361
1977041
5903903
711071
6903577
2035029
8537493
2491381
9117053
3446539
7342969
4152437
4791799
7408469
3645223
9006881
7678139
8801801
2510743
9603881
93257453
3151121
57232001
1688431
8231451
4720093
8234551
6278541
4159703
2246277
1472267
58038271
330539
9248389
8892207
7181419
874983
5073359
7883689
9696663
226637
7599289
4296873
9379443
1433029
7180797
1249821
64836623
9213513
9705621
6541917
5547171
9571087
5110511
7157641
7826243
1943847
9576239
3940063
4470757
6208543
9148563
