400187
5071413
8324827
7830949
1635061
1165197
6163217
39190341
798507
8511509
9243309
252621
5615537
9826221
2262079
6916453
424083
7213521
1733629
5130757
4596291
518261
7822819
5866897
1172679
9107919
4709909
5935037
8352711
7981869
1347061
6565637
4194421
5006557
2560111
5982017
3188249
11279361
8682773
4153317
5796081
8323561
1610941
4661063
3447353
4723171
4206927
2504149
156148771
1283841
1381501
507767
1899147
2461707
1555779
1921499
1495711
9054033
8329339
2587271
4917387
3145811
5831069
9318959
7869027
8745183
2014203
110690889
5812519
2964381
1216991
7210981
1144763
599159
651541
5031417
367187
6268753
9483867
3184563
8934133
6715583
201107
1190003
7432081
5287973
6905613
8668887
3878797
4078953
3919497
6899753
5056083
1451651
3381429
5383613
2446567
1229043
7448149
6916537
3541293
8488157
6369403
6177581
4012023
7802261
9930111
6179287
3162877
7705481
5567887
3658621
3957709
4065979
8698157
1622057
4952981
2357151
3296017
2263671
4390817
5615887
6101843
7948933
7529301
9311217
134316331
5205387
2756053
815379
194324309
6457697
9903933
5995369
5028577
7673689
728083
6805607
3027141
3956923
2524263
8920979
1730467
6824487
389261
989577
4945963
1567737
5813953
8880461
2209947
8827641
2506791
7059821
2517863
5017599
3429829
8868169
7851799
981871
9323319
1175617
9193607
38313
5110289
6147181
2102911
2160847
3078287
702491
9677197
9414829
7267957
103439
155890319
2073563
6218887
5790459
7452471
4829139
1670597
1994413
4243969
6899037
386343
6788779
2936287
2710847
523163
3293459
7505213
1024861
182501
4271471
5828237
4998793
4431251
2173533
8463321
6644019
7099411
1049289
5080913
5574699
8730439
2258771
958927
9030577
8826119
5913863
5205617
1848721
8073401
8591173
9135273
6259363
4960677
494089
8343293
341803
4952687
2767901
5738199
187843173
9566857
6979659
8207259
7538459
2333157
3074949
5067333
7677703
6382903
85315757
155678221
4390987
4398021
2143111
9708759
83492813
7360159
6946709
9790987
1938269
7326551
6234267
3226847
7301753
947227
9609501
4027459
8582211
6683117
1398607
139613707
1205381
29377399
6080657
2888867
5305653
7295411
56966459
139227
2715729
6972649
6201587
419851
7343213
3957689
3350853
4026901
8822391
4123481
763651
7133511
8333871
2569083
2075251
33781621
9023387
5718399
8306517
3003259
5677167
1864813
60363
6427279
5692289
524999
4455043
3463503
9020727
5155807
3302007
8650753
3451337
1301673
9569951
9084553
9024827
1291641
4715999
9895329
1954721
7984307
8440177
3420511
4142227
164007
3777333
5680061
9400269
3825617
7863663
88149
2588583
5828881
990043
8512353
6374989
1110063
6140881
6603101
4373071
873609
4469939
330769
84857299
69869763
3218451
9905927
1637183
32418623
2612871
87745339
2522541
207099
1085431
8204741
4618919
4105989
6599607
4558713
7723043
4664363
6070403
6928893
1256583
6355079
8542151
26927717
1389067
8007237
6856041
7372137
1053913
415607
807431
1510573
895753
922511
1776617
8992787
4624883
17884019
1423207
52723
1991253
6980331
4890841
9761043
9537517
10947
114649251
7343973
227371
985887
9682659
9693537
5221871
6681559
5952901
7765461
9686791
8986577
8826223
5911921
58134687
6063557
4437213
2568477
525831
7164461
2865501
6623403
5639337
9145411
3691717
1899349
1084437
7441461
13157441
972259
9515857
4466571
4689809
9719579
2339109
6961577
5106449
930513
7328057
7330121
4527497
1353771
413643
677573
5530377
6974607
2752763
8157477
5201013
219139
4933247
8923969
723523
4207999
9951757
382971
322279
3365939
2374729
8045319
1773889
1748107
8308339
1913443
1302081
3081051
3332229
5191793
4208151
7897679
1058609
8469049
8662681
8253187
5884681
4912507
5375589
7964611
1596533
5271017
8674309
9017827
2680677
4345489
4383909
513403
2652127
7280111
788669
5768597
9067857
4056549
1579799
2265079
312107
1896399
4573987
5988897
2987171
6195669
9014147
5913429
4012473
3000161
569841
5813421
5514439
8980657
104858503
140947
8651863
2952513
5143827
6321973
8559413
4059271
8823339
51543
7759099
4972639
6232923
3626691
2863989
1804989
7734181
66222523
1882523
2126357
1131629
1789073
4437261
6274731
402279
76734601
9064461
8341313
6231499
3213483
5152989
8918849
3544611
2052247
9014527
7395839
1750563
2119107
4766517
8290719
2239041
2909877
2279101
7247589
1132737
174981473
6282849
838201
3237859
6227123
5460959
2723231
4664889
5655213
5558991
2581323
177502321
1945877
42072257
606737
9420379
4791431
4979161
6624747
4774117
4045157
2607977
9625033
2663509
3806083
2291711
1008933
6379173
9576841
4492001
5511893
2935889
2552399
9248067
48819211
8556397
7015387
2905963
8352413
7967251
9710277
135257967
3310203
9553587
2048391
9189271
9898337
6859349
6103969
9531249
7372333
4853193
2338089
8745781
4593959
8801771
7006581
188577
624389
5113157
4520591
4403811
822019
2931111
941671
3915237
1999953
5920569
1777699
2260653
4428701
8362213
49107
5829449
7170531
8448587
8606081
7914627
45577811
908733
9988341
7038851
4836717
9123551
2723247
4439753
508673
9555857
3056097
2077869
1129511
9765987
3601801
3247103
6223287
4276587
5631401
5114699
6448493
2675833
1443773
9203693
5919533
1821299
3403467
5159931
2038527
956019
2540423
1908961
6219263
6660731
6312399
4467723
3392009
54041631
8377519
186513141
5480997
8187881
584169
1253177
6176211
4641913
8478619
8368053
7027237
1688947
617887
36659553
9231647
5920771
2616903
9221241
7460239
6531163
143390799
3867879
2159113
7214313
8877923
4674823
6584499
7933129
1657347
5045181
397383
5783721
186729911
5920413
3068437
1949341
1414241
9433709
7768747
5051597
7725783
4378201
46028983
8252503
7575697
6036953
1258377
5372397
5533419
6169923
320397
5232461
1676793
4890853
4516253
6030509
9217813
8165779
3981211
6090583
7422931
5006047
9092557
9501697
2766793
7267609
5197527
1204731
3565427
6045951
6552777
8157553
8154997
532749
7130829
6762543
993007
2354291
2548111
2117057
3947209
8222223
8290647
140403439
3278413
9066643
9100887
2722619
8003631
2799781
5740049
1436339
5717097
5199129
4341847
1059543
1660451
7645949
2205017
8629973
2045149
2440413
5599369
2956071
7155549
69454463
2369111
8900497
7958913
9421813
5435137
5116143
6654403
6084181
4460999
54889673
5469291
426897
1971993
59440843
1170321
198469
2958143
6787673
5159387
2607543
137710443
6506393
462191
162052191
4883539
8621187
4582393
759297
1457117
182368501
1262131
1133619
3413031
9233519
1521183
3664151
148341059
2394681
3128383
4866697
6021739
3045651
2865111
7144851
6606151
181811509
5835899
5961021
189411477
4287079
3171707
9333187
8227581
7310237
3434241
245941
5052359
6596901
9976731
6229061
8186541
2239037
6538047
2612547
1599887
4309757
683529
2453499
989841
9953831
9567551
