2496361
8653317
2812911
104815727
9746199
6499059
7562457
8797239
90434341
7170633
7356307
4754079
7294439
2294961
9141683
2154177
5094677
7168611
8034823
7442289
125794809
3742807
166304427
818021
5279713
8623871
3434669
9596471
3434063
5012083
4474489
8804201
71478647
9572727
6895283
4641279
8104139
343847
3175383
26741877
663387
5767783
790243
7285929
9429093
3425883
4136773
5386161
3471687
4124367
563941
2369357
9765887
4874103
9158969
2437717
3651791
2876379
2569851
9816991
2624487
5815189
3344457
1656261
3389211
9018081
1049911
9877569
7063497
8727863
9075653
4555781
3181273
2028141
1097129
9691231
2275631
5072689
7653651
4805331
8595371
6295783
2283041
4861197
9994851
818947
9268733
1230923
389069
4971849
7338801
5753733
1441139
1676059
773463
2491701
1104001
7370953
6315841
8015109
3721723
6217189
5105939
2081277
9974451
9398879
6546387
7743589
5855859
2112789
5661311
4232687
8858899
8932391
7959017
4582249
3449541
6674239
9461483
8853187
1518451
5827577
4858591
5399697
2920609
1324069
2948931
9969679
7286071
7903691
6981269
2508657
957929
2300997
752951
8766599
5879389
330029
1753071
8363087
4740063
4323801
19603
3765361
646199
8367589
5722227
115712723
2361161
9091033
7400389
928049
5334713
7619743
1278977
9263327
6282421
5621621
142748097
4117531
6049381
9361639
9344427
183201327
9055109
7108801
9174233
5780237
384143
7454697
709307
6382591
1470173
9326511
1843243
3047879
5659647
4155327
116891
9645137
7368157
5313381
2593483
8598677
3435703
2907783
3088331
4227971
8978793
8638229
5404219
1914103
4453247
6545663
5791679
3383789
9096617
6678973
4612141
826547
1511969
5120807
2679751
41838881
374019
1815153
7961121
1321029
5906047
7417137
7821831
8065523
4311263
3533349
4331661
8855129
4854741
4685279
1200379
2461139
8256261
463123
9497123
6718769
1602291
9771771
6955651
3175223
3629003
8653317
231581
2244653
9062117
466953
3578411
4964307
4855117
4778299
2947787
2064659
1554847
7227819
1490321
2125217
3496081
4417811
3182461
1929953
325823
6362779
3700007
3757421
1914769
53754999
2260723
5592903
3031373
8169979
5967461
3630637
3627071
6235989
953111
5329637
8987641
7748559
4149709
1662199
6744029
2415819
2442523
1555551
7703553
8918043
7815683
7898501
4875899
115282083
5672647
240689
619999
3258723
982041
56071
822581
8709163
9288307
5511747
2105781
864967
3587847
8572581
595859
6505019
6793269
7564717
9841551
2809423
8301203
3988809
1437471
4095593
8825317
1853403
64990961
2514871
1647109
7892919
9980709
5431851
8930249
9188231
8992803
3780549
194049
62583
376103
8233309
5773707
1867469
6947083
5719993
9322909
9775713
4766507
2625097
6621581
1685591
5893693
189276143
9401881
3561141
8701741
4128187
8665951
6475811
16524613
3257139
5803549
114469
7504851
5534037
7718847
5217511
3549299
6848359
9204353
2466553
3772947
4793749
5653397
7558067
4849027
142750739
2043877
2612257
9218271
8237711
5808423
1441667
2494907
103091
5195227
3749977
72077641
2519249
6554137
2598109
1827903
2944883
7417393
6004767
5103377
7977731
7094813
1245791
1404787
301917
2283631
3560573
3718131
7778129
2306467
23535343
7839367
2190589
3087139
345301
7830729
8524009
237801
4622019
1932973
4944277
1700599
5571011
4887053
6627009
7887233
6447867
9692267
8676961
2624417
1308197
6706471
3553049
795873
1792761
743547
7247793
1286487
9542849
458759
4407637
8846957
6605881
6979967
7599329
3203303
8015753
9100761
9500419
6183291
3335379
7188643
6643017
2391719
8685019
7031181
132255953
5197239
5061243
3349173
9805939
2816487
2185233
7222389
3823149
2969769
98037241
1711149
52485383
3576301
74380347
6432751
6862723
873849
6651121
1293931
8572497
7493019
3980867
163052617
234189
912327
8366311
180017141
1436439
578939
7251413
157008777
1612299
1499669
782773
690189
5152533
1062519
8969063
1730359
8479581
6779611
4521569
9059493
1802229
9929279
4789769
6269949
2099863
8840383
7096927
4349277
7870979
2511471
6354553
3815601
6738121
6565499
5746117
7425093
3036079
5953199
7902719
8207467
141355099
36270141
5017563
2346077
1235947
8949493
6322057
1478423
175267447
5629653
1069969
9627267
4130129
5591107
601399
797371
3224387
4960559
179403
9991857
72688053
9912659
7929541
2628983
6755493
93673257
856469
2857667
9909509
6764951
7793581
1528783
3649591
2914471
6085677
3742029
1106617
4921869
6950023
5753073
178428879
3071443
7869941
8058303
7408167
8869103
6775661
2617489
81477
7661871
7663519
959607
3264717
4573513
9571027
9215889
4331901
8990549
6135367
493059
2631159
6264713
9085791
82055483
6322247
1847047
1754349
2714139
261181
215217
1235589
6420279
107707163
7906791
197057
6506399
7277679
198618607
6473411
4294419
9946329
329247
5129041
5387819
39927397
3291899
2513857
2710893
766807
1369947
56499423
264611
161549239
9515819
9391113
7123111
9713067
958283
9281797
1927031
8591577
3764513
9558833
1443607
6273217
434459
7999629
185339
2489901
5606347
2228807
3407529
9926637
5301761
9520769
4480849
4031353
1458881
7305717
8921427
3925451
5669643
5754983
184068987
6718323
4967037
1100897
8508977
6723841
3608883
2463067
9600709
8867193
3288363
4377917
4960481
2205711
1677181
2036359
8757231
7383663
7455489
3106213
2259063
127773811
1633729
9003853
3141723
5207649
1957319
988717
5389503
2406601
251183
2850449
239417
6373181
7353979
121951
8154853
9753477
9007121
4530563
7519401
978181
3044101
6792721
3093911
6617557
6561849
4928631
9230299
9980049
8183239
1301489
8204853
2209113
4472821
6340009
6636429
8289377
2432633
4675061
181975581
1797899
8516291
1354611
4627
1856381
1095599
8274153
876271
164062549
2514143
5049887
3513349
482713
2148261
3917253
6578387
16999423
6124931
6153089
3531569
2818269
8849661
9849681
7948017
4995067
4182203
167339
6501143
9693833
9323757
119908801
8841477
1221797
1003627
7402911
8452377
9338293
176693663
7270223
5732199
4339371
470661
4920793
4165763
7561521
4993823
1121857
7609219
7898949
6131047
5780231
3814373
4485167
7636051
2378291
4030969
7280199
4991403
1446439
3591103
1760587
1774261
9443133
643597
178095159
1578981
7734519
3244427
6872087
6989427
8201153
2751599
1244317
121481791
9008087
8039693
711841
5857631
9058991
7636463
5505307
4679867
9418931
1712299
3626487
4063649
7936979
