6949557
8728623
9033399
8444577
4642623
118483
647639
9120161
6928563
9066353
2786043
5192713
350599
7499971
198738499
7094937
7673939
4002697
5679691
651911
8590797
8613281
2993499
76322747
6750671
80623661
377549
2149881
6212073
5116833
6365759
167828883
691387
3901301
5830457
2249197
8192633
1695427
3300829
836467
5166497
2462797
4158157
3345087
7519417
8169049
2617081
5762881
1552701
4096821
7168811
2211669
9634157
8886571
2541313
5147947
6945037
880199
7731117
609281
4421183
4278103
4448343
5123923
3871771
4900591
189713147
1272993
7843753
9602223
9905389
141383901
9185893
5454507
8913347
6314371
3015259
472581
13983721
8899043
4737867
2768817
121923539
4398471
5355571
8144513
7255649
3021157
4407961
2472991
2302919
7371141
2556941
2236751
165139
7861869
7424749
3519427
8986223
9774801
7259703
4610803
1222987
379077
8605169
7538047
5010337
5624807
7391341
3712457
9712623
9385669
7725539
1723571
1246331
8586833
8947607
5161863
7728611
4258513
3636031
244429
7453417
7599937
928127
3258599
6043553
2185949
6776731
3835327
6614701
3159237
1534047
8645937
2278907
9896147
2202093
3778151
5515007
4328493
1088909
6335759
7821577
367507
28147
6136871
7773347
8772269
8666091
923899
3921121
7292547
7225781
6649497
165702561
3199527
7959467
6156277
7680411
4338683
7593773
6492373
8788487
9854839
1847493
7380633
3468431
3953607
7938719
3810737
2202167
8133263
4177989
9461621
7965187
4948677
3748197
2402951
2443857
1582371
7824417
8703223
9339879
7283243
872597
8592007
2145851
7445229
3979151
5024339
599661
5626663
3123891
3712691
8373289
2406613
8483729
6810853
1395021
7825751
6335389
3088959
8199907
1415581
4061751
6664141
8011511
933019
2543631
5330317
75913
7943897
4966121
4818003
5123033
7462149
5847417
9965727
5714297
850601
9558203
4318767
3966889
1129177
6310291
8861199
9493653
5293601
9666063
8895937
9043649
108800187
669527
1292201
5872199
7543019
560293
1089903
1253821
2608969
125268387
1600227
7366949
51913597
669323
108539
9630713
227283
8765321
5469903
7174003
60778049
5789029
3519717
84439
5258023
8737353
1739433
2144727
3101833
3201023
6926677
5657807
4549377
5574513
2600613
1317277
8503247
2386271
4960893
5591417
1551807
6075369
6094279
3318127
3676089
6014651
6984723
5867849
6146101
2113087
9019677
5532129
4922321
6060269
5735131
5872419
9355351
7729979
8749607
6442237
5083453
348009
5486207
8700687
2194251
8126383
2383151
159884579
1367639
1315591
8486753
9968697
5410567
3967353
9308569
331221
3190917
9395683
2143281
5106929
4922457
2100909
2484927
7914263
1431759
4373287
8507733
8680531
326963
5392179
120397
9397327
2781797
3853241
9078331
3727697
3420593
7764079
5577673
9535091
7359989
147853489
7941271
9409497
129201303
811897
1125683
2376573
3399957
5293683
4296707
1107479
3265627
131925649
7406901
488557
3690173
1153781
5639859
3804179
7647191
8785701
9748601
6099553
8867743
6808527
3398871
147740827
4697331
1524059
6185453
7694499
1719031
7435019
5339449
1447099
3847777
284167
5172473
5582049
7157217
3888577
9366341
3267681
9429831
5858211
9507149
9061051
717827
3960057
7637829
7598939
3149877
4218389
8608749
2789437
7123181
782111
6663719
4243333
4111431
5721039
4799167
5020187
9501479
2131497
7643021
6767699
2796221
1105593
9180941
8418211
4620699
7974647
3350029
125230667
6230237
4852797
5400499
421479
6931491
7344831
7245727
5581299
2928141
6814431
5014753
150995011
7888491
6628163
1943299
6051317
9515501
242997
8149351
415367
4980389
7799217
2410517
7703441
976221
7144681
90567
6375671
5145303
2166903
2076807
4570249
7947751
5093911
6882173
2334453
2725131
5128099
4616569
966031
7955999
3736149
7572511
7278849
8583313
5351971
448207
4737229
8585641
965379
6498441
3864287
1417169
675381
6323933
5863403
3314841
7144107
3778621
1130547
2588863
149673
9202239
7191003
7224093
931881
9180257
3162047
5091817
154967317
7896777
3166029
8238207
2609173
9872123
5266747
5235461
9766747
3797201
6940057
9627263
595111
2223227
6513871
3721349
7458703
7648219
2740477
284007
9829979
3764967
7680747
2690039
2382261
9991193
6253377
6407967
4899123
457879
4919351
1001611
1229463
9504729
3956729
8877219
4989329
2495411
6473651
8554033
4796519
9243619
5799757
3817687
6167187
9702309
734489
3923079
8410419
9173437
789779
2722043
9758481
9323857
8477707
9934231
225531
9347437
1347887
1583983
9709581
13347163
7783467
9801207
2237863
7647291
2461347
6828781
6466291
80879
325679
7668449
80033
3413019
5092017
3282499
2537371
9821907
3519
5120577
9149897
8915941
1691107
5973769
6892493
118698023
3417771
5158219
7588829
5570623
3139237
2348773
903773
46013333
4208947
760307
7437997
1242087
5169249
4321547
2305659
5625331
2060111
517069
1818591
7006423
7462729
3975307
893961
2463659
1062631
6610627
826431
6069351
2977783
6465057
154600583
6847943
2237321
5122319
7462457
7658147
3549633
2214531
2829549
7165531
4012773
5336759
5433941
3915713
5577729
8513139
7590181
5839211
7616869
9818283
3396127
8869141
4868137
6887943
8048397
4475849
2937777
771939
8414169
1776143
35785883
5601509
2561749
9752791
3438509
8768013
6261161
6820217
5932969
869397
867329
2487181
8195159
93897
6814571
129227903
6354947
8830807
4893631
5598689
4491343
4174571
1091853
4626493
2196869
6031463
9292437
136893
7627939
9521781
6303851
5747639
187998081
4538361
7927229
1098489
7860341
1369381
6620267
2274493
8759507
8862251
1363513
7014191
7309849
4475891
9142013
946243
8966849
8813087
2571131
1637087
4906201
366863
4810109
4881309
2517361
2196607
9514323
132716857
5266851
7897317
7776029
3511879
4449227
105829
5143957
22367241
103816031
9783081
3695879
1961943
7863943
6443923
1352139
4669581
9993539
6557141
4813017
613439
8033721
715327
3135149
1603217
2587307
6132757
1138259
78961493
102123633
64269
8919667
6323051
2889437
3383647
4549067
2871181
3066909
5735877
5016697
9563983
8561029
7174107
8000971
7397801
2890563
9778161
83043297
9521671
3374277
59592387
1628927
1960747
933689
6731393
4863203
9750143
6323781
6387657
2750281
1710889
2731689
1011573
8539587
4651793
7081651
2163921
8659821
4769039
1133427
6878261
3328831
7388129
2915301
6690203
7534553
5538579
72424051
1935223
5337709
3682377
1925493
8169229
4909963
2644949
7020569
1470287
6707279
6093539
9536971
6315229
7467863
4537807
7575621
493423
8131117
4516573
6797497
1888139
5973301
1577559
7173253
3673497
5054361
2141823
4007699
9979453
650713
481033
6879957
3443217
6330363
3921961
4787463
7174553
570859
6871069
5214413
1436363
5673987
