271647
3419807
9247479
4293877
1325149
8813079
2628881
2251049
9554083
2287503
3026097
8780493
7976663
2525103
7950217
120651819
593979
3832257
911377
8615581
769013
1010831
220753
8706399
1658687
8671619
1979313
1842123
4287319
4601379
4970891
375123
1598721
4416971
3619529
2562143
9067857
8467513
3943199
2276269
8948343
9696207
4203919
7112293
21550351
2832457
276091
3879027
2318791
705861
6116427
1322727
4189101
2959631
3749753
2191167
5352291
8561487
2132929
7871161
4036511
9088293
1819083
7306641
21473
6725137
6832701
9209547
1100033
8299843
3475783
2062449
9984711
2569449
5300061
9354413
2322963
4140737
5193267
6100823
2962553
1581869
1610261
8594059
8725691
5073743
7637101
5460223
2892237
8969023
3388197
81421557
2228903
4742739
6182079
5401891
715049
687401
156069497
4696731
2566869
5653531
9678669
734297
8446237
7773853
5142059
80353393
208653
9759667
9517449
102678853
8315723
3625957
6876759
9077611
9391221
5930723
9661529
123442909
6443093
6057083
7059861
4813849
652511
3817451
7342507
7615951
5043793
168053107
1985431
3271913
1439479
9132691
8371273
8204781
6319117
6605163
4950901
4188687
4258869
9677067
353831
777947
744987
8468131
6900457
9676431
9328323
842277
1542917
6732517
560409
1665683
9693911
611047
197322467
9775189
6591259
2667753
2410667
7773357
502633
3257063
6419767
509699
7597373
7415553
4720487
5200833
6603249
5203907
63139097
8748493
6812809
6842561
7812759
4011489
8123591
9232189
7709741
9213531
6196987
5353591
5655131
7159419
8812153
3195073
3871773
4599817
4006863
4378019
357493
1201267
7996369
1446313
4662781
5189741
2269959
5048237
364671
2640173
5321889
4609219
6985079
9619389
1331333
8914771
5904221
9812273
9892631
7482801
4558797
849353
4142363
1547781
5534289
9744801
8835769
137503
3043911
6810951
2554433
9280603
2627903
8700433
3497679
2598589
2801223
4239891
7060273
6330899
5700103
830563
4576531
7089377
6130147
4949399
7834023
1454397
4556861
6940731
3757527
500903
9599039
5217887
6072221
1904393
9399379
2259337
183913
5548009
9443551
1718351
1212569
2227649
760659
6005027
2974549
3215161
189782929
765877
2071961
2665043
8264357
7126253
8522559
6610189
7891703
9470337
3509429
1816889
1165001
6130921
7912753
6391553
2452261
4625097
5877613
6874671
4414967
5519837
3430117
6471689
5160697
8973697
1996947
2410453
9423907
5122371
5766353
2522959
5964463
4231659
574529
4406791
2905363
6430139
960957
2772221
7309453
9330353
724901
1128873
5838657
9953891
9699383
7016767
1960259
5567863
2015667
2433409
2375577
1704531
6786927
5406449
3384351
4273199
1398603
7247897
4569307
4769901
9828393
8061933
179409727
2426897
7138757
2613941
2214997
2655939
106073
7368893
9308803
162093271
91321631
900079
6550897
1858261
54947
6182067
8063177
4952601
9202451
6963867
6178627
8611479
6559653
74075449
3703417
7058031
7324821
154021889
8183987
7436293
990339
8979917
18883
7295603
4860651
1707361
9031267
3845699
7557579
5405491
4909099
7633411
9739641
7857459
9400777
645991
1197277
71024067
2208917
9394187
8577457
8825587
317117
6266891
5386183
198047097
8229893
2796751
4286213
937181
391917
3424247
7269247
8256993
63001
5653717
6624029
70458347
7241079
2249443
78014201
6312719
7645141
28305507
2628879
6591339
191858647
50548533
2251471
8046683
910149
4208037
2266809
1386503
7771309
8129089
2179629
5497769
894061
6037797
7022507
9915353
310243
4553651
1449057
5414463
3728237
2185959
2250517
6756733
1662591
6979357
6680403
3695311
6606893
141713609
3336593
7273623
4443623
7151067
3363627
8692941
3893901
3601811
3464923
3422461
6658997
9463403
4252521
8841047
8808093
4122531
3671041
7736727
3728189
9763947
3706699
2005101
9884927
8776953
3221363
5838187
6445857
1659153
1981167
8810391
1661819
827437
722561
8986037
7520359
2383829
7499511
4981481
57507603
9237579
2923811
9509997
3582651
7453967
83785559
9381073
3572289
9247589
9736869
6413443
7302621
2908811
9923631
9195097
8073503
5592263
4749661
3241891
8932391
8564519
162597
81056057
3125383
3218257
3595871
8351077
3171009
2379953
9620887
67483009
3622419
260279
141048807
9191907
7065741
4148007
8973201
5156377
5060709
1368969
7739699
5956831
3387309
7518629
6824617
4223747
3675153
6122781
5071789
696351
8588483
9060883
6246401
9079347
4065927
9647179
3313147
570147
339811
1030437
2865821
7883049
9107807
6319549
4604849
3417601
7543859
777163
8861947
1912123
3481859
3160399
4489353
7810519
9083547
187902181
1456363
7880227
3234787
7191983
6119347
8700233
8029237
15348153
260539
1506743
1545847
118453373
8886461
1131267
3328871
144567989
1870479
383291
7458539
6079681
8452429
8266733
3803293
2905587
712627
3788469
7336703
6036623
178124577
4764869
1146053
2822641
5970437
8652703
8284973
5523377
3668779
1718307
26579
9067533
5096207
1403427
7454327
4436383
182351779
7612847
4203381
1834499
6521871
1273129
4734903
3636487
5891211
9311897
5934367
511603
54987
5988283
224351
9104991
8678193
6802603
9964421
2790329
2565669
1477601
5598173
9308019
1776459
5027703
6161721
3175837
329747
9432811
5167487
3199797
4943651
934049
19992839
542639
1451151
2840097
5865907
1111413
152502773
1919731
4986879
1013287
6301707
2903091
6828893
8303087
8206043
3916013
9629203
2513781
271619
2571001
670449
684419
1519281
3941049
9759273
7503379
5805779
9256939
9666083
6196497
1302361
9531043
2882847
3037531
4919311
6364049
3868143
1727297
8512959
6824667
5896903
5699357
7825131
2190633
449457
4307203
4190677
1688609
7694093
1899393
6989877
8208247
19904707
113666503
9739403
1650073
4519547
4895307
7381017
2378763
7213029
7291171
1970887
4540791
5452713
3482027
3727777
5206319
117254533
4880323
2566717
546543
9687631
9500137
3007999
2531031
7940843
3953361
4983459
485981
6049493
1471023
9241783
7676633
7782109
8025837
5309613
7752001
6354797
2884447
5848019
4764881
6062531
5985937
3269591
9320019
5956309
5241611
151911651
7827079
133400149
7169067
6143921
6601421
8025717
2385679
142913769
714637
9423393
6223319
4179213
5192009
7958809
4366389
9288807
5343183
2027903
162150651
5415247
7635923
3210983
6174947
3781847
9502411
186695799
1711301
3344553
5847379
5802173
235131
6885343
6905321
158704573
6579631
2854259
245153
4871673
7920647
9389229
6812049
954113
4979431
2171831
9816911
6625611
4758337
7792607
7950029
166755969
8912553
6018087
1817461
8229851
1190703
7955259
3000471
6729059
8839523
83353
4029539
2576987
7422183
778257
6647467
5620663
7782673
3314939
9325403
62065707
17348643
591843
5199563
1920829
5694667
7367857
3202419
4420653
8329559
