39918671
6464477
9423409
7364827
3552317
6757999
8837031
7344759
1048461
5258931
7056211
5777779
8188203
8080799
7761001
8808317
4994643
9914449
1416383
4663831
9194969
968909
499109
3777477
1190919
5952229
9182063
6934863
6163447
4871847
8462833
7331649
7328127
2955551
2676289
4453259
437841
7658113
6226043
6468877
3530847
816729
4824363
6328363
5270673
2092933
4905097
449581
1626343
5778313
7690519
3027237
9022997
3200497
402599
7876399
7164397
661191
9604307
8829647
4952873
3348011
178061
9951839
9866071
6599523
7568621
4713689
7030463
8799697
8675129
6834653
198109379
1406823
132022671
7722711
4135071
7232307
1371589
7202923
2984677
2815799
7809953
1478327
6844033
124935737
4641303
6415151
1725757
3069857
8079719
3968073
12873169
9300629
5457389
175127611
5096363
98467369
5350131
116547781
195735541
2808951
753357
9343269
4001767
2178599
5695507
7895371
4268353
8456313
9681183
132085023
81262573
9927607
4906909
4101893
164546319
2182541
58117971
6288181
136096431
252837
5321449
578371
9488471
7268561
131597
2720229
6815229
5932819
5760657
575703
5419901
6959763
3352639
26079661
3782247
2864389
1361159
4043019
84481097
1171091
153951
162251
4369083
6333469
3829851
3460589
6762729
1263939
1029861
3311457
2442281
4599241
5677463
8673419
3615287
7815319
6707319
4064417
2524819
1984887
2450413
159809741
167884693
6076223
9546483
4358833
7307139
549647
8096777
7414621
7664221
3751593
8138837
8209941
3976397
1579039
8372729
7408993
6524577
759257
2507651
425263
5182097
6566921
7949927
4875277
8244241
9710249
270601
146173353
8751771
2983021
9090183
6920637
1667847
3831611
7839721
1016047
9639437
3637709
9193371
842613
9672977
268209
6445407
5363741
4193353
7703371
57082783
6787089
6232049
706029
137661
504209
7694959
2143719
9507633
8385311
3686329
2245397
4716681
272701
5462643
699163
5646557
8646447
3235269
2085179
931749
9608689
3891719
5059531
9851187
3572139
5201283
5758949
66161
3739529
8522687
1761777
3309461
9062037
2902897
7737687
1270399
136378463
8205959
5770117
4399851
1282859
9521521
5213513
7141929
2245127
1484977
9851421
234349
9976787
369659
2421617
8398247
9524819
2184017
2772083
6658601
1680071
8531071
7128923
5783927
9555207
1085571
6163551
3006559
4697053
8473937
5996867
7481713
6444247
4912199
7431801
9512657
3094427
4459883
9821101
895733
6724253
8583319
6617291
5461993
5082039
2508239
8089277
5899239
3909131
2046921
427579
5033971
2779163
125433899
9509099
4797447
3356081
155709161
1344649
4966407
8523297
2769153
6354361
4682823
306277
6364307
1887007
667817
1084867
3500791
1075671
1984029
7142649
7857267
1758567
5866369
1835599
9629179
2290303
8373163
5724183
2977903
102488013
26164847
2029349
3144553
253923
3895501
2031613
8462951
2846221
9771051
9474983
7622817
7609959
6770071
8944969
588203
9457887
5443487
6855819
240009
2896887
8673219
1164371
898601
6789263
1866361
4791611
6889357
5512893
122533
4538121
459507
2017087
9419741
494669
1444831
7160691
9132059
4007733
4554447
9339217
1958971
6919909
5756583
9591697
9881387
8515301
4888229
4359227
103079209
3065197
5065141
4613019
2031069
512287
7192097
1165303
617413
1394913
5098133
7160243
8081331
8629537
6799927
3236987
4977113
5320083
7850413
2402179
542963
6483041
930553
2289481
2137359
5991509
8275411
3601057
305001
7790533
1786479
6629693
182961097
6734353
2047453
5613531
7092769
6715227
6576209
5193113
141368341
8059823
4875131
9406717
230581
2997917
7108917
955527
2253177
5375763
3987191
3915043
2565047
1199427
9984211
5535717
3366277
7920399
8902939
5965999
6264651
8175827
1730303
1911993
1775333
8743527
9654309
3632861
3436637
6337591
2747729
1047637
1632001
3242553
9961077
5967743
7079311
8659189
4651079
1807637
3870417
1192867
6281629
6625671
6717463
5612927
6509849
6608069
2238583
7467933
1471323
6418779
2627629
9745547
5566759
6004487
3422129
89213147
3436201
1479813
116662599
1206719
9558681
247607
5561571
3100509
8702909
7868223
4961649
7729179
6597821
6323493
2408367
52063187
3237507
7783003
87760719
4883529
167655283
1871773
100597
4383807
6725769
2094883
7328347
69687
139804279
9744113
6821687
7700901
4943787
5241271
7349547
3388539
7225153
5411999
103547453
8749011
8849231
2415929
3227429
1371441
2362273
22219
402187
8935223
3163761
7514321
7630921
4167747
4006977
4713013
9528903
1149239
3944217
5044721
7935359
9944587
285619
6218981
232533
7810751
4835303
7251843
5661649
5965847
2802153
2275249
6689601
91704031
451927
36871053
3982237
6230523
6784977
5112309
5516749
4430537
4507503
5175887
14007
4708709
88089713
123883
4469707
5501921
7777073
4370589
3100279
6886597
3263637
9987681
5692161
1617799
467347
9480033
8387143
2590091
2596369
8208991
4715281
8078927
2985493
190487383
1057431
6167153
4960481
9855189
3567543
7949207
7775063
197138261
7447091
9943037
3771969
2360583
4191487
2287403
2729961
9247413
8495629
9941297
9060533
2278727
8954533
8378863
764093
3952463
9567507
660997
6637683
7963681
1518463
6117947
9097741
8091287
3136893
9373399
8157553
2246513
9480247
3373831
509067
4912677
2495417
4788431
9501447
5471297
2820809
2105809
7285839
5748223
4715579
9932227
5979941
1664037
4346369
8718823
5377059
5871083
8228063
8153547
2407147
8641701
5478519
8375793
6391857
8221461
2959899
81781361
168278233
4698299
6869743
2809211
972937
5798651
9874511
7964627
1543931
2140137
1968017
1547301
9901503
3274723
3249559
9437897
1242369
2552709
42717711
5841549
8068243
9633621
9421821
772799
1845527
8130909
9959783
7460971
2223889
7647891
6351131
1467453
1094753
5852217
2059499
7903857
7547371
156147637
9461061
16577
51933
1437009
2322827
3324631
5736879
5450197
84685119
4700633
5279499
5379051
2531039
7845131
9319547
4890969
96375083
2100817
5949193
6012819
8562823
5253131
9327741
206831
8699009
6196087
1855937
8582743
6725309
109247
6251327
8402971
8230537
3057127
9973351
7331391
211487
3615901
4017597
2885773
7492057
8203887
7241669
5375409
6228071
3460403
8818093
4784157
3021991
5667267
4270603
2341751
3488711
9148897
2705563
3231923
4918349
7850231
609723
3042559
183243409
3171253
5768233
610443
9291867
8979387
3443483
5968563
7024739
7637481
6691107
882589
697097
6002109
2952107
386579
3533441
698807
7659449
5391803
66746451
2811217
8535441
5717441
5552741
2083533
2275163
4745119
5602787
657277
6807917
6399937
3928319
3206619
32257357
1469957
37657
7598129
7931463
6854777
319011
783099
7068701
5799049
6841771
6767731
62187873
3063313
5204793
9472621
6458031
8671519
4244257
2170029
3170711
7478423
2685209
