4973929
9820331
1584631
173100613
1751929
9886671
171741267
244327
1874917
8415767
1058409
2196509
2705833
5192107
2145431
7839981
8502663
209891
1319527
5877613
427311
4009271
6795111
36643561
5402367
24252627
6230049
2416149
8147597
4192887
124392927
3721087
1992373
1861487
1356483
1004621
5356119
2809559
9373899
1298999
2665709
6145239
7378213
6908267
6211961
4129367
9617051
1144723
6162349
4486779
818513
2580881
9024089
9977697
7625631
9484207
7206003
1153363
2298437
92835763
3230417
146381889
8655069
428007
77077
4164299
362471
3244881
4064679
9525791
7817629
3718041
2376063
8648953
1647399
7666363
6472687
3654799
9062267
2455361
206703
3514683
8689383
3162757
5345283
2366643
4521927
6654641
3721229
3720237
4403821
1765529
8666237
9191191
5801567
7749237
289411
5473929
5335049
6912259
7470823
348317
5419267
8168347
3415331
5734777
5429159
8745197
560417
9674071
7087571
2523427
9430633
8108531
6505449
3995811
3255663
6271577
5324341
176120493
2419389
3017453
1020179
9172307
745109
3561597
9266373
9488463
3059837
2577819
6918969
6974869
9391761
3800147
8775411
3812423
6153773
7756149
7338741
1731651
9943659
963299
8384437
3792657
9369479
9553197
2157707
9346487
6024479
8751301
3359281
5948521
7788521
1069421
8615323
5052329
5667857
9419111
9055683
4594697
7648271
8405499
4613751
131937509
1752777
3966187
8966367
9884207
5993469
6580879
3222189
8091373
8865143
1639989
7123391
2991673
5125981
1327151
1295921
5391757
4414113
4859049
9205023
9610909
6194671
1106571
1760629
5056751
171069499
4916753
8452353
2435177
2425013
8459053
98981
7950063
347259
9488769
5915313
2862849
186463589
9134783
7936823
63670143
3888751
7036203
10411
2301191
2322621
8946611
8521057
8015821
81350817
9731683
2472061
8532239
276521
8377671
4197003
6156703
194664021
96803
8122233
224157
1836373
4183299
9020339
2145367
6764453
8125199
1028491
8930743
1108221
3015741
4345177
4846473
4954901
6609441
1449539
206359
863637
5860533
9085231
5865057
86296019
3272959
3728843
8064101
29608103
6389447
7310071
2339759
563609
7746559
5633749
6134137
8533201
7058531
7407223
928157
5211501
580197
392143
6567997
4753339
7080113
2200717
9708253
7008893
1842689
64369957
612371
8100309
4921233
3081293
8287351
7714007
48140689
8704319
3549777
9860633
5519683
9309427
6772837
3915237
32351
9650087
9611919
6420743
6615491
1937441
2235711
4127227
3424771
7620273
75924899
4710933
163396477
6029407
7487103
5972567
3846219
9047209
8965461
5135409
4046289
2650939
2148449
7734737
8134827
3628811
8971273
9878669
6314647
7204509
9625941
7229927
9578977
3103359
8169457
5056339
128133751
7192143
9041831
3558989
7528963
7387331
1664987
9937971
2765121
9324331
6637867
3675331
5586047
8697639
8396199
1735337
4291981
2147881
2065447
1876639
6566397
2906039
5510601
9131069
51707
1428647
588029
9461579
1241147
7020931
7433189
9711019
8466261
2290639
5061581
8747091
5839853
137023471
4774371
5970529
977177
7502249
7588083
6943607
117449
2465251
114077
8952227
8998791
5292439
757917
687187
2259337
1499699
609041
3735331
601931
3857207
131964633
9554741
7956529
8522777
9705413
7984201
2269541
3203507
876627
6971519
3147943
7940347
8192483
92802611
4385391
2898221
219219
9959451
5314811
5046481
6283209
2475883
124841
7796321
344797
3607261
8983851
3495097
3503561
8005737
142107
1140471
8030511
5226839
5490753
1839681
7386057
3214391
928349
9604079
5619467
4763299
9657221
8705149
4692771
88330267
6001687
3751799
6729103
1234489
4869441
4876627
2657389
851699
1479723
7632831
4688301
1837133
3785043
9761719
7701937
3407893
276247
2304099
122606417
894899
3381151
9822341
4118667
8434189
1457007
445233
667571
3410509
6996473
68950349
2552159
448877
6748107
8063839
185755163
2932493
6925579
7627657
37080801
89845087
4894419
8612501
8855493
4709039
985461
8379833
4552619
2590283
7901413
7675541
5361079
7682683
8369203
7353081
1156543
4799727
61170747
1696933
9480503
9923451
9971891
9524449
9448953
1244171
4064121
4158993
7485439
9772017
5690287
3305457
8310371
4998063
3352167
2736693
5246671
9190969
716443
1959697
9914481
7968093
2720341
2715787
1265637
4457963
4945791
795551
3019997
6688463
5670957
3503637
7909597
7959487
3690843
7206957
6342077
8753727
4714861
3043863
7036489
8488857
3726937
5215411
7304069
4849031
938951
1979043
912281
6955131
6915481
6327161
6188451
7792043
3566563
8103609
52698421
4372323
9344721
3501443
86932069
8905617
2934497
2903817
3889909
7875653
2699173
4594153
1487681
96556133
9717297
3563229
9213123
7040039
5534251
6765297
1510957
5775303
7629901
6075447
6879677
8428207
4538861
5798939
8756549
2849133
5973499
9554437
957381
5331501
7153449
6167073
3038289
8343331
5161263
6353353
5264243
2187827
7687317
1086761
6733553
3355781
3231021
6305411
6766183
1741803
1619007
9588963
2040877
9739439
1423353
8896847
7533869
7210389
2993129
1606599
5699227
9129601
3772167
6035671
3031949
3168089
3617773
8481701
6554617
4470781
2013927
441059
4770309
1664349
9628539
1495941
3016883
317011
6217767
2064093
5030813
9502917
3525413
2358709
4512319
8677123
6253713
3790229
7492969
1668529
4622527
1695261
195892847
4324229
130673
1103687
4571103
9864129
5267201
122001999
131828499
9087753
1530617
8861087
3111867
4617837
8084413
2029971
109865637
4121821
804233
5212741
2311119
8913823
369223
967021
3746023
4582711
6415103
8796013
2441109
2148333
7959559
249417
4356591
9473961
8963201
4362347
6766563
6601121
8924979
8033639
7445553
1656903
2144503
3531433
5967129
58824953
8754557
4049359
3210071
5410517
4947437
41932521
9957133
1434061
4054839
5081729
8613537
1703409
8263457
1577951
1681363
1879317
3137477
130351569
9500913
2917873
6022827
8933297
2696931
3759871
8839833
4610073
7206901
4681953
7702143
4132523
9370849
1164351
6737213
1827537
9858669
9444629
1518321
9658927
8798839
3265741
22803237
4705553
9944619
9301387
1575943
1691899
7003449
2252531
8040297
3890433
6560909
9918549
6920373
4783199
507793
5971769
6453939
3268861
8710467
3978021
6488693
5135741
4542429
6997127
8746933
129477
1576267
8261803
3737793
9142561
8977829
8720041
6130157
401817
2986583
8092627
943683
7011359
9376391
1857507
3505893
7195319
3428559
4226447
8816561
75572713
9542891
6555029
5795503
8341271
3446393
148260983
3443491
1416493
9724987
8718019
4161737
125093
1210229
8922203
8422293
7987707
7629089
161737063
966639
719527
175728983
5834931
3954209
1864641
3823887
7867233
7842059
7105789
6660943
1943501
124551503
4803419
344603
2585443
3512077
4885889
5729529
4135721
2322771
787123
5587809
9219719
4650009
6340669
6233097
5056559
5158951
6705619
9904353
5805923
1678349
4953989
392251
