173743
6144461
5642177
6402251
9413851
2382503
4020597
79061909
8021851
414211
2483917
944277
7547567
6366343
4853767
7636747
8581617
2470827
2595469
1889841
9475147
4611901
6040879
1699297
7279511
1307371
8215251
8528429
5094993
8853161
152208331
7040707
5024297
1801941
6234677
5844487
2774477
1695923
9148817
1852461
8866093
3133557
9670091
900453
7679161
1967183
6547939
9882049
4584523
92056143
5726119
4771917
1373671
3580217
1304331
1951427
4390067
92261
7734421
9125447
9663451
5497689
1839593
6535947
3158079
1555869
1271711
5423493
8030787
7830619
21035427
7112099
6749171
1627591
9669177
91498829
8478789
2562209
7050023
714907
7930459
2781179
7018713
4164117
8308473
2290377
1160291
8715297
8731927
835707
1573581
5948197
1440127
1459983
65579877
5242083
1418439
7460847
4256661
2743649
1444337
4666087
4181197
5520807
1531343
9142499
3932391
3084881
3323849
36227289
5482627
7993047
8373711
4522659
6490167
3565399
6930727
787407
4113843
1003437
9524389
1754099
1862973
8419831
552379
676447
1636043
8619653
6888761
9090173
4328121
6591311
65371643
7017707
8888313
1796943
654917
4030137
9847973
137216837
3024041
5317009
3587617
5499421
161281011
9449929
3233269
4375169
511443
9900033
2804833
8590563
5699041
9251663
5396517
4681543
9206179
8685427
1942411
7186881
6487177
2261331
7862041
5965383
8288393
5467267
8538263
5292799
4405227
2804347
32637
197891
2140697
3058719
5826769
7644109
8458041
8809181
2353653
5300791
5076491
49479701
2803767
1325609
9925671
7687369
3638429
1741591
9048781
5049699
827881
3747053
8471453
3051721
8052187
7334781
105081
2300783
547179
909993
5312867
1966599
7847391
4645013
175087187
125243009
1517327
4708351
5857403
4226669
1159787
7159197
5197903
7999723
5417621
109213143
6429911
7618187
2426699
2134107
9836047
17164557
5240109
30447511
4584209
8507607
101383
2301073
5137947
4224473
773011
8478047
3110721
7538097
3809659
1655659
2973899
2212357
2496043
174252121
4050707
5791433
4757319
2332699
9684877
8926989
3376539
462609
6299541
3593049
7635009
8078811
5736847
515291
531867
1338903
32102647
49827
2058309
8756581
7426181
6588933
3088859
925987
2560067
8016881
6411553
5397679
5101937
1880253
5885751
2928231
4060917
8242053
2574811
3581949
3037381
4167883
2836921
5142907
1922163
7964073
5017651
2278837
2370061
4033523
59012777
5625827
4294861
720283
1059443
3877459
4920613
770623
101919
8568969
556317
8914293
1979521
8029749
6670309
8136157
4499137
3538911
6285689
6468339
5442923
7583027
9796521
4960091
5694889
6756333
8881449
6138209
4397769
4397041
9399443
72167
8882661
8771971
6187179
3600129
8118719
175243191
2783743
4657863
190377
8977429
7961901
1617001
894631
6196511
6074531
9265493
5973749
538351
4138103
2371323
9776853
2420479
55031507
3030637
9901921
2452381
7149071
5489581
3108797
4890841
9712891
3931399
2291823
9836641
5861731
1353053
9356581
4221951
2522753
4886667
6787421
4815941
133957
5773303
4847353
9942437
4804721
108896823
4097913
9729087
7264351
6735471
7089501
3701581
1856159
6001061
6581
698759
7591341
924571
8912943
5257797
580029
1647217
2546289
1801711
9894163
3775133
642509
2857303
199094987
4442969
33953
2393429
6317943
6951913
8710369
9953631
6254747
7138149
4818669
1812791
9585689
4049737
3419209
3227687
7321697
85230741
8851003
108258803
1503011
6416453
2814073
7864151
92099231
2946887
8184701
112137
6096477
3918611
2243973
870557
708937
7524719
8559957
2068013
2976007
808479
2104073
9581351
9334159
5652443
7571499
4931447
542881
9079663
2510299
942801
183630789
7614851
1733891
6043811
151987861
5086593
6648207
9101831
1093383
4181811
8974189
3734757
4991081
2698061
3774251
6820277
42693
4957921
4603011
4807913
9451471
8865013
1959101
9384193
104073699
4719071
4712751
4934569
3134707
2839867
5327447
9738291
6939011
5302199
1800643
3862511
9567201
266633
736641
6306033
3199003
5015539
816277
4765003
8012879
2243247
6421599
9874677
199278687
7361203
7136429
7612009
6630511
8798663
7875781
2034721
8538753
858561
3785087
5609107
9446439
2219569
1043423
216809
3836069
1400133
9540349
2024123
5910707
2786497
8111429
4309031
5401673
9372711
489779
285849
8201427
177846509
8412891
1897703
8155531
9211891
9027573
3041741
5138069
8580127
9259989
3671283
4235529
691733
3304577
3407429
2330679
9151079
969069
4944521
6580163
102207651
174398637
5227433
5376179
3167277
2510267
740319
5920219
1258861
6580203
8552443
2735999
2621437
6932009
7997247
2843791
9049969
5122791
871607
206169
7730241
9135607
1546709
9368403
4359079
4169681
3632203
7620131
6058599
4969413
4492639
9228523
6935969
9702061
1454007
1760273
6125389
1011249
6932981
3297099
8650011
9623059
5111201
5997213
4605663
6936249
2602601
6821921
3702981
309597
1457883
9644063
3736837
4005657
717473
3379671
2085491
7919809
6013207
7410499
1617743
2516363
852017
1441773
7855583
4002787
8119459
4903217
6785819
5976579
5167989
9831697
3572821
8724841
5075423
9608469
1731971
5613363
733947
6259427
1703559
3540669
4380501
2793011
2225963
989039
1278397
3776421
6157437
4651137
2241221
9550509
105650461
9106477
1834571
7888793
174037
2441307
9561327
3092171
9958917
9722103
3925743
3478171
97116971
3396301
7249821
1948687
156866067
6271753
8322957
6104531
2845201
5249647
3458971
4323671
7083433
7765079
8128983
9535107
4700307
2901961
1633843
7010309
8981027
5970773
3378653
6639323
4277289
3291561
3924953
7502233
7108481
3067599
4032949
2374949
4255707
49533887
5953
4214153
6881021
7403381
3902513
9451059
6169099
8876021
9413103
141255069
4339101
8087483
7438363
1679371
9697387
40754907
168261
1447353
168704559
2728719
160279929
5728019
6751031
2676977
1423293
5833179
8071761
5337197
2061137
3870967
3971837
9843259
1135551
3649649
2510399
3380843
8068503
2728791
152783
5871119
6507259
1304297
94121
946469
6056857
8918967
6933529
6670101
9476951
6382223
4237733
8974721
9820657
9563261
8870431
5198007
5459711
6924357
1386173
2659523
1995287
9728333
3268163
723321
2053597
1357133
1356291
7762173
3534469
4410321
3162177
154396641
1124879
3875959
2710251
213083
8962721
1328871
552083
5368073
49913
937227
7486587
7899811
9761619
6222369
5927763
7980521
9557351
6911823
1003877
8523219
2326747
3275383
90830227
2936829
8658627
9387073
9997797
5662863
8254509
2319131
3137311
9208861
3718939
2850127
5148963
142305227
160757349
1103961
1433059
5125193
498081
2951703
6599127
1081067
8507761
1438327
8418293
4880083
9641221
5998183
5667609
5217161
5983053
4167237
9655739
1228391
9661627
3543203
1081371
109613403
5025181
3483451
5471421
189019
7493957
