3408629
284249
876227
61434329
5922057
6826581
3101753
5310217
7706733
185506819
1899389
7259517
5308377
6831117
9899883
6673967
182817
9576773
5365923
7749673
5936823
164415471
856479
3202403
7308643
6638467
3272637
7106721
4860789
175411
7553369
3267153
1166259
7862807
5608511
7432603
4349487
9727911
1604517
3477289
1406847
9164061
3844027
5390851
3925661
8911511
8165027
3809789
4021913
2448501
5453797
3365529
826107
9988283
168239
8431679
746339
6382893
458483
1157193
1742127
4577897
7874047
1958253
6563107
1576397
1528357
2101317
401701
5125293
2191253
9463821
67901
9611163
7203383
1829261
91792289
1038559
4083663
8754099
2949467
3111109
7956837
1027893
8588201
6826087
7602531
6996329
2215637
4364083
1509623
1474659
2800237
3333793
709071
794113
6467647
6909511
2090933
3928589
8574853
5020971
5630333
7989947
3069093
4094137
2281641
29789
3598197
5414931
2698579
2782343
4886733
7723449
6573849
153122099
6324889
5009199
9761887
1523173
7069727
9947811
223131
5497609
8639621
9153251
8298173
107561
9913647
3839249
5501483
2405473
114982557
4177821
8267531
1261369
7361731
3720687
6028721
7136267
1040437
221301
1188939
3960399
5818933
5322823
3074997
416897
4556079
7302169
3489059
6301913
997161
8919081
4318653
2335451
7731667
8051533
2458089
9839639
5297943
7158083
3260371
5545479
3399533
7962863
9757609
188730347
3166793
6124873
4539873
4261437
3063363
9598059
8466039
4693091
6733277
5128531
7122679
6079113
4293229
6924261
6001241
436347
373349
3682339
4197943
5368623
5739589
4723953
2975597
7880553
5041597
4892133
6661487
10620591
4173603
9696149
9259973
4641563
4050851
3821707
4410829
4637537
6219427
5768623
5455931
9560731
7384409
9262219
1740647
5473347
639381
8938801
7024793
3690967
8530259
6758903
4319867
7249959
3899431
5157987
2217667
5527379
9296093
5861453
5183871
87119913
3465391
9684817
472467
2560159
6416001
6299059
8434009
7416711
2041277
615577
7011647
2992231
1917331
5644261
8648199
3763213
1102949
7394539
6716279
2350303
6485543
176877297
7515481
7103003
8014617
7763259
969991
9458841
8717001
2325921
6626509
85308909
264683
1477899
4396473
3066189
2818039
2992963
9375809
1336737
3369377
668807
1613421
1692817
8298341
5950969
35261
3092981
2958949
4122213
2770693
5369251
9605899
1967531
118121101
74403
30816741
8526953
9414587
4867957
3590987
9842101
6930231
6044277
4704819
7216617
5151337
4972657
9718533
2470767
3350911
6501349
4208647
6834167
6346263
330931
1529439
7454251
1054821
8545523
4972551
8511997
2463319
9835451
7860131
5393557
8813251
4999947
1933157
3356273
3727863
8145787
4711277
9241659
3589887
9440713
3992623
8612261
7769959
2358639
8442213
4014693
9479399
3521481
2115899
7737107
4967191
4081651
4143543
3498341
7616409
4113617
8876989
9754299
31370757
1413337
3615823
5817431
1413783
1737603
1347969
8768809
1285889
6267579
2406031
6433667
2787981
3225001
363521
726811
893
5758291
9020721
7873479
1651811
1812073
2480831
1735103
2923031
4456193
7226787
7570369
2178833
2993623
151533517
1963333
189776949
9788059
524753
1447291
9144819
2965777
3723419
9970071
2383771
7728811
316017
8344947
4402959
6435083
9981091
9854287
2978913
425067
6672461
7369473
925749
8432969
8219827
911971
3118321
4728091
6526733
6870181
79450053
8889337
5220617
2030971
5259663
2006969
9186717
8890859
5337029
4262603
8425773
4816631
5128741
2998311
9480661
9257407
1851857
8175931
5406007
6099929
8697041
4263953
1746597
77629057
1172627
4719759
7640537
9115739
2943543
9829469
1051603
5630661
4104743
166792543
4390567
6217189
5749727
8283567
4995187
6185841
3931241
7532047
7816923
860613
8817353
5856291
1490669
9444587
5371979
9999883
97933481
1319973
6469169
3456163
5396867
9814629
9152817
6140411
1886177
1514529
6310747
806731
2952811
3286059
6747129
6644363
2297173
7486283
8570747
7052497
8221653
1326161
50255433
4911211
666337
7423887
6085301
4465561
5537921
3648439
4918951
9177943
3152739
5937359
7417061
5941063
2664017
9095269
4753971
5726567
7814159
873807
3036169
9903821
2418881
83138863
417357
9706063
9101091
5267559
5502551
2856413
122957
2827959
45591
1109433
8352681
2595379
6317873
6548549
8686237
5781867
6036683
244191
9457321
666731
5880517
5310107
1127997
5697117
6494999
1172127
306761
2645661
52203
1699911
2829487
6924373
9151929
5919697
3096029
8508423
5867627
3201109
5317357
8518057
136907
5686123
1437871
827687
49757727
374137
5691457
9040537
1131609
6782521
7155469
6749393
3172341
867837
93487609
7928603
263233
9560431
7303001
3086477
4248271
3051219
9847041
8321093
9795257
794163
427009
6827407
9247409
2341043
5832383
7136877
1655731
4174883
2938851
9580979
2264871
259503
3484213
7841299
4565683
2287799
2230137
3143953
8398371
4866281
1740843
771213
7264291
6243949
6845373
4109083
5038369
6723659
181858507
2460187
6718463
8509577
905783
4693271
3294551
6770073
580699
1043417
1860497
1671363
9520349
4867053
2182679
1864711
2649893
44761
185217471
372001
3831623
1043099
4267183
8892219
9714763
1118701
1443727
4434177
1986703
58529
961387
7173721
113277
7819533
7424417
5027581
2445309
3682247
2062381
858899
2427001
7074651
8127439
8823959
5195781
167273
5304481
1388049
6985769
6036299
1658571
738303
7391443
9660261
7472003
482883
4020323
6500753
3459349
8187231
269477
7614107
7545093
9381599
3575011
5886887
511271
8967667
1513007
5768549
1970991
7933687
8036949
180580363
3863793
4989769
5369719
3625949
2996857
5808139
5585777
362191
1725343
7581647
6561027
6298759
66921327
4798769
6231077
2520359
2519711
8295597
5565489
4593089
3830801
8969189
502031
5168871
6743243
3769633
5171759
365623
8388321
4052451
8469183
429871
3479377
9687599
4092817
206349
8474737
5880103
6589771
7463909
5939253
5745253
96744933
178426399
376317
844247
5147307
3901277
3942383
3158543
133911
9709867
189957
3916763
4882037
7019103
5894579
6058723
4156287
6048903
5750871
6479187
133801239
7170781
1897589
3458037
1292399
5299089
3195901
1985731
108069823
4321243
9227481
9793879
750461
9487453
5278557
7771231
180187417
8849933
2014799
604319
1408517
2148481
6555867
8476373
4690017
7104527
1938647
5564887
2802589
4010797
100195249
7050371
3448353
5999891
5458991
3444283
4022117
1177213
5362989
