7765907
8018321
4708761
6305343
2236827
5897029
6214221
5498951
8817019
1899267
5228081
9624359
3990921
9909187
7452119
2688639
4583327
83643
6834177
2778981
9596213
4348037
2981451
521219
4382099
5835391
4108941
3496523
9724477
7374253
7827393
1136913
2619109
235561
1893539
1115511
6258501
9711743
5537911
7582837
8530027
7797583
3464063
6397443
923033
6546127
6417447
9585869
9647621
4147913
7238663
4394773
3374331
4148651
3805959
1636093
5823479
1094819
4838483
1841411
6176801
2635929
7078149
2506681
5232367
8032377
8951027
5365781
6413319
9874649
9191461
7667367
6054503
88233441
7284877
9790419
272209
9827047
641193
3939713
576429
169601271
6440839
4375949
9624447
8345097
8289533
7314349
8399443
6176943
5647083
5480197
2044687
2746441
277353
6572233
7774243
598451
6691359
6676387
4692833
5135991
168283
6234357
7531799
4224981
274371
6226713
609551
6540527
1630647
2125043
7477893
7842687
7421579
8586371
8481923
4112571
9880323
4861449
5065731
7476539
92987509
4563403
543483
6809723
9347113
3137379
7514237
1509167
3113343
9073401
9855617
5284963
7152127
8235011
109403
204309
5402891
1611233
1505309
2414689
8058637
4082453
8406103
890517
5773917
2836521
1723543
1388833
775129
6090639
4904323
908333
7618221
8973597
2767489
8121893
1013299
3059811
633823
5936109
5737861
405089
6789239
8420169
340597
112624451
2840771
8710351
1491203
6211511
3342387
2307261
1627123
239003
5138547
9951161
4672477
4876387
167139813
8164959
3223753
5392169
7838641
2421523
8726589
8942441
8108371
2050577
5198323
5029047
2715027
4652397
6891529
2841397
5338977
5950227
8187041
4466571
9041423
9640981
6946139
3801021
8355857
8872567
9494769
5050453
9954471
4403677
86224491
9922763
771641
4094813
5190743
2534287
6764507
7889839
4198599
5009797
6280803
1363501
275369
3248529
9292403
8026247
23957
211513
739749
9275873
5795151
1667489
2532119
162967707
7618283
2856843
5051029
862063
8465951
9850899
9356571
3386947
119040683
8124653
4753947
6024771
6815093
86420457
7585767
7032051
4727783
5146761
5240261
7635997
172963557
8978487
2472583
2236553
8721031
6501273
886117
2552181
8685123
6653513
3264657
2498809
36508349
4896393
2939741
6703021
6081863
4409303
6310227
6101523
9961163
36377359
6942197
2598859
2427193
5035483
8608643
6551611
3543601
9539151
195517
7204759
6864199
9162189
3336911
8000849
9271333
4490411
8393083
1538741
3431651
1791067
962113
9890781
4555583
5448233
1793697
2629517
4807237
9500933
3021901
2709143
1194351
9936231
1027727
7262333
1573333
8364241
6808347
6633337
1945573
4179697
1595549
1097957
297753
2394219
1099531
9283917
1059
4883931
1147839
1742037
3341341
514957
4327021
8360691
3353199
366401
5843831
2304613
91737
3927251
1799691
5856713
4724709
4362531
4115759
8282223
8972031
9219443
5737069
1695717
3332623
3377459
1253311
7380881
1188281
5906373
233423
949571
554417
1745613
1492979
7437923
4280271
5909667
2763309
1741589
7122587
5176333
8258653
1262109
1955411
3986623
3287139
1322919
5018557
9240879
8172501
7348757
8927853
2711723
3547533
342277
5030319
6435373
2409231
6398379
586743
5271473
5585313
9350189
7011683
4961289
1595189
9956663
8455877
1820169
6021209
1810749
7833897
7122791
5867369
7668601
9635961
3590503
8914073
7791723
9140363
4885091
5003029
3964003
5518173
9197591
5998737
7758247
6961549
9609797
3086727
2003517
7365967
3024471
4346013
8920383
4701389
9950981
9482797
8448629
6317459
556143
9668191
2130803
4115727
9918659
101583201
2249169
5611067
4475719
7955343
7500967
1724451
5669859
9522703
4813133
7941439
8551021
1046751
8902899
1502221
4310871
8944199
8314391
9296863
4574309
8892833
9445387
9943373
1836741
8124577
4179813
6282941
4945111
1819573
3874991
2210487
3096219
8824961
9173359
1529133
708203
3827611
1691051
4090627
9329337
6578971
9874379
316961
2650483
4074491
41363501
3445007
4412487
2166273
9524083
9363229
504659
6446843
152711709
7998843
8281309
1209639
4539121
5864663
3197461
28741
4103507
6010437
7922677
2820539
96847
343373
2676291
5138289
5818857
9621981
996573
4018949
3526591
7341101
1312303
79087
952151
6780389
9695119
694383
1728173
3847553
8231733
4242167
3400687
9405439
813037
1293271
2712541
8239211
3417327
1442001
7965059
4120393
6033903
4255031
1371811
6920819
6231557
8742031
5326891
1461641
6789977
6034937
1591839
8386999
7757069
3523921
6146609
8873227
3192033
1935403
148059
69842609
8758309
7576397
3521367
2402213
8888113
9552943
6358707
9986223
7804923
2477883
6189819
8145027
5294323
663847
2885711
1872717
2882041
7537761
60624113
5641913
9754953
850291
8663763
5762391
2549047
2127087
6061019
8881263
9386743
9976851
7792671
3576609
6196787
5036333
538659
2001093
216441
3369271
2864721
8893107
9236573
97541443
4086393
6755641
4405531
199341
836289
5454549
1656481
4564969
4768651
1274061
8691289
9490539
8423061
3936653
1536533
3896707
2524591
1734563
1563081
7435993
151196331
8934497
1602117
2372753
9646171
4152509
5569277
7186719
842869
9548841
5219979
72667113
7853519
6236311
4407993
4691789
3842441
5092603
1073443
4232533
8185173
6811831
8375927
7612611
5780763
3949557
21663
1806103
6740253
6139477
4103187
2855073
5771699
4232107
6945317
480041
7666229
6596797
4072799
9625833
4082581
1550819
677249
5270849
7231487
1305919
140747623
1914309
18624081
8977333
2279599
1803457
6430827
119093
5936021
275573
9245429
611059
4976603
86573
6441061
2262371
7485513
7063207
2964901
9511627
8826501
466061
1466839
887027
1106879
7682907
691329
3036189
9011551
3999727
2743749
7499747
9245151
2793041
2162459
8157123
9711831
5342903
3967793
76496571
5023859
8453989
132687
5995251
6412217
9048541
768801
3841657
9647263
5843947
147797
8651421
646139
9783473
8598501
125577
8034731
4742041
6527601
6584213
3009697
9948939
734943
1147749
7309619
1738233
5075429
8958473
6050087
4648667
6129617
6699929
151904271
4593931
6079383
7761401
2602717
292607
2228089
4878427
7524863
3930543
8171777
1769679
1896879
8478821
4448747
2099729
7664829
9911361
4481313
425773
3134337
764657
5849937
4310721
7954679
3808809
3479997
3411109
676039
9310237
156417603
5960453
2032141
3951541
8946721
8793181
9620947
7397789
7118557
7204169
65597
3901271
2132287
1337193
9484739
1237821
7532743
9530059
3880253
5503623
5905623
9380427
7054639
5587539
8317039
7237559
5391011
7242101
7662897
5949417
2641757
4607611
9435811
294121
