179837
4295673
6530123
9726501
3764289
2193113
5536929
1748873
3961121
7031627
4837217
3442249
7201123
2538919
8885529
2274829
9894471
3059663
154149291
8657453
2978553
8705857
8430739
5120823
3323229
183860183
9236047
1615163
7167173
9963467
1894217
525417
243349
889683
4837089
2419977
8188649
3696611
1281381
6613657
3186201
4800599
1614921
151893423
5877681
2835399
2328657
2066963
5059327
5107907
2912473
7467933
5255091
1333741
373369
3288973
4597427
1274111
1252949
8878023
5643039
8471613
5640557
6367933
2942971
9849959
3508289
115043893
3387663
5497343
5977823
8276013
7837193
536349
2145503
9155557
801669
18091
2161169
902097
4202593
7603673
8778549
7617763
6242637
2689859
2643173
4781167
4180389
1415173
4661973
7752153
3545277
7461499
7478279
3833897
8074001
7005457
2834893
1972257
3744977
2819553
1334531
7751097
3350453
564243
1293099
7264481
8323573
5141673
115367229
43932619
7964361
2686807
6499501
9357869
4876499
7463637
6146617
4065537
6665063
9790613
6275853
3842521
7999117
4267861
3741353
4403687
9758319
1033839
725313
6849009
3126509
9013433
5293307
3931141
9614681
9799043
7371353
6892853
8941937
3363941
1904387
5534527
242851
7272833
9285489
6483761
47569967
4738387
2465867
2723767
8541091
7763993
8646931
8418379
7185397
3738689
9400641
1399569
817153
376787
4343901
1238981
9285163
1941351
8479023
2456769
5223477
8714183
5356923
3101481
6381203
7327229
3422511
1919869
4518003
7910367
1230249
1771899
17567
759979
1250551
2960893
771471
1017163
5170761
5942451
9864613
5391259
2152451
3081901
5189259
8506817
9481149
9006069
2342167
61261291
7389871
3227627
3201193
3911243
181143
9255523
163441
8230387
2989481
2892427
7973969
3006369
6863493
3014193
363849
34712973
9552331
4550417
5697323
9419277
6312593
6631887
6869549
8067503
9152613
2198857
9456249
657171
4127139
892899
8550603
8857641
6210571
4335937
1495493
9154397
7320543
7063119
6726913
149419
7960689
5375801
3861899
7700713
8624249
196799
1610229
8600479
3896699
7703483
5784129
3928917
82379553
3953929
7446151
4848761
7909673
563129
48166237
3001113
8060131
299333
2066311
3369451
4001269
3061031
1148531
7619917
2236741
8281547
4069469
9968301
9815277
3392979
9680013
84051
7061853
3384619
4209949
8106727
3903011
815733
8396273
8994129
2912157
2871747
5271981
6224489
7491293
5053289
6136381
880117
3878957
9540041
2674921
5351521
7444773
5707807
165781321
3032001
8125047
8644173
3730461
8744007
4114867
3807617
2174073
99800481
66758537
3718289
6510181
2852873
6972987
7424527
5495489
2863239
3520901
6771191
3584573
2647337
5471939
9958513
2876333
145510583
3662361
8716979
7419091
6012641
1210849
359449
7429327
7116169
1430079
93842843
3232091
7649739
5859491
8894771
3733773
2694363
8545731
9327309
4520353
4595221
7268283
9986637
5175397
4784747
2727027
7136527
7821717
9127353
8685743
2507037
4456901
6791329
9730909
6008863
191048677
872267
4078271
2247203
2706793
6166401
8907789
4880359
538377
209243
5140031
4145283
85033869
9602173
8815019
5639509
7654577
2879353
5706287
5306921
1868483
1206181
76356109
9626313
2216489
3285067
1242317
5780323
3756031
8794481
9812791
2100251
4651943
173041647
2587941
9654607
4885671
1795567
5792723
4020009
7982377
811263
7145143
52589
2792399
8276069
3638571
5750497
5337963
7437
7763889
8959717
8146993
5322747
2214549
3448003
1467801
297837
2883791
995619
7091479
8690313
96183253
425099
1710103
731271
9109099
8504921
6019771
5744469
7420211
569579
520929
9966903
7471863
1083697
4041183
9806859
4719837
6935037
5571767
6805351
3847871
5297531
6830587
5656519
722101
161388293
6690549
7895167
9236371
44087251
1550421
2100589
1694013
2469609
6338253
4924183
4366987
5898737
6608181
7683527
8730729
5088293
9265187
8495171
8198217
9142737
4009709
9455279
8716553
2957631
8736363
2334013
6194763
6582233
4367237
8179701
7332967
26160349
6431793
9086739
9730749
110929
1794291
3084353
1034921
1740673
147463
1373129
1725811
7841503
8896523
7787903
4448587
9275439
2456289
4622671
4681859
8467383
226267
3607919
9417841
189483
1924609
9366107
313511
234373
6032841
4546003
3482443
313043
8547327
7870061
3356877
3392849
4998319
2158343
6873119
794111
580949
1744841
1170977
911823
1740159
3243253
387481
3023729
2991477
765779
3492031
3872387
6244619
9725827
7217283
1431057
11780213
6123203
7958503
7656639
8023363
9325711
2694729
1385621
8082461
8882119
4045109
6946061
7359207
4736781
184939943
9183053
5834801
576719
9177469
9614241
3329107
4467971
9919669
4716923
4280879
7381763
3210649
699791
3068189
7572661
7105947
5911201
5704341
2230899
6440303
7704251
5684387
7194989
5376653
4125769
5126273
9533863
2965271
6188391
1867181
3586403
8867871
112236081
529289
7729257
3821197
1898689
3680431
9340861
280199
49271173
7314383
9367543
7184067
141247
1739903
3269173
3415159
6885551
8384929
4780921
7971389
8138501
8460371
4689081
842529
3443947
8341793
9134971
9087223
211851
6691043
9819493
521483
5787277
693879
2803689
4064149
7574701
7390169
9057201
5075763
8697437
9273351
9308933
9839053
253139
1021663
7062579
3714023
507231
6883649
8944209
9859721
3309413
7161091
5629643
3863071
4113657
7786619
6597633
8750671
55510161
8283077
6902837
2306523
2949461
4592923
3738683
1807553
8352959
5871057
5361339
2262089
736071
7058691
1197917
3992179
5555007
8327301
5998259
8160021
9456059
2004833
9671513
3623097
6573313
4387113
6680303
3616039
9860389
7392037
8410499
5788933
7989591
6071567
8423723
2598429
9638921
3417553
7459331
2815901
2469259
4764631
5207167
3713797
3541531
1151691
6293179
8984653
8909749
9778137
6561887
6891133
32344821
3752511
1800551
7637201
4542749
5899369
2469401
173032799
8217211
9829927
1069797
6051807
1963023
8169917
1771867
690579
9300817
717567
1774343
9786511
29162353
5641913
9268687
9466853
4119507
5356477
4480063
5043201
9316977
212767
6243169
23229647
9874877
6854347
3262937
6590823
3531929
2498029
5918789
3291879
7087937
6342823
5725861
3485537
8529391
1309479
1077813
246237
4622151
376291
1576211
5995607
7211737
6319443
1728709
4065477
3130397
5072739
8584463
7143299
5438247
6732753
8239323
1741039
2933661
9391643
7752819
8256079
9042067
2792107
3054807
7744279
1234817
3581071
727557
45026887
3489223
3287813
8227693
9155711
7517033
76788337
492041
1278573
4129777
8519657
7853247
5978377
8974829
2308959
4570613
7795997
7269823
1071283
7935377
9489023
3204051
7735951
4459429
516857
13642133
561327
