9328833
7229957
9072819
1343317
728421
2731873
9613909
2159757
7855597
5806659
7539237
8763287
7285733
9916223
9040593
7336029
58962939
5091289
6508339
8722113
1146987
9132109
8930297
2017763
7078039
3316597
4604213
6149901
7759707
7663563
435361
5610741
7171169
4640621
1231483
2681107
7111531
340341
7662261
376853
1377197
1459211
5120897
8730969
2171061
7348053
3076147
2289367
311743
5664537
4626923
1560119
5967157
7096193
7194869
7261871
4968959
6670151
1950451
2608491
3144999
6174179
3962297
2047781
1392821
3788421
239419
3530837
9254817
4797823
1008907
4864381
7942517
2804499
8644683
5856973
8175743
2384511
4207087
3043899
8166557
6069661
4482081
2900011
4701481
8594419
5727137
8757849
4098553
1778449
7314651
744439
4397339
4723869
186036111
4756181
3035783
8646437
8647973
6331413
5031797
1993841
9120901
7672503
7848417
7734551
5638231
6662743
6217159
1474579
4943787
7798519
9433167
8139431
4153731
5740847
6015383
9657013
5451289
9447541
3280349
3942071
3314573
1272903
997689
7515963
3052947
9349789
6620131
7743931
5959093
3190229
3048799
7461649
2821589
1838181
3976629
9532057
5784289
7502061
7469143
3438379
7187333
8448621
2589971
8121477
79800533
8060181
1026579
839837
1548327
6168981
8158033
6259879
2403337
847261
8879239
8826463
4571273
6472627
7710519
9718531
6724769
3779651
7291537
3968937
7636447
4794057
3464593
2734939
1230187
6190447
3592179
9401173
1523311
6777229
9433043
7790543
4260357
7465971
7637361
5457339
2398691
5357209
1235281
5399663
7754891
7006683
1508327
4687749
5730501
4109003
188213
6668241
6800339
6666833
445479
8192281
6700507
9448469
4947133
1032481
1592009
3533627
4770241
8560657
4814047
2219231
2748183
4443517
9957291
3489029
2800553
1161361
7231841
7437553
3556321
2642847
3932383
9114889
6068037
8429851
1055361
269029
8512071
1753929
4260231
6849009
6080207
6796543
9405827
7955337
2595269
9613841
2633237
2678171
5236719
885951
854701
9104127
44891
7427949
195459579
9660199
4073243
3829727
3139073
7754533
79726423
1772229
2331443
4712053
9106729
7198497
5449563
6219827
65570877
1837861
9828757
187453643
6666863
3110457
2758759
297219
4911367
8554719
1022619
6030123
3812207
6300891
3570591
6485431
7980939
9918461
5676569
9355603
6721091
1689761
6039983
6844667
6732933
9241829
4035019
6129461
8788751
4763633
6448229
3938649
1408153
9587323
5489563
1622717
5498793
5172673
1687217
5427603
3241663
354073
1314119
4730021
5679303
1468609
7446593
4049949
6942161
7797797
8211631
8058701
2064553
3272797
8000507
5876463
575779
3622067
4466907
7193407
4957063
5936997
4889651
7000627
9402451
1538901
6260341
1594747
4798429
4914067
3120259
6296459
5681657
6284433
4305021
2066481
1157109
1828831
1418577
8704029
890483
171223
7484561
9207143
1328173
1370903
5419197
7085853
6357
7551661
8188397
1900009
6841627
122813
8861651
3652847
8042363
3116981
9630993
5675971
9436027
1665559
7792299
4554931
947841
4617979
1091607
5940427
4183961
124433
85293
4096359
521469
7175283
5944929
6442791
6418051
2405471
7989921
5803831
5314373
9860281
6599063
8387369
666661
8811409
525487
3221327
96537349
7668897
8013191
8326197
2246031
3945487
3290283
3000107
5230121
3654451
3900377
1138573
138539
7947569
8338883
4070007
7996953
9365417
5599549
8931551
2569937
120122111
280627
42808759
245533
1703803
157397
4973247
92584217
4468817
4650201
410167
8377709
8626381
9227759
4048129
9160323
7563053
5125871
4643489
381893
9894351
5126211
5588153
7223717
5227613
2086409
9047599
2427963
6442763
7743499
84859
178730163
7255147
3822549
3930933
9218777
1988109
3675879
9231407
6575253
375081
578089
6797273
5728679
3067557
5666879
162767
2861273
4726707
533667
5165289
4073977
7666609
6171179
3066693
2037971
1798531
6323447
2812283
5527747
5279303
4620587
2774639
9916751
6960291
8598939
1543041
5367977
2079487
2310041
7098541
7172993
4334141
6783443
8248173
801061
8133061
3634767
4217239
3964709
93690729
591923
5685601
127132231
6167323
7565307
181448673
855393
1417223
1434843
3483811
8972217
8975961
2913173
8237231
151697611
5833
8842811
7205481
9725711
5011083
3342761
3283617
7289571
4616531
9553669
8720077
7244961
3968301
1345079
5915483
548461
5071759
117993543
9122441
3688913
9954927
1771733
3192847
2059517
270569
5576643
5448373
3220243
47859351
2449021
9157349
9523737
1610983
873953
8629737
2492873
9071747
3771879
2764067
2693831
6217589
4662939
692093
2870893
6171717
2552949
7766961
15423143
4968647
990047
3577649
7815287
6201769
5756047
7100689
6608939
9654869
4462221
3197753
6926643
3554819
3127273
8445083
116879923
147085377
3824749
6435557
1957219
6937207
7616777
197981
3825473
1719957
2420051
8232693
4624129
1152397
9336909
2478027
40831
2883013
2052359
251399
9680167
9540891
5403863
6270361
5753703
9426337
1581299
8408411
9551033
4802153
8135903
5287377
9787597
7420299
6187221
1997319
4306107
1087077
7089233
639863
8984787
7857391
8552763
5863049
2129811
6176157
1701259
5109871
4149893
6618569
8930183
7639189
4823983
9338481
9915023
3681017
1195203
6619631
4587863
4798657
1000137
4003219
1039739
1283057
6309373
4071959
3586979
8138419
3151129
2227763
855583
748781
14741
8711591
7691667
7120007
5106137
7526921
405829
9706489
4075143
5910399
5114939
349707
180406909
5236127
4168421
8954159
2278609
3669647
4419823
3200607
3807213
7208231
7570243
9123843
2321331
6290461
5926107
168034847
7775297
8358199
2324439
6181399
538999
9754551
2554421
4580243
4517827
142994651
1090489
6711443
5611107
9877321
3225623
5757643
1833169
741921
579511
7694889
6385729
4425937
7842563
7193297
569091
7387769
690449
4485873
8030961
7227167
3864213
7410051
8746729
39557443
2995171
1573077
8328723
7290879
429737
490143
24329153
8242921
4904471
6900917
2662033
4995887
6250141
9756619
6872797
6288629
976501
1834581
6024013
1914577
6700073
2815117
8519307
5943413
2456267
8260707
2430937
3029529
1207981
3532969
726469
179246367
7172769
2733539
1773089
3293587
8345299
7862629
2683029
8050471
5885733
8814137
6054419
2862243
112108887
54807969
1377721
1898351
892253
8483591
22875103
9895839
181543
367877
1998493
2051597
5932611
7836811
1265119
5134913
5682531
8725111
564003
1830987
3949163
16308459
4441021
1531331
915899
5363297
8530141
5613043
6545283
3912067
1957249
1758583
9305901
5731303
2686917
4043487
967023
3619493
3270279
3166091
3673671
1809067
9702167
2089987
2281743
9943027
630731
109011127
7024421
2212053
5329093
269863
990287
9966983
2821479
1969513
2407323
2179641
150238919
8597879
6612969
3534289
3983237
6848211
188230223
217019
1239231
9376909
708297
6153209
1460543
510969
4891361
7824943
3782619
7745819
2318441
2252791
4042773
5091991
1112177
8958983
7206507
365939
7883721
9835549
4646563
8605049
5325841
8912463
6373203
14417
4016083
1357609
2260389
8755007
2950367
587729
3825667
