5419333
7348227
3658807
1809741
6723287
9540217
6932201
611259
5255259
9839201
197714643
2026799
9878821
3599997
195814871
4857971
5961269
8345367
2650709
5912441
813901
2786483
3534987
8831409
6276671
7328037
2826041
2301121
1849621
1696309
7665653
8397841
9427257
6708567
6117611
4682703
7906969
6629433
6948137
1655333
8514307
3718183
5098163
4628493
3166699
7272701
1716791
1089703
2691789
9718823
3572537
6037009
8560993
6434563
4244437
5959809
625853
7969153
183615289
5423801
3972469
1741679
9500443
7636149
2615721
5897409
7734791
4470237
3677213
6320559
2738937
6391911
4103463
7320081
1897087
7109849
5277251
8436553
8306189
7838581
125066519
9138233
7516977
3447343
4171661
1486009
7208219
6159233
3958483
4337363
7439601
7697573
8053203
1534617
7925293
8307677
6509747
5786769
6496543
1107141
2840647
4898991
8921677
9814991
4377873
4281021
6524153
6830167
4533749
3188051
88377
483749
6833103
2634497
7504623
1418531
8386851
6138101
6116769
2138603
9566883
2031387
798769
9592277
8918609
2105637
8126821
2951309
1553981
5596103
7029879
2119421
6522747
3862983
3160169
3934371
3015031
520547
4536603
7498407
5403393
4494887
3093527
105696829
9511473
1420151
526599
3002701
4285661
3013589
4190641
1841881
169491
9550463
130827
9894327
5644573
9755363
8780199
9726177
8280273
7791689
6320891
2906019
9456059
5713357
533421
1357999
6076927
4514299
6582513
37872183
3586357
8210349
8985263
8462169
7753409
7695537
7117789
5440859
5373287
4802649
6006153
3993593
7080727
2076207
1270661
9823473
9141147
5519519
615053
7066379
89771
8432387
4700249
8982393
861093
59577287
2189637
7736541
8842433
6677589
1350739
1572131
5700897
6785733
2905437
528657
159827201
9638251
4722111
9720069
967081
9003779
8249531
591943
9195047
3290223
9701859
8362671
9489161
7112877
1835849
7031621
8862317
895769
8119423
5608163
4614661
8057197
342501
70127413
148462583
2385339
2846131
5153599
6375323
9625149
1646521
9811321
7399119
4314747
5489343
8197291
3344387
8365669
7050721
5914211
77651
6214461
66982947
736241
4674823
4498057
1031869
9818973
6933317
6752001
4840683
3081163
9806979
8994417
174775953
6713721
813889
4025227
8315343
8235119
3783481
7064567
606469
4506583
1334089
9057527
5056431
3785891
5170987
8409463
3969849
1017401
5383781
4473317
6995883
5869607
7466973
8201021
138163
7225431
8273057
4476849
5385639
2035597
7770859
8665557
3531063
304537
3096219
9139407
1047761
3029927
9129831
4173361
4056221
8729251
1513419
8564787
2356173
6163939
420373
5119273
5346647
2996831
9983713
8467473
2089387
7238459
1863053
9950993
6378663
1599589
4376051
6864257
857403
4845229
1284419
1487157
5751087
564911
8180927
9611057
2041003
85807891
718937
1065449
4990523
8387949
8422701
8905283
8763567
8261533
9121921
3871457
8237107
2224231
186225131
8669151
3781513
2225863
2722669
6395823
6579677
1328069
3608759
96693
9156747
4979711
3883503
577783
6284393
3525037
7505181
2135431
4210189
8795991
3348651
5668889
3552677
1823449
2355787
3161641
750723
7225727
8120497
2711341
7204031
6780367
3990703
5046207
692509
661181
1079641
1074023
2509029
3499511
5334027
7540051
4114299
5097
3265537
1573551
8428997
2447539
1989809
4202261
31279
6315763
8803503
4314291
5340139
2725581
3693551
6081649
5895779
5381807
8450233
6775453
98697699
4791461
2237313
3003761
7445873
2432629
7579057
5633067
5503379
2725537
5692993
5918209
9343339
2992087
809933
2316729
8706229
2110499
4377681
1569227
4199759
7561507
6408909
7585421
5439423
40529
6800857
6270073
3448851
969511
9579411
1007389
6377479
7718733
680241
1226871
4000077
1976407
78241697
8638743
2143201
5251873
2844421
8595359
85147
2345439
6628817
8963707
3679851
5214773
9010329
39752407
5198889
7279257
5874049
4352741
9986547
6650997
2600613
5014923
7487651
4977539
9610809
8911907
1989467
5715173
5421543
3369807
7668067
4118127
4560179
102583
80332991
2864441
3820117
4083899
195663307
5760699
6185321
4528467
9520033
5401509
4470003
8865877
2863247
7095373
9390599
5236751
7936189
2209511
9670719
9907881
2902227
9496143
817517
944987
892187
7401227
614711
6504503
8453873
8209129
6765451
7575227
2776199
4644401
7995371
2707831
3237561
1771
8969417
2841379
7099871
8020763
1737483
53388527
1655899
1526233
7903917
2515307
3787523
9217271
5913621
5549859
8179423
1280637
4762711
7802261
1367363
5798811
6006769
5580571
4827913
362943
7282559
9474079
1307557
3996401
2949337
2083057
5551577
2236383
841353
2152581
4695929
6076179
840147
1820011
736833
3611819
405009
4878603
129509379
5332277
127281
3460061
744601
6279321
92388923
6718119
7445441
58417761
7152301
4344423
4196909
9867673
8455889
6954827
3853379
9590021
122067
4137221
4381609
8791759
4928183
139175393
2032893
1629433
2982139
6234191
2264223
2473337
1477467
9637393
415769
7789249
9917423
8985921
1853893
5088387
1194601
3943261
2830687
1317151
4309097
6030333
3267221
9199617
3807191
6253963
3395467
34771
9204167
9050027
6382919
3370943
1421983
5248633
7084913
917031
133397597
9377677
3520913
2740057
1080771
4717739
2931011
7160793
6504533
908479
5423129
4497211
1443263
9992031
4128599
3714539
9957813
40493031
69951
687159
5970991
9247641
8183457
6403301
3127141
5410633
3401341
8224919
4092719
2395843
925203
9061471
6305699
8759247
6945651
6753261
8375239
2581717
1994757
5730107
1134091
134534103
9610753
349599
4387853
5194627
5730119
5878099
826799
8115931
5293047
9876891
3588783
6663879
8674261
5664793
2343593
5513043
1069221
195398137
4607487
2384943
9325717
9877347
3456357
1417391
2494743
2244423
9328169
2807237
5730361
5703549
666517
4956887
6019149
7748067
1134413
4232649
9489591
8478399
8574617
8749511
5409129
4746101
5685059
3705657
8053953
7475293
7928373
2671903
6619747
3454213
8801779
1653141
7306031
7247899
392151
4647913
5371047
5569569
2232623
9487373
5513837
9611161
8919659
5781891
1819163
70152591
2046793
725981
9606359
9188793
3517253
2973973
8318987
9446613
9162227
7903539
2348619
145619
8569637
6651823
3776069
9567887
3677907
4005243
8792839
4658849
201431
9232413
9607377
4783939
8639277
9780729
1415311
843491
7786749
7111449
8945121
5342693
1586273
7776463
1112723
8861107
8331231
9475673
8855971
8721029
387801
3202893
814649
4471907
8332761
7468391
627057
4578543
75039359
3537463
104968921
3725913
6773373
9193261
4147873
4158907
9859039
376581
6352447
3770491
2717979
1942277
2603577
8578319
9194961
6660551
4731889
110565021
4544003
3638287
9589329
8938953
155511733
7106361
6176567
1888977
6632971
8620147
7358891
9548271
9654989
2355361
133431
2847877
1565571
93108941
8631221
