2697789
5830403
1924639
4315001
9839517
1734387
6683739
6284667
150873441
7821249
7235103
150910593
8916901
6909387
336489
2201833
4619169
7880783
2848941
3174899
8075407
9522259
1786023
48458299
2274607
2071719
6803227
9663889
9010667
8913079
2213893
385219
6979871
5670147
4575149
5250833
2607571
95751547
5070367
8931151
5047907
3076437
3726211
1933083
2264269
577849
9623047
127807909
2291149
774609
8538589
5826991
32529
4059061
4376319
6680733
169564671
7723293
7715543
2656261
6685851
8924767
7496753
2065697
2116973
58344133
3380691
3390397
9377009
1149009
2684567
4364983
4109047
9293543
3551921
9957757
3302137
110165487
464887
55553929
5824527
1144821
4102579
9882367
5954603
9796217
2088537
1092909
4870331
3445547
9339889
385483
1592613
4707291
5356279
2570699
7042081
993911
5256679
2887929
9318287
2885041
9829
7796741
4378067
4842293
5231843
6548509
5538997
4747433
8129061
2536157
5998503
85085163
7478619
4655977
7095129
9256199
9844837
8643011
5471499
8400083
4140023
4683433
5044949
2709549
20985877
4159579
8882447
6322109
3405901
1672941
2175897
3380219
298219
5185713
8521959
6064591
7907527
7325441
2781973
8875501
3715249
8815553
3129703
6297443
835887
3089877
9169079
941291
9821573
739531
7858669
232567
99679
4736563
5801559
2809099
4553211
6133001
877459
3910681
5439767
9494459
1970307
1367461
6091357
1520331
191907827
8144577
4903267
183241
5692887
3179699
7178143
8914363
2055241
7478133
995341
2383777
6784457
5768179
4312757
5824741
7743581
6768963
3151043
3897811
9299561
2884763
8614287
836623
4746769
2455429
5924409
4245699
1354799
329831
5496211
7956883
294873
5035193
4951261
5260157
4109631
452561
1995851
6043103
1732007
141414089
2844069
2656667
5625283
8043537
3155621
1278131
3884181
7325017
8625183
2281137
9417423
3899493
5999689
7841683
1351433
6140479
2236139
1097373
6505743
9457283
3070923
8707419
3135993
6331477
418511
58933869
1234419
3156001
4199387
7184527
7798851
786443
8949737
1207503
3265491
144361
538753
6418599
14488919
2441907
6421507
4343747
9517861
9040683
8014733
4886407
3250649
4010319
151584459
1699401
3067267
7991759
7244667
9876427
2174167
5483179
1726917
429151
8012639
1027723
528709
7661347
1379369
6674013
3927357
3918221
9408221
8164001
4674547
3380327
4539081
1966723
9222993
3717591
2486971
411771
4113437
1083769
9891217
3231187
3008001
7832497
3501289
5374949
2869981
1865999
9458819
2029609
4741357
9257539
7269147
8768841
2753051
2011217
9111903
8870007
102357553
110411881
2018317
6285931
5172383
67713
51708777
455251
96880863
1488179
3057387
2690903
9821231
936899
1691811
9778143
8152519
3955973
3241443
1921561
9055699
7831137
4780407
44036351
3330867
27683427
2581017
9774601
9964781
8398539
4640349
5604903
2159851
8872577
6684389
1165409
1247309
7645493
7898199
5715569
4785869
2962629
7880639
8075557
8981569
3057977
1101341
5619163
8963977
9107461
1588513
55789
1675341
6895973
7151093
5374329
7580323
128007769
1600699
8449363
8405299
3789703
65516037
907173
1602549
9773181
9958719
196420219
1132219
955073
7535531
8664321
7118693
7720697
8292249
8638403
8140901
1117249
8506841
64263
4868243
5403499
3405561
8374191
3090293
3089283
9680757
6611403
5526301
3079751
998467
7343983
4866463
814041
1009877
6968573
9345621
3033267
9515633
103314339
7410643
52288101
9930073
7801081
9476007
6327983
497577
7599091
9610551
5813077
5977749
8203691
8177683
7725717
8044367
2737093
6928391
2335907
8343683
9946417
187623949
6849917
5510609
6873831
5200649
3978197
8962603
195567141
5792361
8147201
6785663
7276551
5540153
6477297
1775427
442911
5308269
337157
369383
7422657
2560701
4120251
2149861
5403023
1793937
8522207
9229491
9667097
4332099
2801501
7603351
1829921
7650101
5070117
5526439
6835829
4608197
4847199
4344653
4070493
2311053
7538717
5277777
6220883
5368671
6417371
42313
6305453
9784509
7103287
7242687
5435857
6950681
6408109
2805043
157251109
5946223
35037
5925811
7946031
2014767
2959601
21463
8059653
238509
8559691
7884683
3365569
8752111
1498061
7870857
760583
6003121
383889
3502587
6114293
1139851
7067697
9796181
6704911
3444963
9134291
3282197
4012871
3753131
9691623
9158163
2986893
4150623
9855717
2074899
8322361
8324197
4123957
8340203
3628767
8475419
79524249
3164139
9322177
2094587
9501803
4784309
4678103
5122213
1627917
4993463
2763929
6812639
1167581
1254393
9823517
5484041
507031
8026623
341387
2356383
6715799
4806903
4022387
906373
2197459
81551489
5507989
7252387
6751979
2454937
8048109
9364643
5204271
8283637
4797123
7875899
41249411
64303159
41043
2809289
5562803
5899169
9397527
1715311
1969617
2334533
7907323
8494257
13591
7594259
5900953
7968353
197911
2161283
8901279
6822589
1887769
9899239
737873
2474539
4405983
183074061
1089847
182131
6754501
7910961
37835489
676013
6498791
1624921
3426997
8458983
669083
2931217
7310637
7088201
2209933
4699349
1981747
7459209
2458951
7431813
324933
2797609
4956841
5244311
5840943
7413129
4437111
5488267
5511809
2801843
7954781
3726987
9175111
6468741
9165991
9663821
7380249
2155683
5402873
7007403
7603593
2367237
8579817
9039543
8439983
2300591
8396879
547341
2525713
451271
8215853
8972303
912493
8703259
8020233
8672517
9232371
5346869
8191493
5039337
2886153
8773207
4489531
9831933
9939743
4929079
97008123
356423
7949601
5339921
3514229
3422981
2962957
9350149
4631469
8842631
8906447
4698963
9109509
4612423
340193
3046367
2724007
124680253
2927153
193947161
9345261
69253097
425541
761803
3797769
6154003
1657757
6115673
5308089
1907937
2449949
5234539
6415331
4688961
8810487
8991517
2337651
285783
6953959
5616439
170706231
2084797
623303
9415089
3169257
4955057
8321599
9342339
1828929
9184473
64975863
380013
6937939
7685289
699541
9533217
7987239
4936637
9733749
5728029
5656769
177583
5899499
102186001
131321
1368779
4808413
3839257
2472603
60181459
3385141
4931227
4668257
2536321
8283449
9163451
8836443
8711947
7259689
3108463
9232027
4353111
7298329
9520183
536811
2982007
6469081
3683443
5966681
8027269
7327637
5730383
2813557
9735113
6168129
4042101
9860263
2262041
6640469
8800143
8694283
2951963
2514971
3714703
3117561
9094677
7818221
8700099
8324639
7464687
3084871
2075103
8582263
6957099
6880809
8314723
6424269
2057257
2787669
8736011
1813473
2154269
911791
7580861
1271151
983981
9644361
1276169
3589767
5526739
1831281
7852659
