6729647
8326709
7949443
6338061
7935863
3031299
2369727
8871907
40130377
6753071
9660981
3917277
1246299
5961229
7752829
8950473
1358531
922053
4338131
3659289
5958863
7436053
6920197
5100559
7151039
426297
4799971
8720623
8149047
272531
8572913
9903471
9104687
2338807
5024463
3354391
2511433
2131087
7812031
863761
5397493
847141
8519449
2648361
3193951
2052519
8611641
3573333
419461
6091043
2674451
6896673
9302173
4580217
7485701
429527
5622877
150569
6386881
6213373
3191331
6090311
896517
5187909
8604491
1866231
2210397
3011913
9047621
7436993
9802807
7907979
662101
3309791
6502131
5524413
2732733
241727
1485541
1684291
3336793
6769823
7585863
7640199
709567
7555311
5569377
3952981
1019621
1412359
5550269
3035461
5969053
4908123
5461837
828603
7035327
6694477
5737163
9144551
9728819
1369807
3192703
5122693
6753679
5935157
7150063
6280313
95072413
4582091
5209813
5137337
161393363
1202027
9387037
5691629
9352533
2991033
7666343
6998087
1004049
3464019
1964093
74503
3947631
7840109
1570003
7643357
6864493
212919
2483923
7356713
1529733
5651531
4595093
939433
9396431
3825223
6061449
5275977
7894339
9454037
86931891
9005723
6944509
921189
4151099
8036583
8591093
8227303
9401523
1194303
12397497
34738497
6602241
4055893
5697037
4866823
2528299
8519897
8619893
5985403
4253957
8272579
4242457
7978723
119333
5574861
6718247
9962901
5026327
5156513
6107319
1573533
4579901
6471343
1642161
5000547
7362171
4984259
4560323
6785523
2518451
9925199
5074593
9782123
1564107
3334707
5756561
2747337
8698943
1891849
24016227
9510441
9840713
9091657
2449631
8859349
6531923
188470531
9851219
4503583
7723981
6899549
1724027
398231
8823379
2410403
5149741
2834283
1637567
7301299
5625273
5904961
2797071
2947833
7522433
4317623
1647887
265787
6320359
5002861
7592779
1513437
1477243
5139627
6990023
5388963
7295131
267231
7173159
4232681
9864771
8217481
8370749
9507731
380469
8332459
3571523
8357797
522337
2632461
2577621
1454083
5454159
732597
837517
103689261
1363259
8922893
2281091
3928911
5977951
4975119
4808309
3769159
8819031
2925463
7630231
2496569
160729309
9486677
3223131
3049341
589877
4677239
9237217
9122953
25411
2891001
7885233
9672121
6439639
8876321
6557909
8220543
93397
7451593
2235293
7182133
648473
547093
5051963
3672427
7787269
1902853
5743949
9449257
2584979
194430213
4734307
7470609
1840171
7587741
2127403
1376573
6286717
6479769
1749117
9145687
9156261
6324623
2956879
3778703
4140761
816351
8107731
8838331
1175741
9382217
5616959
5384973
1367299
8588093
5301001
6748161
6645603
5024091
9512787
8043351
2391937
9424893
9421601
2061019
8411299
100956877
1356733
1788017
80885279
5406399
3828089
144967013
3584493
2771859
1827281
594487
684571
1687047
119314367
2766561
3301591
6465033
7719847
4870111
4318317
1138681
4680787
166877539
8591807
7421351
4961189
672651
1960913
270567
9794733
4032813
143428443
7531833
3167259
1648249
4110589
3837143
521331
1097739
3057219
6126849
8143397
2253849
3803287
7455771
4390409
4194767
2229607
1089707
855147
403047
6046481
5431401
7602513
3964737
4016151
657989
6377501
9739771
5058863
4215543
6566383
4799993
3194309
7877497
5358133
114030069
8993323
8361487
5886557
9412663
4337353
156593
22957
6528429
1309797
4103771
1307587
4221111
6366177
3871563
5507981
7975369
9003161
3612339
1438851
5203501
9820507
3818293
9748961
2504429
5512693
274467
4172141
9522629
2870419
1038391
3917893
7097343
173535033
8278319
1786023
8898653
2011433
7604507
5070873
5869147
7753309
61556173
1075131
4066069
5170561
3677637
7407531
5963887
81409751
2777079
1936577
756613
6166611
4069923
5784033
19437669
6360867
9205677
7861837
6973173
3410881
956939
8465517
6154591
1158707
5928141
1942479
1014023
116876867
8581627
6819803
4227821
883447
9157773
9613651
9969577
7801477
7041707
195785843
7850229
4523131
1472299
1934587
9181993
894149
3296391
8445863
9021133
7969573
1357701
779579
3075259
2471919
6070121
6374857
8038757
9455619
9411913
6678297
38819467
2704113
4666913
1827951
1007171
3556079
7383731
196959567
7393809
9969449
4481191
134334227
5646193
6253103
2918903
7641033
3586101
4091167
4219127
147481379
2716219
3994203
1261493
3236907
8281847
5686611
8307033
2935771
326471
3491003
8551567
2548423
187536799
6474707
6602079
1661447
5130751
70937
7184589
2947631
1582189
407517
508669
197767
356529
9789749
9366011
1159957
441067
8403327
778297
9674913
3886937
1294749
2948363
3373681
3894083
6115327
8428823
8343161
4588593
2183237
3616969
7755101
9654903
9110689
5470169
8047967
205769
3755269
6129761
9535059
7100199
963879
8178277
1600051
9106593
9583391
5061701
9212693
97427453
1075667
5153693
3341007
447407
1628567
2719377
3828491
5083429
8746589
1747011
1293513
9139723
9624179
6559673
1372413
2274293
1417099
8925857
8351339
174739
1306723
2745479
7207819
5571169
2445569
2488239
189874283
4799381
2620307
859517
6976619
592427
2261227
9560301
6165737
5221227
9517601
197568851
70225573
2225747
7394019
5799561
746557
3395681
6115929
8990527
8750837
7193461
9401149
415761
8734999
4143301
8674841
5045369
3252787
4754383
158189
1260357
9551049
9201241
3310327
6009289
5691523
6666473
6754257
2118509
816549
4390313
3293279
7306447
5303681
4663037
3418007
9073179
2235827
628179
7281749
7005789
1687237
3499117
8442301
8157537
1980601
9056357
3036089
365089
131367399
3667309
1665211
9177851
6314161
3403569
7036237
543133
4865177
6539659
4676093
8020943
3109597
2726047
6119993
3785919
3824947
394391
9674099
6259927
6727939
2352131
7913511
4014957
21434283
426897
497987
1436723
9025527
2865713
2979943
8303249
8097457
9971249
30951357
2291451
7689033
3746569
4975717
6066191
5102023
6656223
6852151
4436097
587877
7923909
5922847
2363339
22524813
6020441
9173137
3879297
6500967
1662723
6785467
9414749
2121657
4607953
3037059
4205153
8441987
6304307
1707131
2337293
5535743
3058959
6144349
127301983
1915357
1826401
5621427
5502203
5673997
6230261
5871479
6648927
8599157
2049567
8234253
393813
2687477
1404047
5233011
4535309
1442483
6521681
2000513
7951069
7922953
8401591
1246757
2668729
1131817
8632419
5376897
1710177
4421821
21609
2514881
7144533
4603887
6304099
7264321
1269819
3571141
665459
183448629
741253
3336783
5485447
3942203
1846077
3087531
1479289
6607277
3968491
117286321
3291227
40219093
2652783
1899159
440523
4965831
9140449
1826003
6015717
147847753
6040269
4139337
4679719
7033607
6505989
6498389
3207591
3345349
304157
6423859
1159503
1951131
6780433
8099249
4045617
8737189
1961409
672277
8557341
2501087
9397907
7700291
