6283143
1916527
3808589
9878293
9348567
3382809
131495907
5802739
5857597
5772029
9871831
2561411
3901959
429329
7207519
1490077
3265181
4191809
8060119
8180687
7853083
55242551
7275667
8777603
5414919
9249487
6159977
1328653
8313529
9655689
4393851
6515081
6424447
3776241
855477
4785937
1569313
2992411
183815547
1127207
7558261
2768809
2868817
3630789
9928681
784979
3841971
307091
1733781
8552269
104948239
6815617
6982341
112874319
4064701
7383237
1074989
5613121
6865081
2994457
6471089
9922589
69264121
419777
3982487
6370137
6991419
1104301
430089
5173311
751923
9052259
5139719
7648389
5441077
1438913
9817387
9297673
2518783
7487123
2243371
894761
9599307
6654023
1955987
315373
4365121
9154937
2369701
154933
4899913
5742961
713949
3734577
2525817
305283
9804931
2585317
183332449
9441293
2715423
176434633
1019229
5210173
3249181
9148889
8507561
1896689
7602981
1685979
4992327
4641949
1996791
9765501
2810393
9092907
6265299
4081639
4520907
543413
5793409
457611
2532439
7710923
181815631
7775391
1850193
1033451
2901233
256069
6984387
301819
5990747
2661409
675443
1334733
4449193
2224611
5574439
3026553
4726607
7313931
2171723
9531209
5770237
9336761
3883689
3571559
1856809
193049
3722711
9959307
3112881
6370053
6176239
4033531
9234151
7510581
3300283
5821869
6729301
2968287
2597343
274671
7496751
2246551
4356371
1286093
711159
3841499
6070949
6866539
1029687
1382393
3354849
7892179
8106669
8998767
1568157
6505803
2866331
3426717
4775911
883471
8431929
357541
3870981
7816617
1166031
4091907
6671107
2420561
2889921
6559217
7188661
6399113
29081553
3415499
6836361
7241437
5459549
5914329
3134007
9342003
8188761
8906371
1835783
6583439
9428051
9766753
3282067
218729
9368403
6655523
6434581
8421733
6657323
6170873
4423937
4284141
32012947
1875909
1226681
2623513
9365227
6520853
3266511
170140307
507399
3627153
8539383
4525283
8250237
957521
155108017
1656747
27216631
9466719
5448437
1097381
151745151
4249849
8913827
3048497
2979039
8002839
8529657
398883
95207353
9111361
8468477
5885239
9421939
4648723
1460613
268411
3796373
9120011
1175743
813257
1661731
3868937
6482161
2819333
8574371
9743643
7194307
4908317
9342521
9872781
5129379
1629191
8786811
69341491
2171341
7261471
3975921
385477
5761777
5260819
1780839
1480853
5886303
9606179
6350213
3419709
9282333
7094831
644907
308037
2130843
50871127
1651131
5948433
2464077
5630753
6296559
1079769
9203869
8509499
1174387
7701917
4933693
1366911
8259593
2396799
3698159
5091949
4512423
160068609
2554273
2530301
4990167
5056363
3970723
2407339
5214379
9648061
7493479
6910083
362753
395693
5581743
6136811
2658423
3046049
2381037
6644797
4635069
9282793
8266361
614077
830701
8393489
185901
7646617
2001623
2191879
4081119
6421789
8891281
5807821
2676883
4986359
4598209
1681623
4436093
193962411
5376539
5075881
180697177
1431431
9770219
879479
7374511
548959
5516379
4659577
8160947
7455637
9471011
4006909
8325937
5578579
1746537
861157
8867609
1304153
7086173
107763799
4640869
5947223
9696493
6066521
219901
2197019
4316089
8914643
3805139
8520743
7460289
3456201
6200419
6734617
9853203
5090949
8722477
6482277
5097741
3144627
122802337
4330681
5373013
4453901
1056427
2676191
5182367
4883129
4775799
5918043
111284711
6670533
6369241
3932499
4260027
7705893
5089303
8437777
135071
3104941
3485833
6384929
4798721
7522439
5100179
8311443
6630017
3964111
7245569
7649849
9358557
1792231
3833027
548691
43451577
8553123
4130049
4455317
8422259
3955967
56780943
9439763
144887
7282533
6836643
9176447
9277959
2465093
8872829
5877853
6765587
4861583
8520573
7545481
7170663
3716301
8389151
2436263
9824371
132891441
7544803
5733233
9612447
4929369
8855719
9344989
6262343
5573681
7005733
309541
6330047
3467151
7090371
7347409
2233543
3484317
3546059
2274697
8714103
1463823
5318639
3715471
7338743
8256397
5394591
6086053
101072863
3605833
8496337
8192541
842877
5204343
3537931
9722011
1492827
8411583
354741
3532069
9326061
9572849
1109703
1737509
6763957
1562329
4682237
2216321
7027449
7194447
108782927
674333
7915837
1311343
1005961
4821843
3335759
7082529
1093947
9873513
4775021
742361
1593621
9388439
3982789
2975129
5045047
6501953
97592433
2114659
1081277
4784283
6801121
5775309
5321287
7700139
7147213
2643057
784853
8324181
6115781
7892817
8296279
9713861
2306263
1478863
3003649
1219269
2906933
1196999
3094267
2942283
1144003
9382321
3824123
6635153
3115181
724553
7697823
6974009
1256177
8225917
2018831
6268527
4689829
174280373
9369919
3859193
8821239
5075957
8522357
7692493
2368711
5834249
1630051
3917331
6638053
6089849
6803629
5968169
5111773
5832357
8440579
1876561
7236221
1431313
9310011
7445617
2915429
7155903
5253277
3033921
9911547
1879607
2249631
174539
9957107
3779717
1114587
2144931
4650203
2937167
1280387
1628819
9262099
718367
8329007
7885371
4567957
899339
8281949
3296277
2648249
6796299
3133859
1288307
4633471
2395373
192437
2902249
706921
6844037
1911421
2838529
4740553
9416739
4465001
1997551
3378391
7459991
1189239
1775623
4622761
7936101
7152331
3771863
2271233
5975989
441783
998931
6203993
1971101
4793073
72757411
124774203
3119603
305611
8088623
7518149
8539181
2260821
3602597
3570217
188123297
592191
7302881
7072563
2272831
373
7203551
8336983
7569941
8755603
8616903
4147209
1573711
1656369
2824963
1287451
8117731
4400563
62385703
9531943
8570719
165249761
2146737
7368453
7205251
1358791
9724487
2388279
1699163
9617203
8321507
8400081
45693
7959327
1764619
7094831
8719679
9255497
7094813
8929781
6066241
5991097
2546359
965423
611329
3316941
5696753
9224349
8725557
2841267
941947
5378051
2676121
3590861
8073019
18203423
6346077
3632561
4349743
58428371
1247003
2745001
5757911
7191417
4796693
1613197
8600797
4982911
9205853
147018811
8961103
3296889
9761331
2173209
5194469
1324161
1958781
7910397
848469
8275201
1599581
7491937
9944663
6009549
7002827
4684837
1269527
8021779
1639141
7519831
123815959
902529
5114071
571991
452819
9793179
7358609
9708017
797157
577929
6480483
6366483
8482043
882559
8340183
2682927
5551163
9613917
3055671
9947923
158343
5560537
7760389
3323947
6243873
6705709
1217467
109221
2567003
4751967
1628171
5109801
2323499
4591903
5731827
6855871
61917
5742091
7050919
852089
6757997
96065061
8875423
4251771
7626147
98193
326329
4263241
2592427
7485049
8685243
2335771
7209907
2900389
4839443
9077351
233853
5025669
2569589
2433973
7570537
5408357
693163
9611269
9192391
6687557
935829
2437837
436063
5386993
5735037
3047539
12423963
4790029
1289743
6986607
6869507
7632737
1940599
2817003
4925493
7038079
2405919
250019
9425739
1571507
4891251
7422869
168157471
1120227
3923017
4478913
6013233
9589901
4477919
