2939079
6388317
814739
5103089
7562703
2299141
7110397
7172743
2926983
9715087
8158101
4817801
1407817
2932183
9300223
4305737
4819783
215993
1163983
6618991
3080281
9666997
126251
6960731
89637601
8829989
835147
8638663
6888893
2785933
3894119
315829
1611841
8009203
630279
7559063
7756847
3267807
5363641
7062237
1865037
8450131
6252931
2423343
9753879
4944079
4048997
2773387
104811
5456651
9235191
3541787
199617061
113607
2774893
8901317
4287129
2529331
8135137
8788091
4650901
4527797
2305303
3594991
7787469
9877213
3202619
6545137
2552797
6316699
8697327
4961759
3488927
7199571
702353
5958229
6897953
1192741
3019037
2982379
7873047
5874601
69212039
6233997
7720309
8237031
387869
2460127
5250203
4975787
2459917
7662003
34293081
4438481
5286253
555281
7080969
8524941
4084643
4902083
534241
4956661
5093911
7089821
3614097
2560377
5931959
2111909
8817799
8120849
2593023
4978749
7245611
8424901
2213949
4287701
5836787
3512503
4268359
2892557
169560873
7933741
7859031
2510141
9063487
3609459
5001661
239431
35752499
8285917
3458479
157029919
1082529
2782417
1822077
7175217
2894163
3925709
4969901
7240077
227363
7336887
855543
3212861
4206341
7952941
8614127
1508379
4073003
5066661
9393007
3955727
2804959
49679
85409021
467829
742441
4484697
7000617
8809393
6451161
8454573
3373553
6241941
5472349
7246953
204151
754583
63219
3363469
4365849
6493147
7241919
5935033
397633
3180373
182972983
2745221
7216487
9900177
5556687
9733279
594133
1090193
3064907
1270939
5651023
520967
6910373
8590617
4484199
4379079
5632941
3948023
9083969
987993
4589043
4254517
9385681
4887591
4240517
2066933
6772341
2175207
1528379
2833343
4694101
820923
6627369
3706291
6974333
141473
9315429
24119071
5037071
175030379
7177483
1027573
404171
5547613
9703041
7475331
3473193
9460129
8090687
168070579
6500091
1949689
9400743
1294157
1674213
5905561
8813117
3738959
9195147
483279
7720893
1566569
8389223
6626741
5278051
24269
6140627
1334383
5201637
7394663
3923203
4122459
1318779
7980319
3267689
8281047
5162037
679509
4080417
5090009
7333147
7822063
153271
9281367
4137107
465467
6466993
5985207
9179021
8387329
246021
3399623
688311
6598197
5672511
8936743
6382123
7910403
9033371
7711947
9192003
1352757
7070429
858819
683951
7714603
5529933
6618049
3368019
9687087
4748763
8262421
275559
8165913
4054227
3147349
6089627
448223
5015737
8241167
8010007
8746161
9715169
7955671
2174337
9160533
9376113
5271117
5270439
9408049
6413997
7435077
3507069
1927773
5246617
1243801
4846537
9518903
6811181
5753103
2953337
912833
5120909
5537173
2893203
6068431
4599931
5808541
2146983
7221801
552397
3787337
2532471
7110413
2746763
6708001
8760473
9895829
196833
118873663
3048191
2032601
2501511
2523719
115982273
9402661
7495283
3963749
5359591
186832049
5693141
1973483
4048089
5707011
7784201
9782817
4769473
3543237
1004879
7267421
9793391
8251793
4609687
1685937
2939101
5717543
8261129
9715273
4843827
6888041
7328649
4845627
8052801
1530497
2675183
6419423
5883839
3955921
2076109
4587083
5304179
2734319
9137493
9488861
1761813
9770353
9332961
9445879
5543353
1568017
6805257
525659
6310397
3040443
4319837
9967849
8075961
850601
5637109
1114787
8693609
1901553
6545697
7794033
7881377
1785637
1139403
8177907
8173671
98375439
5045089
8294753
5360681
8869049
9442717
660597
8730807
2164791
3446979
9199233
8647503
2254111
4938069
648441
8263303
161561
4467077
4179611
7912753
3840423
5820907
7547153
8385199
160051
5033487
7459049
4412717
1100861
7730839
2955891
6577411
7462659
2232973
4063147
1300549
5817209
8938973
9110377
5971633
309573
4286073
6589281
7224159
6599081
8805207
3710259
193771829
971207
6487429
1357923
1192241
2320179
6098977
4741801
179340169
6487581
4482623
1222233
2131729
2139659
3777709
427117
1534409
3276527
5836323
8193669
4422721
5500957
755909
910731
4990711
5037267
8165839
93245689
3435033
3204219
193027
3477637
7919987
6270221
752113
7554167
8318587
4171609
5043809
8065669
3167419
2226561
9073903
5758337
9740679
3290281
2375459
4775791
1304109
2013557
8430861
412179
1530757
5030583
685443
9328949
4323551
570359
9990351
2522933
5488407
9878589
8779303
4080589
4459133
9056751
7643551
4626269
6831263
5116293
2694559
411049
9872007
4769287
3458829
1534959
2556027
9265153
5321543
7259187
6301913
8615427
7959281
9058883
8464417
9541489
9251457
7056281
8022567
7187331
1070047
8455909
7849813
4790737
6850359
2338013
3758039
2928111
4178803
2232303
4649241
9518909
7686541
4482163
1101233
6161877
9349769
39436139
8543593
8332701
5173691
59565333
855287
7641783
4079389
3048689
6605069
5444643
1326573
6899769
2415667
3889077
6868059
28603
6218911
4875603
1723763
979133
5526841
2789481
1775373
1359199
3019959
4049773
6902997
1055369
8742659
6691809
5482947
8897671
6945147
2477603
3173459
4622829
1511403
8593671
8873429
4142113
1911913
9898337
6260199
8974337
138979
6939549
9668069
5058701
2520517
2788483
8885487
7260161
751459
3264929
9816973
8075993
9632383
810357
62899
124024971
520427
2341279
4049997
2821287
9768817
8885139
8037129
8233999
2002291
5904893
4527273
122113859
1247221
2339163
5366781
6703573
1330841
4168989
2726883
751839
5116719
7664509
2512737
4583553
7266133
9817517
5183587
4880607
6937551
2770129
8017969
1736387
1531331
3943591
4140723
4167149
5108087
1974261
8056873
1687133
9889837
3989047
3584509
5064873
2255117
7789703
3966939
1805179
5360121
6585859
2206119
2164811
9183411
9044593
2938547
1528077
9425861
9503487
7576241
517721
1025131
9292511
6526583
375951
1138417
1774201
2599347
8568661
4388211
2305757
12787317
8737921
1672577
100881327
1431191
5566363
6634361
170554021
617477
1032617
4842877
1157961
2837797
5748741
5251119
8538657
4160937
9257431
5513791
2922807
9509509
1174199
8306681
348327
186642137
5594809
1645001
4184591
2878281
7343527
2160291
2782837
9211307
4261587
44302109
777671
2686623
9129553
7526883
511163
2865727
974021
3349263
1901089
6556809
5165593
4772747
6749917
7806849
4272869
9265531
3342227
6272529
4899041
771943
1820521
3680091
3544029
105275251
1722829
3723301
7926543
7699583
5629597
9174237
1273069
7311627
7239601
2960497
5744767
1548557
4005293
6660973
9935123
388163
6678919
4792217
8529491
6918873
4178513
7421591
3967887
1495049
8988833
9443299
3529087
9124343
9893511
538509
4276273
7450741
929707
7948853
6983169
570409
4077827
3092801
2664031
1140147
3729331
118731
8008737
6666149
8354099
5700613
4022511
1786953
689143
5124121
5966503
9441469
3710013
143039929
595329
110939053
3737823
5078119
41573
4950763
3243497
1565607
8328399
402979
3208687
