2114439
307657
7553261
66156199
1985611
7281539
8480453
5512441
180823897
9426183
9459639
9659013
9801697
3870721
52094481
7826149
8902051
3590029
3876231
3230513
77293
4421017
68507443
8988581
2199401
7128197
2651
9313933
1081213
6741419
740009
2249467
4495219
5097367
1511001
8370887
6161443
8370487
514767
1953059
9170753
6638873
3148121
624299
1818489
1656727
2598729
9554207
7721707
3182409
65229
5519459
392423
6320041
3996101
2518459
8370027
2916169
128608553
5149833
3920719
3983659
4749003
2697289
8303663
326851
6008637
5699113
3145347
532889
6361837
2908473
3759509
3241603
5631251
1355517
3529303
8059777
7445539
1197831
2478019
5959987
7568333
8604199
105607291
8469351
7472349
6128231
5565487
7932251
599789
2238869
1127617
5092473
4311057
8457471
5099569
343631
6300213
5590347
1949183
5149159
8304107
5644769
9502067
5913151
745211
9608897
4846271
4145521
562549
2710189
4085753
1840493
1877637
984091
7446309
7954409
3720987
118065481
5325493
967513
4763827
4026887
3503021
8324283
1646269
3128643
9251797
2940371
9442021
3997227
385787
7925081
3719071
354317
6307601
3278681
1959053
8579659
5217001
8409009
96400357
4179341
7700613
9518037
195628261
135526807
3914441
2887327
5875181
1286293
1346249
5400253
8423247
754033
4461169
9523461
4971889
1927833
8967563
474127
5222029
5678513
7046589
5046279
5668051
9030053
2224711
3752311
8148547
3057307
7953431
6179937
8821159
5136173
6105401
433801
1864797
191088459
8704181
818563
358353
7563947
9406813
8706501
5890327
6908933
6862463
192934553
8174257
6398203
1785633
2762521
8161769
8884703
973253
7184789
2780889
8326323
6895379
5975597
1017469
4810181
1217033
5489881
4000233
7665811
2023653
201289
3224833
1372383
171413
3148517
1755443
74846813
6563893
5069527
3430849
899041
9609987
6460783
1619463
7220661
4006019
6740001
8142559
8256107
6792791
7010737
6821071
6491341
2018343
9838979
7444791
58980541
3816839
29963937
7619577
2227087
7950443
1266837
4897911
2494401
3953881
6818081
2387439
8464477
8280339
1779159
6454091
67431
7097161
6988507
5287809
2958321
229347
5837811
7438647
16731817
9174081
8434093
150860259
1456501
5328923
1452667
8277813
9915133
6646827
847709
2925207
8778187
1226447
1039307
2461631
8614553
9952163
3600393
1406227
1161537
6702433
4678171
8665499
820553
1823711
7198729
6160837
890949
8491371
606107
4429917
6580391
8941253
6635729
2904813
9326899
2312249
8059029
7418897
9948653
254197
3398489
1700819
8553419
5465459
3645863
5264201
6859949
6368167
359989
2066589
6043877
105701
3916587
263037
1469271
2653003
6663733
9466197
3813881
9905141
2458321
161773319
2011369
8263039
7511787
7100171
6114073
135947
6862359
9717109
3093561
4562253
7784749
6907117
2430407
8271319
7385893
6747097
6747453
3119341
7273101
1187361
1339477
4872781
3294759
8428777
5584379
66756037
7934451
7539721
567859
3606057
8271383
2067029
8720989
9454269
7232533
2293007
4571579
4874673
928209
1463747
7711141
1576793
2750389
615351
8359469
9003
775591
7233049
8536787
8187393
7569741
1507661
7198253
5158487
913557
1236229
2808789
1131369
7530443
3739513
1029101
7230691
4974513
1021387
7501777
2936947
1401409
7662591
8666537
2911923
5930639
170103
1064289
6152339
3638081
2085211
7274159
4277097
2060657
6292599
6190529
8273237
9129117
9438881
8603857
9132769
1628789
2187107
6228189
7009097
8714809
6942159
9737467
9306971
5443163
5497711
1106653
568321
3515997
8669601
95846709
3848107
974477
896123
369679
5900799
7838063
4295157
1119973
9676121
2928501
8161779
9887023
5192087
4211537
5068287
7092009
2413289
153528383
3312591
9614211
6676971
797651
3479799
615283
7893547
1039377
6529207
7003433
9392007
2151283
5922051
9842159
8061809
831113
9658301
1674561
7368477
8386703
5247401
2868539
8413457
6153447
8392849
8441813
5814563
939517
6784631
5165919
1816523
3826427
6815657
594299
4888297
4577483
1650389
6052759
6429207
9618871
892673
143243
4096959
1623133
5328853
1804629
2880223
1318483
1003383
362129
605869
7642311
4413943
5625567
5080619
2196231
6791441
6515283
2530883
5771239
8989991
3028109
5530757
1354539
101286391
6410983
4451129
4661837
4930461
8055787
9983369
3576473
3676409
4461637
2002001
8645693
3489479
1027261
931447
99818837
2132761
8373253
605577
127611581
5212627
419483
3942183
3240441
2624693
9956433
1304839
7441297
8789141
5798079
4479327
6494627
8556513
7865083
8657043
4034089
1262287
1336213
2391237
6990731
5008583
1721007
7821933
9353999
3051747
3252801
7902629
8920979
4370279
2516287
7371447
1695523
6144533
7442709
2244363
5105577
330659
5227139
205973
3091959
565537
5849257
785157
71575777
5975157
2431453
1085839
4827967
4766211
1809461
6218893
1202327
538067
5372693
4262551
2620239
7344693
3812333
483819
2890741
4375601
1507513
3021421
6966873
7649267
9255497
4006659
8965873
7738069
7400999
7893781
7675521
2923057
7360339
2368431
6340861
6852671
5518007
9233521
1884731
6186739
2835031
8586983
9549423
7270993
2557503
8849739
4266457
20859
8178369
9961141
6293661
7511411
5873409
125115231
4764647
9606783
2186491
7169361
5336323
117423869
4675917
5312481
6643473
2335603
1756591
4318347
1156229
4836519
5752813
4505021
7070761
2535007
2941561
5927399
5664789
3659471
5150853
6637159
1116103
3294409
5005891
9488357
2377129
2446313
1267327
6991937
173139637
435087
2929727
37498287
4598423
1390019
5666917
5485929
2009357
7773091
6707123
8133297
5115539
9325639
46654021
3559617
2594239
8452229
4801703
7298291
3330997
8882519
6706237
2813389
8921403
3935403
9513081
4446947
9400829
7628493
312301
7482267
7923393
1519373
8797553
3340433
2010383
1952461
8961439
5972029
5377533
9562899
93014921
527821
6719379
7982981
9652521
5415543
7889881
9763309
4305567
4242361
4641523
7908327
803617
3336783
2334583
159853093
3463919
7466427
8785383
5036923
4758719
4268393
5606119
1292429
9535551
8853933
2784367
9369033
1974901
4913731
6415017
719791
6391829
8879671
5823387
113877
468609
5042043
4920167
4565079
1982081
1627231
4321261
757943
8627641
9578669
5856497
240433
9634207
1433867
2754773
3651973
5792659
7360163
870767
250609
3273409
9197439
4958001
791407
31349
3557887
303499
6471427
5446511
8603031
5407277
4786529
5082191
6684459
7434097
2710751
2702417
4152543
9770167
1444929
4374989
4057751
7776499
