2062729
9951007
1122307
821317
6233169
2972271
9346323
2735477
2969159
2711837
3636131
3255237
72714919
170861
9323073
2666591
64704527
8031589
2405509
4705521
2641351
8828811
6994473
8998967
9477573
2194673
132700817
1976343
7565099
1888721
4978157
4626713
6524439
3882869
8227969
8189963
6669153
4280299
8458963
5192673
3234091
1197741
2173863
71268841
6022791
5795339
5997919
157682223
4440703
2227803
825941
7187741
7227169
8038001
8895943
2307177
2944319
6218379
3249071
883201
4496861
9646569
5824383
3160453
3089711
321469
7991633
7522017
4562499
9115703
6869723
833211
1119623
3766499
9770441
9934129
4867407
30177
9387709
1069637
1455857
1565559
3080103
6951707
5010373
618867
103507
1005209
271577
7360073
7467829
76933577
54322777
8988741
7335933
4601579
644529
5692039
5574419
3865673
199547243
4717823
429701
3099561
5640827
2934693
8601063
876797
1837207
1000273
7155351
5243553
4598031
7548507
3704803
5704783
5324177
5121719
6663283
414053
2886057
6435231
125851851
6525979
7683709
9059323
3598073
2417911
5276559
2226227
9275459
6359593
2667369
2098899
7278693
5406019
7757701
7807039
4128941
6118563
9923939
9788213
8883281
1155569
5460787
942217
1911973
7325827
9604257
9295011
3350077
9559559
5582327
7240689
6062713
7565253
3004419
4417903
3969809
2065793
7891441
7503617
8780929
66195997
8587567
2103779
2218167
9676197
1599969
1691341
9257
24387559
103507319
4977661
9826879
2789459
7887337
3323663
7924929
6491357
6062237
5697749
6097461
4376597
7176149
190332009
6923291
6048623
4847853
7840613
203621
1359937
7338677
5098751
9444263
5249241
5353869
2028533
131299
601833
7403367
7329193
8559169
4083743
6112661
8625209
1987747
3725279
3426597
6958979
3550481
3897591
6145503
5737489
8715051
2912583
1652127
9283109
1775363
5669989
8291531
115931
5000781
7183529
5732049
4087687
8186879
3559981
4194713
3124303
8593303
1325121
3560463
7175051
7137047
3775111
5196133
3820989
4317171
1095631
5404273
4070827
4843883
9994107
8599529
4045151
1239603
8269481
4620483
1229441
350157
7725583
1738189
7961127
7148051
6118603
308649
2329387
3133139
9470947
6213741
2004273
105511871
2855103
38198503
8781049
5093823
4183521
4233073
9893459
5414141
117565747
61667409
1386551
2625341
184237
2883289
722801
4770779
1227311
1092051
115481269
24473
6565923
8883957
4019917
6751521
3412327
8516261
9129461
172673173
6241557
4365231
2610333
4521141
924841
1001831
9681107
1644987
4793257
3534327
4300087
6775483
7096291
7722569
339649
5885203
5107687
3195377
332497
8942297
7814959
6066543
3653331
3923857
272089
9978101
8675949
214403
125359
1779909
2949813
4332087
897013
33295557
5531097
942001
438409
6365311
3150859
3614949
5904533
1234389
5854187
4800209
8276877
9480861
4484321
5738303
4723633
6984993
60053179
8263251
7048199
930907
6306391
5914209
5997527
3830387
8876539
7834347
8695223
3446487
7326699
9606963
8796977
8037549
2583827
2227869
7847557
366087
3005991
5992763
5049519
388091
650859
7969207
1581477
9136947
8706349
8787773
663913
8451009
3036493
2515823
3659101
6814391
134138877
4297957
7188659
7707263
69872497
4825139
816929
4455871
5171697
8300449
4581987
5295743
66986759
567909
851769
8449829
2536287
7618669
9528127
111592173
7404329
517189
8650609
6207061
3250427
7623873
1869393
3445057
3001183
8585557
2328307
7196533
9730437
6604037
9686861
4505191
862961
3518377
7236149
5065149
3851171
5691787
9239021
5555471
2786387
631731
7050689
5084073
7161663
2547151
251257
8682537
4583933
3524971
101823
2705691
1546631
116010737
6616441
9466421
9507157
5294149
7776943
4493549
609861
9852733
2501983
205129
2334483
8066679
4236291
5180161
7744987
8921779
7773361
692473
210063
2283049
1532907
1305357
2794593
6198781
6945821
2803371
1641181
2461323
9926891
294791
7346571
5944831
5793693
2040549
359821
3775813
3841651
6556831
9331079
2869387
127859
9159973
886841
2391663
2314899
2401303
1969609
2619321
6938851
408961
8604473
7890367
3388319
2553649
4950861
6322923
9408689
1005569
5147567
1238927
1153867
9257151
5540511
8215879
1791057
702931
3548351
879843
6848217
6705623
2829153
3692991
8009411
381653
6248771
223717
7083999
2172483
1826113
8989061
3769563
9297563
3332771
2755481
5459819
164859
6886229
7561871
438101
4780801
1956507
591747
4006997
4694751
7966809
5648921
1489887
4530771
8317003
9345433
2300821
2720309
230363
4022147
2699567
3804353
9677987
1297433
1274193
7046837
1182599
9016131
2552029
6876109
1464799
2901511
3847009
3964477
9775583
6873989
3104853
3823841
8011
7126943
3930353
4218149
5741077
155719
7676567
5020511
5746671
7267373
5229981
2008243
5513077
7636963
121981
9238659
2849873
5668803
1038767
1079403
2767903
1677261
909291
8160263
6948099
9607243
8492051
9655451
2392397
1207487
9042541
3692571
7380231
6858941
1739411
1461667
7155899
4819137
3880131
8355447
9577201
1188931
2811247
9909933
8010807
1957883
1899431
3816203
3330739
1417193
8160949
7734811
4775857
8232253
486629
3643721
74324471
9486989
7783477
1418437
6980169
3879647
4277177
8919749
4523401
5978279
2745953
9866351
749521
3988551
1204799
788331
493279
4061147
6994791
4212581
6059637
5600563
2905107
6630643
4521581
5214919
9985791
4917253
6642019
4324481
820477
6754821
7138257
9149059
1239951
1150603
8397381
794193
6236421
5940379
4300833
3990161
3821451
7873337
6268377
1027853
7277617
5089191
439319
6596161
3987227
6165843
6999257
59256761
7874727
3669023
4205523
7659393
7375521
3626489
4486447
2455849
5499249
1056319
7392783
3256843
2779739
646947
4274201
4101823
4615883
2905279
7367527
6943117
2790481
1036883
9909211
6854821
9155399
9580757
4599651
9780753
5543687
1301249
4206547
1917899
3434789
5358021
6352353
7274197
1970219
2391979
8576543
9904969
6371421
7372499
832033
7668453
8771053
5812411
3020983
4029969
734199
3951383
5891107
5290191
8460617
5839387
7261539
2743491
8240823
506093
8564169
546699
6359401
4829343
1811849
5379141
6235423
7457737
2030467
7118123
4799277
9692263
8496399
7636801
9823271
366981
8796527
6436609
2185841
427443
7721183
3972679
8888141
3587641
5716649
1745683
6460283
1313617
7983167
4635223
3820471
3072317
5458513
4601183
126271
5048277
7584447
6112161
5027431
6341269
2699621
8172301
9253853
2511821
7487019
7674403
67871
1817211
8017471
116896779
9573369
4701019
5676709
9522847
1735537
1422497
