4661103
2878923
3263119
7307357
4861393
4275629
79389077
9664199
6417107
9565313
7239371
1855167
2578967
5079059
4023879
8406427
9116283
2905077
5171617
1031367
9389223
9590411
24008747
2688589
6238841
420043
6623233
75749063
4039213
7246337
115703
5948259
1803803
6341637
3907617
9554533
6018183
1063513
283793
197881137
3271733
9954877
924623
2073129
3411163
286093
541871
9574433
1954299
4115309
7354319
3651177
37086649
5778481
8804757
4918711
71761
6860839
3663657
8227743
5724309
6064571
1189367
9979939
6141429
2341679
4909127
4542571
872109
183667837
156260081
5424263
38369221
6094157
8611873
1222969
4061749
547093
3018893
2418347
1728437
5891309
1559641
823937
2701779
572689
7698299
6270051
3167923
5236333
8964827
3189751
2039997
611881
8136833
9396987
5478417
9646279
179133559
371001
4843481
161102111
4305201
4354959
6358147
4966609
7390749
8896351
4759039
5965829
29696913
130989
1201607
7257169
5296969
6694911
5322403
9768653
1983983
5870851
4959331
9693461
2254961
190597591
882307
1830419
7935367
7274573
1342909
326591
8406141
1499921
4580021
8548201
3072227
92801303
7657623
6337061
191253797
7928303
6424273
1612943
6519843
3169733
2964301
2182651
7163093
6974777
6473167
4126879
7741471
6467967
8358977
4365531
491433
6007917
1549551
2869683
7231891
7533167
142770907
2631473
5650203
3004689
4443167
9961763
2981397
6882789
9436007
3473619
1087311
1458751
1036557
1870877
8122039
6239407
42803709
3220653
5341373
7259851
28945933
939701
1812093
760661
3105499
3056049
4904797
6760863
154654167
1288221
2349931
2837217
8808947
4356463
4986859
8263567
466907
5734609
8649751
3385277
7398403
157399211
1536481
939351
161572603
7640899
388911
3610997
8701341
8354157
2600323
3658351
6770641
2323787
609001
4934649
7637237
2274873
1370669
6044103
8349011
119699
7491703
1301607
8794321
5645513
8816559
3699251
3495749
2796713
9641617
955327
6736971
844539
2636003
2879909
1667369
1334303
7214671
6407759
6699521
2366159
2594387
6463747
2398609
7550521
5261693
991427
7614693
7081949
5533981
1861953
8262899
4324477
4556839
2372013
9198047
9404289
3896919
1049327
2084731
3517911
1594751
3310531
1155413
9831851
6672373
2415977
9764643
3446459
7804993
6803101
4781471
1117343
1652421
2744689
7000001
3210789
3871163
3335031
6983671
8695621
5672029
2650569
5735933
8459393
5134101
9123701
8993567
5672539
6045427
9390161
113694631
5896401
2812629
6580869
3633853
21199897
3450169
5999853
3024003
709171
8166219
1968101
8844727
3508163
3389947
2009473
8222573
99904679
7407659
6752373
2742841
1509673
3767129
3127597
5996729
338173
7022873
4994273
3948631
8792171
6378633
1281709
883429
6429629
1230453
3230503
8541103
7483323
5765153
2589207
5472953
7949541
584921
2473213
6208091
4943749
5856893
9169503
4466933
6373261
9611437
2975561
6317631
8476763
1998339
3825507
9943931
2199033
8954429
7965461
165927
8288399
9790551
9433787
3971479
1937833
2605849
63875221
881223
5733791
6374731
3636769
322337
170453
4766987
3768423
5269093
5516453
596133
2268291
4081143
6644333
9813963
6871729
6667529
4277307
2675967
9904539
3786331
9436843
2826813
5072589
8019909
6289303
2437903
2714457
1853951
7237803
2993319
1785939
1440217
5712477
9955933
6500787
137548977
2870653
9732949
7701397
4144119
4436611
8232427
2469867
2178713
6732447
174880933
5177729
6076687
3996509
1207297
9354741
1806667
6532781
9440383
4984161
9116771
9319153
8222337
6821623
6997153
642499
2567657
3360519
7236903
2086661
7497221
7103459
8137479
721729
4905377
111172357
3086083
9739727
826387
4946217
9355143
1743907
5169461
4667039
3834023
2532407
1183961
2252653
8055467
7393643
3870827
4552707
2913563
6105063
25032201
6362947
167844761
7372371
8959223
1312959
1099363
5296663
592889
1242431
8555657
72561
1525533
1038371
2979281
2369357
7976923
9405949
7465819
626987
7812679
134163059
3952457
6758273
8676449
4448859
28007
4586973
7755397
4436573
2122279
8604809
822871
4081807
4858071
4174939
4161463
7902877
4225043
8041519
3865217
6918397
2179809
8686441
7198621
4098791
5546021
94329899
9402219
3844443
2897103
5968849
161740343
12743033
6501923
4681017
1985707
285007
8777993
898191
419937
8173727
7689829
5574199
7421747
105546469
9227313
7666157
9190897
7048077
4449617
9565491
9726867
202627
5811601
6532481
6810111
7526863
5955209
8738141
6084331
8740187
6984291
1315197
7912131
5806981
4080873
4001213
9792277
5396377
2766379
6322969
1206579
5480117
3400413
8738559
7344061
7793333
9145771
2808307
7027501
2468383
421663
6402311
8394123
547667
7633719
5734891
198813533
1263721
385833
8614667
8014199
8969177
2003273
7511253
6027519
7801891
4419981
4005681
9187529
6602889
6324769
9821309
8153837
3841623
6677947
7239841
6381731
9626669
2855007
5047913
6788863
8690209
8509409
5334437
2378681
5277641
1845063
9100297
8683149
5993751
2296243
7491201
608133
1264889
7793509
1363961
1407921
1464971
1712031
6905579
5778357
1458849
664329
92156709
2904381
6492403
4142709
2845739
9440711
4160469
8084123
441541
49876127
4507901
7889387
9262867
8905599
6012643
5549023
2783799
7812639
2225901
5162607
5720647
1771933
2430553
502653
1518203
4714819
114605151
7040753
1291031
3504851
9734527
1572843
95837
7322947
3650487
7817111
9580361
8134107
8398057
1416673
3920629
9452901
4443397
5893151
3006973
4819179
5596659
9533063
3800513
154249319
9688311
3072083
7389773
5718033
8056467
2590561
6969461
4645633
4309937
8591867
5751857
1674833
9307553
1037571
7780929
7118379
7253859
4904191
5540941
150221013
2170109
1881529
9307939
3950267
9122363
2984331
4265967
2644637
5349627
7397899
6394789
7792917
7065077
6229457
5501457
165355031
135119
1889043
133491939
637957
7029003
1511089
112337
3631699
8929783
4371779
3691363
137591
9120467
4772523
143783701
4325079
5952447
3726061
60101
5391367
4008837
676331
7537281
8878739
5402433
5797977
1659141
9951331
290727
8305971
8553633
7550519
159187439
9932653
6356359
2765137
5213947
2029793
5673161
8230389
2868951
5491819
1357963
9773333
7222189
3323733
4381731
7116509
6387269
23082577
140171
9674609
8413041
145297
5665043
1255519
3429691
6779423
1970533
4607817
2971129
3700163
3180099
1722087
2608567
4374171
9739107
5805467
2149147
8238607
7466483
3452163
9176711
138856267
185683991
3511913
6946633
9293787
7496149
5842023
5848657
7412737
8818053
6730029
1539373
3941657
4749789
7303261
6185841
9391067
16943
1230073
2566437
4608573
9714117
6924183
7314771
7811553
8267503
7256589
603211
9743101
6564131
9825333
4305431
1157201
6430937
3021709
897571
4192663
842857
5836871
9305123
1574419
8186877
5030529
70875971
9074379
5047301
737913
7282077
627027
6204979
5559021
27639
1996479
6063641
696413
2134229
20481807
675327
4195739
2836419
7410817
3882243
102121
1367261
3515481
9952937
5788187
1742647
5004319
870767
3200083
6410729
2334229
2222569
