7869607
6456259
6056859
2926637
2647057
8267441
7784763
620601
8009503
3063783
8331253
7956947
5349643
3627921
8282011
4293243
1633559
7651803
7993039
196267909
5500283
8994039
1403329
9703761
6174041
9533731
422451
5772311
7790647
9266633
3333629
7997507
1072839
2117653
1221977
9586527
5620899
9391317
4045497
5430721
8597707
167631
2300459
50970399
6856251
2507099
1616011
8176809
5651301
1699769
5221899
9910003
8636713
9352651
2155247
3780449
1478191
5774809
7607871
692499
4080727
8195141
9290063
2756949
9519571
4925017
2119863
5029323
2620761
4528941
5430521
7355739
7426681
8545981
9100771
4397831
1256523
2199693
2535031
6216059
7424899
3629707
1821713
2054963
7635141
610779
787553
7016057
6856569
1442103
9882381
1301147
6918167
8948681
8242499
3149883
5866403
7103157
5454321
6377603
54873059
9408361
2665357
6332703
8369871
117978931
1508109
8719979
3831167
5518781
5892037
9498721
6601927
3690297
7729761
5994401
288427
1213551
5485823
9861399
2800883
5421011
7600993
5421903
35909
3894737
35376333
5017409
795507
2205017
3292151
2903853
8712761
9464119
2838113
6080037
9741067
4579413
3513391
1301143
834959
7078183
9602213
2680541
2912189
5340591
7200483
7260677
6586247
4165251
7574809
3054669
7716379
7830467
4569527
5844001
4338969
5941411
8932241
8727887
4447613
3674487
7738967
55055903
6674637
491859
1387453
8150417
9655963
1854013
5941799
5394511
250169
9994301
1707501
5006509
8239799
164766933
7855293
4740599
6659199
6129717
19499947
2990479
6684343
7175627
1438933
4100501
8386023
8203653
2177399
4960169
8510041
8788757
7137687
9171161
1933707
6786013
2653017
7179801
7656611
9642227
1345747
2101999
8487007
793671
4147101
3899797
2406367
15324229
1495739
7720637
6398359
1089907
4334467
7073581
82919
9636341
9565219
3025423
8996967
7851419
2808637
9003029
3173929
8832779
2400597
823847
3824079
603323
85819
2099607
1672261
1252343
8012653
1970723
3591473
3163859
684113
4883359
6263941
6699737
5027151
2965061
9333731
4840503
8168797
329171
3316153
4326501
7359523
2237863
1859649
7329349
5904587
7916551
2962507
9878923
9809757
1578889
5352053
835613
8516179
1865187
3833947
464377
9632433
8014449
3112167
2051301
7560633
4953001
8346009
4321519
9026473
7661943
5738331
8936163
8851397
8304639
6607377
9221111
2847257
7527421
6154979
9807921
4552263
8897343
4808863
8148447
89275203
1131237
7592539
139888811
2671497
91145433
5285213
6227477
5244211
1225687
5380871
6452651
3304017
1156237
101811067
4296181
3518741
5666439
143042997
3160489
7000813
2764829
8814621
6017731
5081593
9937267
8028977
7035487
1681659
1809767
2921083
1508563
8269017
7569303
4638657
3626133
2070133
2994521
1102763
4030747
1246333
2105757
6442033
1900819
4366789
7160981
1441479
8303359
38101
4345273
5411513
6519939
165376571
8738607
2695073
9078539
9738937
4240697
8541617
9336613
1528151
5921973
3021073
2591273
5104129
1130877
4707049
7324283
1323613
735753
2549617
9609099
7290561
8840329
7489071
8034823
7997191
7817959
1781627
4190069
21583583
7999513
7859951
8055233
1022999
9000623
3148729
4274649
8483061
7886387
9592271
5846437
6136949
4978233
1763409
3846253
7388993
7338219
2748563
3920943
3366607
3971031
2729423
2949549
1275791
8647829
6141063
1449883
4316669
6608111
1622887
2190491
406523
9156869
8364803
2525663
3453361
2709693
9202161
5011489
3159129
642623
5305077
8463191
3070657
3065799
2157951
3168283
3672463
9265013
127498187
2556279
5702051
4566431
1776003
6046057
5966623
6161019
68261769
5359427
7834419
9982399
3678867
2834073
139352409
534259
6579971
3181153
49581039
3479873
6684509
2108811
120297371
1348131
2232869
4141189
1612547
8544813
8173721
4995517
732411
5595929
2448971
6228917
618353
5240761
348223
3112207
4792761
3500517
8535751
8915761
6120453
6989983
5043347
8814443
6076317
1387207
6310723
2109933
6166181
714397
2941771
6536051
5577943
4148719
526489
9058813
4060161
42975761
5159987
1105167
4480203
1630327
5598781
7930693
3815887
4448627
793287
3134553
5434393
9834707
3145499
9983621
2804129
8698853
6503469
7587429
9103671
2062171
9650489
3977151
2542847
4465019
9313553
817317
8671469
9721973
2523111
2142393
2115371
3791429
4871687
82072763
9045553
1496583
7030257
6044231
9476261
369797
8620697
6673023
2939093
2605957
2500229
2724049
7353173
217053
7038139
6620357
3800689
1380191
3471083
7009137
3334287
6431553
7153063
9095769
5746971
6040197
9804433
4036851
7250279
7607397
163522851
7377021
5888113
931271
4850001
5871731
8234807
3646807
6289187
9168461
5515449
6858417
7484733
9417093
3039363
3680163
5672599
4475091
1182409
5026267
8004321
3929881
6339443
5975009
6659341
577371
1560229
1568039
2900699
5891049
863607
2903853
1109531
2921787
4046573
7259199
7468367
7164539
7710283
4649587
935711
40404089
7421323
7561023
9984091
9342593
6086513
5396067
1283427
9355863
1869191
5850853
8731317
2607913
4836729
5389093
606579
8181771
2731709
6045119
6197783
9184819
5822821
132947
7437981
4521989
8828301
6841143
3923879
161292379
88751
8191953
7628067
3930947
1290699
4670237
8067877
1787537
7776361
1502239
139821261
7535107
994917
5336411
7644889
4276453
3315473
1428729
9657237
4816201
39193
3226193
9907343
5869729
8396909
961591
8349117
9715923
7755231
6464009
5479817
1347707
3423617
6949321
7186559
278959
4801347
1534447
9722093
6983477
5453677
36431681
9654573
2836937
1872499
7502459
196288503
7285991
2650673
8434051
4345299
9174669
5599231
9886967
1845617
4257661
6696827
8558601
7827587
3183017
4972087
9993969
8009249
6959297
4682837
717261
3285429
797607
5322091
2826023
5156907
6730117
3007167
4874539
6191741
662443
1274409
6923821
4198121
6407423
3414591
4327933
9899503
8071541
8730233
3922501
6403947
3797707
475713
8233597
519847
8681139
5086921
4941641
1824377
7880003
3436523
9578671
5099581
91148989
8299159
6853231
28033469
9159927
6910413
6308091
2802979
9963023
9252413
2930619
4131643
5971253
7594033
419841
3830097
7991949
255369
2898651
98539607
2188637
5852747
9501121
4638503
2798913
9862217
2674083
3830137
6655279
9137493
2029581
8013881
4661173
7750129
7638589
24030983
4377441
9730361
1874109
8834889
2884043
4009787
6506833
4610721
6607609
7019191
4623381
8332637
4563879
9350479
764837
5306599
2843647
5208341
5521563
8673357
110713461
6621401
9180789
7178681
2336583
7130599
6655369
4344319
9098927
4130621
8523347
3130767
2024363
938351
9618333
5733377
7510197
2804333
2980559
9800987
3776527
6989023
6108923
4575541
