1479683
2771727
9979043
5739603
114735541
5134673
9490309
3007919
4780131
5979057
1219841
4302007
2478369
3766149
4812067
3153307
8772461
8136179
1845267
2676621
9581893
7758791
3352219
3985877
1137513
8891001
800449
3117759
9270309
5489147
2311447
545051
3950887
6621093
8995859
4974487
8072961
2912139
441711
4456781
6217793
4071591
2135807
5787807
3418407
9314321
5631361
4473623
1540153
3579307
1875641
28206759
7864209
5202101
8381811
2222983
8613739
2301997
8870269
6778257
4118693
5554471
1877693
190359
2454823
8033037
1679249
2279491
6804467
8799547
3158929
6977999
3203033
6578079
5099713
5375959
2566097
3542863
3395427
1979653
5954701
2001451
8808221
7912411
4335411
1208027
2302809
4345083
5928761
9313863
7514707
9738369
9797859
8715681
976521
5816459
3599989
9604629
9489953
6639763
2426527
6060817
330889
7051059
7920891
191491993
8380539
7505921
9735727
5327807
7249373
2748893
9959883
1523419
4423359
5221043
2028031
142126993
5844163
3808651
8819569
5543441
2170717
4222557
8681277
3153557
2785107
3497331
8008203
6851223
6406413
7255271
3451799
2904761
3989361
8812853
4420469
6984323
7780897
5632109
5039827
3161899
7018661
85293801
8893931
1851871
7460479
1189101
436561
7089701
9767549
4513071
4231391
2564327
4092953
7991449
333469
4122681
20892591
8533017
7922461
101660399
3405101
8719611
5909837
2685003
7153649
3426677
6632531
5037171
4969633
26653801
1080239
7297291
136745729
14933
7628977
8830389
5682483
7192773
8512401
3286319
5982541
8970577
7434241
4773661
81249061
7959633
6762467
1530257
6564591
9186401
5268983
8650183
8498091
3405833
6478107
6997749
7108071
1995911
4768787
3723291
3058603
7345353
8525773
9256343
5704123
6229497
139096711
8641419
7578001
2467563
7963687
6055413
4157359
9252161
7073879
2239677
7480233
1888209
2472429
6737539
5278499
6342883
5661053
2127689
7232591
3405221
9351307
3192659
3652363
8377509
2779591
9682877
3528839
155525623
5928647
4800749
1930639
2268379
1495731
2733657
4203137
5346079
2149121
114624791
189651463
5479777
1909791
9956831
7537763
782357
146077
9556223
2721949
1181533
4479449
75965897
5220453
465197
5384081
5846173
288693
7778211
376221
6090809
7827973
7774077
4255613
1014593
7396637
1811587
5510137
4904439
2194053
4406901
2713579
4791029
614809
4827911
5836409
8052957
169175557
845221
2914161
7275331
7541391
5631697
6934073
2254821
1213717
2914301
7587687
8228261
234059
6194197
4348761
5882513
5498631
8496161
8624703
825637
3193617
5761957
885193
2672209
1155847
5692071
9522433
831849
9530463
5953219
5099913
5432419
6723109
5145651
1460611
9120511
283649
8524673
136598017
8482067
9841081
1583153
7052539
7716277
9752123
6075973
2216997
3647831
2365657
7872881
3997913
5355609
6137351
8354321
2669269
8894057
6982451
107979327
9734103
1937241
5820481
3505917
7798087
6227047
7833399
9589901
545259
9582061
3742391
1560821
967467
95943287
4143731
390967
6084587
8490971
9820057
2621681
8722207
8741051
3875233
3626527
2975593
6581251
647853
1203257
4437383
3037453
1078201
358389
5250189
9120949
5397513
2534551
4898179
6073407
4622923
428957
9592799
153068639
7026443
5965061
580047
2648571
3230239
6054391
158761
7873493
5113141
4123571
8487603
4892967
7244899
5970757
2040801
9171337
5085229
3504789
7801537
5335959
1537291
5460723
4195677
7383081
5862223
15829
9370591
6371657
4274327
8893561
3719089
248429
6951477
2640181
3202641
5615813
3859409
3657171
2492947
7313671
2074393
7922679
3555671
1936979
1971859
2969437
3532459
7905389
1997257
987647
7331981
8262811
554159
5892619
9758393
753267
7444637
9470207
2172679
516711
9302539
2204503
7086611
7340883
8665869
7596223
7562569
4797123
6088919
8424869
7591253
1604363
1028617
9955683
6872143
5312437
6564249
8949803
2942537
274777
9358043
6800671
3785357
7850097
7501661
9528789
9618739
7166149
3355027
4739923
9155071
102381743
5881143
8728777
636581
6262137
3504557
9593429
8207909
34349
3232947
5192367
846333
6375781
9547379
2536523
1330699
5016579
8586481
9140807
1755411
6807643
5372521
9059253
6617859
2344251
5832497
8113177
4828461
2279057
530121
829343
611927
3597229
141857
5711419
36787897
5149959
2779849
7898007
1841037
4794811
99313703
3703421
1708417
3398847
922439
7526029
2140843
7668879
3714721
6974961
5830061
3936949
2832279
251011
6465561
536897
4673633
3969743
2637447
9156121
1631477
2994029
757381
6784601
2881979
8709243
9261079
6784577
9554967
3664269
8452883
8671763
7664913
1769073
7698919
4339377
7000879
2661913
76616343
7927223
9445607
6789151
6100931
4016457
4290303
7388099
83101249
5354587
9091369
241363
7324769
137735077
4510667
7307727
5536363
1563497
6439983
7760407
1021051
4867101
9837853
4731503
7989471
207869
9316533
3654231
4048241
6114303
9122241
4937793
6317779
4436227
6933461
5926793
2059593
6717909
3721941
4422687
5088957
7582039
2042537
6901929
9539621
68448077
6983451
3406737
2322223
759529
5941137
4169207
9636199
5486437
844057
911997
1736393
2241891
1657569
110480249
9528161
61122289
40145333
7404137
140163201
6869877
7050813
5349919
1172911
4410107
2879169
8861973
547987
3769669
3033629
2074827
336501
2724331
341697
6488641
1328571
8147781
9054377
421837
4332439
6786569
5462297
7382981
6545329
9677159
8280913
9863927
2352577
1957529
7105499
2772623
2132677
9386743
5582293
9616787
3470209
6600549
2668733
4721551
4016231
6231333
3345223
9556567
4834317
3880811
3249801
5493443
6808953
8671311
5735849
6519539
7206787
326271
8448541
2475271
3523667
7778761
4507281
9314831
5212729
6546201
187921159
28437
3923931
9252681
4017173
6348681
6644081
5299117
8418667
8295893
7844379
4104823
7175079
4906733
5781079
27223601
2370797
9739601
177053
864001
3290113
5313409
5179147
5706451
6051781
4372027
7232263
4888453
673701
3956219
2707379
6061833
6713797
7533211
388919
1752169
3223687
2272153
6813751
139489
6898467
217889
4944641
2951821
7589121
4308637
683347
6512413
1430143
3735349
8490101
7886247
117646187
505319
4376063
9570953
5648433
7973237
2385777
8615221
1544127
1958221
4635347
1188323
1703237
8096249
8220641
8335587
176073
7584339
8987253
7390031
665153
9572151
74403583
3279323
4954027
1454113
2610611
5703319
2330497
3396233
4863139
4856969
541467
2577847
1625459
4653143
3377233
9081513
4175157
2225917
3507789
100221
9096841
1391961
1596199
1851291
7385021
5541973
9069379
1734759
1421603
9732709
187166021
2412843
7563839
2767273
5500781
8570691
1252577
180861161
8558363
5027569
6931981
