2385071
1381911
5486293
784417
7634291
157624703
3889037
4980503
7324371
6700277
374413
2493977
4650843
5009437
8405373
6657553
5780811
6531681
112758813
6941699
4149721
6284793
5501063
8505083
6392253
1473731
9801357
3991547
6440207
311863
2415447
7527183
7498267
4263733
335727
7169547
716307
7647973
5666967
8541941
8026693
183667
8402171
2536599
7341957
3626459
5456577
804837
5586809
8764511
3564613
8292941
5474703
3150619
5095551
1509979
1200539
1103127
9974637
6912229
7894643
9729173
769731
6214191
9931039
8713021
8682373
496973
7341187
9151469
995533
768097
9447431
4600317
7512017
5086177
1356023
6599059
3851753
939403
9126407
9730381
9541961
7511243
2133379
1952391
4939903
31524169
8468959
5396193
9888231
5844363
3953789
7338997
2173699
1723553
4070437
9971111
471021
2491469
8524049
6914967
58713
8522629
8599029
50484757
6297743
5590351
5721327
2563249
272169
7924007
160369
9990303
5307187
5227801
3402249
8890449
9367303
9284853
2374393
4068159
5330869
91537
4134063
9130897
5312223
3517597
6794103
1313041
7203501
5126357
4956841
8051537
187322417
9066671
3750269
1361669
6984593
5126877
7684307
6973779
5916899
2786569
8536509
5047539
577527
5306089
8605021
6431847
5731121
9305327
3505571
4116257
3946253
5872323
5151299
2996071
1746621
3339389
1805093
5710509
1083253
33022227
1194339
9710529
847731
4464087
1045367
2102729
5313303
969007
5098813
7220413
580951
2757481
2307483
4645317
1087061
6065347
148279503
1017397
7775477
582893
9797283
200531
4122067
5811431
4131927
8508067
7240411
1295307
5125249
1260013
7043951
5123813
5173909
6762853
1591103
7503769
9498023
4420873
7981839
6598047
9594703
4756991
7271063
2191309
4441967
4430029
775023
5193301
5778819
5330951
4493151
3702097
7721017
1120169
5369053
3476603
7352437
5682721
4366759
6604309
8191529
34282779
6339813
6790991
2099729
8796333
3793581
7275027
1386981
3044877
3300931
3635143
6939333
8225741
9186109
1613571
1245441
2703723
3054783
8674791
3952663
2385401
1423111
3159413
3934943
2527051
6872039
8339599
7818401
3345737
3922079
1530683
4747483
3019509
9523277
9250601
5689861
103117477
791779
7262747
1412071
1341659
54430569
5656371
7039433
1564217
6947209
5771749
3417341
1927667
9057137
3892281
4453693
6313579
6597289
9299861
3162549
9236169
246453
3837541
7873381
5553419
9626193
6949337
5233371
179666609
8892707
2487359
6912031
5779643
45601
9232017
3908269
3168481
3205381
2194141
7766001
8771787
1029711
2231023
3204263
4160449
3171533
7488353
9415761
4983781
2047571
470039
529381
7035543
640287
5918949
2581671
4657157
8358247
8764723
3371887
8277519
2342401
5597283
4899171
75442633
2171239
8395901
6971307
7023013
2178519
7327121
8605719
7532431
8195441
2052001
7847343
3784707
980621
3661599
1742651
3158547
8119981
9963557
7132733
1071683
2866189
133645813
7226127
1059769
1159161
7602367
9781371
8823941
765347
3702633
3990171
8101239
3775133
5506703
8151031
3005701
4310701
23724261
5404141
3910269
8815149
3318151
4937221
8237911
6716187
7027849
8569193
438581
2486967
3586911
2366273
9397507
6037713
3406081
9011599
5721089
3344289
6645677
524329
5642083
1055581
6370469
8573897
4116237
4557319
1535739
6590183
5826099
4542287
2812327
4272077
2495993
5838137
5635507
4698919
1339759
8265317
1074341
7301717
8154193
1553509
9965353
5774849
3952397
4130837
8368187
2664399
4006413
8737051
2780477
7191071
9159709
3284421
1628961
8603983
5854359
8003623
8491491
5491653
2273423
6593891
2268719
7931971
167748063
8007297
7144967
8776077
2286841
3953383
8222851
7469561
8149021
5368007
199307557
6805627
3365921
8741037
9633501
5097583
135708863
3382269
6556069
2196303
1329193
2495823
2957139
7973093
16293261
1992113
4167337
2865661
5199257
4978657
7904509
2824031
8184257
3642969
655459
2989097
9627213
491509
7542567
6966463
4712173
9482131
1614801
772381
4757611
140277
6829591
8422631
3219809
6245649
1334959
6873289
3769783
2971503
2568563
3471039
9522451
8295943
5379579
8929687
2266551
9808947
1848097
9253981
9324079
4129411
729351
2272859
2435673
3035799
9340157
5939167
3116223
5346993
5446719
5779761
1333709
1345393
2902737
6209371
3694831
5475189
2380909
4124959
5773679
8524377
9307733
370241
4023657
8198049
5611943
3090171
2223789
3259973
6649451
4919911
2167617
7364001
3313233
6780629
9908627
2288677
3839279
1603387
9284119
8251637
1283507
9182149
9919023
3342507
3820371
9552569
3857441
5970531
4006653
364399
6574817
1596671
5463609
5684541
9414223
754127
3992619
2254473
9407383
6097753
3725539
3595833
588049
7873987
9896911
6098267
9727813
6208673
9453537
5405903
2537653
8289011
4845789
8640053
6196673
4601849
2637861
6795209
7187399
2100243
1630483
954003
4508167
9445627
7876303
3179097
8815413
4723073
7886347
4239103
929707
6624689
3869099
8489547
8474147
9939861
8438919
8401383
6168453
2063587
5608841
8844459
5034721
5420349
2010427
3541563
9024761
7063521
4762281
4358433
197736693
488153
1692071
1310247
6152473
7658741
4932193
1474507
7243447
8250221
2988947
2934793
2726433
222919
9078339
4955333
198931
5793231
6240673
551507
2970089
7620703
5802367
4981587
7816309
5911339
5888043
6773187
5804227
8857907
4077801
3537531
7460437
581687
829043
9832831
1858239
1756003
1414327
6290767
104499
8831757
3524201
8114897
9189807
2103371
7332037
1157489
9512791
7130287
504293
2525037
5436067
6035543
856103
5923677
1953827
5254731
4016223
1730793
2487423
9790053
720979
5748501
9659633
43967347
4623969
145989
899181
4816823
3897681
8685203
1243369
4432661
6528361
5681931
7287913
9540849
5371753
8685237
6957387
8815329
509831
3629299
6021807
6615171
8692141
2810089
8758579
7642137
6463113
12488839
2940891
2899981
2265403
2613683
1017543
8688241
8555471
4629179
7111779
9562599
2768143
7102729
506983
4635033
60961159
7069383
3582349
1846993
109075963
7302161
3621487
9328047
843413
7777943
1383941
8369593
9734417
8177513
1411677
3709083
2482449
2379483
9512317
4184869
5020859
3786921
6740459
6043401
3057197
3459909
6654261
9345701
9732519
3557507
3023853
5062479
2536391
3235897
1610341
9593543
3288729
6629807
4829277
666611
5992027
41080089
6221779
2914519
2201061
5653727
4302439
2028273
1588981
5375173
8714413
9269139
612493
788601
9497873
7658857
4310369
6761541
1945951
203491
960229
3394241
7935123
8385423
5843879
4275017
2224063
1767857
2010059
9208477
3586297
199943299
6804117
7886271
5121273
2574607
4828579
3852083
5695791
2179089
272079
2422703
388031
8840301
2040743
331743
6619943
9645253
5911341
1082221
494191
8574627
4548843
4071647
8085947
6083059
1398269
9551191
2928573
6394587
1797281
226399
5537703
103037
7608553
9748259
3799613
4511863
1902917
4714527
8523111
7726097
1568953
4244123
