1324069
4928107
8908303
1688387
5967501
363581
5763759
2815651
5375873
762999
314953
651449
5057779
1702331
9607187
7605611
9763757
8926149
2125437
3552271
6607369
3546889
2410779
5156711
213051
107747
5070991
3964223
7368151
126900877
1202563
4605317
8730831
1012209
8369229
7610533
1615523
1163063
6345731
2492951
3235029
4983261
59894129
8788493
98030723
5201477
3498497
4700211
1820459
3144687
9480603
6545249
3811109
154240303
6457979
7224377
4628761
9052659
3219449
6613739
8336041
940789
2782241
8356493
7048541
8788311
142236099
2567837
4038347
3039237
5086647
7385529
8582199
6765663
8755081
2065003
9851579
7658213
7391827
9432727
1294541
9640313
8465461
7572521
8547427
34943121
2241473
5556857
8609611
69365391
2148143
4165669
5622713
879049
8203223
6169001
8964423
9632391
2971461
21959577
4862521
8432553
89117697
2971291
276233
2737393
5604113
1926701
7097039
3750521
6279179
9292487
6106897
148081
671877
3616263
5166899
1612457
8871533
5200659
206379
940579
6392539
6462799
9516809
7838733
5953651
806807
7259317
390491
6963411
4786391
4153439
489081
5301527
6789571
3016993
6939711
3720553
3229167
5078301
8060449
9568809
4392633
9558971
1295149
1522517
6898229
145823
4736597
721589
3825943
9469501
5939861
8294053
4401933
1945837
167617
9297511
6119233
312039
3972477
268349
3462303
6436019
3282233
7957063
2698319
6132237
9708687
2726453
4735251
140055173
5010073
7624357
3904799
8731177
6232457
5268871
8775983
1196257
377607
6521557
342259
406083
31471637
4028343
1051567
1114969
673863
2012209
976367
3591393
8162831
6905331
469679
1691633
6185049
4664513
2218071
2947911
8532779
7364953
5508557
1752737
3240017
4691637
8295539
6365389
2814071
5798611
1534099
3444377
3803229
1308833
590967
6938733
8943861
4892807
7412711
5061939
106033827
1618407
3969373
7361043
5151229
5337399
8803161
878753
3752619
4238793
5014989
1929447
5470467
1598103
9184921
5806663
5707091
5479827
6278971
4005813
3167137
7368827
3840083
9971511
6807671
2942279
8026371
9433669
6989407
9286087
2594081
4500169
9285417
7142681
3476171
9396213
1782023
5868897
7522887
8485711
3783909
3898383
4851367
7721119
4377579
127555131
3254823
7496161
1388873
1648659
2076187
3763809
2963201
8253001
6488617
3143187
7911341
1446281
7018643
6092809
4395443
3306203
666717
9226673
5431449
8402763
173429967
7278363
7743743
5093503
198959
4105419
6930853
9452131
1959009
8040233
3959847
7886549
8065309
8939921
7679059
574249
3630079
877377
9345881
6449723
8165513
239
191339903
5286461
3155317
9110047
8432507
7776623
196329991
8469441
6200177
9973613
6059427
4940051
1896647
4095569
4221707
8037711
9819537
5971361
6336219
2887201
5082373
4203313
6052017
4973279
3589731
7611053
3343347
5010891
2849239
2522417
9725601
5059301
6785829
3385319
8039413
4457119
86777319
6867709
9416969
6510497
9303323
9155689
7503613
8325739
9355563
1430073
2680561
6136309
1486003
7502617
4998041
4074481
5437239
5373317
7116881
4140713
5115927
1617703
321919
8179633
3466651
2316041
326183
5774097
726389
9170247
3309909
2142721
841503
8504681
7967443
5560471
1486281
6863523
9306999
7416961
4442547
3171099
9456011
9719641
3053307
6220729
666111
2499629
9584853
7670201
3949563
2533941
6219153
7673141
3818983
129678403
7209753
9888647
8417843
9211401
9689609
8893417
1687763
5409509
2045117
4065121
9390213
6455921
8576337
5212841
5276223
5012137
9518393
4325199
3909479
967649
6332429
7496983
8999367
305609
2145951
8781019
3297061
2901711
3016159
2664629
428387
7758557
3171477
4583231
111667
7679299
5356321
5765819
4615537
7813773
8324377
3316189
4828077
1600657
1250839
5072987
9692669
6554697
5601303
3893803
9240639
4599333
6770517
9873883
6946231
5945413
7773919
8631541
6418013
7329023
1423649
7140943
4183647
9061757
7695821
9842497
2291321
9098381
3018381
3532429
8448671
7111931
2581267
9321801
142345397
7608597
6306379
6364363
7257861
6121681
4765829
2133327
1600257
8030157
9449643
6411381
7309551
8708963
5531479
6798051
8836943
1826433
2399319
5085327
7264833
5258803
2808593
79901
6829709
3471603
4571857
2351523
82016757
6593921
8157611
9522219
2712137
983677
3197491
2882583
6612181
4359183
5332421
5324221
5669177
104843
6831029
9068329
2115331
9812893
3741377
9110531
4610243
6371783
77808961
6800137
3456941
2225479
7297461
4018407
3447241
16938911
213001
1934103
3264913
1866861
1246013
7727279
6029729
2776541
7723473
4925657
6065473
9506527
9173313
7627639
9996209
5457191
9156959
6181801
3507411
8544843
7133693
1609301
1180021
5355117
5939651
107798103
5853283
6973119
524191
9791829
4631631
3586983
2796543
7617237
6411953
2494661
6735987
7139591
2691847
6657153
2231491
1469149
8719193
1655341
724447
5298733
590559
236537
8290289
2174749
5241673
1826769
3314391
1034003
7196129
5795751
1005443
1747291
1917071
5500201
2523513
3772259
4445627
4517249
224971
385803
1747551
8122759
9740793
6352817
5029811
1008841
8517363
4224441
9599211
9054363
4316953
8178273
1599973
4688081
92949991
6190951
559639
4011369
7517211
2014519
5350453
4578829
7088501
7614751
8364049
1094881
183263
2800243
348853
5071337
9960037
5870979
7577211
4634781
4280263
4187221
3269789
4595047
4878613
2217917
6129123
2760869
9035421
2986829
9201587
8011389
51815031
1887521
7291043
3280299
7479877
3158621
412267
2673067
3005223
5635399
3674583
8329537
6408547
196385903
3219101
2687243
9019627
6197309
2486417
9663513
8762849
2273979
8798193
6952973
2980813
399617
6535171
6038033
8866857
3084627
8518911
5744681
68645973
4708971
6945179
3221141
8638169
7836723
6113753
2501153
5708811
3621359
4821157
1228271
429233
944277
543183
4630799
724821
7521461
6086853
3929243
7386183
4519999
6803131
4701591
262721
8580013
1752987
9540657
8289
185408987
6348947
9771897
73147
1636989
4109301
6572371
9445219
1688471
7660891
4282429
138691
2566457
7194599
174127819
7591679
2093259
2504033
1588359
8860929
1374623
25151
5571493
9644533
1690537
3311927
8999631
5869381
61486517
5077223
9698891
8484629
136971
3645883
2693131
5459013
6640541
9887213
4166143
1653439
1463421
1751023
5269667
7506493
2511883
1296137
8295549
3413891
6809627
2736109
239159
738377
7930549
4786071
1158267
459039
7069291
7538987
4042237
2076797
2519313
6051687
4422327
5866107
5681731
497071
608969
7356953
198513
9124699
5672541
5087353
6965613
136779471
8938407
9660691
6194469
1420889
8754447
4964617
769083
163720861
6342449
8353249
5043559
1789961
5833843
8430247
650071
4374951
8518579
1851639
9245823
130952851
