4984677
4410959
3996987
9009193
9933611
1543007
9942109
4537763
2506109
2827941
1726359
1757473
3777237
3735057
7167987
6488363
3907817
9741307
4092647
1634061
23931
6116567
4797513
9340013
9647251
6577441
36013091
6907089
1983697
6942399
422059
445281
5767089
5083437
6170697
9230439
1331951
5987327
2537799
4561609
8624061
8136651
4308661
6978511
6187489
2363209
6114047
5144893
8122729
30677207
3482081
1716491
5776063
2790927
8904119
27004599
2117627
7785591
1518971
2085893
6969859
8542699
6890993
69837
660279
6200179
560139
633421
7551999
2308237
1428019
1815163
2319861
8670597
5094313
1091417
3339281
342331
4207691
5958307
459019
8945509
1925107
9979739
2454753
9302459
3069047
6629207
4925459
4924489
2647037
203589
8945841
3741479
950923
5296697
3390189
9706023
7339349
5218629
7827619
1256997
5762317
6865759
573863
4432679
5354441
4134357
1988427
3154531
7065989
1534781
8500569
2268057
2093227
6884041
9945593
3854251
8769487
104819887
1298319
8579303
471737
7277151
3035819
7776969
83429
3378303
4872801
1318053
1168251
3260961
2008123
8760147
4553431
6817149
1404281
4830423
228073
6336399
7147707
1586067
9909899
4113053
5210691
2712483
9916333
847337
2818061
1950867
329117
5872919
301563
9826239
66401451
9897119
958857
6016131
985143
9205561
96872733
510059
46749
5859523
163856413
4299461
6555057
7278023
537973
6329081
3873643
9938133
3535269
2825103
217499
2607813
225437
7625813
3661201
3190713
1872723
8740597
7130527
6285351
5633959
1940947
5882027
1625631
2907497
5356861
8501907
9601949
3360153
2325079
8686051
5605947
6677243
7428303
9675019
3431309
4654031
8443681
7941121
3021719
1052319
4643571
8760627
7567941
6274431
7766791
19172003
774149
9082221
7537149
2446317
4096161
3051619
696011
7762053
81389521
2594371
5264601
533727
8416979
2501823
7825083
8830933
1977737
8208573
829279
8212559
5609707
2469251
9028489
7014381
7736491
4188249
9279647
699403
5089327
6676117
50867603
128171471
657853
5102349
6271377
154731
659033
6802129
734791
8767381
2111319
6031869
36341733
800807
4070321
3240591
8217217
1683383
8041523
7269359
6466273
179309967
9833019
7026681
495759
6431437
191717697
4217217
2642373
6670647
9818971
8910671
3093611
2040579
1597693
7451531
5505647
2597963
701919
9107379
8350453
6450321
8011963
6006013
2858279
8833901
6148757
6653109
2085179
4444389
8729839
6855031
435627
7993823
120231
3609557
818439
5351339
9791259
168083509
3219491
1081419
4043847
33553029
7651959
1843031
3636683
8221467
4487463
3530987
1085047
2256209
8694049
8523513
4312697
4533487
8072971
4479889
5502447
6316163
3046969
9787357
8412513
1672737
20390383
5694301
6555291
1851041
8180369
2347317
8483109
1435029
9195737
5529653
3409347
5104587
2318823
6746181
3942263
654257
2288743
4919559
8546447
6823531
9384647
325759
5392069
7663769
8112439
4054777
3460281
10558743
7319057
2447409
9466109
9840059
3041879
7488231
3064279
7021727
6373419
3364103
3995787
5175039
2520601
4039391
3577943
257377
9062661
30940249
2177523
8018291
8518451
691557
7286527
4312321
6196791
2216357
3153437
7705891
1871897
5218249
5291947
2008061
8913293
6648589
8377119
4898491
4020861
4568537
9377071
8960229
8600781
3369719
8280729
4842841
2824627
5036967
6901713
5015321
7347679
8299419
3064187
2099497
2654509
3161891
4719889
4952983
95383
4278893
326433
615657
87773621
6961499
7845303
189183889
6968211
3246887
8931839
5631309
5820603
2688759
9658827
1229257
5904989
3160267
5685227
869877
3377629
6664141
2955497
237981
7293319
7801687
6885061
8528733
7210857
2821181
7095711
203983
5057593
4081963
5733247
5235703
3111277
6506197
9149979
7352683
7508137
5516957
4397257
3125447
428243
4629117
1881879
2889631
9874669
2503007
8244229
2525543
6559893
6116351
1543629
4315437
48053
4479391
5346217
7472131
6982273
5275403
762371
553563
2674683
4593827
6218911
8113323
2770677
11726887
2612407
6695197
9079403
93636231
6010563
6532533
621363
5010401
6343949
8671937
5451619
1899289
7600287
2944789
402221
6827167
178201363
6631661
5500453
8416979
436237
6916397
8530613
4423407
178770611
1532481
2144213
8669489
1543391
1862343
1382821
9010713
8911047
5869759
4048149
9716819
125337
1700819
8910333
1552633
3197857
3518989
2892843
6338151
9589687
2317293
1018019
2923991
4783819
385013
7070223
4439951
40597587
93026641
5307751
104815057
6855977
9397831
4931703
3363741
400667
1711957
8800531
3496733
3816401
3768803
8808019
3355311
1627253
5077583
7122823
7427959
9623521
4399687
8091461
8214517
8196673
4426743
57243851
9987919
8196273
5557691
1420273
4815181
4060053
542057
6921563
2250139
5810907
4376429
3027313
2431549
7479179
4745147
9854771
3856219
3633439
8454817
7029993
160792323
5028937
2941181
7616297
2430751
8369947
998841
7079199
6422507
8363197
9661021
8452819
4991257
7703221
3609159
64741
2353111
9335023
4619909
9378619
6320851
1513503
4505239
2376977
33423
5433441
3658469
2222713
4039467
7655777
7748977
1588941
4324537
4888917
728837
4710497
6211079
3511541
9323333
3215071
5925407
978727
3490679
4409923
5804451
4220291
6884793
2626069
8843877
6991653
4157709
8498751
8868061
7438493
1191229
6288603
3654129
124521
5320833
3079423
908247
6113439
120001
8894551
8170569
872721
2028713
9797961
347961
4557553
5277533
7119013
9507857
8777393
6675523
799039
8300661
4850597
158197
3641677
3830919
8778021
1032743
6992483
6941281
2030659
4421319
4426757
8979329
2172387
6124493
6257819
361929
90268117
1541269
6509977
9577347
6245707
1111303
5709569
152287
7307121
9709499
7727471
7348987
9663953
7334891
9595157
5860823
5804931
7162339
6705027
7731293
5682879
4558743
2947129
9648009
5949693
7943867
2994987
2799431
174048059
114345929
2118281
1554503
4674007
2106307
7254529
2045767
9965037
5656383
8046313
1937169
5806921
7867867
1317791
3606737
7841467
5699893
9418579
9154683
3663231
9869261
7745583
4133203
6362769
4146187
7571727
1056313
6567273
7011203
948991
5360361
1761247
2014099
407603
8860541
7201111
4382203
848501
3790803
1555449
9896387
4229793
37957
5111099
1693099
6523673
7789043
2356223
9572193
8213551
4960271
9386093
3484963
6602171
3869739
2089929
3662287
7158709
7850561
6072367
1591411
3530649
9375941
4805577
9270651
8592921
3311003
7993071
6455719
1579333
7793151
5154383
1399869
2792837
666913
1990307
4370321
4838977
8207181
1415581
6357449
1226547
4026861
8178679
1042769
3964331
5012027
1747949
1489033
943327
2129547
3186533
2730383
5466879
8166131
5517771
3487567
