9523191
8577171
1484343
3555269
8869909
6504797
9329857
6126143
6122527
3554823
1080361
9259247
6689417
4007831
1662687
5965309
1157867
7856153
5681347
2503597
111427
7221679
1227331
3949737
5096027
8390647
1486307
4465949
6179169
4975781
8223261
9967761
2649203
172233647
2775269
9107353
8773267
9556963
9915351
5471273
2990903
7395987
9797007
7516819
4322297
5713251
3721107
6558853
3367353
1571059
7783309
7330427
5144509
3102019
6031191
4820141
8429679
6967909
7560963
8925563
1035539
3797081
6829529
6153061
1946787
6980317
516267
4943519
5598853
818479
8310493
5183901
9061517
3813739
4102701
7466571
7991329
601043
2110457
2187027
9149013
1095333
3428643
6285261
484813
5457933
58619233
4391621
181526899
8266819
2189899
2616387
354299
2857611
691129
2258577
2491093
10495917
9290389
29278641
9255899
1007839
7832633
2005867
3999899
9402321
3394759
1420223
9591019
7690757
9769949
9166719
55477
6168629
5445517
6191971
7481321
5198051
7607569
8510243
9614927
2895113
2566701
558467
8517877
7059677
4435863
1582133
4984311
8991943
4648141
7783147
155566749
193094557
4746191
5512767
1777021
9076893
9939969
8989919
9391123
9017093
2720849
3865691
5103893
4365371
4901507
2327831
5088561
7766939
3344919
9252959
4729797
4475267
431663
9193291
1111071
155137
7530957
575447
5873183
3698009
4545447
2292681
2982507
9648301
137641
1654999
8397763
7237197
5164829
5432121
7795741
9653727
2390621
2231243
3947597
6655603
8473873
3640293
3397477
2678389
3872057
6438971
5972541
956423
2919911
3959337
5746389
3817441
3299141
4184319
5400267
1228039
6384303
5644067
1346423
8040827
6290187
5612969
2594491
3115507
9162811
3886539
2804227
9311831
5083813
5818699
315591
8007173
7684771
8622643
9800379
9413913
4499799
9416949
807579
7767983
7752673
3724921
8024629
2039423
6214869
1279879
3121309
7098721
6394163
4871943
7706551
1221763
8113753
1558201
9948537
8242047
3666277
908481
9048889
8586279
108512427
2406277
22811
8280847
9416613
5249679
8532917
7763931
31891
6127549
7662273
1570479
6725163
6853029
1872489
137988367
5320541
2645979
1698169
8058921
1146383
5249013
7713223
863733
165760301
7318589
6147613
7851367
569543
3509709
9114077
7959987
6709229
1635707
997687
7294007
3794981
1503117
8336473
197589633
4227307
5980207
6769323
2766249
6059711
5093347
83411287
980847
1023851
6685431
5267759
2611651
7677357
86921
1638351
7989993
1824521
4382477
3445667
123401967
3541
685473
3791267
214213
4491717
5145571
6508347
2021651
833221
9846743
5743107
6901397
7834363
2146381
3280969
934211
1319801
1439867
1364007
6969501
61651407
7672369
2361327
1617969
9670587
1089271
2126941
9702231
9192611
1950493
6873999
5354597
8623181
9260211
7068747
7879241
4221423
9355519
4447051
1428601
5059171
257189
1030463
1860279
6567501
253577
9544839
332717
5535921
9967133
8761701
1763409
5348891
1180181
6732359
8922837
9738087
8576107
9776427
1413099
2221727
9176553
1608293
177120821
893943
6097729
9322859
907523
34335107
1062031
4184003
2811333
9081241
67569847
647609
20168609
8150471
6118019
4899353
773867
7188899
55219317
2145441
3039757
1084887
2815787
162995451
4803909
619951
2737829
8907461
2750527
1120593
7778901
5430929
1636953
3631419
6057791
513597
854351
7100893
2176383
3546929
596581
1569941
7194509
4612639
2691631
4392373
3818927
4314163
5130829
392863
7874197
4313041
8227117
7835091
7720677
6137051
8710601
2796691
142956803
1771999
2633417
2045477
8320507
6928017
470571
5987753
3800391
8476217
8101081
363777
9626731
81193
8116873
9102989
6112321
9534373
142714773
5034071
9110319
1115119
2903373
4796827
3407717
4986957
5631089
6734699
251993
9375527
2596307
5318587
9035797
1981533
36027033
8847911
4913541
1435157
9216859
8211217
4141653
5783507
7953459
7607279
2464423
6762289
63785069
8972887
1339777
3287233
9985293
5749699
2948681
3142173
5879351
6486993
4867313
9399969
293883
8240741
2325119
2411641
9073831
9202721
9937997
3648611
9608431
6731829
5059397
7643683
9839817
5061307
9838203
823711
8545127
6470857
6020369
9704431
191137
2365883
7448841
4948297
7396441
2954011
3486113
5653137
3941883
4950707
7408249
6034307
6357891
2037
4292877
77388987
4363563
435513
9375479
5993297
7519999
98448287
9546703
1554879
8908473
8977733
4432823
8390229
8737217
5572411
185769343
2526399
6835519
4662781
9180879
1685373
4169033
3950897
454199
3623401
9620163
209391
8699821
2416579
5149357
5183221
7952817
9848799
7728311
3634819
1834873
94403207
187033
4788471
1613021
3728001
9485581
8034719
7232329
766467
5619859
4127163
8021039
2007431
9974789
4433649
9856611
578063
3957517
2355263
4808451
5616253
646767
9722881
336661
1327543
7404407
8530737
2396629
873727
9221709
4522057
9122707
7418657
1254977
5508967
2887527
4574789
7507513
988689
2920921
9500977
865471
78975157
5668463
9422443
1320437
7863739
6604733
6646577
8008593
849677
2847197
459059
5730777
5255569
6263453
46431909
2408141
1892527
9168351
3345061
7595417
5273333
1473257
5876689
1339349
5867933
1827551
4655097
8647029
6707969
3946259
2828319
7092781
9244059
1077411
44891039
5985681
4562399
1052987
4641219
6615443
8150561
2060131
13081171
934959
6142763
7741179
2980851
2899309
7979281
2820751
3038843
4702549
8456571
245833
8131611
8246649
601077
9802671
161637
4404487
3804691
9497923
7568231
9539979
3289697
4135741
6346111
318761
1583507
1056827
3480459
8823793
6480077
1255371
8725637
3019023
7498901
5240457
6998023
3222857
1561097
8770321
319343
2332357
2224897
6644643
499627
8720449
884231
5300141
7777203
4624761
155679027
6234261
6825129
1957793
2903301
5712849
5087533
7603087
6185691
9602761
3228477
614243
2963451
3569833
8057979
8082397
8145881
6900983
7722257
6605123
5385821
5177363
3253363
3706069
2779057
4354863
113687
8326793
5008329
468437
1036493
8358899
7814383
8269921
3468641
8214589
8961749
3796611
3912501
5643207
4926147
4678297
782003
860249
5205229
1302933
4507247
640619
5218281
9947901
8562763
2002419
1248777
5184407
8507447
129884829
7492123
6841761
6658599
6543793
8334939
6945231
9983907
230697
6054881
5102349
5580097
4050761
9787191
6339049
8710319
5513913
4992901
6559107
4714397
482283
3427149
62281311
9970813
4215863
9186609
4118697
6028721
4837611
3825799
8172893
3966327
8154457
2661083
5354867
5298847
3359137
2510327
6423073
2298793
4092923
1858693
7086891
9320641
1725029
60441
7283869
1765277
4593783
4926641
5855687
9988853
859921
1011759
5614663
7286983
4982583
3229689
1409299
7775119
284823
6469783
2858259
3688199
7715371
3410993
165777
9429519
1292049
2990759
2516907
5234881
9508921
9954889
