15302997
3320457
2843901
3225541
3184289
6777063
3512767
2661223
3848811
9828269
5932529
7754729
5161987
9496513
8991673
7059791
8089793
2807941
77067081
8039071
8345459
6631021
6776759
3201649
7081469
8479179
2550549
2375173
3053733
2729029
1424471
6139679
70301181
7488161
9751399
7764151
9844191
1620271
6853891
3976713
3186753
4361181
6479529
19731631
8701649
822279
5675609
1699477
4973401
929339
8825167
3265089
3817207
2878813
774719
5088801
2953597
685983
8442661
2030723
597403
6737017
9544069
8914057
3362913
1030569
2675593
2682629
4273893
9769297
1565073
152855681
1167533
9197463
1590483
9158793
357689
2232139
7361447
2502277
3418959
8588401
6542003
11479
8700753
9269063
8015837
4142423
1610429
1546857
7600277
3144377
4866769
9400591
1199163
7995153
3065999
9034617
1342381
9115909
8501249
4238773
7623523
6697943
1907057
4125611
7501019
218203
7571061
4213541
9630529
5661889
468819
2424809
7135113
4060179
3442801
4460901
4921767
2306837
155999
2389839
7950561
610023
8467371
38060089
555961
6670133
4104751
3521457
5772883
6672093
139156723
3531223
3810079
468287
756877
8750929
3379019
4972297
9230877
664877
8592559
5915963
9723967
6880547
4173533
6824959
7997233
120055489
4765663
4229987
7045763
944111
5390243
3068303
2766519
741773
1617081
1389147
2422401
127397509
6595427
8378427
4739151
151900369
2318899
9188101
6586423
787557
8689971
457681
1524491
438871
7957253
7455531
3836769
2757753
8619361
4241591
463653
3992651
5276403
4340051
8814487
1928387
9169079
840459
6793181
4582459
4107123
6832451
1268161
2377051
4377707
9555681
3188829
1855579
6856427
5364617
6628667
2764049
2924227
3633039
6784253
2081383
3665531
6267283
8315129
6957339
7257503
9967519
25512453
116218001
6169479
7059357
9940559
7410731
9952009
6854173
6180839
5568463
6102263
4861919
622927
1830359
1826727
67029
1765773
4844451
9103159
7298027
8959641
2343729
1722499
173051281
7397451
7966249
274343
9192459
181017831
6210457
2040671
8830213
8676649
1147253
1413979
4119099
8113931
4113321
2662411
276653
58917547
4604091
4980637
9439627
2865253
369277
4505011
8030861
6494161
3625813
9987969
6302107
8770697
1410531
2610339
6618951
572241
160455503
9787079
3492887
5325853
3222601
9598593
1189451
9694141
3588369
828301
3790769
9148447
6810233
1326079
8684833
2338861
959221
5739611
8522509
7969079
8895613
1789879
548157
4200371
5901301
1333543
5949581
2956611
6387487
1686747
727493
4145139
8854711
9005897
8618963
8404273
4973393
1515987
5171649
5084411
2365981
5103413
75642937
3908881
9598129
242867
3101413
8589923
8438687
5414523
68185813
2324903
7225483
9333757
1870439
3909403
3307793
6163631
2077213
9658509
8596583
1790623
7848561
5368769
5251961
3280763
45514919
9335539
9855947
39748891
9865609
128534647
6054383
9213193
4157603
842301
5534107
1006631
7381289
7614891
2544153
9709703
9259311
445691
100905123
4810747
5035313
3150599
6179633
9230421
8425567
247379
6483059
2774051
5110553
1127771
4678877
3938947
9082487
153286993
3973579
6678321
8425241
9307521
5127259
94655213
9861129
2924293
3532757
77697
6795717
3416969
7992859
1785567
3398319
1646427
3081469
5680793
9260587
5878231
9012133
5799857
2602473
602127
1617667
6867761
7691363
4706769
312039
8981529
1707551
49117341
8226057
1719549
7718733
7746511
6130727
7615659
5327381
2031593
174408161
14497423
4111991
3971427
7872197
2932843
841561
6749961
3763061
9864217
9608863
5178143
1231889
7347297
9653703
2945973
4052037
4566027
2775511
9059417
8695191
5677723
5216511
1896369
507419
6102903
1363701
5289961
4438691
4117139
2754601
1151093
9549361
8204379
9350889
458167
9898331
6634541
8617749
4425647
9729391
7804051
3575263
1528591
9839359
2781381
4120977
9681769
5781279
7667759
1969849
3828637
356361
399431
69009763
7502561
3153217
5885599
7020351
1871471
9748951
7365033
4339077
4191179
3170901
8918727
142459
5777459
3474787
2339029
7921351
4768013
1462241
8841097
137634627
6616533
4223693
8868223
4450671
9580131
2322941
2267591
8405029
8635219
445059
4851347
6095929
2017827
2276043
5669221
2529227
8103111
5281091
5040967
548967
1804209
3828353
6047223
4584457
3738161
5763019
4163973
5141343
2854803
4199841
1668419
7406087
3551117
1761699
3815771
8979371
197270541
3405713
2362833
1279913
2610821
2442911
5170353
565657
4554643
7255429
2918979
8314247
5658777
2724623
4101753
9833639
7271083
7394057
4114291
2679653
9814991
2422027
7899429
7764637
3810697
166797
5147251
3372897
9200533
1171007
6795099
17167
6910979
49912951
1138089
6361687
3316117
4478637
145885461
7320077
6911551
5837797
141131909
9442021
1636281
9403539
44970161
6060947
6462097
3228027
4800907
1426383
5798077
6071887
2631153
6308771
3482847
326953
2430131
3875441
6125013
3621723
2251203
1474389
9513471
6222257
4697721
1159759
7298347
7200159
1851037
323823
8124683
344117
2634143
6972869
4057007
4421777
133753357
4404133
304377
8880189
989207
9458481
9153071
9586057
4945571
5591647
4280853
5790483
4513219
6135903
1049527
5686067
1820241
5406723
7304061
673087
8097821
2149497
5760031
190087563
9652677
9545703
8761391
3271837
9467839
2823071
4812263
7047183
9853493
2333943
1381097
4999591
6408611
1457673
7314583
1114223
5951711
2672861
8205831
73221
5178617
8165639
2329051
101613
8890187
8914461
9926559
739147
7109713
7733371
8925597
1674097
2239097
9218053
9124087
5109411
8929891
4616593
6386229
6912301
4073331
4640969
6131053
5585747
7445273
2138531
1144621
8263591
1379199
3028381
3523909
55346839
9477229
7499763
6123591
8222081
544873
7074953
5184043
7966271
7183813
7047363
8205579
3144401
3611201
2968289
1157309
929617
3339527
2675557
5468543
6586521
6057857
7820953
8361927
4273471
4742587
7793379
7533547
4445693
3450117
7270439
5764123
1839523
2711037
2271393
24305941
14678113
5135573
5705353
4602613
5048653
4138241
3103373
4926753
169675757
9984179
1520627
4626833
5843031
3685589
3722141
7507721
9969529
4299721
2954657
9214673
12109
177784063
7490153
8197451
6240483
2980581
2230079
7901207
9033127
576167
6560969
45777
2295413
454127
8839191
9800213
2227617
4879447
4429829
5337083
9959747
8775701
821077
9655549
8974463
4990271
6183677
317319
3207637
9386139
693443
8181773
9536123
8012711
4865333
3541879
2264877
6810727
6733361
7885773
1744871
4324607
6119633
4551527
128973
4131869
6573589
1641677
191005819
1144707
4919397
1364027
1233303
4945863
3643761
684921
852461
6127887
6212041
1711993
2477899
2471591
9098997
4597021
1171707
1221463
607573
9840681
5534519
8452341
3695243
6187439
90788651
5215677
3668299
375501
5729879
1816013
6579527
947057
8105251
9434637
967797
1279509
5656349
9174449
4894701
183422593
8902691
8492107
