8623927
4445743
8343327
5779497
4094827
4888313
4810747
3149501
8518901
438257
3214403
4274857
43692341
4918791
61674393
4878521
994281
2501807
1059069
2302121
3310019
4707529
5483681
3769189
8226181
8495821
92166041
396509
6659511
22727
4871043
8394181
2175039
8615961
3319129
2575703
4912291
5166697
9445533
11531589
4276833
7418143
9849233
9546001
2165861
6630609
8256597
8050533
9704299
4269317
9017779
5249689
1237557
6477803
9447411
9902331
9810751
9121197
1602687
1626969
3756329
3252313
9350789
70905861
5659169
6878633
3134831
8779827
5365069
6877633
2597201
282797
9425561
5836007
5122673
882143
118003
7500867
2612323
403581
8633257
9176733
151300353
21571777
8134851
1528991
7998827
35011
7328261
7974101
657791
8540419
1467671
987257
8278637
3319767
36792187
6828443
8526917
1440319
35047
9080751
2865949
8493169
9505451
7381581
1739889
15570663
8070207
1825521
4642661
5955907
6433011
69572363
8140663
9419741
2312367
3924493
5949533
8560499
8494061
4806253
1920003
8162067
5484307
2343117
3513167
6404217
1874833
7682259
3542687
8903209
8994681
6858761
8461297
1701157
7558483
7952781
8051419
9305751
1268727
8991383
3847729
1339711
4894103
5899051
3831891
1970839
8287293
1057637
1612887
3129673
181489
4301083
9239751
1530451
4204981
7983751
8845351
6890219
5929841
938469
3835497
51077449
5570071
2907161
9877187
1223837
5483707
6425303
3646789
9496263
4523683
7703221
3120901
6189077
160980611
2655187
2774111
8178213
168207239
8852131
8720957
473819
4664743
1976761
118773773
7878091
3131417
1896809
157304983
609217
100187673
6378039
2236463
4935391
3911971
3256909
3360439
9738733
8291849
106587
2752143
76392249
466553
2900359
3219283
9832983
7599237
9909207
7073573
974973
9526007
8990293
2179757
4276231
159168929
6097343
3823967
7309681
174918929
3014247
6575033
6847437
4844799
6705841
6036869
2870687
7738121
9032471
6021899
4002121
2663479
4932973
178435517
193979429
6720493
6774029
2751439
4926039
2569773
9140047
6285673
3276393
4394359
20547789
9564421
5921413
2138907
4273071
5476029
1901209
2097877
4786139
9748857
1965717
5804213
1377593
6899113
2619957
7799229
5520877
1963431
3571211
3509431
315069
3555591
5705627
7547377
9741751
8228937
4514551
3738023
8103081
6410239
3719891
2902561
8822577
8157191
7633703
2249299
9588309
3571667
4563811
7612973
6495941
2024423
635421
5359093
856307
6761979
841561
8561199
85597287
3982607
4847993
7687979
2291799
9239851
8427769
4003153
9869761
3285449
208213
5246669
3859241
6827589
4338209
6178733
7546589
8913773
7306711
8858421
6894307
9377009
9797063
8180911
8601129
4088559
2254369
3675281
3955347
7607643
3065367
4035747
9462833
5222287
8977373
8055347
1084853
4339163
4186243
2124817
1446181
8890061
6752037
8870803
2875613
6137029
9313223
4861097
2331917
608527
3184641
4405663
8348681
223813
4003529
2835029
1513113
1561621
6484817
5712537
9707369
4270471
4114209
6353501
2286519
1033233
2090051
4205787
3586933
7442619
2561269
2844321
1672223
683643
5465177
176611771
9172543
1640799
2711667
549013
8467623
6134691
2715293
4272033
2039211
3350537
1011091
4253951
9747501
2824027
2467557
5716987
1007717
1016827
8384019
3202237
1254027
2178761
4713111
7283193
7883913
3986823
7188939
12704053
7867501
7915799
95180821
9613881
4699793
9733023
494613
9128713
4260641
1402393
7475963
3823557
2731599
1151261
2334823
4359303
4921941
3016611
7534469
5076959
9056911
9200749
3646919
2851821
5900777
9511253
9364993
5371833
3276057
6273781
4230949
6865969
5872069
8734029
802489
2702349
1245199
5139153
1513201
6610889
3333809
8634599
4924781
9747681
86499797
7605771
5271991
3593149
2921903
1138543
3378939
2784337
5020053
2018209
7089313
3611797
9915099
6754393
328691
3990669
4623893
8761547
1855807
7623217
1861827
6301179
6249971
9544659
5173289
1244191
3592573
7376821
7342201
9136929
8297879
3358529
6454637
1947447
9444293
1257617
8536113
1832797
186976477
8521287
8836537
8585493
7520897
1145141
3464827
3904231
6744271
474127
382579
6986563
9234439
8881359
39022893
108466767
4660899
8915337
1308063
889873
1281009
6564213
2704933
5973027
12701093
8667843
7376099
7107251
9888677
3044983
4209997
4861989
2814477
3843929
4269309
5120353
6756191
560593
695881
7985849
8342929
7383581
8444083
155209459
188495233
9242903
6919547
9094817
8746543
3997299
8810463
7493167
2787159
3321519
6415159
8598461
6746289
1917621
4660471
8952961
5459089
5710363
8145161
8458389
8420127
4733463
2037997
9319701
6348507
2372763
5745053
2222471
8958397
8018121
4494007
9451217
118303553
6618437
6006717
1945213
3078231
4853213
2589193
4301763
9508279
7251397
3146137
6522459
7378193
7966439
4635059
5179029
6052279
5254983
5320703
552511
2864583
6779427
7824803
5544963
9302401
5789683
1648779
4543543
296649
7410251
4801251
3017743
2949693
179145587
5181231
8916757
3471133
6465673
5242927
5092111
547387
6945957
7013411
8461239
2115121
892939
7555603
3512607
7938359
4891013
9546279
4878609
7591109
1918861
9251557
98367731
6846953
5467071
54714861
8384761
9646477
5383519
70914987
9623659
4203379
4846281
120228223
7062517
953753
5566879
6068607
3331571
7153581
2112621
1971649
433521
1667373
9863581
713413
1274241
987403
4547007
1770989
3320657
1298289
44048489
4471821
8628257
8835561
9748721
7563071
4376103
5874667
19637
6016967
9974071
8603877
814803
4089379
6236151
9384371
2192493
2276033
1299337
4770581
7113241
3696841
5548143
1708341
6563561
3018513
194338947
1440721
5493013
6299681
8369171
5149703
3277727
4452653
7323169
2249333
6812481
9599541
1865869
8770119
8516081
8647941
8289047
5436311
735711
8062133
8429087
7428609
8780551
7567313
4278547
2975601
3026579
3664259
1484059
1361527
2681757
3998433
2997911
198743
9996949
8246489
7076209
7701989
4077269
1071711
4517381
4844529
2768941
6807149
6015103
288841
2319989
6173849
3121221
7138863
4448077
4716519
3592089
5073169
1987761
4207227
6900309
2957209
8338609
7580527
6660627
7012351
4771769
8794671
3894279
5201631
6417959
4351929
5764993
6178157
8295967
7301241
8988507
8567457
2656511
3061411
8199281
166960207
186592173
61003791
5605631
3980523
6078717
6265121
7832239
9459161
3126559
3691789
1817877
4609383
2493543
1735847
1456133
1202591
8718353
6182669
8869279
9508481
8380927
6204579
7373123
2244849
582089
800937
7646597
4828627
9347857
4204077
8842921
6776641
6783077
2877841
7999293
2601089
8275279
984889
9912969
3459951
