6149331
7061407
5931859
4491843
7599081
4739707
1008197
5825573
8844769
3772703
955801
4563151
314963
773333
4362717
1746913
8044489
6534883
1754939
111917
9045869
9260729
1109123
4757793
1086857
3316547
4513329
2785891
6553869
4776673
1242929
2645359
7963261
742021
6444911
6360223
182767101
3566609
8211171
32242809
1746609
7591871
3326133
5920893
4465341
7808943
9395581
3115103
4010471
2674773
510689
523287
8899509
1825271
9051263
2717339
9063927
7109831
7423519
2940997
5010833
9637791
8682157
4631731
3336777
9326819
647733
8290907
6594267
9507479
417633
4177621
6719493
808309
7425753
8953
6442127
2635769
7895931
9455943
6812947
3278857
7197947
1446603
8997173
4457157
1574759
1167221
4724711
5807681
9284007
9833717
963971
9639887
21887089
6540079
2943313
2756047
6285949
3603319
8956829
4968407
2451403
5918827
881571
4676871
9797841
2631311
9479643
6671179
3922123
4314901
3045587
2753743
3636101
6935523
3488393
9879283
9182707
5239987
4445733
1324611
3539093
3278879
179475261
8402703
8099643
2179173
3469447
4639229
918581
4441647
7520687
1579469
7266479
8007579
5976567
1544387
3731121
4954069
8409941
147131079
135455109
7673683
4514679
1477223
1564967
275431
9033481
3422907
7203457
3576871
4300583
1270701
7832057
94938879
9366157
2123731
3172211
2466859
2102257
2908549
1014363
4049593
5922659
5972363
5067347
1855331
2297237
1297709
5547487
7324197
89780589
6135449
2367877
7537271
6532501
3739697
3586987
4043129
2326959
4579531
2902711
2716971
6875987
165522569
47422127
9174553
5996003
3154681
9618763
8619461
908831
675621
2299771
6512063
5003641
2483961
6743123
147128893
200941
391551
8962001
6024563
8533771
1248151
5020349
8746641
2668703
1182509
4982213
9479377
8979419
2580339
6681611
504749
7385499
3233799
4351051
2381141
1986503
3922637
8106789
4489231
7028447
8029519
2715197
6937187
9569491
6852667
2122771
8568179
1498573
7806253
4075407
663427
6836207
8665247
1219243
47241
9552979
9894367
330781
5271297
4060843
1951311
1786147
9406711
7849271
9382543
2741259
2162361
3533533
3911843
626531
3023463
331831
1192761
2263189
1026647
5534657
3582843
6424053
9133763
3223873
5708859
191794603
910927
7269689
3124857
4590129
9208229
6177119
2911093
8870789
2790531
1324359
315641
7353493
7431713
6010871
1503911
6423893
9572049
5533763
4832427
8746721
2240853
6327431
1403187
2471629
8866809
6665053
5013143
6179079
8136201
540777
1939407
4824831
6629867
943681
219969
7000231
7281957
7615409
5476181
3794731
74521601
8097687
5869657
5408477
3283873
4575041
2302731
4879611
6333059
9334123
7183301
25632189
9779039
6019643
4612363
217299
1645559
243399
5086153
2853323
7564349
7744213
3865629
7274967
8207451
5906221
3024991
8482081
475181
8391531
2627791
8851899
6724767
475609
1719947
492047
1449169
513797
722789
1922901
7047271
5973681
4054233
6247533
6360201
8118169
123788421
2442959
8869111
17091
4496653
4397693
1790353
3800773
8110887
4602477
2103033
9582841
3728737
8899327
7001737
1628987
4313033
2951259
151041
830259
2000671
1863101
4915543
1065599
6901867
4497271
1638057
5499053
1863677
4549271
7553001
3334817
6729577
9040697
1241461
2920667
6996733
7735633
4823151
1783227
8632893
6234649
8538047
4248401
2142809
1694477
4218371
4196947
8004011
6793549
9164663
8895699
7018767
9910961
2823421
8742931
5360123
4784967
3793513
9695161
7298773
4289309
8187347
479641
5738271
9398993
3514921
6476569
1502373
6786417
3546841
468213
1003989
8604919
1017813
4968323
300249
1007283
7923149
6934933
9570909
5612993
2208173
8913919
6950653
4403041
862497
266893
2146019
2494153
1776489
3407063
908409
6223267
3434129
62712491
2100897
8814441
7694523
5975487
480093
5741067
1305103
53693
5730427
59637369
291623
3881551
5577787
6506441
7642943
9564489
2195091
4896609
105196483
1365491
4707909
9014519
8736457
5907329
4103651
366099
3550267
3178727
4434651
9018113
3493831
4860799
9581417
6570473
5297799
5018179
5891099
9872293
713223
275473
8969639
2623049
9704249
6008447
622287
5285943
7872933
3093121
1655791
2497547
1822961
3995933
4295909
999409
9741301
4619583
1004877
1417847
2613843
1766161
3977137
2994101
3945717
41423049
9058889
2652207
6565329
9946209
7096037
5311143
7873163
2416437
505817
91805357
6104337
3666447
3784629
6272879
7469059
3360763
5508131
1436729
2199349
7070893
4550677
2909513
8794097
5773363
5758311
772389
3594541
1112709
50857
188115673
1482989
188260001
6948531
1964211
5717141
5000167
2061749
722969
5593833
57802537
95067
3025347
1598489
335801
4585161
9758277
43442467
3925901
2664477
2282981
882337
4662121
9084593
44552689
4587049
1530389
8256417
4219327
329817
9153273
316693
3071957
37067521
2762647
5471981
663319
491509
7802589
9275227
96779931
5824309
3682937
100857939
4732013
2744793
5708661
1051943
276877
4435761
8525351
7883017
1349457
2534599
2020019
1132733
4158537
4376853
54933
5780241
2223719
2168639
5894667
9091731
969743
3921197
2705219
8411229
6624761
1778831
5600079
8256213
7083823
576539
4247413
2969283
3582083
2239773
1410287
76487
9925289
1758483
4091163
42942739
54238221
3095099
443013
1265043
5869457
5555067
4560101
183171
795849
7378063
8097499
9139647
5944107
1166393
7220721
6413727
3766741
4296749
6909169
2549697
5412627
2479919
3527209
5794271
1450907
6298311
3971351
1606979
2021727
6974663
4377307
9172209
9323689
41827523
11836997
8614211
9125589
124156859
4956003
5609501
6230511
1473669
9966809
7137879
9049683
6581531
7982331
2944087
1850539
5260331
2735203
101144411
7742413
2415351
1577793
3951333
2775303
5594113
8946977
7830813
6411441
2484963
1503821
4603463
8503877
9522301
4556823
6989237
5331133
3460923
8340713
6202377
8636959
7194081
1354477
4801289
9170171
9978863
4435227
7218877
3670839
8007401
3240109
4085669
435803
5271339
3969441
430171
8001677
1308123
3707357
3397957
2004341
2427297
6869569
6236521
3239217
6483279
6676817
3717009
8984959
2028417
8263261
6456439
2827949
523331
2934309
5639677
5355889
2119941
8584917
4491103
2169651
5923681
3004181
188577489
4231751
7394517
7922877
6547227
2902701
8692893
11307
5019469
6420521
5038911
5835753
1518933
411203
9803289
1261057
8753913
2433433
9296483
3216589
667587
5659323
8374251
6766419
2170531
3884107
9079071
187678583
1909737
1030199
3869847
9427859
1094077
6692489
8904617
5971783
2198433
2627917
305939
8119681
5437089
5207661
8903679
2405487
3445067
2759259
6254549
8226071
1101259
7612417
9071371
7627673
9667777
8693047
4407331
9291557
273267
8751297
5827547
1216483
133428209
7013943
9912977
5697649
9031641
9580447
6966493
4769191
3429859
9540721
4170939
8615593
6119169
3057489
4766133
508509
8012247
8707861
4798049
337457
8281139
