3017923
6865489
4893479
9142027
8491317
2078397
4602867
56862821
7420269
4889269
2453011
3431487
529651
815601
6499737
8736417
1504797
1401401
5286871
328757
2614437
440173
2911763
1481649
6795199
4565053
742523
9308881
5873327
2344279
5312667
9367229
6850311
8789101
6724193
9837939
8114197
7055799
492249
8061263
6097133
6103907
4479673
2326873
600717
6819453
5850509
339189
2141017
4351513
366033
3775953
8280851
1470147
6907237
4629117
8241563
1657921
4895433
2418317
4164799
3493137
4103489
8196081
8529341
4505239
3151641
2502529
2311723
6983501
3143897
9351827
1417609
9050393
188009203
3192903
5412399
4996749
1070629
7226553
7759199
1471763
650827
564927
8739083
4865017
41590273
4233467
9790727
160188607
4939607
7037669
1220941
4531151
8416481
157287
1369751
7514831
993089
9318603
4317859
1329353
9293039
138760361
5650507
8915869
192994329
321371
2756709
2350833
7041729
9424729
4545397
9336417
820733
3184287
6230279
1693869
7668389
1079583
6915363
8797699
5508417
3150441
6896627
8599797
946643
37413029
7091579
9445617
792503
3796823
9825237
7461439
3000581
3132449
2858077
2009949
5474219
1000207
9502021
8507519
3873321
7519097
1870143
7928889
1867527
105031
677253
8412567
804347
2372769
6124307
3421157
6577581
2500881
8606119
4900233
5387817
4021983
3362561
59301963
5606701
2095587
7560291
1455789
7480933
4335079
5869743
394881
20499
6602957
2044097
37263999
4808813
4179439
6206867
8708493
7498033
8632499
148121
7858863
9994597
2689301
3517381
4818543
8287619
1808079
7807739
5364291
3233217
4638261
3179387
182125577
448309
452443
3748831
9808703
45967
2484511
988039
2727281
7871549
1938761
2472929
7177137
8864857
2232871
2506477
5648261
9684131
1100913
4094077
8809801
6254643
121172461
9027681
1716737
3665307
5030919
9679877
3000087
4936261
5357349
5467463
4561027
9274297
5719207
8409591
7683457
1005113
4361839
881303
1417367
683433
5621861
915809
8133531
5274873
4029901
2045949
5761941
2321951
1993519
4525973
5529921
4045373
4021683
8651313
440481
6223373
4851931
1887137
5953683
4715481
24203
2604689
1452191
9647759
6678003
99028783
7988379
7446479
1812997
6858731
8641349
4258811
6727899
6746531
7481623
5937511
8086351
9444729
5981627
1360801
5176861
3270771
4459359
1065317
762743
8646219
1572261
5978733
4473487
5445599
9219071
9451983
4502891
1758501
6336607
6289353
3374793
8687957
4712799
6102189
1017299
3040207
4777897
8977041
9496801
1230523
5592311
6911881
5766297
8790669
1763477
3994197
2232789
5825007
148478603
8219601
418543
6142353
8279149
6479893
4955073
6405381
983047
4347057
6951059
9886009
425779
3616623
3870237
3753567
9535809
656741
23322901
4749947
5230139
5326591
9783583
9092033
3650323
2942553
6249807
9906019
521113
1334737
4576483
5653083
9982647
7956687
633219
5833323
3632969
3314073
85846367
4301601
2944581
4522627
9168057
8467891
9430497
5393627
5365691
8025509
3974707
707971
7758499
5840843
1016547
1775499
5055063
2796907
6303389
185801321
6152003
2964081
5554671
5207249
2868147
937239
7135757
3336451
3316601
634261
8901669
8657703
7914387
9066431
9855207
1473417
34263
33131179
7935007
2161799
4882071
4895999
7327213
5834189
4498737
124905157
1304967
3329497
5254241
137101227
5213673
1570151
4812781
136913639
7074957
8700269
9793527
6269111
6986753
7660497
1333817
6963833
8836017
6311951
6513541
2668511
9991889
3900423
75558129
4332299
3395717
2194943
2463999
8803537
8461621
67369
6179323
675483
5052141
7055911
8108067
1530649
4266829
150707293
7750879
5402647
5926859
5158193
6672789
73267
4881443
96497753
5486177
1112783
9872617
9152737
9298593
7064153
371389
5925129
5489253
3232123
799837
4663817
7027611
8390951
8459013
7300821
2566461
7170669
2213559
2210371
5461273
638601
3560913
504667
4294453
4252419
503963
7370533
9715013
8170743
7568411
1201773
3275437
3211307
4032711
4313727
1382281
5163987
1468179
8187377
742197
9192871
8754651
840461
9468283
7322333
9791043
9961153
8218269
4623967
1712171
3196213
9427907
7232033
2550463
7969627
6844093
3203707
6956751
6494313
6688043
2671947
1665817
6363913
6811321
4228693
3986191
428241
3669109
3845913
1139019
9173773
7713567
4513489
7592193
7955533
6446663
8090739
679323
359913
4468589
5844341
3867873
2092389
5352721
3836853
9673049
3770259
8081591
135875367
4213617
8526819
4828441
4051209
6783791
9705103
1412019
5953829
3732207
3321439
5389343
415983
7203481
9598169
3136459
5487479
8481599
8418667
9338109
1824697
2395833
868519
3844937
180575407
1697659
4525141
1600529
99791391
9451511
5009157
6570113
4776903
2630339
3712369
9121273
1252407
793453
7249199
3216621
156364349
5048043
1234607
6584157
2895021
4328203
5844303
9375831
6223221
6908949
1128899
647491
189811
5245609
5763797
9266983
5593739
9397259
3971673
3717913
1967439
9568401
7552179
2641717
6570989
1623371
5377249
77063461
1342003
4460051
8538437
2235953
6391583
1912313
8784223
566791
2647721
3352157
3498657
4212147
96237
4466871
9222141
6923871
5212767
8140491
4074887
9419969
364987
3182051
814363
2462309
8487163
9088967
3881971
6516993
5333887
6027957
8380463
4045733
7091683
5050819
6857899
2178523
9239947
8081283
9181089
1815933
134934111
1178779
6159661
2110253
8748271
1720743
97347
418719
7372713
1323177
4547373
6259271
6263971
61910759
759453
7296607
3184583
902933
5094609
3581777
5736919
9218521
6775923
8959319
7278467
7205399
612721
5551211
2097603
3170873
121049913
8707861
4547461
7470001
3731657
7519287
3415489
3801153
1419021
57133099
9439593
9170513
1598041
3623779
5658833
7037471
1040263
6207947
7477041
7118007
2786211
163174197
6859027
8949479
18591997
639443
6808293
964873
3003141
30313
9653621
209729
529307
2618761
3370309
7374711
9424653
5435787
6941593
551831
1247309
4449159
8408821
8762667
355417
6649963
8736467
213771
6439271
3188111
5967987
897157
926313
2459087
5244729
9050681
6600891
7176387
4769047
4441519
9386259
183704191
9873727
7265573
823471
5899557
9614957
6995221
283433
800041
7105823
6498871
7999857
6599919
6906347
3661869
2088063
4512951
9408283
6874711
4188951
9745687
8035821
8927831
1876777
300121
8691699
2762717
9793317
2035037
9424027
4642161
2484673
70239831
5789737
5081997
9616961
1327451
1083261
4192443
7823151
154599629
5047377
5330243
7869859
1742399
2273361
7117067
7449393
8417093
3696029
2660593
973571
83533177
225089
5163289
127823689
2073137
2712143
53351627
5334083
81832949
6249237
9344291
8731921
8628563
406961
1181411
960077
213253
8232903
5773497
