9667079
84625481
1919217
9764393
6163491
2004809
168279
731251
1543861
4414133
5432381
4606987
622919
8692527
1976223
7612811
9625517
7442253
4956861
9305143
7844567
1508829
6624437
7553847
776341
4385837
9964797
5568057
8864473
289181
8285581
3096681
3274431
200451
5611537
8237891
1337251
1125399
2112791
6561913
25199
8315749
8401937
2302887
97587599
5210431
7070181
8201061
9327967
4376163
7795657
3260313
324293
5094699
7262037
4099977
2780801
8393461
9096439
9783137
3274561
1671181
3438609
7538823
5538741
144259103
3204307
6239369
3405241
9752919
3692081
1133127
7198527
3012251
2144759
1334427
4881021
9682071
2474177
1833739
5861481
1281519
5487069
3235061
2419989
8863997
3080673
3230123
4756283
614443
6381307
3023347
963031
5562577
1901169
5471531
4378411
7571333
5819987
9932891
1670011
363299
8143027
8760427
9757109
7229169
4553689
2640129
6434087
4449827
1889821
1129997
935207
6433953
7481407
7159967
1333377
6067811
2470717
2794541
9408961
6786331
5083109
2071207
8307177
5229861
4019509
1671141
8920207
6847197
7551211
3477501
9332459
180022691
3252333
9725307
2943159
3202299
7554871
1893343
9453437
2051329
1201881
8271547
1056631
3714283
4846747
7381719
9826909
1452251
4019703
2713431
1310293
8260613
6048169
37337
3846773
9533287
1615623
6605353
7008753
7379623
8376817
8845821
4974713
3696881
2654793
9039291
2350289
2406463
181465549
8673341
67491279
8397673
7809787
1722921
9577669
4818183
5873849
8122273
1944951
4597509
6550687
8654583
1492143
3151923
8846087
9354157
6728499
2369351
8773343
6142509
9773919
4694269
4900319
8792369
128453849
8591461
8525199
7680933
4930163
6626733
8113133
7776863
2322901
8492329
237389
8468167
9444929
8118829
4688227
1504747
2911531
6926077
139921
8898063
3244213
2815373
8896301
6187417
5891491
75531
3376121
5556291
4681877
6901857
4804201
5869243
6905907
4518297
4298637
2367927
9507557
9069081
6271119
8183677
6933339
3073237
2378307
44773863
6397139
4885693
7899789
6449749
14139863
7138487
5829463
195122739
1304359
9366933
8179137
9623167
8812619
8691481
7827299
3870607
3377629
7649933
85855351
36875503
6888983
41478969
5508301
744151
4868769
469159
3746901
1020869
1179607
4245293
1951639
7994023
5991387
7180031
9072867
6251203
190719603
6868601
7030999
2925281
772333
1080419
6970203
5355459
4775559
3747407
926683
7223481
3434381
8101287
8099323
4610849
3900113
3154727
3634609
1943097
5785703
1582929
4526647
9509603
8935869
9865089
9313949
1102047
1860741
6059467
4203467
9501523
6906879
3857869
4373179
8356897
2547553
3851199
2787951
2575473
5520647
9365719
2105983
7715123
1321587
3404597
9882331
4815143
2508369
6523729
2213311
3481597
8358333
7275287
1384733
4964753
8300849
4180961
2048337
2366053
55689
5951233
1804211
6351611
3271049
6306429
5278751
9453421
6283183
8867979
3384789
5789493
6650639
8486749
7188739
8249951
8703759
4316849
3983317
4683499
2183429
9401343
1058979
5307841
5716263
4065339
8266623
8758953
552361
6513797
9812647
12809677
7472069
1005199
1108757
9426411
8079517
1160743
2238363
985203
6592717
340767
6132573
6545999
8247453
8184993
123741367
4902203
171461
2397069
3336729
7226423
5985789
8011627
3878357
3382187
3847141
3715693
2884757
6664077
9859481
9881731
6494923
4650579
93711881
2082233
7875943
4309127
429003
4805637
9578913
9038613
8715039
7406283
2371461
7551951
5159191
7561609
2769943
9136029
4676083
8165879
7027797
975703
5421771
4216747
2215649
8427567
1650513
5059213
6090433
3577201
8822837
4363963
502429
4941933
7988003
305681
458423
8377989
7733749
7531331
9747589
1074539
6079699
8773031
938601
9963313
449991
6751443
6263171
195020641
2819211
6984773
2696509
1206061
3060053
3247023
7722337
6706451
8565881
9256067
8084309
3745829
472647
2950699
4108407
4661267
3329449
5689203
1986217
8043817
733299
689931
8524759
6898161
226503
9828927
8899133
51917
6417129
390169
1668219
505257
3682073
3905127
7108573
3328017
334183
3292281
3890323
6342379
232917
3712769
6935079
1691881
1708281
5906459
4277213
9226803
3070171
7436097
274667
5006173
6281127
704443
9533379
2019043
3007737
1048483
3530993
336031
7721887
9154827
3958409
1957241
8222883
4795323
8406449
2703657
2689749
9695359
5528151
3563803
5257207
2505787
5769983
2847371
9968189
6456311
1587347
6602097
5953973
2809757
4958853
6008043
1801769
9949793
2874077
3728551
6744329
2328333
38403
1611517
4267997
7195399
8394773
7741643
1026853
84979
7467237
1426243
1236647
3164021
7988043
5266123
1947697
2731559
6528717
4334151
3883661
2212243
3170713
6011377
4382599
8293847
1503747
29477
6261097
9912369
9544079
2089073
68987359
7115711
3062829
4399541
386009
6030097
7053569
1288301
7122783
9796921
2780913
9956019
3556803
8161281
8662479
1602781
7728859
4725877
8053001
2380803
724303
5105741
3766401
80608369
9710007
6180591
6901599
1216959
9003809
5755501
2251079
747883
75368937
7952771
696141
6317231
6778949
7066021
5217927
8406589
151277907
3847463
8415751
1684867
6891679
95606837
131961533
3279503
4333453
8250531
4066653
6340939
5481029
8873923
5114921
7333851
5363227
3385161
4298931
6045101
7165909
1123003
3634553
3028279
8337439
4350647
4801351
7676173
1789957
1473437
7651489
157007887
650089
554279
7649063
7552063
3383303
6971481
3968219
4567971
7276501
8842901
5866491
1552347
234723
209301
2361487
5306867
5580067
719259
5046531
7141511
9513199
6568533
3856691
5191609
8995253
7996863
8248219
2521373
9484259
5115413
8552483
6052077
1094849
9139401
5129899
3338823
1496351
5540723
5081513
8833381
244979
4794589
8380347
63829609
4869549
153278649
5091507
6016621
189087
8145149
6635617
6734631
1192053
8475513
2938081
6907713
7217569
1424987
4169521
6914799
3176857
5042401
1076891
4579293
9612307
3045819
9800011
1492471
49859
7398761
4456549
4736807
3418193
5833313
5904759
9132011
4517561
5006327
851009
6054543
9289947
8406281
1715297
4879521
1410321
8419923
527801
8481889
8947113
3947019
7150943
9181301
5311941
9817751
2824169
8241577
13033
5557409
3731867
4513627
479003
8783389
2320319
3728493
2225981
7609287
