9113761
1685167
9113771
1668271
47103767
2906061
8898641
7642397
9183267
5158867
229109
89917017
873609
2744503
4609629
9627087
9925137
15000617
3072971
2965947
4582541
9618983
413937
3299909
7026121
3331603
2780291
3750951
3150471
5088551
8272251
1922743
912933
3222493
9601137
6757169
8774837
1310913
6976913
9158281
7841851
8960117
5348519
8788623
2702657
5043633
2320081
7052069
5649787
4016771
8078963
6245691
6505873
4776937
6124359
8197383
3689933
4844611
998313
5541031
781623
9434609
6695649
5356389
3437729
5377733
523197
4950593
8690491
6982613
122099151
5955463
2256031
8442387
8697941
4635377
3825061
6616971
842769
9003491
9567839
8649277
8556613
648881
6131331
5624927
91928099
9260771
7449341
1846483
3601369
5912603
8586717
978881
4596703
9440101
5363269
1901247
6024391
2122353
3169631
7847957
4102771
493719
4664219
9289269
4937201
5299463
4118797
5529239
4983803
188188203
4693069
8170527
3552133
7985089
7028597
188257
3000463
3336613
4255953
5505401
6366707
4457161
45871
8166783
9728713
3599559
329093
1266287
6010109
3729977
6868493
8098369
9457913
3341707
9690459
4155533
2185819
4685981
1821097
8042013
5125411
4474327
3654963
9464099
6846717
9242319
4465337
8873437
68849
5641091
4986141
6296677
8540309
8520703
8870347
7013827
1703731
7978057
890753
1131139
8673557
6014479
3205579
9324893
9156507
2930913
6351879
6271657
8073093
4507949
1838157
3802753
699543
5963191
8455253
4655021
6225193
6958997
3923371
6828837
9549313
3736199
4530231
4863203
6684217
6131221
566203
13461609
3305811
763653
7751979
1419301
6446963
1075621
6232533
3234307
1920179
8635979
3869937
4516799
6102827
3910747
6014083
3918507
2058247
6475653
7332681
9855063
9231459
5352453
3604243
5058037
725987
3835337
7394757
4884367
6527131
5922199
1051037
2657123
9970009
8047077
171351859
5442231
8616437
8066863
4884509
1960691
8140231
8591581
4029191
2024149
2818077
4348919
2992557
8032291
978121
9593257
58777151
847993
3065723
6106129
6066201
5016687
4440119
4341749
3233223
5043667
7795267
5136621
6860617
2262291
9423693
6710099
1100719
9349371
7391331
5018597
7971643
3906313
2398913
8414833
7586673
8543813
3208653
9709913
6346387
1615933
6099487
7904423
8496197
7382793
8208429
5742321
3617479
2574123
2772023
3397199
7780219
3388421
8659189
197339043
2489901
5654309
6563617
9400283
3636201
8382377
8507931
5685891
3425009
1488737
9905883
6440811
759381
131103007
6174837
9906509
633253
5337821
7671593
7444121
163049567
6635087
5214931
7492789
9736581
5131231
5593381
3860101
8586127
1107161
5784933
201321
2349131
1996229
8431877
954729
3925411
4362027
3638793
4393887
5932689
2914691
444251
2016547
7067549
3085657
8666583
4457153
3999463
317203
3897489
9007537
9917303
8287593
5872869
7794283
768939
5033987
8627553
3504761
6129681
6602087
28692333
1499629
2169257
1031469
7332237
5747059
9844193
129883
2222711
8411287
4036143
143071
9714407
3928503
7178937
605329
903899
530313
4395779
8111057
2669391
1952589
5659457
6941031
8736593
7484769
2256839
2263653
1266311
5445969
576487
1579017
7568949
5855411
5582639
8193319
1092197
7347701
4897859
6566563
1288289
103895581
762883
9565497
4113173
1542621
7858463
6061959
4268543
6973217
4734791
5239429
5677447
9363297
3613391
3498137
595731
5402839
6972011
8435787
7978133
900573
6040153
6543201
6614837
1258767
9538287
2543943
9813903
715879
7290067
168843761
8298767
5679303
1733393
1323409
4890009
1114367
6991143
4209381
8942179
9460099
3495891
25032379
121563
5753123
1244857
6301237
9040907
9542743
5431421
5563353
7505531
2439811
8436923
5971329
9932839
332509
6256321
8955041
844089
5993039
8971357
2634609
8810161
6758307
8078441
2874671
502707
18805851
2344107
57716053
7486449
5642533
7300573
2158631
2799611
517503
6009783
6632417
3817241
4877187
6839783
38239
6537867
624381
7526159
7737583
3279701
3603337
6031859
3390689
3297759
58287
6639323
7758209
8003591
6453759
4288733
1263237
8235781
2866529
8683177
9862787
3418983
7054769
5938087
8430519
4426229
8357681
9462417
432063
4610737
1458713
3598153
2512421
8845977
9846851
8971041
1959139
4844549
3394531
196666429
7467659
4810517
6941263
3066943
9979053
4391869
2288657
153301757
165196203
5936717
9300209
5346497
9060151
7819563
5497919
1403957
1894813
91979033
155107901
9779039
3261499
9471213
4030259
8685363
1051787
6581607
1654959
7817233
3663907
7514687
9425491
852823
4056503
24190031
8572777
4164319
4552423
5835949
4868169
185053
8032519
2673327
5104629
1020069
5507153
5394133
5771177
7090891
7554727
922567
9532213
4921167
5169771
9068509
3548843
4446849
3141191
3386463
2842733
2062639
8414087
6208443
111668837
3921621
9496279
7583167
714377
7419863
504403
6682229
9333013
1372583
7888719
6821763
5434981
9440043
8950741
2539689
8724327
893653
9285671
9127471
4055089
164451
9884499
5244641
5848253
8962117
190867
1458217
4787033
3949257
7704567
8992581
7659467
7185073
5527999
6097483
731357
4215571
4987697
6266299
7068969
7168529
6740661
3193759
8890637
4984867
2631259
7493569
5886431
5411547
8932631
1200729
9978009
6053821
6041949
2300029
3316073
8480851
124997213
5188513
2775121
1819443
3073189
5191249
451713
5743593
4730223
9538633
1252563
5314313
9721029
4402263
4885313
9222803
97431443
6322409
2872601
2698773
5877549
8014687
73488143
2508841
3831161
9313331
877263
7454389
6145327
144969
4529253
6290757
7368473
8703313
8981599
297991
9683107
2505083
8370363
9883017
3180757
120662767
7673127
9689703
194157
4543613
1343773
8289497
9825611
8266503
2676727
4143071
380939
4108641
1461309
4629549
6444233
6858597
5955047
3291289
6867081
1126351
1769639
284197
6262151
46341111
129939111
8533107
2240501
1746157
8536407
940923
1491557
1395799
1569551
7097579
5607869
675703
5963261
2307251
2843179
5539187
8316831
2966229
5219841
716339
8594077
1186753
1548633
3284497
2222599
4901947
8091111
6016949
5353987
4912657
158342323
3509399
4260801
3347809
4979189
864037
6318067
5534753
3451823
186971
6115369
3438939
3685737
7427843
127019
1448501
9963381
9266827
4966943
1285343
9430877
9351021
5732447
6559617
4633693
4284503
8389367
41454197
3377571
1733109
1150941
1203547
245783
5572033
8443237
4300197
8852691
9669289
6255321
8699607
8757939
6246741
5136231
969157
9840353
217263
7348137
9694229
4851837
1444957
6666923
6978349
2630249
104506349
3277193
9764397
8199151
3725683
559989
7556981
109649619
6083863
3142919
2559333
3295643
7599193
9600349
4401893
9233791
2363747
9362803
4629657
7114813
1193323
4945417
8634203
9665729
8588523
6435137
4944151
7800551
