57819119
6882629
9793563
5621779
6033763
937611
628307
9657989
4807349
4650409
5766297
2020707
7497559
6465873
2732421
4728761
8967053
180931
6363353
199672633
8510541
4973187
11569
7279047
2532483
8073907
1539301
5635839
8104283
1635289
3674857
8369033
3890003
9700279
1556319
1404767
1416021
9067839
109193
6689757
3668349
9184279
1915067
436807
5821901
7886747
1187269
8806541
7456831
3405933
3573397
5693079
9750659
9285571
2338327
6090869
3104243
146383
2369051
67926797
828693
2642923
9953529
4865939
9908061
3909647
6571337
7521527
8316113
6002069
6110621
9910609
6174233
8780607
4617227
7222197
1868817
5728363
7126289
7783951
1773661
5784417
5905717
7432703
3360387
3809907
9896427
3680357
7122667
8885799
40493
5204147
2958819
8175877
2540977
9641659
7818303
5475983
7705461
9158873
1307569
9179853
171885553
9752409
8321303
8803477
2186827
1744489
8882049
7250021
9068121
3353601
3031709
6176079
9765143
2987239
9323099
2841489
8121437
6970193
8028903
7451191
4410709
8555009
1681619
6902767
9532577
8037787
1338277
5544889
4839649
5405449
9142899
3953397
1092373
1115453
6344389
2987607
43339
6949359
59963
6598409
8654637
3703161
2025687
6756633
4733371
4050019
3244599
4798463
9953407
2221257
8157367
3712751
91377
1417791
2012051
2908241
5732359
5444221
7989603
2788409
7452923
1097203
9445101
6259821
2088979
1794627
9339243
3604297
8448201
3120341
39073
3063191
9380177
67460047
3826519
2254011
6692337
2085287
5910063
7194659
8756229
4966073
2030297
8546977
6683409
919161
6419917
1696913
7193619
850777
186521453
6957347
3607169
3138819
5337459
5880083
9383879
7828963
2138621
755271
47271797
9618987
8442233
4881241
8493237
6031067
6953889
5428093
6968071
8351427
3796061
1208401
7451597
1640201
1548423
7748873
3696993
1245013
5930681
7094527
4582257
49843629
1486983
5305501
8865811
6889957
3363927
9010377
292589
6346171
1618887
4310649
8138183
3718713
1276547
3498763
6715109
4897193
2887933
3048247
6315277
8336189
3035369
5270761
3343511
2628507
2098909
59218859
2534981
8793103
9023657
3591647
3670659
1512859
8116889
8670587
4888073
6641333
8385547
2649007
9581399
8977183
8959567
126713
1326583
2511369
4994019
3149753
1068209
9066367
6380351
198749
6435377
4900109
5967291
6645917
7397041
163270483
744339
9541161
3103111
3953211
3931709
2868723
5673957
5133361
1757519
4812161
2889493
2966161
2435733
8689951
8364837
6309629
8188119
6838273
6561633
4407403
1843461
6548893
4255549
656483
177266883
4115039
3786711
5163783
8121913
4923877
2547067
6876559
8428047
3507107
9102219
4433833
8623299
9970159
2829029
1739479
6561387
8918119
9823159
1423197
22490551
414241
1471337
7920321
191290183
7412217
6731603
9702099
1589703
6216673
7047663
4346997
3429769
7693799
514497
3958299
5650109
9754783
2331937
129927
6715043
5436879
101603093
7048339
8370737
3524303
860023
6292303
3679811
1854019
2704243
528607
5620791
2554151
7747997
9819409
8366341
5270461
4740393
1868191
615799
2408141
2458787
9326533
7038863
8133279
9364673
4375301
722727
2028489
7152247
6208913
4383861
5604447
8545307
8802807
305841
6500443
9668279
2613333
5697549
7356457
6914261
9831093
519521
9082661
257927
9957359
1441127
3915469
2112873
9292143
316003
3820621
431591
5674273
1363137
2070231
499181
4896171
1149583
5268451
9139723
884373
489783
4978509
5718971
8132929
4160811
6517803
1397231
5897077
8267783
7915043
5815323
5406831
2827959
3811969
3223811
7700643
1828273
8182821
4030399
3088443
8414487
5396057
3933587
4111633
9331879
1701337
8010297
4167821
4837599
479889
2175351
3660527
337051
7344743
6433909
3107301
8137369
9832291
25969
4947689
3144173
7013551
139126169
3242339
5311733
2696747
8330353
1259623
2031851
3143839
1662771
4499573
2059737
143726149
6141657
6628021
3172321
415711
7685663
4746477
4350387
3099303
6551591
7712503
1925531
9013977
8334739
1183603
4475719
1025773
5929159
626813
3246849
5770369
7201123
4547663
529359
7048537
7040221
4765329
3887767
7164969
4721083
5265177
9808669
9750559
7904823
914067
438471
3580929
5215239
7282857
5828293
9947601
4751089
1223949
4312539
6766821
4673307
6443129
4458973
6776251
3486811
8757739
7992727
6069373
1170709
4828577
4858089
148195649
4739657
4762531
1789281
8322907
7787137
8441109
6454531
2999651
1274903
6750741
3622329
630337
2311431
1377707
1478877
1534097
3656521
87406907
3776863
2836537
8035071
2738069
3417563
2374559
153996521
106059
841093
795973
438959
6992313
9761433
1674497
117129
97719297
9408457
2338747
3075597
7938383
8497263
9838291
1694481
8221867
7322877
538143
3891787
8740603
2559251
9664209
398901
2039091
246901
2446759
9318917
346871
5778389
2691141
4455307
9198071
2176717
8698241
107784593
545633
3167881
9021251
5035269
2671
8676483
1799167
437341
5448067
7475283
8771271
1489527
626889
8796947
1360553
3112653
7002667
1421233
116750331
8320027
3768423
6095961
4125637
2535017
4910529
6493619
4749043
1349051
5593937
1322479
664309
2166713
8693717
844991
6419091
390867
4596463
2041951
9678763
8978311
126279261
4456119
9078101
8400451
4217191
3525119
4958369
9888053
8795561
7830941
9356311
81143
8782367
188780081
9772587
1703661
3583359
7037779
9166839
1711373
4675967
1909377
7446787
4774243
314409
1334299
1335419
1162789
7470621
79716431
5821417
8477773
829777
9066263
8164523
8698229
6219213
7308781
922563
446963
8611907
15486643
7632359
1605301
8373753
354581
9426371
5712941
253333
7314369
9078637
9329331
7339473
3244043
6186127
3030973
7595801
8194603
5464927
1621243
1698251
1486851
9317913
7834271
9189027
3524921
4325173
2901337
8891719
8123247
1209087
7927843
2696793
8667119
8351649
4129657
882733
7584959
7041821
705687
1688973
7613331
5262939
4398039
161193
4812921
401301
5285361
8328097
6046101
168253
3842171
6984423
1271183
7629413
9595863
4996681
3900983
3444997
4368049
4783353
6165877
1201861
4448883
13809173
9340457
1196501
7902061
3506783
315347
1764497
7711287
13933
8656559
106526457
511687
9027123
9035027
6496879
4434969
9102921
4363999
9498977
1412661
9227997
6674117
9289171
123815567
3052593
402897
4502291
3801943
6998897
1959507
628219
4491901
9081003
349521
49257
7147057
4718063
7431193
2470637
2824467
382749
1740809
9291591
134516163
3295337
6335651
2717193
6447009
8616299
82779911
7868187
851821
6520041
1624617
2318423
6882131
1962481
2298679
9869657
8934309
9360987
92481
5313443
6160141
3206059
271539
966283
4569221
5248907
9767979
8426977
4445987
9869313
9302439
227381
7516123
3027133
