7232263
5870867
3083937
2767627
2686623
8038321
1476691
6243003
3810279
6091607
5334747
2676473
1186497
1990093
2672469
6536167
8260483
3436469
1021363
2156687
110759641
64642533
1534893
7356691
5931333
2070803
4280171
4859209
7356463
2548349
1293199
467667
6367617
6184657
5950047
263949
2405041
507403
9626809
2307933
8730239
144333
3577797
1025511
959751
23790357
8979213
4422269
8591783
5337739
1160381
5357791
1737271
1822493
4357163
7815599
2579737
3895833
3824133
874473
73662409
6510363
2376421
5312861
1361137
65303851
4812817
1907157
6450769
1033931
5577819
1379157
3527261
179669269
9760323
8402317
4210117
7696167
62282941
1109781
624517
5085519
9698563
9210463
1918399
1983399
4228383
8747097
4151773
1332347
9365713
8962419
3832607
55913867
1751269
2590689
9139981
739167
1036409
7209173
246193
7898559
6725109
2065007
4527159
7243139
6591597
7040233
1003117
306039
91577323
6677943
5152999
8975341
11689453
6017539
3696833
1629449
2995979
1151631
8199957
6043099
6209343
83781
4307307
7701499
579347
5275801
5887057
1484407
7075633
4094351
9941601
83567
8959123
7605711
4159697
4089047
869283
3223663
6533313
6140977
5307427
4988043
3221789
6149833
8146161
38963687
6452833
6568423
3396811
9643187
7064561
2214409
4239743
9047381
7523917
486839
5904117
3999137
9198889
5184779
9933651
1143609
9602407
1967567
2624477
3208341
3902771
4776333
8473773
8064739
1589483
891297
8626041
724473
3043689
4435103
4518603
5067529
813413
150449
7945517
287089
9558799
7390379
32752791
8304309
149562873
65402641
9899851
9428501
174059
8481707
2020679
9101619
2164719
4911229
791613
3577729
1961069
5661997
9237589
6338367
6727999
811483
9266837
2227791
7872129
9371223
8460149
928441
1345897
3024179
150064941
2866953
3765087
8033767
9533639
9558197
6253257
195531431
7516733
5553747
9919049
5377913
2058533
2089111
3924069
9805719
7563169
9678973
9374453
7593387
3818397
8605369
1291193
4541617
2275547
98779
8151501
8028669
3117133
6248603
9000423
1101083
7582809
8992417
8217141
81301603
6816683
9402569
8585583
8392737
104069
6719479
7011379
4642501
649781
9456963
3864881
9758857
558319
2649139
522713
2079299
1356747
5142279
5804397
4392569
7625179
218277
6344809
1320313
4356579
7584253
8812157
3287683
7313843
1194823
9559049
2929181
6820887
4258571
9171759
5186941
663779
196264499
4801737
8668429
938009
9776761
9296399
8199783
418483
2610563
8874711
721239
6353337
8897473
5362699
6051599
133987
6310229
1618551
1286707
1094481
6672543
9507541
7744989
8281891
3529019
7830801
1728697
2609077
4378107
9988929
1885899
5774231
1196811
5016453
8161127
1235643
5720413
5212227
4251603
9048819
5590027
7101671
6323433
119536389
7815661
1557873
8712873
9895081
1062541
2040253
3103927
3357963
6382677
8388259
7155417
1687513
5985629
4218767
7108429
9006171
9946131
115868309
7840791
9789497
392257
5516847
3675941
6996217
5247059
9671987
3489941
7269847
8544143
2978313
1847947
8874391
4273271
7386199
33802967
4665187
9805977
6049151
9262153
7729069
7523269
9658411
6048209
7287793
5331287
8993057
5318913
5382701
2209767
3321769
4573989
8928637
1230761
9812053
1559819
9226847
7369781
8531349
7276397
4124301
3307613
8601513
3393893
6358051
4779989
699233
7214683
9756453
4148141
8894597
1296321
8970269
1194233
3720701
7627109
8277733
9511269
3671589
3237543
2881801
103844661
291737
1115497
2668149
3693003
7050383
747651
8125107
1433069
4848063
131947
4979877
2071987
8476133
3353691
7658747
3564207
1433113
1361099
1208627
3304929
5220453
6007109
4324639
6703467
4898671
2991183
2740629
4118147
1344777
4673789
2571419
5306697
5127611
6741697
6729563
7633689
3492533
1757367
8190549
1864669
112219
7683139
6340857
2963403
7458341
2782757
7299689
1673273
6035197
78853
7482513
4036457
9289367
964219
9666803
7758421
9802349
377957
8312809
7692437
9203331
5482049
2549051
2515301
9000009
3948139
3970081
3938587
6203231
3998819
2653919
2356577
7489927
6453003
9545227
5197919
4139379
124167509
7045647
5394769
749281
5344801
5454813
1679263
2723787
2260077
1940503
2150149
1652529
7668603
598059
6138271
58518277
155280647
2554493
8028049
9717057
542457
3922469
9018629
6627511
7499877
5044359
6511989
6782031
8168743
849501
5260141
172249097
5052239
9435109
65068467
660727
8661589
3172591
8179109
3604907
4724993
6439071
3575349
6875761
7754681
5495459
3368121
3004233
872779
5609619
377403
5776913
9883867
2838867
4307479
6350909
3592653
9949559
105520047
9796617
2496371
323727
2082793
283203
5759881
2714679
8883033
3414269
5512477
1361927
5588147
3402331
9602389
3106401
6825719
8643173
113515723
5471821
5049607
2923127
1009631
5071313
1796029
1067569
3306119
7150679
7924783
4825619
6012139
3489837
7999249
4287167
6539423
1846831
9997783
2239749
9490429
6526117
5986117
6190369
184477361
3061837
2420513
1054151
116452661
4602277
838603
8748259
4454559
7752153
3746183
3407837
6422339
1152369
3570983
5121069
1492511
2726701
54935259
8405311
7596963
9793591
7919913
2730797
8941031
5197607
9596679
5829357
2822939
7824217
7602783
3477047
6323021
2247569
4363409
5427623
388511
571667
673779
3784231
5902117
384247
1075817
8238123
774013
3852043
4159921
7121643
2725741
1487279
5955683
3745633
642219
5414569
8139109
2236671
6233501
102767439
2246449
6782553
9449473
90864957
9219941
7993099
1363847
5600691
4686363
4141223
807809
1467381
7053099
1104537
8755081
3006147
9799181
4094523
1021011
8593933
248789
797129
9486379
4228837
3129003
5839889
5584029
228387
5654683
9716981
9756111
6174511
8733501
5741191
2997411
8808881
4110611
5237267
6296277
3011137
7949151
7089719
3129553
7563793
8964601
6985093
2453857
139933431
3255987
320923
8157803
2584023
2977169
9161757
5285919
4144733
5089549
5820649
7947029
8310533
6751273
2927077
3587507
4562843
9225719
9255401
6231313
5607149
6839853
1796373
7373213
4375417
6685167
8067377
5266909
5429977
6434911
113058929
660231
109839607
8147401
7505403
9937917
8571477
9319747
8446297
3227387
6895019
339559
4909887
9569883
2545719
9852559
2758741
2362437
1735617
2984911
9682993
6720227
2295709
567917
7398351
8229693
7883579
3951133
9657803
3791359
2230429
7825481
6564667
4968543
7186293
2794209
3935207
2658031
1432081
7050767
5151891
549967
1599061
275193
3461197
1663147
6757017
55596857
9647533
5205099
7952089
3807149
9679669
6722947
3782887
4452567
8357303
5915357
4520827
65384871
6846407
4046029
9138003
2206693
6458197
4720603
1394399
710611
1516973
2741109
4037781
8871853
9344701
3171839
4900059
8949961
6591493
