5301541
5617161
4751901
2481541
21112499
4688229
3406211
3824693
5132567
580837
9021297
2700827
7204651
4770077
8738657
8286673
1502833
1136273
132613
6768857
5926787
7159849
123465823
9464269
5695201
563341
3746199
9390829
6625509
9243659
6956637
4973367
6352271
9471721
673923
5290653
3917107
1789791
47005317
1487063
4558841
2114507
5331893
2203907
9201711
7025867
1178897
3385583
2287827
6463611
2913467
8767983
8626413
1461483
1593943
9240267
6299163
611567
3214919
3098889
6662341
5640719
9924021
2426913
2540277
5476527
9783967
1737799
4309913
2517161
5415363
4654793
5179551
4255861
568753
2865897
7527449
8973851
1634593
1888943
2630511
190350543
7517983
3692411
8772121
9020197
4098673
7100489
7824083
6134859
7378057
6928261
703001
315573
5450847
9648151
377207
407161
9731963
9175547
8825871
2856087
8154659
9482209
1317331
6240973
7404977
8449371
862299
6339227
161595549
1435851
9847467
1947859
7931587
4676983
8853959
3428617
4649931
73632967
6109711
9522253
961319
775861
8624799
9630703
358427
7209983
6877861
1334971
3034133
5051713
4049859
1022273
7870933
1784719
8624921
2926857
1200701
8350759
5071013
5921389
7939087
7507121
1826157
7899101
3048769
3627871
5286557
73048303
9409341
902711
8592923
7391553
12143631
8154451
9226111
6704127
9039519
4589463
3997907
7771457
5079329
2129193
324477
8678393
9341111
2242601
7520657
9222689
88904633
5344387
5974323
7354521
2416071
5159231
690797
6946743
1912067
175133
4543603
7572467
736699
1868691
5326937
9938073
3325461
6839389
4603377
6286851
8383123
1760233
139805549
7023531
2772277
4465377
121532789
8556987
6433317
3714661
306769
4886607
4284103
341341
3928341
5131279
2566289
9080041
5373017
6989239
52816307
2541623
7491897
8231713
8927651
3389817
9553149
6958553
9595551
3742413
3811457
4981441
6269599
9204289
719009
5198069
6084537
6660673
7531129
836569
8322159
1081039
4210629
455213
6725991
8950759
9566817
5760917
9136003
18738511
8760121
3305333
3871557
7106401
3132503
9403197
5093619
3614069
7778883
7480803
1456997
7084891
7182483
4490609
296311
4885303
4531679
4824351
7908239
6131443
52281093
2649899
5355827
1981239
4731773
6061819
134346421
8459873
9332943
9112889
8458953
8298291
27724563
1592333
2069937
8019669
9128863
6217721
1149783
193057
1623151
9311731
5672769
109297
5262001
6414299
7090201
2678449
6607379
3467297
2157373
7324771
6785661
8330699
316251
928693
2951037
48740643
704051
43353
3140943
1473381
7132039
9813859
79920199
1584279
1483549
8918569
9282177
9984441
3696289
9615911
4798781
9727549
2081707
9597983
7299629
2344417
4431311
6174693
5004209
1522999
3611563
3219531
5440087
3074041
11086349
8256399
4391321
5613567
6746599
6975631
5538023
534629
9036921
6188171
1150873
2427139
7533389
3044289
9677251
9421967
560231
6095563
6326449
3319947
1050259
81017
47833
9747053
5839583
7365051
7384873
9941119
7018023
8893569
3709333
5769869
6841601
2246767
7740977
3784079
540977
649541
1213747
6393241
4590177
123163037
3423953
7791547
1199179
6516633
5193873
4495423
6270533
9177507
3905839
1591707
222331
9666353
6526897
4295483
2115439
1153893
7099823
508893
4438421
3042977
5424189
8784691
3714777
2354199
7368459
7299513
6386927
4607679
6211347
969543
231013
3943889
5829521
4304017
135556721
6903027
102039281
9460941
8462047
9249529
5319343
5999713
8410067
9053883
8761649
21377
2058651
684353
4285993
8521303
8912567
3453317
1341211
2207623
1935987
6463293
5306097
8150289
3124033
7664457
2444189
2560653
90133221
5436057
3810571
8972091
175107
1240277
8219637
8537979
3095021
7111859
4084677
56264389
5541707
6920683
4849279
8545707
4228177
2347101
51616949
8782509
2696049
6556903
3044743
6528939
5569941
3064849
9542087
8012837
8666811
6739729
3220951
7707397
77045991
4305053
5937301
5760131
2648897
9898209
6599681
4198877
111802679
2908247
9723827
9757961
34679
4887483
4638749
2479571
5706429
69521
9069621
167539883
3531601
4105069
8720189
118273
6229819
8875323
8353703
9954529
4945243
4771431
8449289
7688633
7115381
6446949
4315119
3588859
7668111
2145117
700449
5035937
4277573
536841
8713319
21321
1130691
576407
40551
281479
9195049
9213623
7516927
7511421
4074129
4603607
3855533
7811419
7016511
8204309
759767
8034787
1712343
9528787
4953981
2326609
8849321
4112581
4137011
5969259
110190411
919053
1886779
2000807
1230631
8514987
4903703
344259
1288483
7990393
250741
1366053
9994801
2785047
8784383
1914311
3546997
381407
4691483
6069803
4216891
1068841
428707
5691189
4661219
4136719
6967467
2043881
7290013
7193903
6889399
8893579
3635939
5261251
9591339
7925653
5133547
9610301
9853191
1133331
2294777
8178709
8472321
8939519
7224557
1547039
6330277
119616513
8852113
6431263
32903
7082021
1545517
6781493
9556043
9653551
1706263
4489291
435383
4513263
4716381
4296181
91428139
4152523
5189801
7387297
71895403
7830071
2183699
2313413
2410317
9545983
7960833
3138887
7468017
3824217
6064353
5924533
1809687
9939173
8829029
6589029
2387257
96108029
3479417
1302897
1972579
5397761
9016091
4689583
7509149
9545119
8061021
5087067
6105433
3019511
6364933
7347089
693023
7281477
9185541
5967351
7705709
9941111
9796753
3739559
3175409
7388213
1036163
1619441
6502229
3894371
544807
3227273
8517951
47380599
5033221
2041099
161455641
6622167
7534733
8686521
3560867
9233069
4215641
8883857
5154573
5165767
6354897
1385779
2442073
5088579
4528031
3210307
5290041
2791019
8857349
2636493
3016761
3435323
4708587
69141167
9289603
5212763
4762233
3729563
4196561
7394579
4138843
3234241
3742099
394481
3623377
3034197
2598197
3843489
6822931
6114651
3724359
2970907
2515039
1017247
9483619
5909869
2580131
5120603
4551923
5901771
7182213
6563701
8378641
7553573
7898641
3935601
50583787
1886417
6305511
7913179
5768547
8622117
3969853
3019599
3937929
4313999
5576557
4870247
2842179
5010397
5893991
2163389
5307179
14466561
2276871
7722483
1201661
5845069
7776469
3882113
2384529
6776493
2168821
3595487
1380273
55911163
9063421
3859443
3664741
1335277
8090931
9896829
1696273
604331
183113
2380163
6179647
2984693
8566179
3647447
8034593
4573917
3018227
4552899
6659469
5303807
6268659
2634241
6737701
3953603
350411
2592861
8969013
9340857
4532317
4073391
8583683
6798269
1079351
9687361
693441
7109463
2835187
4825087
8538659
9975527
7002743
5956593
9243041
9040557
9996939
5541449
3774379
2232839
4822859
1816017
4727087
5021013
5949013
6830987
8383927
7714909
5146133
9417761
6329139
5306041
8163843
9729413
6980681
1592043
9457169
7778327
3632471
3841147
8791921
8629693
2005007
7319289
8110427
5235601
1309997
4836171
733649
32357043
6485671
1492173
4511651
3149167
6746359
2252983
