9344503
687289
4118253
8812601
4985413
8606073
5336281
301159
5862033
6239079
651549
6635019
1993057
893927
6609647
2114607
6040863
6854821
2062801
3208061
1019311
9475349
2833233
3785233
168693
2046647
8160983
6251457
3849309
1702711
154273797
341403
5353933
9612153
3516593
9657023
545009
4143693
9675391
3333901
5222501
5028291
5531583
6417243
9290013
2212539
1160993
6042477
9177687
2060201
9177647
867073
405427
7112543
5114789
664207
1396633
5694601
5569717
177844367
5804509
4372899
5994593
1578837
2492987
9100569
3277823
4719417
3423627
494989
8736971
5955613
7357451
2863091
7056377
8557073
8954907
1473847
1205729
9283007
1842197
65158637
8433541
144399
526371
4165859
6821419
628569
5260219
4876547
9296621
3166169
1660243
1659461
6339531
9867851
5421487
497301
8814207
181421303
9917317
8837679
5444129
8031919
9175543
3200739
100111
8420731
8590117
1063979
3403447
2663733
4538147
8536903
7086051
5214317
8850883
8515819
6009941
441281
171820081
4460247
2985753
4411921
1983189
6609829
6614457
7963121
119295767
9289471
3371061
5169967
5806591
4047939
9118381
4838227
87742643
8045731
1975119
160145867
7966419
4585541
9928891
9308533
7769651
4546583
8414833
281887
5223791
1369987
5280921
4544269
3430703
3295201
7803849
4353793
2796709
804709
927887
2937189
9719429
6473079
9654391
8899437
5935843
772777
5967323
47036311
4547333
3787057
5469501
9178119
8097093
4417213
7554913
1946371
8449479
1343139
4620179
2785587
5266807
2438569
5634649
3141799
4089139
4378929
8587663
9971847
7220451
1186481
2380871
7305007
4111119
3897747
720671
479551
7061339
188771409
2090631
3991789
9534893
208179
3331187
61327
5593587
9724113
7064941
7563237
1793423
5142347
432349
5229019
6424433
949319
158406561
229969
1857761
6402321
82621651
9811793
8284483
805013
236947
6254727
9515849
1182209
6870859
8181641
8708217
5944317
3718887
9766163
3336207
1121349
5788383
6896801
5219117
4146621
2518791
5453239
3976587
6564203
7709217
9207059
5687201
4812311
3461021
2878957
6443643
6724187
2145443
920193
4723357
5511787
7923523
2070893
8868329
2596363
7169331
8214399
2522293
4694359
376537
8663469
2124151
191717671
6733959
3795361
1406967
4735679
9080687
8963413
2524287
3704011
9639219
3594613
7670041
6134137
5137411
7816429
2315719
7862869
816441
6659937
6790219
5843033
3464913
6330101
5278537
9025597
1739627
216163
1603971
7253303
6178353
9708311
6409291
3681077
158838801
2128559
6767343
194534523
899153
106590023
5368637
7802141
6846623
6938459
5792387
5289631
9134771
8820771
9811721
9633507
1696071
7856627
1705757
9492701
5710947
7933407
3995323
92811789
9520331
8413143
5101949
2531273
1539769
10572123
368437
4053951
406629
4317203
1764147
5096511
719939
8548251
2192209
7459859
3289581
4023439
2879489
8295457
7115513
6729427
7922551
9071407
6977553
106544981
3376807
1973633
7646453
5026701
4913889
5073293
3155251
6291757
9212031
984819
9830889
44864741
2457481
6824713
3786463
5791483
7578029
3353791
7230397
1223297
4472011
9249599
2670389
3722733
5827843
9594221
9612861
6204179
4425621
3871193
160901937
4032773
1220443
6259887
7913809
3536739
6764497
9561719
1757961
4032857
7171163
1509361
4404799
2857067
8931391
99509627
9250641
478521
33666089
127784419
7371229
2107699
9409911
9035081
1283137
8614127
8599367
1495009
7417521
9426497
8462913
1506943
3425739
7617831
8719469
5111551
1097007
1471279
98988671
3045349
7925549
6650221
9932907
9065381
2015579
630349
8329637
9790093
3657301
807919
3309367
1768899
640553
5694157
4573903
10873
6426079
6377141
9118793
1601571
3858419
2723833
1115303
4506313
11439
573239
7771281
111769343
3831847
1394931
6189717
5803481
152179
3055847
5398459
604563
1148873
6731879
4676163
8933713
8541527
7357239
559523
527287
1721737
2898407
6179119
2069509
3646679
7009983
8040211
9525681
4946819
9421747
6867351
5166491
5796617
2162361
2078969
4001563
7665477
9204307
2442873
8855511
4772423
5933999
3175643
5409683
3870007
48688859
3966833
7802907
8063417
5589931
1434901
7296871
1425003
4505253
9150117
75196777
1893909
7372781
4378967
8540859
4860947
1341643
126111329
5299573
1686171
4796523
9843533
633591
8841181
8565473
6030543
5947967
9947087
2378647
4434359
3845727
2623663
2009783
4178333
4263839
197016949
8358247
6887779
1812747
2965613
8630917
5590043
6882113
6160853
9054947
121293
4577689
7736301
3831161
2713121
6884639
4603469
7513581
6765593
3119573
126808361
481697
9504853
313077
1775067
7015543
3679373
3910831
6589037
9938643
862767
6269081
9746367
4875991
4924051
5801773
5249811
2347649
7878419
1266591
4974209
1222009
3592677
9168939
3667863
1411581
7657771
3242183
773699
5715803
687001
4221573
3346371
6577007
9898337
8239781
3311911
9395369
5982201
4922717
1423051
6811413
343307
7790067
9051571
796539
3118209
5981577
8163913
8106359
5219339
9555677
9972239
7171349
6578221
737099
9688999
119065273
2719049
383771
3013181
3645769
7424783
1613799
87085451
152415577
1030373
6748489
3335407
6898879
33523
4304291
2165069
3131311
9378199
3579727
6998063
291311
3559199
982981
8906957
7897617
5476221
1430703
2316793
2300561
6269401
1909137
836177
521721
748711
2438893
8624343
995133
5083097
4152597
8433387
494453
1223501
8626541
7441349
6868717
8189603
2724191
8508021
6801593
4456857
2384351
1481009
4997987
952287
1249391
1372933
3400011
6799013
6100877
5887341
262541
9931337
574059
7685383
1665639
7447747
1475279
3847763
3228883
2320303
8833683
4452457
9288721
2597257
9150651
3853631
5971861
678277
6686097
335753
4995781
207519
1797921
7504489
7000497
128791303
3760211
6023749
2284067
7501733
7685339
5167409
7483359
2562227
7912297
44410939
7346411
6560483
6937667
493111
8085223
3396319
6632549
440393
3722473
7179243
7921831
5877189
33379993
1975147
3594759
7477537
7036013
311063
8522333
3106007
4593197
3612009
7050879
6190259
8697539
7159629
1468449
8242721
7966191
13544521
7287719
159526177
733097
3968079
3956259
5050541
7098369
8481391
7411627
9839031
8374551
3807159
1495031
2696067
9294299
4871771
2288541
6111371
396951
7458683
822577
5168033
8043823
33781039
1195787
4511637
3689319
131449
1098191
1910747
1657281
269427
6645407
4844577
2405663
195241
6931197
1168051
5067019
738649
3349271
8874873
7583671
6736001
3053733
1705569
8206317
8547939
968791
6388913
5598977
8836767
6682419
3866419
6340389
52223
39281137
8450399
3967281
5573023
3552711
2175207
5994003
2100979
9450969
8168639
3316119
6183073
4731899
1563641
