8323653
2444171
2011813
1395913
3010673
6858577
69571993
8528909
300567
1813799
7566341
2297097
2142967
1824599
9000591
9595727
9438829
8386803
3096017
8587483
3659547
557773
7963781
1800623
1521899
8228853
11276489
6201953
613943
5317937
1351967
606079
7363163
6303017
8965623
6499459
68949
535997
3989351
4692887
1471479
7773563
665639
4237681
9560083
4425037
2000011
9567739
5396061
8087917
7844727
107219819
6553789
3004439
5233013
2488483
9696347
1082923
5195411
572191
3447459
9052053
186917
5048743
98721461
54501
8542277
2911581
4839243
9318071
3012683
7986239
2143461
4191799
1434597
5914793
9987431
2703019
1770683
4663579
9460269
8171917
2323517
5033187
5222267
8434217
6645321
8846521
1721103
6168511
7643469
48541
8518567
1041271
255479
4677859
2593579
2493171
6866409
9437771
222361
2169233
3177757
2033063
2669197
128753
7915573
9701917
7442271
79589519
4234861
2770323
8501173
5236297
1501127
8934291
60240551
2640039
1711137
4760943
1264847
4363671
1782899
9328219
7121497
3041099
8523511
9154647
6697277
8323133
8952983
4735381
7435189
6641907
7222413
4204007
2408093
2404899
3094413
4721457
4793161
333393
8893891
8604693
361299
7248893
115502463
4752807
292283
5344637
3618811
5995367
219641
685151
1565769
9971607
4797231
2199523
6713837
8543021
6066987
2392969
9700529
9348071
3602799
4376927
7574769
3638857
1557711
3370611
1098197
1191649
4516417
1201609
3535511
9647339
2698597
2057733
2530267
2500419
84367
4592301
8485611
3415081
8444199
3007857
8378547
8011641
3754009
4393577
438351
9517917
8068571
1717911
4038209
7882593
6532753
576561
2629711
820299
2850417
5032737
2032653
4683013
4679043
9688093
3499347
9163391
8462827
6991537
3323723
2025961
193959549
8054961
1954667
515943
6414781
6584979
4345251
2417209
5397197
9451143
6209331
412853
1501267
5639339
1185399
7784081
1006201
8486611
8301337
3059077
9819479
6713249
3162207
7173013
8109359
3403513
7944939
1859459
5278103
8649241
5107697
4634901
5920823
5381359
3907989
2951711
15298999
5232527
5127711
4554273
9848837
1446039
7965971
8062857
8597097
6053079
1254199
9787539
9155627
9130713
4188269
102492883
3278357
9911547
1773057
2561611
2574841
8700757
6161143
6612417
4368167
3195197
4570039
7385327
5153727
1382423
8379303
5724969
8051059
4209111
4050191
9205961
1574487
2976983
6186703
8541171
1643377
4989747
1067959
4043741
133791839
7016177
1706291
7336917
8209287
4108489
2248073
9812577
3811717
5461407
3663261
5881199
4926153
1391797
3576149
3875607
684551
5396287
2758351
8558431
4856299
104648167
5153253
5033219
9649161
186569
3655267
1106507
8177349
8801167
976539
2469483
7034983
959881
5380697
6617951
5932541
6343407
1080599
2656067
9061801
5532301
4939213
533531
4915899
5654733
5410989
9468473
4699249
6926447
3248317
32815319
2820649
1266403
2053507
4053291
8883231
4788507
4176639
5413033
1906657
4576153
3051219
146449
9791639
427749
4035887
4288853
3633767
9559611
18677287
2381637
3692139
95429677
5468531
2120121
2618997
596711
7792927
5175137
9576329
2355021
7684859
9809247
4939789
982613
8896319
6480833
7417079
1000121
2600103
8062317
1759313
514779
8532771
5940613
7781709
5469889
1563437
3272133
7983173
3517187
3023751
9708829
6304607
4200479
6171587
1333747
7488739
9740441
8299989
2008083
9989283
3189613
3237653
6600573
1094321
8166883
7168219
6107697
5512211
5311499
550607
7673773
2493971
4188351
6948237
9706329
3663801
5338889
8818591
3631701
3474471
4751169
2903131
9775489
3602247
8325821
745369
705591
8655887
9194643
9217299
6358149
942933
8480311
15399497
8475089
4097389
6775217
5406201
2570261
8422993
2057363
7834613
470913
3865519
1501833
3787869
87503
6568247
6817093
1240261
129813243
2279507
3025697
5453157
5354609
3144817
6630027
32633
8435597
3409391
1565791
3238639
2261681
6830391
109016097
9382863
4499777
9838151
1901533
5830557
5491883
453839
7482351
7230001
2464893
8226527
7962751
2266413
7973959
4173647
9104363
2245393
8607543
6272531
2561293
8706207
6002701
8737
8616991
599279
6583159
7444279
2931879
9027507
6217659
2890649
6281699
421687
1879071
4220123
8986661
5228413
7655161
3615271
514969
1466361
2908079
2729667
5702341
4197683
4029043
924311
9766011
3293321
7688969
5684269
7098593
7962367
109830737
5958393
7102939
3623271
43291207
9121067
4075853
6508707
6375219
2923597
6296713
1004783
1363431
9171001
8831557
1658637
9201751
1693963
9060967
3236743
2227513
8849781
1496237
6980809
6903211
8757451
7546467
756291
7312231
3293427
7462387
9405247
871469
7127763
3218201
5515039
7015223
874429
7923521
9356059
7387443
2161009
2162029
5466869
2964917
1548349
7182891
3640629
9730311
8743383
179195031
3819877
9442793
2522779
2085413
7832979
83444677
1719509
8558791
5519173
2299581
9547659
2521637
9226343
5366403
5744509
2656493
5526227
189619977
8881481
5446179
9905757
310321
141233669
1536209
465751
670879
4516557
2622353
5018697
2786887
4128791
9399139
460887
2965771
9674383
9774957
5296587
2745713
337701
403551
3581233
6366447
1955139
974097
1745993
517723
7750133
8637427
7168237
4337497
9633583
3224693
2844677
225293
3197581
42616063
9189603
7607247
3056329
4223823
4596193
4166731
3124131
2405739
5991157
5921781
3121827
1625247
2841907
7079779
4542539
6367699
5094201
5816187
57999277
9451311
7847947
3783921
2924513
8330183
6799973
4928979
3077929
6037731
4452919
6142299
8170507
9574219
8142593
7746071
9905693
7175319
995177
3778629
3674031
7012257
659563
23142789
9748609
8220779
9764109
6891623
9456893
8904603
1416317
8704669
6149839
4567081
966187
3505647
4429867
2523459
7280993
465989
7786821
8329799
6984601
1868437
3886769
76797707
300121
6028777
762977
3008893
3791529
9749893
3369129
24843383
7444419
161794581
3237587
149107283
965617
954927
74985661
3406783
5409829
476851
1231159
9229659
6540101
118915181
6821283
4247901
9937717
8463721
963983
5111209
5896559
7211309
108707
7173747
8282419
8010261
2775343
3197413
2436491
7665651
6358213
1601317
4351673
9693003
7524477
5207419
5228439
2919813
4798741
3616811
2473893
2743687
5810509
8022459
4722453
7592357
2293549
7408371
3275753
2523691
9674631
7320347
5279999
2590691
5189981
5766549
8585223
8495129
7191891
7598907
3208479
1337391
8193497
4149513
1307147
2541371
1717439
8997449
5844689
9903163
2137603
1590797
86766623
8285567
9721343
6894589
4357223
32078523
4575837
7387671
7480507
1694489
1013831
8966263
4632127
2795693
