1985093
7939963
3890187
4883257
421369
9320301
5963719
8671181
4104093
1573577
87920293
7734201
1887697
1204343
6280807
4251167
1850557
9764131
5872469
8054197
7388651
29408021
8022533
1635667
7517
6251901
165169523
6060113
176609
9007257
8768111
6268579
4413267
2248299
2305609
595673
1864467
2648159
8188419
5696661
6714351
307727
417379
3483163
4581567
2631107
9800933
5466341
5342031
1966797
3268729
1199139
41315991
6363197
2415383
170439
4131867
2823759
2352317
9733307
5960453
1894259
8133303
3403473
5694677
5966339
6284757
4307513
2246657
7180213
2534577
1397857
2531389
1074029
46358253
9434993
1612991
6513967
9916603
3046607
5375319
6781373
141688339
432501
5988723
6172097
3507027
212389
1609991
5739687
9184633
5405637
1735779
5500409
7009601
4365041
6975431
2860717
5762453
4914529
2876327
1411559
6688631
4592901
4931139
8553283
9341617
5038383
6426901
6097773
5050187
3763889
1846593
3871219
8950883
3360379
99642007
5749011
8472617
7114169
3176191
369959
6625603
4583079
6064523
6858841
7400551
8531087
9988499
8998977
9376017
4102981
2607853
7620191
6042829
9009677
6746059
7315069
76756887
6241949
4316659
1305493
120956997
4857563
1378609
4670887
9884813
1930127
5238793
2925623
1250279
9971467
8623533
7269123
377207
2614903
9984941
384127
5583611
6862571
2484229
5712131
4343263
2670683
1131023
900471
7532073
3014391
2933641
62293289
1874423
2784557
6805491
8330353
2378903
8373721
471921
456273
5814207
8246527
3752381
3690079
6296681
9942627
6756211
600571
6608611
7082199
5175183
9891851
7721041
4618937
4452227
6152611
8431409
6516903
1923681
365673
2593473
3737027
1327527
3615629
8301609
6236887
1465879
7706231
7802699
8065393
2466993
6977887
110387
7279819
1088743
421493
8888173
2096247
4217297
4058127
2333707
3205833
9542581
146848611
3382869
1390463
1297857
1843277
7816901
1271809
9434473
7365447
3231353
3528891
9017521
4224209
2647657
3483839
8676733
1763087
7601647
6379397
1204419
2381621
1133291
8103969
3369299
4905717
1986527
8668139
6911871
1587801
4257251
5325203
3269343
317993
5784587
6169501
7784173
7453157
573053
8298477
5534079
6757071
5520929
165815163
1567803
7628629
6448413
9956559
8873879
2949659
4405673
6627147
5441911
8827281
3796437
6222561
3675847
2710637
752443
1456963
249823
7420143
60781
139496689
447303
3083501
9942401
6648377
8824871
196119363
2349031
5790057
756937
19139661
8484109
7482071
603527
7333407
6134989
7842491
6185587
5953071
4461373
5877457
1819951
2390727
6561411
356057
6614079
31159907
4059147
7426077
9011857
65804691
7750843
9564461
3284243
2676899
8387361
2889667
4991971
9348851
47123
8022461
7930141
1037759
6168457
2213249
618809
6120843
9571429
9340009
8813907
2859939
9858841
9268383
5971507
47001
5682597
4250677
8927387
1309363
5323019
863539
5385423
1960747
1771493
2434073
185419579
5740621
2431391
1874741
4714099
7485157
7420689
6027767
5623381
8691089
6809677
7456513
7701013
5930283
2146899
5460249
9823059
7615789
4194373
640073
4113461
7303177
3522829
9842699
3601021
6340949
8062531
5904669
7729303
2678529
1123269
484251
7484793
7087867
1259581
6116759
9071221
5012659
3642167
8688231
4602291
8030999
1942967
848949
9627041
8672089
6582749
9620403
8496137
1262109
6055523
4104399
5679161
9309379
2305063
6113239
9334521
9268963
4203431
5161313
65688443
4692071
9529101
9916151
2193417
5868501
7021377
6975989
6771599
6201311
3700403
720017
2439793
1385753
3752413
5731549
33765693
7214523
2842077
6143741
9417871
4709393
219129
8783609
6136123
164961
5799679
2300373
8857577
3903049
790751
9088751
837831
5056639
160526891
3873119
4491153
2110853
3430327
1414861
9533551
716527
7792993
3872461
3233287
5496067
1997473
3115531
174311
2352899
6041547
1937521
972223
127508353
6891063
1942203
5129821
3362523
3543801
5628007
7251657
5312687
8698891
5592837
6341599
5079019
126888247
5213903
5493131
1842291
1327821
6295171
5448591
5630423
6414043
5476529
2787373
6166599
7957137
2279219
2846643
8285793
4996381
6396901
1299829
6377899
2031159
519409
9247621
3645691
5761661
8845261
149023
3011539
6651541
3330953
1076201
4265159
1526447
1275613
7321761
8330169
6963737
2871431
1618841
4216723
6482337
8588989
3751063
54363
134740079
4266967
3079319
7919069
2168937
9339281
9739771
5369909
650651
4807683
2320239
8115487
6208253
2294449
142568323
7361649
6829563
163688033
9846103
4173241
9273811
2454249
3183267
8101249
6592007
8148903
9430913
94147
3912619
8507801
5893013
8523461
1606877
9158929
2442917
177823
3498537
146657623
1770303
2315541
9917019
9251999
2221013
7790703
2725831
5281031
9835831
7294619
83923
4334471
2150503
4131857
2648913
28930269
1169513
4503217
4372883
4442279
6602279
8947249
1204157
6612833
5676973
1807323
1705671
1592113
4775977
4819
6200279
2856677
7428291
1912861
137720179
9811207
9867233
6363447
16101501
7634291
116877101
3617489
3831767
6074191
2467351
1386519
2387337
3018231
6341907
1923
8620139
5190911
5513737
6394751
3884853
1200591
445663
6815623
1852049
6933871
5651693
180340909
946157
2497621
9375283
4051961
2594377
5148301
4944203
613827
6145353
82441097
157818047
2368129
601087
3092279
8132263
8623689
2426999
1386457
9364767
2637567
2974219
7637147
6393763
8831677
5436933
7251681
8059729
5029497
85315107
156936403
6381221
2057163
9801379
22340729
4530291
8177193
9935511
5833937
143549
5962641
6798013
103866903
2493093
8051111
146293
8939719
8817093
6460161
5979951
3813119
8839569
6201323
4773639
5630699
9637881
2845831
720887
159199
640821
9082927
6327337
9438933
7721463
1218683
7906893
6462521
4341867
6818551
5973247
4287997
4877529
8004189
1960139
8344693
5611913
5075581
5697929
5019867
609311
2548837
1470961
162492739
2113389
5368619
3490983
7628529
2650547
3708701
7701521
8164241
2522427
7290463
9004557
4073169
4652729
148587
6035251
102679559
6048489
2371013
124778953
4020753
296127
6747061
1099543
9679633
5689839
5309643
2975683
5741473
1250351
2786497
5973587
1316871
6467711
8730871
185147963
1757833
1948481
7708477
1553877
1521391
3636619
8046301
7768149
2576837
6522227
1464691
113594091
8140749
7519939
65744027
4563389
6553789
2922109
7350321
7167049
9415959
1558199
8890399
9122159
3586519
8896523
298373
572001
5190541
2836781
6971409
7751047
8962009
5821807
6937117
7060683
9241943
7374999
6365721
1007891
1028421
5523999
1980129
2599321
4962797
8596827
1158967
11489
3271247
3105343
1790367
492263
6386109
3103151
9391773
4570423
6497207
6916421
2268067
38715911
5399491
6078957
4729397
5470667
8602243
6148439
8342957
5495967
7731629
3374097
776073
4847351
6040439
7393343
3058049
5559513
6941197
7463567
15579453
5468337
9799149
9797561
4992269
3324397
9964109
4825567
70852731
