1204123
8951979
4300259
102635029
2153561
1347261
3280457
6952727
8580517
3170899
7784771
6808413
8297053
2137517
1021811
1166483
5151643
145066011
364437
6985811
3127603
7309751
5375727
4919313
6106851
6957107
204119
884369
4583849
4811789
7254901
8360837
9730767
182076251
9566619
857781
2569527
6828979
8078539
4366511
1757509
5343243
915231
8834881
3624303
7986213
126167539
164795153
31968133
2541169
7164947
605571
3621669
1600119
4250771
3159673
3065987
8486857
8087307
2859181
2778913
5728367
1457533
645601
119079371
4479339
7570769
9835707
2855927
2839251
5411103
6929767
7751147
6112243
4107513
4759041
8440783
9585847
4090633
1781849
5487033
5066909
2170283
2438631
4667047
5835557
830153
3038221
7373671
9354961
4717057
9070319
1955883
3577071
1966109
9022217
952349
3038001
1741459
3551317
400897
1341209
8317641
1739701
4246003
8614309
1778877
9983607
3441647
382143
35266089
9201997
8766153
8443733
6410237
210587
8830047
4431807
473311
8416579
2944903
8235769
1565849
370751
5433183
9433981
6734451
6888989
4305037
9185753
229027
2012061
9532127
6006277
135638043
8397299
5270049
8415887
9390161
5896929
3167431
7890293
6809581
4944703
1235193
4371727
940099
3733069
6201413
9174673
6228887
3169221
1232767
9495017
8089267
9432073
649603
4724009
7179313
6809749
3750691
881893
4189629
2739803
4031923
5183191
256411
330571
768267
8135319
4755599
1976153
1526877
1044307
2566253
8329033
8344693
7015437
4257641
1696619
8797593
3925269
5109733
9758509
9440357
8505927
74693467
6093119
4248001
8785901
1934217
6353689
9774483
5418293
8178717
6205091
6670317
9643441
6058809
9893623
1601271
7206797
4622777
2787247
1042327
8871613
8766471
8301897
4250497
2495463
4433523
2941497
6004097
1117451
5671013
7187761
4079687
1615631
7171119
7202867
35718187
4204973
8108379
3094683
8791121
9630549
9413941
2025487
435219
3385707
2756347
9706477
9408579
6063691
3073239
303913
5968083
2312107
310379
8405497
1003583
1301299
7402213
1405357
8116011
4982303
7247257
5673819
2404127
105383
8714433
61299481
399259
135653
7440779
2668651
336727
5644913
2740409
5947021
8476689
4713521
6923231
176939061
6457177
6293357
7705069
6886767
6987369
9663889
1494463
4108423
4252227
6978749
9963021
565603
149262523
4585651
5017907
227009
7086277
2164869
8466961
7187827
8021657
8465867
9986047
2270739
8292003
3434661
6520717
8951879
5819899
5705151
3784021
8636477
5629319
345803
1294707
165681699
5907171
7525087
8905621
2714843
4614641
4077273
2894677
4878647
723493
1696461
3997199
9890623
9465071
6153817
4440023
6871179
8251777
4052547
2394481
5475223
250809
1061107
2658723
7862307
4507631
3152209
8020691
2201259
3270021
719101
9063829
7171973
9823641
4522303
5751583
8076343
4409467
8761499
9942399
7191649
9167871
2546297
7587443
181518021
4303543
3949779
2515617
48253077
6551681
8205931
2045091
7253629
6809103
786417
3259179
2149559
8105081
9045129
1942713
148433761
2854169
616811
3700709
4133947
2397217
7295497
2949321
8731909
6809151
281889
65262099
669393
1763843
7295923
8240201
1751717
3063919
6143173
4947943
2310681
708771
1658177
4776241
4068883
2149693
4117849
58742847
8689467
9685257
3921233
7284763
9688059
2502497
1948031
1869189
9228419
6236327
5511871
8014347
5839273
4703077
7686087
6473997
1082999
7100073
9894427
104521543
6444121
1371659
2923031
3402103
652631
7072257
1275301
8719337
6302251
6648629
246759
2086471
5258939
7645201
2789281
1315009
2489311
308189
4342633
9758169
8917613
4919941
2388749
4848109
6971693
4814007
8956389
2911561
7045663
5501441
3187949
2891729
2337121
1829163
1965611
8403791
3812873
1639657
2036647
436597
6047657
2377737
1626983
3892941
3882107
3440337
5907919
6646369
8901137
2498377
106497
1017283
6521217
6764983
5277079
653491
4054037
6259401
4527679
1184567
1040017
1067827
6007217
6136087
7556959
4944333
8687301
3380567
8222109
183223483
4875769
108387
6646333
6619067
8351091
33307573
1148917
109704153
7297931
7303473
4904563
9012313
9487219
7940299
243607
5322803
1784391
2227787
6992341
4924117
9965087
498751
7825091
9936743
2403807
5371299
9908989
4824463
134106033
727173
1159509
1906919
1966703
4012033
4132997
5004933
7151127
6965049
4503097
2894023
7311949
4539879
9749279
5072713
8363271
8189577
8061829
5366939
8169923
1512827
256421
4291101
5176981
3879923
228799
3536569
6307007
85883
5614921
5348663
4366529
198110413
8559177
3407839
5682453
7378879
5920323
8543303
8687551
3118529
1004623
9438897
5596247
8218681
4105341
3221817
2736413
9328779
2267803
1196879
2081933
1880643
8098171
21514653
67433251
3145831
9960771
148761759
6587187
7450341
8043341
6817873
6160417
4785971
6269071
8875943
4251733
1749189
5389669
8397031
6142173
4972833
6304867
33726409
4061929
140142151
6171927
6634777
1486169
4636217
8233251
164412839
944817
214177
6343107
53029
9022409
2085381
4458129
3689989
2424653
6883499
5087661
148869579
2553333
9471181
4137499
9369991
4624399
8521001
312403
7935517
3071957
8779679
9427387
9202767
8293457
1700387
9337311
6038659
1926969
2312627
2363509
2712577
2780949
2286839
3924433
6661859
3544321
8579913
5289757
8755667
9327949
5191629
7294599
917383
4351319
3944103
8637271
3721579
19600919
7621173
9995431
3276023
9745911
3868633
2726359
4874101
5711293
4731089
2861463
7095519
1068849
4057811
1389249
120428939
7909879
2142813
4431987
1299207
3759483
3961621
1404109
9789349
4836371
6611717
5957127
6910007
918857
3221903
3869777
5121627
6080023
8892309
5534749
3198567
4499781
7336931
8580333
1179683
8756659
2086441
2894617
8429011
4737823
6791487
9753271
3051787
764559
9359519
5059567
6616467
4697493
9797603
6021933
9165257
148845167
6456093
3817593
7050101
5922521
6722017
1526699
8424631
7239827
3160033
122089
7865183
1763687
2730599
3352689
5138143
4636839
1981841
4141017
9164589
5651
171805127
9895511
5898079
5501217
3715919
3998749
6936169
1933759
7563003
2696493
8070097
7374749
6561919
6371853
8812807
499269
8609923
5453689
9241373
3421239
640457
9334729
4326447
8833981
8144487
7018727
3567807
2321217
7266343
6649217
5043113
5341831
1260399
7262263
7153471
1511457
30446377
5608553
9170777
9081683
7424691
8837431
8268589
3788323
1989531
1938601
1232079
5503821
6277143
9313347
7979301
308189
4230927
4646137
179449
4511989
3364833
8218287
5449599
2279227
8754271
4154623
9163663
3296249
976651
8095359
56576937
2034353
7593957
6849849
8338529
6297111
7034577
3407579
8797707
8958701
2387049
2831851
7898173
7410921
8196731
93093
7635813
5671923
373873
5456421
5319851
9098811
6499451
640783
7457023
4170231
25301
406389
3219851
