7851671
4050731
7599041
9709393
326207
7521323
988461
1229299
5338321
2863053
9822999
7203337
773857
5981983
7988589
8822551
2335593
4244811
7166147
5391867
1403881
5379073
9295693
3113743
7025499
4689487
3070151
9070847
3563627
8186601
8428043
2372057
7354423
1833279
8530843
99067
5868139
7917979
7093169
9806377
5447483
9794867
9604417
68781
48341879
5961653
6193457
4644011
9457289
158471
3782251
1836917
8218219
8691229
49103377
5053191
7303267
2824769
1991997
9062231
5365399
509593
7551983
3592193
7515231
87785247
3016723
2546183
7321481
3694967
3732803
5535131
8665351
479187
7959583
5530557
1015223
6415621
8761093
4018529
5190479
9013547
8383243
7494627
1811409
707623
4477583
4606883
9608983
7966037
4691649
1108481
5021089
8307909
2830181
7777177
9299861
9212151
9126137
3508399
6329031
9013233
2841033
2528651
3037499
6429713
270307
6850459
281253
9152939
6993953
3395823
5519057
9819039
3740041
8595113
2493663
5535401
9663851
4760837
5453331
5328301
5051633
416619
6674007
1585423
8011121
9817567
2786543
5705637
154798047
5781737
2458583
6443949
233131
2856261
875529
3746937
2224369
4956617
4589733
1854683
7829093
8255643
8712877
8117291
6888581
7396333
8102063
3843221
9755591
1477163
9331613
7270453
9038663
1816293
8972581
2637339
2148113
619657
6990843
1783617
8057019
7188117
9235081
6066423
295119
3545081
3275861
7910887
6638907
4154947
6014751
3404257
9743967
7193747
5002587
1049083
8288071
2746377
1968121
3318109
5913699
8528077
7127581
6538879
6546559
4303631
1726707
3779321
1475429
8295699
5255789
8425001
634047
9608403
6408009
6515207
4128281
4815007
4265937
2254773
3215187
6576041
2177813
864033
6268789
6975319
8134849
3930237
1521689
9905199
1825511
36148881
6498177
9413923
8335811
2371383
210421
741943
9326807
1817493
5078701
154094217
9197907
8553743
392089
9579543
8498717
8087559
7336157
3844201
929421
160557351
8723371
7395103
1425113
80216363
9600221
7217927
4212523
9576307
21084133
4867859
266039
2463279
398899
3408307
3567651
4475161
4695651
9778769
1228343
3007527
8011627
7085457
542797
7960429
9958923
1283043
661593
4272611
2525071
2648251
3000981
1384391
4600897
148971761
1431511
4504757
7454987
4732461
3820057
4528201
9963039
9377411
8100871
66273733
7220111
8915849
3880621
4024173
8059233
4993391
7724451
4372813
4201281
7592817
3210823
8708939
3344747
7626899
3087137
817561
9261417
6922963
11876099
8664583
6415711
1414331
8770953
2577679
1858367
7626101
5919343
9239271
3502093
422921
185940987
1747597
948229
4768779
3308461
4335741
6746641
93823799
9659689
7200507
1286161
9661309
5138563
2673073
1325757
4845697
903279
7233513
82901
6551239
8935593
187989
9446211
852017
5845253
519191
3290123
9741407
177950177
721359
5871873
9530289
897243
170872753
2602559
8639103
7460407
2185513
5031187
2757659
5572489
9150857
9689109
9516003
5906357
239851
4738301
7767449
4952507
6124177
9761221
3170081
698391
8105057
7672329
3306047
35468587
9583413
7698649
1244337
1355043
7942343
8539559
4623803
7360813
9696017
2225433
95964699
7800459
8363311
4059661
3336701
1657587
3231257
2303937
167781
6764759
1113739
3717937
5085407
7415461
4271429
5937663
8959447
7198293
2905607
751851
1607903
8036673
7577101
6311457
5984523
7635497
8475117
4967747
9596101
10741241
9076391
7569923
8355923
626173
4211819
159242949
4739261
7556513
416379
4855959
2086947
6231651
5453429
9526753
1428201
7100239
5670417
8497441
1002403
2762191
3335737
1281649
5796409
5589063
8918193
421071
7641731
6741481
3048751
1170041
8540827
312911
4362449
1000487
1153099
3675289
7180569
7716639
3714167
5378451
8285867
8786081
578351
6526927
3984831
7769973
8903683
9188099
2804061
5276801
6736279
8748021
183661
575131
9296523
7090809
8156733
9586577
5991903
1331213
8889231
8446331
2771287
2973861
5228253
1308039
658133
6628079
6304413
3161107
910381
4305013
1347241
9107753
9433107
6032561
6521601
5584999
4246701
2660259
9871999
4077741
310499
5828959
9612633
2241103
146368473
4870071
2245347
9656759
4809293
8090103
102547
822779
7888319
9271971
9166531
14312741
7006889
3901919
1410911
7976643
7847143
5091113
1108779
4010061
2500891
6326563
6492987
7318023
1892881
5653517
3923053
594441
1769959
4393983
1692043
206881
1239641
8157703
1646417
6573701
2703489
8624577
9833
4588517
4530001
7925471
2860681
8229231
1535063
7241601
2081833
7928667
4895499
1688689
229027
104727
3112177
9496329
5187547
4935789
1954933
5146541
1612197
3870127
1163919
1303377
5579621
8954481
7570949
7730431
6004857
3555739
3034719
6612367
2948041
5495997
4007649
6799277
703827
12011
5996887
7278783
7577781
8391017
1531587
5030907
587019
5119653
3391097
3059017
4430151
5139469
7192031
5120943
9150423
190517957
8921071
8856787
7492557
2586351
8664619
2630127
3325499
6921827
1076781
2316483
175170957
6226187
664681
8533431
3474169
7546383
9642429
1738359
6008817
1907399
6918291
7738523
5612801
3220859
2964797
9541719
4091809
72699
5830257
1588481
2236701
672409
5207401
4330059
4905223
708363
2980347
317489
1923103
9754281
2397679
3673259
5274887
5919971
9143271
1103167
3771527
7839617
5974693
4988993
2934957
3284409
8931331
514087
680961
1025147
9822923
3995253
6316587
7948763
4874539
247841
154329
5508019
2952093
5424707
4309833
7401917
5649183
5797997
4774379
9105263
8071757
4150507
1143533
3674977
9021763
6059091
5092053
6264813
6725919
9101643
9915771
4885477
8756107
532719
5624441
2011651
3535321
1440957
168505701
3250549
3516793
9345343
2636979
7954709
8521209
1265679
6446177
1219577
832297
2508521
14759627
69814327
8274433
3279757
1314903
2319343
2775637
9282761
4997577
4675061
466843
886073
1361559
8381903
8287289
7071001
6581847
830699
3792393
1499449
4366049
25851
9056177
9641497
8756351
4875053
3600891
259997
8093537
5040037
1743097
9436217
1949353
682151
7438343
2133911
30485517
9915391
4313903
2393579
8770873
3218897
349789
4744871
790577
5511929
3602797
7028113
720789
7627189
859883
4973481
2751497
276039
1932373
2883759
9171643
3111421
8452523
186606151
6018127
6243369
8153303
6962523
8461173
248449
7582529
1595333
3270403
9215073
9498121
147897
1877461
1548481
7096399
6099743
3583993
4149843
3373133
6333859
236229
4667911
9131243
3979853
729139
3877563
71811327
7778863
67742333
4668773
2633857
349323
3670577
2541147
8479571
2228371
8461171
9525519
4790967
7316187
1619933
6850239
3723227
7787117
4055023
5988619
1818701
4818137
1187157
8977603
1911121
8359157
6778739
