8367819
7357137
7903641
182183
3145181
164819127
8584181
6300083
2385113
648141
5306177
3019157
1365907
6593631
3514071
171461
2460233
9757983
173962979
7261127
5818783
5670933
8864777
226923
1756419
159039641
6162991
2139583
6200547
7085911
3061229
6062359
1391159
4069701
4071571
4567503
1701773
7976791
7483163
359767
3874683
7851189
4042287
1630443
2402183
9773839
8035589
9182813
1219119
460783
6021401
2427231
651231
9142877
5515493
9186203
1519327
3531479
7459427
1588389
7337953
4120023
1413937
7310517
8125421
990611
990793
9910093
6569689
545639
2171803
262087
3109599
4793971
5067713
2466189
2232401
569283
7181403
5494447
5572999
2895307
4355777
766407
239139
9659183
8259169
7025637
2572711
7361747
6153631
4632983
9843901
7281131
8305733
3294557
3715161
4218743
44320857
2619067
1917199
8465669
4348999
2128321
8535933
157291157
2607673
514931
1325759
4850571
3770799
7308757
7289543
3996613
4230157
4712201
1240621
4929703
367101
1717843
2717407
6756131
2566359
121307877
7238619
3746453
5086479
479421
2141997
2790459
9155929
3926617
2242099
2215093
4412423
4380649
355557
422577
5653761
37267
1371457
7298999
204851
8964077
8265301
1514951
7663937
6253493
6428509
7480507
4634879
8941703
3363143
7339211
456657
5183229
4878793
9803911
1618227
2748257
1859397
6269431
8005327
193679987
986737
7898113
7133017
3838683
8862919
9990013
1583929
5240867
5057573
7055749
4296421
4102151
6817707
3643217
9764893
9111973
4739227
7254407
7823301
6321977
394577
8602029
2392697
4519509
6828227
9185587
6034309
5595227
1240199
6774967
6088151
5177461
4659889
6311011
4191731
1990393
4900207
72721839
166776533
2957563
7639443
9124703
6045617
3607421
6559197
4805663
4017557
1791807
2137843
285433
1419359
9223823
1693959
1211743
4065957
6686303
9934973
8692139
8726201
70237
777107
4544893
3801711
415987
144801759
375917
1729521
2443073
59361583
5693247
298099
6871741
9933369
1930247
1279053
3908987
3835079
9932603
2611931
8336869
6321593
6504359
4139407
9416341
8267393
5116377
7767723
6451959
8776183
9760657
74015307
6971467
849919
173795223
9339707
5765043
2111547
1457711
6119767
9595859
2762423
908949
143454477
3019187
6531777
6339083
5885217
5008403
8229029
529211
828841
185297
6777719
3188651
9872423
1924431
337241
5216593
2140681
1724219
562361
3029859
784483
1518193
73588531
212201
2027853
8477367
3572687
9591121
188951987
2814199
5425041
7682019
4146077
9125539
1700241
7177591
6040909
6002619
8509733
4315787
2987101
559189
3154953
2174473
834149
1922497
4674791
7029941
4380751
888147
111
488359
504619
1328071
1578079
4869333
2983991
57669899
5128007
189369003
5506131
3756093
5792521
3782147
6015397
705197
8430859
2383679
14941
2610671
3547867
7390319
2178649
4682789
869629
1935353
2727419
5566607
7013579
7394577
2830613
5438341
3531593
4573033
115369
9793823
9690889
1303039
9843829
7126409
4754117
921551
6814989
3021957
1748929
9508531
1529299
2908711
6566529
3500669
1509273
4566953
9928119
1843753
2245471
4462613
1120927
9337917
7637313
2173867
4221441
4298231
1562951
1604093
1181661
9821363
8656051
1651291
9862801
7266477
9264597
4364339
3951727
8323789
2523959
3687799
167696193
3227953
9400499
3290333
6989521
1975819
7252007
2541701
5586617
8022913
3856947
5960593
6279293
1452463
1907557
9018271
2412019
3157181
5908963
6940683
7551513
8662753
2637321
7206463
2839669
6645059
3016081
1190457
791353
2972391
5708121
2255007
9835119
106672197
6790019
3559827
468793
79573381
5464887
6844269
6973123
7455407
7995623
5401197
4644853
2061247
229029
2894257
880227
9615189
5609913
7742609
9617509
4918049
1137311
2434671
2407581
939623
9518979
6135619
3801569
2664637
9627257
1076497
336577
7537839
8269699
6897747
9907453
9877757
9492141
7408381
1128873
97499
15202891
1086069
931977
3375401
1025669
59010297
6781481
3138681
885863
8116783
2250253
3785689
8973987
3502283
8412239
196387
7340209
1861737
3382189
7389883
1167833
4937029
7947033
1452069
3515703
1101441
6043893
8477713
1679613
9663049
5667687
7796149
7862901
8994117
4155131
3248049
180449949
9550061
5287327
9429851
4013949
3474257
3736311
5902911
3580339
2222803
9083961
5850441
7846589
7258999
2035771
3243861
910439
6613703
6366631
5746141
8238851
6959029
2625757
6835631
7578953
1935931
593977
4109293
8732047
1770349
669439
6575383
7854587
85660637
1589043
950229
2684419
6927659
7518823
6746393
5492521
6392649
817273
9130893
42481667
362763
6310963
6291567
7836083
9671931
7697047
4119871
2689457
1991277
1718959
6800787
8673761
8430517
1191461
6779189
4742897
8330353
2452009
2823067
9589783
1136933
452457
9018157
6691819
2136023
8370773
7677361
8003843
4216867
5263667
121811673
1328059
7133579
3429047
2909833
9217939
4600023
9850647
9092569
2207113
8101157
4225657
8189903
6393073
4074899
1379777
6711777
4007531
1340679
7227531
9248831
7335529
9491261
7387789
9095467
7389161
5755599
5089481
6049357
1062107
5281057
9232953
8954861
10576553
5601629
3762031
215909
7734717
4809349
361513
9973947
7807751
6967559
5972941
6750329
819433
4379503
8912423
9596487
1857747
1212427
6291359
356989
6815819
2981619
1615331
736309
4344281
3245607
4731353
3166977
3838349
7145909
9905163
8361321
7665811
4667363
9918357
4193203
2024639
2249223
5856729
5017479
3471887
9903839
7254539
2346761
9361501
1127371
2567531
2342881
2014009
6485871
8975279
7624093
3990167
1352913
8955591
136352073
5583291
2043973
9519443
5862283
5433597
7054897
9850101
3419579
1590729
2200659
3200087
8754653
7503427
327197
2039379
8849991
9606209
174671
6767419
8499949
5971867
2106359
87649363
4752937
4944901
360923
8041199
4659139
3723191
5439937
5487421
5798393
3198251
3969113
413697
9768781
6392601
9330127
1640989
5897099
6226407
3032939
1202199
5300529
3779793
5809647
335743
8841543
9523033
6742113
3515551
830183
2556907
7191533
9616501
2586859
4558099
171117
3090733
4604329
1542441
7711327
9435411
920743
1929987
1266081
7676571
3547021
37809
1449679
1769169
8860589
3887477
6074107
5623001
5540889
6756779
9459599
3111131
171737693
230989
8819737
5191841
3190227
4468533
4205707
3437813
215867
8038871
7272387
9483247
8926273
623493
679327
1296773
12589
7465229
5039329
4472521
522333
5405133
6647107
4650959
1735101
2415617
6768153
3989817
6270251
5866371
5268177
7810667
6425077
400411
9044727
338271
2268327
3866133
5757169
4745519
6814381
7779593
86428741
48814381
2784589
3156227
3920423
680511
9938869
6995467
17216951
7107957
2232907
1076213
4876199
6757893
7804467
8854659
5457533
5395427
5566947
7142201
2339369
3988459
4863537
1409183
7218953
2119249
6881809
1942469
8680257
9274953
