9650579
6424291
1650921
1708147
9832173
8289473
111063
7386147
1255681
4748519
9206417
4537737
191661829
7854669
3008629
2110409
123280703
2450519
1827949
50950359
6073387
4262159
9896573
5602227
5373931
160234849
5425091
8851931
3189539
5460423
7748717
9666353
5800509
7819867
3470907
3026563
3102289
5666853
2495757
9664721
6870621
8646113
4030329
4136593
2351751
5924541
3046421
7615737
4566407
5296547
7605063
2601227
8553953
6519369
9776693
9140697
9357863
8570593
7372913
1225147
8714711
6471013
1531437
7499361
5610617
2993577
116140769
1495961
4651541
4638083
4167809
1568559
4544037
2619829
2873049
3584163
8155339
8969773
6641309
81583
173772707
7556333
6134051
2729571
7151409
7669289
8726881
8912129
4310319
7600309
5390987
578763
8993249
4206591
9185951
8188511
2344933
4012341
3287649
6394973
1727709
277949
7448423
2687317
7032251
7829959
5899309
9912069
7519609
4588609
6431177
162386033
7137373
6457483
6274541
9813673
2161533
1041867
390683
186231
7483159
1135497
3905033
72485401
4555323
9423671
6393247
3390493
106592353
73500659
8691071
5504369
6552513
1203687
3536683
2523959
7110311
2273707
7045813
5399783
1663113
14602429
7312801
5857081
3825987
6455409
4562279
9335637
7032979
5015197
3026833
7564171
713169
3650599
828247
1245169
1974837
44424537
5671933
407499
2816691
4555693
9781751
1685859
5198143
1507891
1049681
8955023
7765413
5791133
3810997
6897019
3601449
6489921
60512737
2308693
5258621
467487
4112581
69811
133389233
2451819
9826473
44387259
9706477
4911281
4683187
1832927
2062417
709859
4930283
3164329
3420643
2987621
6615659
2518943
8574173
9560833
5694181
7519353
6975637
87830787
6892543
8514157
374147
6738379
882661
3991563
775633
5802677
5374713
7049077
2323577
6072667
7818473
7812323
5749033
47087079
8426563
7212029
9893117
2194187
6317171
4082301
3265367
1673053
4366677
2529827
5130819
4302433
7172937
7031741
2415701
8918801
4904569
5401999
5844511
3456601
1495557
5680117
8906851
8703411
4777011
9018367
7793569
8416143
3046797
5704447
9490199
4314737
4753399
983501
3452991
1167949
5403201
3881821
8989667
2520687
7198279
4735043
3185359
159481
35962663
6011993
112699
7257263
1133587
5421083
5302641
4113523
6504477
3810917
9870191
9989449
193309967
2110143
4315013
4701511
2802681
4164751
9743039
3018369
5084883
4912823
8351347
115344473
3830067
3843331
9565573
7601639
5596197
188583781
3819877
6640563
3952739
9633497
4530819
6726069
7157741
279431
7568973
8177471
8633951
7942999
7639117
3723423
5276661
9116343
481171
175458753
9100797
6198241
7828741
9267787
6111849
175057
8905909
464441
4641327
9902823
7198083
3668619
8142021
2024607
4811029
9804827
3539573
4347687
6846589
7800529
3700019
5961211
482457
2720523
8559579
9804873
5538627
1669627
6148911
4505467
887127
3578747
2262273
6116159
134897811
6950173
6260639
7710799
8606161
9529069
5591951
6969983
1749001
8534041
7810419
4197963
415473
7316773
6814693
5653211
4511129
5561573
2798471
8506131
254541
9114019
9707013
6526939
2288673
7514459
2804289
1649617
1486127
6542849
5923767
5935877
7872201
8706819
1660677
1175861
4879319
7384487
7379787
716329
5618267
1233959
7710081
7924309
7476373
970839
3427617
7004091
8706069
82587959
3028903
6316449
9400633
2872861
2432749
3603303
5814089
8427659
686339
9119481
3565419
5818753
9860401
390193
4146491
8794843
2525049
6174493
6265079
3136583
125011373
4082209
1572217
1475613
5410751
5557793
6302791
5583321
7437987
172450183
3198667
6914867
6179949
1893531
400411
4675583
4953699
1320729
5136117
8951703
874773
2764319
4805203
6851171
2679851
3078441
6408587
3942903
9126301
1692949
9460563
2767217
5294991
6034701
2314309
2454757
2157929
3562407
163257541
6254601
636467
6121631
5928899
5543347
8938009
121747837
310333
8515547
7945621
1475017
9464643
2249461
2982583
2500889
424253
2113729
1887421
708861
5057009
1739933
2165439
398663
4318379
6132059
6715317
6775317
4997551
178906357
2219043
8085269
90733
6454423
1831341
9838433
5400873
178317337
1895047
8553881
6122513
1095227
5272397
2268997
4464761
6807693
2729627
9783883
7662029
6026699
9168769
8129243
3275573
8251947
9316869
813221
2701231
7049163
6930707
5762969
443013
8152871
9142101
4543543
1264311
7757133
6912143
1155551
5136361
8434379
2891487
6336807
7314231
3281551
6327113
8168457
1959267
57373
1724591
8920469
9963947
3350471
2496341
5115421
9724977
678579
7937359
4151881
6646653
2483457
7861591
6512813
9975601
9782333
982753
4845247
7099473
7349361
1628209
3643899
9151161
8755869
2749633
3873643
5361733
1275827
3931271
56755363
2036491
6906133
4850019
4312081
8555023
7156339
1242639
9350301
6414801
747141
2506087
6434543
7039269
5554159
5604079
7227407
8303083
1970137
4670309
4231371
8326929
1493201
5174227
9907029
3368393
2499887
7671971
5326109
473897
4351829
4656363
8647071
908421
9217621
8996231
3739307
4754611
3120341
4768603
7682241
9860887
767179
1946421
5055429
9701427
8237221
2388337
2938941
794991
7684759
3339939
1180863
2318661
8963611
4975273
5607897
3022251
135957967
73836709
356111
9971877
9878591
6014953
4120719
9852091
2370951
5664041
8701103
8261863
119241843
8597723
8749977
6378383
2030249
9264697
99330119
691921
5187111
5921901
5031353
3639103
8347271
8126287
1993273
1259239
9398537
3204391
2898961
7698051
3329399
7894019
3987603
5071183
9367103
8579589
3450519
6789989
549747
9825519
9307293
1385227
9814947
9982733
7723177
5031143
6528093
212201
4461977
7060281
9411017
3296197
6629559
8776097
5901337
7504063
7179109
719007
679367
5034579
1929309
4552419
7729011
4921407
5163579
5815089
3102083
4308687
5110611
974373
8513729
9752387
2505531
2501733
7554879
5503381
2093757
777773
9491819
1752837
5092673
5975763
9038943
1439361
323051
8376647
8571491
204559
7249579
5202769
7069349
7406503
9297231
5725443
4552583
1802447
2739987
2015121
6171899
8667641
1834263
4524919
356777
7235183
8923319
5114327
8394479
9040459
9913997
7868193
4553897
8444037
4068929
568533
5058311
3282441
9044921
5906847
3750153
7182371
5486193
9613453
1266867
9617881
3947851
3874243
3031649
8839123
9311187
154834433
216351
3340841
471101
704429
9074253
4164877
7137361
7493049
4524191
7491509
1893057
1471329
2404931
1685529
3544267
577371
1822399
236383
6519269
5422317
3595003
9613793
6649311
3698491
2651879
2086177
7469003
2998439
9862417
8823073
427559
2121753
9831527
732061
9349269
1478761
9828949
9213143
3905013
6205011
5609521
6886291
1002359
5254051
3010121
8361477
8822907
6139579
4506079
2585743
9022653
