4825591
1808529
146688011
7057353
8253093
9565529
3280957
7591159
7590093
9597371
26449
76876921
9205609
2756219
1983587
4240047
8940543
96006023
9308669
5579447
5210291
7560869
9837637
6027731
9085911
8234199
2634201
9136289
9023063
2141607
3543561
2824319
5775077
1698427
8568443
9045377
2694079
859313
5199677
280423
9566939
8447899
9438793
9931119
8376123
7108347
2963843
9904121
5324283
7499131
8362381
7685859
3096309
1857269
9134531
8290199
7968113
1142749
7090117
4290669
8929611
7984577
9337571
8819251
7601831
753851
5621777
5340531
4401393
7452263
90021963
87529
2397483
2233277
1922689
1258863
5555857
2538841
9977161
7604563
4897067
1429119
4936443
9708759
2809093
2402623
1486287
9151217
7911357
13110637
3507311
5808921
5191313
2066401
4613403
1967001
9689827
6807879
184909
2203147
295359
6147397
2964983
7066947
6260791
81259
9577889
5169901
2113847
5303429
2349939
9856327
9889597
8689517
8399171
722661
1606669
1233857
1196947
5648601
75969607
4734117
1736269
6648079
1921893
1888579
1720303
4843111
3534329
3807783
188037
3053197
9141619
9973227
7646963
4933457
2715749
6759763
1875069
4544051
3225963
6187597
3877657
9961657
6391857
4368847
9800429
137959
6350373
2837983
1907661
5512247
6170123
3326151
7399417
2241061
4648577
7695569
3619699
7202203
510157
5360699
1441233
134782887
7898421
9920389
7547301
4756163
9644911
24643137
7892151
293111
9856301
7136533
568619
178183847
556679
2789407
7116943
5128461
8437649
9852433
7803287
8697339
1532269
9906907
2601681
6242761
1119229
5541303
4730309
4919403
2099701
9684859
7286863
3537829
7017321
6902811
98949173
115190297
1749489
3282607
2022177
1567561
109679591
2126197
94702931
3713189
5264199
8222429
129508929
8855517
9625319
118290243
9328111
1262651
7896159
5192783
4160553
9545913
9648407
1328967
831849
468993
1397123
693037
7522803
4019951
228343
1480339
17999437
7369617
2229121
8080003
7316239
6253273
7169443
7429333
4781441
6171813
508281
8351773
3274809
1281311
4248361
6097
5320677
3576473
5289741
4596669
4871959
9317409
2842271
3932633
4436609
6175547
8929779
9123089
9492197
816923
1821107
2826757
1097613
8161847
2872879
143158809
3613343
2854257
705681
913021
5214281
3694473
6147301
5040159
167559157
1225729
8857643
7655163
5181829
3554143
3626731
160699
9023987
2461093
7688101
3372547
7906671
144098563
5143403
1746113
8048821
8566733
6118371
7200013
2599769
1293237
7084457
2580007
230487
6377407
9919459
3329847
5632987
1682393
4592871
9425611
93672189
2919843
2881301
5922927
3145817
1786923
6839037
4502179
3586193
3066543
1712313
5230129
7544531
7843239
3790029
3063463
4108349
3457257
601953
3849009
8652951
152533
2566471
1233353
7407761
93449
1054227
671153
4129197
7062247
3872197
9545919
4323377
7025521
3966567
9323593
5351497
8232681
4362117
7023177
192842011
5411837
5717131
8496783
2793181
5781193
9165939
9023397
340983
7207071
9940187
3369441
9155201
682729
8572923
6690139
1835227
6072717
1575983
56775349
6808271
667323
110326187
9345373
4280451
7454557
196431927
5172851
1003537
4873709
586643
1409203
8962447
8986479
7012821
2501237
5068957
9188531
4041089
6815069
9163381
2982829
5315227
6615451
12841249
3419713
4543337
4713731
6606813
9150257
4872759
7263743
8847959
6918849
397403
8344519
6388649
2647561
6454851
3354243
2607409
2158291
2312639
2098699
94000493
6928817
5082599
74968867
2690707
1650619
9388387
6818017
7353181
3771551
1528757
78614269
5988153
4621817
5887837
9089051
4551019
9109081
7948973
8120721
5891413
30639
9693351
17271111
1214409
8923023
3850133
8015791
7800773
266741
5379111
876223
624777
2054033
3003233
3053909
2526363
2430979
4837169
6826863
4129979
7917427
9499209
8159237
5540943
2178579
2004197
9414173
714459
8836439
4683693
9223207
6096963
1238231
5289787
5619447
7600219
3354261
6987389
3442151
4382869
49633501
139024393
7453787
6149477
480853
3485717
932547
30759199
7236797
4081841
7612197
3481693
6747619
6565173
149450527
1391397
6165619
7762891
6994773
137911147
5047211
4099417
1561853
8982469
2283801
4034891
675741
912429
3779449
4007119
8199283
3658969
40487841
378347
4183531
4930349
6794663
6107031
3939557
1709681
7658459
6962227
6523101
7102479
6711797
7140983
4427421
6187769
7705781
5976347
3633873
1867727
7520903
838781
2193329
7703959
5641001
6290191
442527
3755269
5950167
6576433
7851833
1244641
13161911
3554943
1963921
5426797
9226737
8235211
6618887
7768663
7957187
519891
1876593
4651399
7247551
5550269
2614429
6882537
6607383
9001521
136282469
4192051
7980751
8958689
9171369
46048617
4540009
9231381
2072701
4029359
956251
4574021
4946319
4683823
8631321
4466081
472583
8169631
6435901
2970677
4981721
8734847
2787387
6162511
3389369
933431
4989841
1346399
614487
9064017
7912789
1218531
3522391
9227007
2583613
7093373
1142739
172030529
4813029
3605437
5592169
2651561
720817
146676921
7436673
4206289
1345973
1584619
1004177
4964029
5268233
9318263
703861
2464009
8642451
1696729
5592829
575143
7474631
8539613
6694311
54197071
3931881
38462341
5853907
454919
9127239
1683091
4927839
776877
6436957
8593623
6743293
8793871
8017461
6095173
3629673
5395153
7695511
9672547
1835793
8008927
8447179
4204919
1716537
9628929
1063441
7737477
38029
2666247
7875441
2095171
2833977
3122093
6130449
7460617
9732641
7867253
4622863
2875701
6857699
7983827
3964749
9592653
4112391
5122077
8608777
7908493
8127333
5355333
9194507
1607707
5199007
9511687
5967969
9619539
9688373
6446067
4744551
2976817
4359973
7893391
5531783
2624461
7063047
809011
7697941
6202807
7358539
8515097
6551917
3356483
4625037
712509
4016949
6182457
5244099
1561297
5620623
9471113
7278911
714997
4219657
5996567
6957743
5522411
7340197
4226391
6990067
8049377
2268409
7734063
5186203
8081183
7425507
5921897
4382987
7237393
7362401
4856263
4317741
6895471
2581153
7012613
7639247
2514169
1215189
6055831
3214599
8881477
9847033
8498963
9992927
4082377
3455459
296431
3792271
1428511
6402931
3382099
4820063
99860677
9778361
48390047
7455733
8027971
2707121
2855483
8341619
7995077
3544509
76516691
4919373
20065153
8741699
116881
4524363
1169653
2290501
7265073
1496641
8839551
314379
4314509
7260337
7744883
6864329
2835459
9451537
1483263
8997553
2839469
6591563
4332171
5043489
7962629
1628617
6997893
75439321
7644977
753683
3319477
7709317
2677909
7358283
5891957
80739973
2684261
52840697
17950407
5322849
287159
9009699
