4759407
7250859
621311
2151199
8864223
7914859
9848361
402357
1542129
5095669
6101523
77734741
4666787
7695459
1943237
8388451
1816259
5715399
5387919
8318561
1599237
9384819
579291
9328487
7907121
9050061
8735391
8997213
7396121
7301061
234071
9986613
9376661
9871567
6550539
6888031
7799247
5378463
9366877
5748283
352301
6807751
2815257
9310923
5736959
150368531
7781823
3574711
4368577
1980307
4719237
8829571
6145939
4601557
1655711
2061549
6546107
462717
3287671
8631187
8649083
7065713
88099733
4453511
7694689
6463893
8670321
115479611
2126537
3908529
8088337
2727357
182510123
1016489
5699277
6245163
8977791
217703
4837513
2400223
155352967
2549237
9506521
40251
82959
9821263
8713893
7639491
4107943
49797887
2477161
109857383
2092843
8475371
474081
3305531
9347631
3999363
7394121
3252581
698157
3986313
5083939
6531277
4166263
6253067
3481911
866647
7060991
7040577
6501633
6971781
8574133
7875997
3226137
151313
8390933
5889497
4059287
14257523
8044113
4857743
4907343
7221789
3699101
3450073
1150759
17289269
8925769
4357757
2012443
9189447
7118589
3018263
9255991
4479811
1618091
5063139
5195113
3201087
8507379
21188519
5728397
1843479
4774553
169187247
4603051
7774909
123646071
7153433
1142727
3283163
9324141
3004679
6001243
8803443
4357387
1471457
786961
5830581
5737967
7863167
7937573
2168787
1620193
457257
3919621
895331
9379451
5713467
68091681
5577041
9222601
4980139
445389
4627963
4725923
2629297
2736573
8777363
2123989
1286509
1010631
324027
1484479
8782923
8101567
4038909
6649099
6083477
1692709
420069
6405081
5364439
7824493
9881597
622989
6108659
2401961
6332227
8482519
1782771
9965551
284909
5792343
233331
6187879
6268563
5271041
7066891
4360997
1028617
3885323
5452399
4943579
1232077
1638221
7562179
5118629
2430491
5963953
8074953
3211939
5081179
8956359
6745707
9904387
9054747
123493201
5824617
9192399
2315973
7100057
2703963
4426763
1771747
6527197
6119251
8824207
150197053
8322859
112723681
6436997
3744553
6194257
912023
6068847
1092017
9793497
8473007
189227089
7255729
9888847
2019893
2031219
17183037
7950759
8837411
817289
3321447
9225437
479699
49136861
2403081
4020761
2726607
7916071
2402789
1797029
1101301
2419751
8968767
5199889
9798581
9826133
7142169
9919217
3547069
6770931
4896583
7074211
70693257
5886949
7946977
9868207
3339197
543731
67727
1866789
1348653
2626537
2815029
9227577
6904807
3534651
1147339
7127729
274347
5160093
8127763
5182701
7522247
4015607
4603333
6079557
9131851
9634543
5256207
1659291
154041933
46329
5326229
6855031
3084791
6047843
7557039
9515497
6552279
3372951
9339023
2730597
695937
236191
8945397
4912057
923407
269683
6891693
9392147
7100751
2638493
2204247
1078267
1256699
3305459
53232483
1754761
5605247
6271687
6671227
2003127
3126881
5155661
7158277
4453251
74811
4407353
8902421
6248851
411261
8138371
576789
148449617
654093
3038717
6482951
4158631
2313347
2710629
5203051
4313043
3451277
4921383
368709
5597879
796001
4368131
1334933
2894957
4781067
4232353
155934959
5895183
790863
9270527
2712919
3032107
2345857
6973387
9253581
1573197
7039139
7063283
7300511
2181713
2089569
5314121
141997
2125567
91383
1144589
2489683
8594317
6880161
175255889
1689579
2411743
617961
530737
2839457
51128407
3548019
8940779
333877
1585179
3284081
8181531
443831
4532267
6318241
4772003
6701911
6933423
6821247
259041
5288741
9115619
8281463
3618771
6476661
9860001
2936693
6124773
2438367
7725991
2245259
2669867
6843463
4153241
8398103
4890773
5548141
2576073
2001543
224163
8839493
2744223
9070709
9303841
1151751
4381943
9901883
9716081
5030197
4023299
106739
7965393
1051241
6535187
939533
9077171
7893221
2844073
1824953
4846617
580553
7785401
283753
8081929
8209979
2840621
3454857
7378477
8533381
6699303
9466757
7530751
127577099
4411357
1847259
5096473
2264487
4452067
318057
8056227
4688537
178544917
4162103
867061
30809729
6481061
4825081
8006867
9920591
5622221
1421139
3855647
1873663
7999869
8046249
1693041
1154613
8098839
5634573
9475707
563817
9018171
2303201
9493099
2858389
8797317
3905109
9546767
6156891
102027237
8365613
1064881
5867227
3936199
4779673
4538807
8573283
7249641
7887259
5977329
7183059
9043993
912729
3717519
5548459
8720167
8880807
3159633
9872227
8198491
8974671
7100007
7135523
2105729
2505009
5600839
126211533
3073279
4699657
9774799
9895831
7926327
6525793
4490997
2016707
5723213
5003809
279041
1779757
4001419
8170703
3673033
5683977
4111597
4694533
1202351
1055321
8577751
2800017
143281071
2165209
6386663
7939887
5478561
8285307
2163901
4376593
6932781
1344649
12617301
6155891
6906199
6443411
8047471
7625087
9860771
7702191
4138221
4125523
4965477
3076377
3251079
5013179
1938283
6207147
6550461
485439
8443151
6202749
2166379
2363681
8901377
7532141
2249969
1656311
2344793
2374417
9681481
7985227
6052899
5837001
9238699
9043741
2836503
6816389
7627843
2437107
9325257
9210737
2907111
675429
3831131
9882153
8991901
2803103
2557943
8482969
1458971
1429019
9853293
8985597
2008623
3395427
752259
729551
9534247
6199913
51887389
14039303
3528759
4652893
8480757
6625353
4903927
5614951
7266019
7633867
3991883
4005387
9744569
5038307
2470363
8978647
4369089
1832957
6308951
4989833
1179279
53626369
1701853
2801717
8051529
9357777
5404017
9051253
9475599
9367159
3382347
7126113
5838643
7266217
1370993
1287341
82962287
3519431
5251843
2200561
4067399
2627117
1868093
8466379
6993289
196873263
5538029
3638077
9515157
4656151
5412789
1593219
7467843
174366617
2834847
2236667
7090709
124065257
2108869
6380741
7834689
3908947
3948437
2751537
28517
5900531
1286531
9422663
9777301
1805177
3925827
4789537
9035549
3128389
6364219
4612667
657879
2122761
8817981
7766769
5603789
8826621
3314891
4890641
1604641
6963749
7281337
8280653
5769867
2615043
4409821
2473469
6435187
4095633
287513
5539591
9169467
6235341
7873277
8260271
9349613
7715493
3018249
5080943
68708807
7646499
2152987
1968921
3829681
4889197
3611099
9822807
2418259
5760977
98313149
2885527
7422909
876793
5561551
6875227
2278479
9506139
8953927
8702977
2950503
6972197
6384491
4572199
482057
1711149
3387067
4357637
585183
7492691
5980021
3374739
9925677
4001793
3781771
1360801
9184211
5104507
4410693
3921183
2654789
2471039
7228597
9026197
8901311
5143577
4160411
2303799
477699
5168333
6034329
6954743
137381323
1959929
6602493
3768783
2812189
378119
3275347
266557
9170181
5763389
