609247
7571469
6183023
2995171
810221
909429
6735603
1296907
926271
6292557
8407603
9201483
1147891
7366491
7523663
646579
2656729
2206183
2836323
2689379
8118657
7153321
809379
1894161
9750967
6820221
51357081
7829107
4903629
1796041
7766083
7296051
5080119
8162469
7362403
808821
7468169
4174843
475613
9269293
6487463
9617363
2006143
7683729
5489981
768081
1763901
651543
678887
1838113
9367373
7383861
8107671
6644537
1874813
798551
907307
2282693
3771419
8604691
2643569
4008769
8005683
9647477
5363417
2287931
6738647
519647
9807997
8066729
6035403
2728941
4734219
8518573
4261901
5323293
5022697
4588891
3158693
5385987
9879089
5279841
7990763
9704669
4803487
2949677
7372221
7763241
6795759
6360557
1070911
2676951
2772477
166705553
114291
6927927
5543691
2374719
5300551
8235733
1831023
4783079
652381
5644337
9757583
5390423
4513803
9779723
9880747
2913647
334489
2500677
9586461
6694021
4155707
9283147
1795319
1846763
3341497
176489647
9602907
7581157
4033583
2047111
7294743
7114783
264041
4322863
8673167
2173793
24737
2054829
2625491
591079
8656323
166743
647409
69333179
189061593
8167291
2051137
4155403
6278573
1384297
849553
416887
6050561
7879027
1277101
7545371
4279091
7168013
3450371
7925073
9734187
7058633
5958111
9023327
141743687
8607549
3060403
159603
7375883
126167
4008257
1577577
6486031
7678993
938049
5206537
6961029
2174157
9319383
8400457
3679251
8947451
7353147
7477301
45172037
897667
8605353
3769279
4565869
4775351
1508159
419787
5909623
2786559
7870013
2810963
6357447
588563
8152541
2485821
229279
6487247
3073109
3884381
8081519
8362531
4095661
7614717
3652593
4826269
7150137
6153103
815277
3276821
9231893
81646291
5973473
1392081
3378381
7114711
7979481
8152959
9275321
4443419
6609469
412837
4323549
7788093
9224043
5076767
8852859
9823229
1106817
4222419
2659649
6576019
8676333
9987487
930651
2343467
359677
61973301
2171579
6212963
2603933
651437
3367943
3446467
2248563
3884257
6703103
470743
8622759
5194389
617187
4057757
6998957
1683293
6072631
3888099
6900367
8994047
4823207
2272647
2046043
7697667
9985961
8380537
6075313
227807
8696219
4674883
38055647
2532313
1258937
2611583
2211429
5870503
67328209
6580767
939457
6128313
8728703
484191
3681993
5192087
6097223
3188879
5430783
3505987
8506361
2087849
6374487
9836617
7947167
6501571
3577947
1957331
9822213
8803481
4979687
4935193
66036217
3297823
2884413
9850413
99893
449411
6855043
3674877
4794623
5384121
344343
8140709
3094247
4395489
6468129
2988047
270831
5171101
3492587
5318363
9773123
8902519
8738739
4736447
6952613
9985731
799241
4143153
6388123
2179747
6604443
3404713
9656599
9969117
9442079
556659
2362091
8526989
1055989
8854907
638471
3402059
2125089
6199539
1167689
105816633
3213581
4570951
8224471
103955549
5616287
8400351
5794223
549173
5440007
371821
83773251
6358107
6905877
4134393
147005781
7396893
8686163
5831169
9995999
1505663
5359273
3972659
4499949
3142209
3554597
3134489
7196943
6090057
4246649
1523019
149440203
8491109
9037439
2170639
4799279
2391481
5757539
12582423
2045721
8650349
12073
8943773
9045927
57383
6646227
599871
3731673
4630257
7755501
7357031
4928147
7620751
2646457
6588239
3781003
6819389
7801599
965473
56050939
7709591
5782573
8547611
2259207
103218433
5443197
6376659
9875413
386251
649537
4867733
3323353
7823903
2503381
4762787
6856443
1510749
1009233
682093
1746909
8306871
4142499
51453
1249359
235139
3631867
9831059
1917037
944827
8629099
1628977
4077427
5353223
4609377
80835669
6321103
9732759
9872137
6426081
7662227
1120649
8281103
7351271
3181659
8040657
8033499
5970303
2388511
2456439
7709089
6443069
8070379
1828339
800739
4943729
9710523
1187549
8724433
105832837
9630799
5185739
6899499
4314681
128825779
2429269
1542233
8412491
4163257
5160561
1679533
8273827
2650629
3056431
4626809
3613663
5339729
5331803
1223183
2800349
1120113
3675003
9745327
1488151
1700987
216929
4048089
6639729
3691321
1178229
3246819
993129
1904461
521249
7763569
1743707
2386051
9227209
9646903
2720431
2651481
7296833
6335311
6371439
9129779
3384933
8164393
4786293
4685981
3352733
701031
75841
6693359
3179601
374623
7182667
7906137
2992323
8200413
7255441
697709
3556211
7391057
2074637
8912483
1466691
3297563
1726611
1721087
4575883
140688613
2643587
2158801
2669057
8402461
8123273
2767127
2684573
8988061
138481
5231011
6584989
5617293
1046063
4992521
2663977
8422697
6616809
6780917
7289301
9398537
5736527
9717183
84440711
4811261
4899119
6748947
8114933
2346311
6995073
48263
2993339
2596407
6854847
9784041
5397251
6467067
3659823
9403407
8444407
1348467
691987
3998581
9734407
9391333
8060983
2199719
3652661
5545671
5275613
4893471
7447369
8665873
9165043
9386583
5499181
7772951
1462067
4353411
6992099
6391877
8696317
9661937
1014199
8175159
6837757
3388473
182023493
1575627
3661331
8737327
6752669
1771779
8887127
3443229
4170799
4708671
5267439
2015529
2422061
27478791
9090341
2216947
8339119
6541753
232063
711627
5940903
2764383
1628189
137551917
9228521
2412739
3335811
1748287
6986121
1865323
3640821
7193007
6069987
9728327
404059
8941453
9975611
9375063
5073299
4363669
4800457
7348111
632163
4384061
1472769
4026923
5515603
9928713
95395873
1904249
1986811
4571851
1717449
158534271
6909793
4769557
7286331
4258869
8030241
8628949
4507501
5961013
161922913
54263
3261691
1107159
7100067
7393597
782257
9354857
8562811
110167
2359443
2343693
7937791
9207209
934471
9176011
3772507
8175667
1812469
7545301
4830009
1325959
4564551
6512779
5057987
9054959
5777819
8433857
2356681
482747
4044537
7394269
5401037
6137971
1111687
2442943
3193841
5181601
6057629
8505297
5206251
520293
5919627
3170527
6953803
8653471
5195259
6727489
6854451
4317359
6581243
8088503
7862319
1214659
9054711
4668837
9797513
4288517
7627007
607961
4263697
4523389
9063349
3968517
8926977
9669763
2704179
8714811
5463147
3612041
4067433
320923
9450441
3150391
7855269
7638397
5364179
6430117
4391227
1496023
7724933
7014453
1115747
6229043
5010637
104912609
2164809
7944477
7202579
1623947
6727937
353173
1899243
15127149
9010001
7979541
1940189
82371623
6297821
8779361
7563253
6560921
9439499
4535323
9200241
128655781
758587
8982957
1156193
5818277
2182243
7905201
4333571
2605311
5327611
9063491
7478161
8817401
6635997
9025203
6577977
1685671
5614571
3551193
7769699
5996479
2474281
5880347
8588569
1572163
1914133
8363741
2225269
7186747
1784489
5909889
8328943
6833677
4435519
3208663
3671027
811341
5109393
4555339
2238439
6328817
1840739
3430523
7218859
2225553
4147043
3029933
