6621211
9266099
8266061
9067307
297869
9695193
8132467
7544991
8106289
4604691
2886753
837577
66499269
7910897
3465393
7621323
1116431
112597689
95069049
9868203
1256021
5026391
76787681
7214911
6883339
3154367
1836873
2117943
8219667
836031
730041
3855027
1347489
2152157
3619687
7208017
7577483
833183
1555089
7212339
2903117
9722149
9797081
7196839
4796209
1665401
207841
7537759
169519029
9055969
9009667
9386667
7704327
6912187
3541269
4935097
9906673
5451631
4519609
5921873
5526601
6338739
2839503
3715801
9007049
7825541
414849
3583803
7352833
6061527
6008207
9199921
1742381
3931577
151495371
5351237
450017
6556027
812277
5439771
8535487
1094981
2422731
6959561
7851593
8497581
930421
8913589
2274063
3166253
4858239
397187
8755029
8111787
2333851
186266699
6540343
2125529
7926139
9980771
9472889
7354807
1955263
6617571
5364367
1588611
2331457
7071767
1362499
4135749
3483479
9719863
5735739
1793929
683029
7775271
3338727
7506087
2071209
421621
2081333
685843
8032313
1771541
743051
4128951
5479093
6610921
150791153
4950419
640871
6698651
1972591
1572319
9246677
3417117
155532189
843413
7600291
2777431
2692979
4137149
4985377
233807
6994659
6138861
1598213
7222123
4834901
3173209
4215793
1780143
2670271
96343869
3200481
9991263
1221483
732277
6121317
6865637
2332829
3316117
7417599
6644411
2408301
7108487
5460533
3517433
7571397
177470687
3436983
759161
2023977
9113733
1574893
1340597
4677717
8414261
4574717
2914573
9089933
9756041
588443
7551929
9130863
4760339
944073
4680177
1868227
6745537
3644573
1518293
5683501
5347831
1791313
185181
1430949
2844743
3455821
9988483
9132753
3313941
8540619
153870831
2828029
1978897
6193387
7214259
3477111
6644481
173253
5251141
8423987
5249713
7732087
8493187
1422913
746203
7515439
3684291
9045813
1802013
3669343
4428869
101807897
3437153
210041
5417071
4438101
9876089
7739199
1193573
1036823
3271591
5392077
7846271
1745253
6326939
9847361
6552299
7372533
4000653
5526017
7040843
116703483
1261471
978687
7079419
735659
5935359
4288569
1767383
7983717
282523
4049443
8334813
7200543
2725393
4597551
2457619
6480471
2390843
8575977
1250137
1406789
1562783
5142191
792067
2395569
7673461
6961481
2946913
6369709
7965961
7228441
1111273
3160459
9557573
9399279
7296039
3687563
3620521
3485751
8588559
8687463
1098233
4350837
507899
46265731
7353493
9415129
7820657
5758057
2129487
7475301
5131799
5802177
1645897
7684739
7068817
3336833
5781707
2834449
8407893
3452307
8727003
496687
3903667
5953079
3135807
4052963
5975383
8991823
121311663
806233
5276327
8267083
2718921
132745313
5870879
8069491
3289069
3389983
5027497
9995607
8612717
5340319
4315219
1040343
3223191
7563591
7698581
7127861
3056423
639193
8009107
626523
2115871
5082181
1105931
8283171
4197501
275417
28013239
2396821
3941263
6072611
8033541
379397
8736463
1745109
7998847
9449311
4778493
5923709
3454559
8709679
3778719
6781627
575127
1631879
3007227
7269011
5385183
2999587
521827
2185989
146230933
3622581
2274829
274039
5097909
1291291
4798901
8193463
692639
8904391
1081223
493237
9308971
8226077
6783089
2013447
2722893
8021593
7293843
7850841
4467853
42420603
3591227
5607943
3132397
7785737
8440021
3581967
3536007
7791947
7750281
8860713
812459
4645991
8208897
1403937
6810017
2609057
5825927
1860687
598977
6755973
9788747
8076563
6440833
7143757
7217837
5832323
8315041
7362649
2330303
9190607
7554933
8677313
4874069
3430639
9113583
9223319
9373107
4281501
6413509
3147249
5629561
8183513
896421
8527861
415761
6035083
2464803
9712291
1627371
9178839
7030959
8703991
9518151
7002813
5985099
8185401
7321901
7040149
3049767
6447537
329357
9417353
1204441
2404221
6583733
6649199
5128587
8931431
2460653
7872719
5100159
4223393
1266409
2782317
6371393
174840333
8868579
2456677
1744423
2396777
6017891
8489251
1065829
94129151
137097607
8734801
7819011
4935271
5758223
9652073
5557871
5909537
9862979
6642619
4224029
2830801
7548849
5318731
5842781
8645703
4722477
6373977
7459139
1663101
2934517
5862661
3398013
55543391
8116547
332767
8867451
9424723
176121
5792587
7482379
6465559
3749197
9268273
5623333
2280123
1402111
256109
4232101
9479599
2267841
527027
9931057
1277637
7794469
2757823
2124827
4019447
4333627
6462063
6757993
9521669
4929881
9072083
3345431
6854667
230089
9755737
5292697
9352407
2314339
5122493
4076473
8746693
5487309
9583753
5084193
2547733
2134219
5195237
6474963
7813227
6800049
5387481
1471771
5164457
2329969
7527933
4404841
4158707
9176321
2447697
6438219
5379829
1291189
7092847
9309561
1053263
3648873
9851159
9660453
3815629
150811
1273497
6752367
6552889
172878461
513051
2211787
2761323
6854177
618697
5887789
9910117
6856239
6790733
5713097
4893907
4983443
6800931
3479829
2146169
3127671
1010017
5911591
9228737
8212977
4020261
58763547
5671157
6632739
6956831
4011021
1471177
6713319
7104549
8432573
5460197
5325267
9570967
5919233
876127
8141003
7346203
7592811
9888019
2459557
2953257
541379
4426067
3952949
4739147
5966173
3768831
8049929
143745181
4751641
3776791
241993
2231691
3946209
666909
555597
1922979
8159157
475033
1522537
2068123
8144717
3469223
3789483
2696531
7472309
4762169
9533739
8283371
7233691
8589263
5093801
5622977
3567967
3568327
2196379
1928237
1460233
569557
6584443
293907
5167493
4753921
3099497
6371039
1982469
1590497
4416769
6872897
9074817
4863611
7166811
9714139
721201
397019
3374267
3521547
3758691
3474181
7250513
9923243
1842507
2959959
2146141
788711
140645923
4986559
6028443
4780703
1210129
761711
7840473
6329659
1299693
5361139
5862011
7959183
5910277
4293899
8172279
9636727
6976933
9212017
8091141
4676543
5258443
7843459
6864889
5721947
191893253
4761019
906629
4396779
5992139
2529687
5933193
6171311
8860297
2588839
764711
2702961
6390847
4388779
9487021
598013
604663
6459517
7704599
5882187
5462723
4120157
2887467
8174857
1732419
8621469
5663133
6151399
4582549
8519841
8796327
1252067
2652449
3662973
8625061
321853
4037331
6178477
1237
9171323
6483163
1933177
5579939
2245849
8916933
9792733
2053309
6880413
5557399
8560531
8234529
2434603
7786417
583057
2148203
5919343
2614733
9151749
6064743
180987437
3287461
1544473
2241539
9612079
1619019
526869
7919693
7761697
3385383
1720161
4353349
8257089
6233261
8771731
2066613
2106619
2747989
7512521
3333611
167904451
2977483
1645281
7031609
2943421
1588943
9366107
1657533
7617919
3900233
107068273
4913381
9495219
65829
8063931
7555663
6872889
1777357
6657901
4599647
2551441
2070763
8806869
6983731
8286173
3735237
1948071
8479429
5638207
2091269
191387929
1422587
862701
7923499
2859767
7170619
6640057
7044437
4330319
2090897
6363309
