4259417
4419611
2836173
7294417
8942251
5262343
341459
1154701
338141
957907
9274247
8414377
3733319
1093119
4316723
124159
3645451
197727241
5395391
6467101
9761867
9909137
2306953
2581491
3901813
112273479
8172029
8003879
5902539
3958873
1876829
58908143
6976887
85921253
252057
7213937
8045163
4788181
2997791
833431
8189829
4437753
9557441
2802207
7794847
1738719
8742877
4648349
3004023
7742943
6874163
5340159
8073289
4251663
159158953
8183023
2222413
7501733
9086849
807911
1212339
7148873
82147139
4249303
8494649
3371807
4447223
6947203
1660513
9762919
8332037
2591577
256189
1751653
6466131
7991931
629921
9728547
3604717
1513649
4552281
2954269
1049061
8574881
6644789
4199201
4482579
3924941
8513947
1899539
1100231
993709
1662457
9272413
1728439
5349063
2277377
5412377
2144161
8940971
8012269
5747387
3782843
8775517
65504441
3571727
7943121
8342279
4922459
54125249
5012767
6559513
2640701
8160113
174819
174211
6931189
882697
9315509
9340741
175962519
564553
2632449
9147829
1989329
7344697
7677347
7597379
324069
4968959
1733001
3281749
8761563
2053747
1639431
5702763
167103843
9371977
6139301
4446537
4158297
602157
7734547
988543
2295347
408011
9344643
6803641
3100029
6966821
4217793
8248507
7148097
1558367
444997
9821549
1536203
8924701
6452003
9157767
6958289
6296383
3636031
5882939
2640809
109828537
2069577
6367137
4556093
7342191
3702543
6715571
93109567
3823171
9277427
321553
4297619
199259341
106677
7747221
220771
1961209
3624927
4514127
6087949
486279
8887129
8929173
5657707
8087417
155047
4974521
7062711
8297447
9342611
8344577
3182497
2419027
2199559
9486757
3241131
3143553
491793
5702197
9139449
4858459
3679797
5324199
8535151
2706633
3183569
5613247
7393877
6920943
1500119
8072987
4238501
4019483
9451981
5701561
3011129
1798601
8740717
3150497
6475649
6923271
207627
109227633
5644791
4442773
176643
278581
5597753
8829593
4368609
9209117
4904363
7546479
4064059
4889189
7463227
5650093
3311307
8873751
489911
8837397
9330929
6087837
162383
6909361
1323851
9111179
5963229
3999099
1781263
3367143
2901
8740287
3626207
4327361
1893647
1429437
991709
618999
4078573
378593
3248157
4996591
5996639
9347097
9634383
3290771
2149029
2394309
7122813
8186677
2827361
8076717
1706409
385679
8557931
6651639
6183137
4469083
3877423
4406293
7519091
664689
1316519
5879111
781313
3078209
1744981
4901931
6945937
4965913
7154457
2831819
3203303
8183721
4462417
8828573
1270219
6273699
190779761
3565727
5839197
3321353
2515421
9204749
6675647
8865101
9608323
2477171
5364639
2825017
8087761
5479139
3540831
2808079
7229629
1254091
2443123
312099
6759917
217539
1156371
5738229
931129
1446931
5744913
2059163
7940957
3457487
2455357
8076929
4480879
8395493
3557609
2355897
9479523
1251351
147261
1316761
9207419
5993743
3402417
606133
4001057
7945503
6310681
1938829
3080919
6087911
1221311
1217169
8545077
1533009
2048121
3343081
3599491
5866707
7319701
8632943
8879437
4146851
7280773
6013133
1999267
4812873
9105027
9096757
992747
3288229
8498467
8343673
2584321
4935249
5370157
4626047
7143361
7040849
3817409
1246263
7983861
5985883
8234261
5746741
7529611
8658587
5551149
6152747
407151
8537873
37666467
291659
2493661
5091767
570859
3065699
4294511
3595387
9262017
7747743
1994259
385431
1003627
143349549
2401581
181519411
5056679
2305553
4831049
6105987
4330229
6903733
8348343
7834013
7442801
7515923
9334941
8307109
1201079
697127
1408969
7992093
9678481
9353551
126207
4825037
8302933
2801247
2522851
1415847
5076629
8545657
9379409
5564319
1926667
6508721
2955573
4213923
7390579
6790069
1356221
6311563
8466041
10400923
4582723
7038739
8760863
592541
3890627
1566433
9819499
9228791
4992397
7283527
8364609
1364381
69286167
3898249
2732433
1216741
9503357
6969817
9395801
8963803
3449277
7518357
9268181
4508867
5512313
9442757
668419
3226243
3439101
8029691
2749083
5559517
2318089
5474187
3703361
6414801
8279793
2931841
9424669
3815759
9477473
9264283
97007
5190289
2499797
1245809
1074007
16766963
3481719
544813
7431203
6833509
7509099
3896287
1686057
1958149
2178383
468043
3417367
9792593
3539951
8860983
9993273
3285577
9833781
2758421
4048191
9114897
1171151
8636331
8293607
6212727
7917463
3129179
20446649
253487
9137883
1560561
2176779
6540801
4761609
7288761
2522507
9093911
8060343
2542669
6064619
995507
7778149
4944043
5478833
8329239
5420679
1487973
5355083
1510133
855431
2493149
86464123
125827
9690201
7197319
4499537
9620123
5694993
3089737
7129869
2069957
3377431
5823141
78963923
4288777
1419829
4566671
4851611
6114477
4918519
8404901
7566297
5497617
3203907
4488697
1960163
1564959
7729657
1826857
4307027
7958997
5813679
1703339
9600979
8819753
8082411
6053799
7480721
8273539
4638083
170337731
5392109
4471889
6721369
9244537
266973
999493
8138779
5744473
4880167
173249711
788683
3987053
4433349
71283869
8337993
2629359
9329287
4872223
1047389
771113
2277593
7100691
5478133
2737087
6704369
9427951
1009021
9837181
8619353
5775717
6091291
9712331
1960363
587957
745713
8362087
3068529
2214253
6485463
1070223
3132079
5565737
1073631
831913
4908603
661419
7222479
2224069
1783741
9035429
594007
8051369
3325859
8540349
6438761
8130131
6557331
4544703
5213967
697147
9661987
3822661
9927591
8357819
9451781
4372849
914187
673217
4823923
9196299
8369963
1990721
7857049
1270777
8795879
9981011
9108543
8700163
3441141
3033999
4445319
9255991
208213
2284047
6275603
3490927
450287
7000549
5676271
2895541
3830351
9413563
7302819
743541
5705917
9794153
2375561
8200679
561549
2677973
3311139
5576531
5418449
9858899
3620571
7828219
9563643
845673
8294243
6952251
6439033
7567563
3373787
9033981
9628361
8008207
193726497
4344147
2458173
8707503
2290513
1833949
2371759
8088823
2685507
54594377
7580447
1558813
1800841
9961621
3743087
930881
5540743
9316343
235593
5833243
1096623
3827227
6124491
4548893
2344853
5409381
336571
2673493
3593957
7647779
362613
1966889
8745493
1136403
7272887
2313089
9320317
1262833
2535491
8724087
704549
460049
8906037
6220007
5607057
6271561
1697339
6846027
596019
2495287
3704109
9528477
6335817
1679791
4644899
7849291
7535643
3105803
1542597
7984883
8924351
343857
9076087
6607409
1642163
3891771
1274011
8735939
3316839
1301767
281103
6343857
9495227
1083639
692499
216787
9276259
7986019
972987
2647971
9619073
5285307
6634373
8344811
1416747
3306653
5979389
690333
6908967
8975171
1218407
1711857
5533081
7111489
6339367
3361843
9538643
5341503
9112177
5925777
7170137
7602929
1630119
3999229
1108507
4509189
6988579
