3828503
5977211
1776601
3408993
162606519
9502559
6040989
6253037
9538519
8705899
8585341
3840909
6256459
3959727
714691
1310851
4606603
4952017
5125771
3012329
5625229
1358573
6567899
9414039
7308391
3486231
52787647
1405949
182354089
145122923
4688079
8200053
2563109
126869
2624689
894171
3464001
2762111
8227727
755859
4659251
9337207
2541673
7304559
4953939
3399947
3335383
192173867
9159191
1847639
2810581
1636647
9612159
5277973
6986811
7782863
9815729
53237599
3758549
496333
445021
4848587
1819541
5278089
6351961
4794463
1221493
159913
317621
14901
4675687
2868171
128578857
9260353
1072701
6039549
3367889
8385491
82041651
5949527
4223231
8180639
1339107
180097349
6263629
1557931
8853913
9042793
3019003
7043777
7705423
7989187
8081219
1469843
3270453
7095899
758371
4070183
2520017
7678179
7829049
5968699
7547977
3487591
42783
7945397
4433053
1406113
3001663
8931493
7848353
7446427
1935127
1904309
1758877
3068673
5404221
7578347
8893079
266129
2690367
1324543
7219747
934939
6167361
7834827
9832453
4041671
9023501
6989789
8629371
3702331
3529997
9868931
591873
5352891
7476553
6626193
6208121
5557433
763491
8478489
9967927
9481297
8459729
4469133
3753953
6877983
2831349
1791757
9541097
7972669
106924251
6268723
937689
6935571
7129321
8982443
800247
1195061
1458083
930199
3724659
1687657
7703539
4077681
9695739
8569337
9755177
2956127
3397339
7402933
1383387
234927
8905189
360107
8211911
2365307
6976749
99992723
6803311
5146063
5243353
7464591
742727
9103581
9439419
1967691
5976267
7436231
2626523
7302549
794979
9735871
3731009
7554037
417187
9131707
3050973
9836811
1764931
8974551
2108769
3050483
163960049
3380091
5629963
4187191
6470051
1568971
6503861
7239839
67067469
756169
4994521
6040363
8981217
8484779
311103
5329897
9284127
2200809
8369579
7636673
3835991
8619841
7651127
63881113
462829
451247
6664427
8274297
6049087
125862779
5055499
6457161
7235273
5744783
3429829
125974127
7749127
4493987
6950573
3117327
532117
5790617
216697
3795147
3088549
4713203
7213337
6801181
8580103
6681747
4988793
5759621
8179803
9980787
3859571
4949233
3197089
3656203
5207777
499383
8270453
7591377
9997177
3091579
3568727
7253471
2098703
4005723
4060499
1932951
5187663
842781
4125429
9322393
2042719
9005447
7951887
7966253
7808647
9701501
3779383
7898137
1503197
1028549
4352373
5784941
9830973
111724941
8240927
2482067
6818739
7793719
6639619
65997707
6442889
2671337
4990587
9833809
8564633
2385589
9350169
7129701
4949157
340087
117830143
204977
2592929
1071911
177878683
9447153
9371239
7890991
4881121
6238789
9445411
68735667
81355809
9645013
8139661
9396607
9534949
9736219
153192793
84700357
6302483
7476799
8812059
2933603
2921079
53341
8218581
8512873
3535737
2733149
2164601
2552151
7126223
8598843
8703113
6438901
2909197
1397623
3312531
8219941
2772181
2529763
1835359
4799483
5788603
2567049
1834081
7100401
6924573
8649809
5560589
6859981
792259
6456261
6987223
2091951
1902407
4828769
5024793
2877061
4296901
8428419
2505051
9198223
8072477
48381653
3910261
8260567
5774563
6096271
1236477
9814673
5371489
7206297
6878619
2790563
3035991
7253921
4621001
4257833
9262023
2619801
9385817
2458851
3332289
9500231
2210353
6246357
2538579
7051583
7231923
5777733
3713043
4721181
5377153
159251559
8594727
2086219
6154909
182946171
9659411
5966487
635373
86099
6702741
6178913
4543039
4381713
9008941
8368599
4907391
2386671
1162301
2862729
2972609
9539847
9981671
576697
6893973
11545259
937161
4570093
8068803
2717357
431361
6928263
1667979
5632493
600427
6566073
3855547
6212383
7360527
9333973
1551457
8058603
1315489
8983177
5749053
1210769
4902023
5339201
1495073
9468309
8647463
5755507
8932117
2292081
9007073
9590677
2550947
821301
4771669
9196231
7087363
2834219
9389369
2660461
4709737
725913
6170157
5577057
9802571
4648629
8375501
7517653
4496151
2482297
4091523
626501
5284133
3094733
176184551
246971
8151227
2767939
8489901
567781
7259477
9178769
617211
582003
3582749
8895611
4420737
4987371
9516931
4474707
6921083
1434747
5634377
8167183
8863669
9890381
7818647
8700307
3694787
8402021
7686091
1824887
47663171
5751589
681431
5309029
1968641
3487769
4003843
5593343
9270193
6106211
90679281
7340543
3340789
9481463
6593749
146106409
2159743
1468007
5009819
1002859
2479333
6272293
2177467
1849623
6357139
483159
3499063
1000323
9927817
4554299
4059807
8503163
259653
9867273
9260331
990497
1324661
7485813
8607117
2373673
3366333
3739603
5682281
2502459
1718911
213771
3190273
6809419
5672573
5572617
6005163
3723219
2591343
5958013
5343153
8778621
2491721
4383491
9275843
5406481
3114897
748543
7189221
45050783
801189
8327061
4946721
7648633
4752727
5258687
5118563
6598459
5398953
117539673
80827
8309477
7185757
9249947
197024669
1388029
4157387
8269663
2255281
552483
9651883
2976401
5749431
1666927
5419151
6546483
995523
5444993
127017
6938721
7102569
3357651
7811687
1759197
2445387
3105461
6375017
648127
8211431
4647387
9131163
1957643
4322799
5002873
6109917
4372543
2980319
6490649
4221491
3528799
327473
2720743
8589403
5821127
3058761
6671007
6891169
7633727
3150253
4110747
163458551
6824939
3587147
8070061
9683871
8220199
5959487
3389071
9396749
3930289
5254393
8577983
544349
457663
2918641
916487
2384027
7716921
6245817
3846749
2945609
7307029
72201
6882899
550209
7865341
1908403
1322337
533073
4014107
9519663
2363457
2265617
4086429
2510381
3599551
6683997
7454133
8899093
158317129
136539907
6802861
6221741
50481
6830943
6472827
8938001
3274883
4504693
44292351
2300193
9553531
3221417
868003
5611667
7502749
6187899
9770137
8802067
4189977
4323661
3642379
8784807
7348007
166247
7858499
7023599
4389257
7643187
5121763
7413177
2452729
8927647
2829559
8672003
9064699
6941359
4613581
3061257
8893651
8698289
3354679
4067553
6991269
4791179
2561441
1704851
1749663
2265411
9078763
9713949
8600549
8429333
6265463
6806669
1530957
9240291
9194769
4707323
4734097
2936557
9397181
5207637
2538253
1217747
7528659
9897037
5854741
58507253
7003911
2635753
54195651
5319911
1757929
6803413
3226867
6176511
811759
2309463
4384381
1044649
4804199
5302419
1761209
2483693
3010093
6516657
2405509
5938069
4824879
9548477
8470393
6775821
5664533
2176189
9129889
7298821
514917
6289547
2932237
2285181
9611451
1419221
7735357
7268689
7812667
6703967
109427
8961351
9126193
5898823
9096331
5322729
6494653
7569111
8950423
1504261
1926317
9279623
3175019
391981
37521
3805891
8094161
2482737
1690753
