7538433
9072651
3624311
804349
8945113
2285851
7395841
4726477
2783203
3535619
2911787
1684157
5257919
9088517
1547741
7748867
7583451
5865973
1333209
5900263
1468903
7689601
5526543
3527439
2464861
7928777
183451693
359793
8091197
5207071
4678279
9132977
9178409
3981963
233607
2239199
2711731
1462003
3073577
116321
2299893
4384879
9127657
321563
955243
8481641
2626479
141466777
8910183
5736963
6320429
3720731
3446383
9866783
9784609
5734539
8341911
7087113
4987259
7034499
9372741
3876107
4805143
1246119
1848149
6744007
7084749
5596707
4862129
4271973
7554749
915563
4300853
5059657
156939321
9324897
8486401
2621949
9116963
4624981
7754921
7758033
552401
3224293
6694207
3359047
6056527
6377147
6680897
6213829
1499671
112479
1493879
5312591
254179
1045001
5183973
8862019
2372351
5201093
9658979
170447
3988417
5159331
4544363
56671
2818021
6596059
909737
2342931
1349249
4879127
266747
8067227
7876633
4187473
2318431
9049419
9006373
4372463
116408399
3360121
888303
4111499
2490183
2399059
5677487
6666467
2439501
7123927
689553
562919
40699
2323001
1695879
7607089
8549979
4699837
5232437
1705257
9358787
2495293
5630607
7547591
9448103
7099799
5671309
8513637
8751241
6491417
3587559
500377
7173977
3670563
775113
3344501
3127909
2085923
1632161
3270363
745239
3449847
8208891
1380367
1456191
947133
4241609
4954853
9977331
71883777
6102547
4152807
9457233
1800587
7941181
7847739
2610711
8884301
6090349
6047993
9966073
8173663
9483173
7421091
7972521
1937103
3748497
6921507
5897569
8906841
7677829
6317299
98309
8913
1957447
8507877
1800173
3969709
7628261
1270649
1251483
5556159
889159
7035907
9119821
8223473
8807001
2224491
6004347
2249383
4314907
8411863
6389571
262867
8768243
5300893
158392709
3472259
913943
7127167
375629
9229701
2123527
8944811
92962167
2453939
7687609
7350349
560727
1510431
2565867
7146377
2386267
7800511
6740757
5663027
6275141
6575543
1741299
2718303
4489781
365007
1212633
1975529
7180491
6180737
3592511
7989091
9157857
5166213
7030963
5464929
4704261
1911223
8773193
7224443
7197449
929181
4176751
9445927
5786853
2789839
4706527
330973
575363
5240333
2009417
728297
1554961
25597919
75233859
2498301
7736243
9145123
6726163
5904171
655379
8009867
2626607
8865203
3058081
1690787
3236329
4697909
1456531
4943169
5790251
593877
3816809
9011529
8426229
3058287
7109981
3418019
3850301
2194377
4891911
7462733
9415733
433507
7514573
5037049
2390871
4588597
5015103
7401101
4821849
5917749
5690459
931033
6256277
7300469
1551943
2103273
71961
5819931
6788187
41319801
4470607
5729553
1001109
2522731
3112073
8758479
541521
482581
2041059
4672849
3779631
9871701
9096903
2977649
4138599
4354797
7627781
782039
1178569
929757
816957
8189727
1310249
559433
4323147
6542129
8337757
4469143
8258827
709089
5032877
2720819
7008087
9093701
7686263
1622151
2912131
7599451
9166973
8606809
5643017
3575989
6695141
4173853
280823
1103159
6009101
123964021
1903337
7571681
96110399
1635471
3723083
7815997
4575187
8488601
1990419
1230727
7731711
6841351
6194921
8213681
2671193
2330447
6629201
893051
6261819
415481
6133527
4619089
8224181
5083453
3971999
7337943
59749831
6057969
4679861
7254299
1629191
2353881
7056541
9698313
1432689
2001951
3462939
8192919
9174471
1432521
2398311
9891093
5746549
1606389
1097867
7462167
9151541
2551159
5560647
3071731
520673
3175003
8788577
75365031
635431
3419201
9149559
4014237
877541
682287
2621281
8924393
2586807
8654183
8203841
3715577
4633323
1138399
8978853
2297899
9606239
2660183
132279199
3931143
8361591
3409693
2193049
3294693
8337439
6409911
3563241
106177107
1680401
368677
3193671
445697
884459
8280513
46621259
8168063
4605507
208227
8181467
4783689
1280697
267929
2410363
124201
2010929
5739647
5770073
1897497
2489513
4884679
4977139
3840229
574941
370893
2787171
7977043
5692073
4527017
7696081
7975877
3212433
7756099
9129979
7210743
970583
6029379
2633581
1894869
8953097
7715261
2936857
1143353
169671233
3262201
9928713
5913927
911367
1618731
1796503
3526169
1764147
691351
3606593
7580733
7079519
1842307
6902969
4688443
6843027
5708607
8976077
2498971
9320103
662527
6566067
1653199
3624379
8707429
201081
4537337
9408357
3363159
9017067
5600003
2578059
9595551
787651
1034653
3579231
337863
1141697
8792447
3237833
8765653
4872153
662947
9219431
7843049
9035021
1541339
2112007
6465691
4723881
9731993
3428877
66118891
8368599
2933937
9462309
2079999
8871493
7085603
311351
8692529
151189
9162313
2660983
8668017
8874221
3196441
1084973
6221817
1890677
1213017
4837737
8673141
1542647
3109801
4098449
4948519
6447973
4295601
2485123
4831563
7356093
1103721
2022523
6529701
5269221
6139871
7421781
5292659
4582467
7430397
1177721
5496231
6353207
5593363
7010369
8475577
130412713
9564779
6527233
300371
4068941
585741
4393969
8125461
5634397
787971
8535337
6903617
1188501
1095057
59445593
963673
5520653
3811921
3855611
1412561
5833639
5703831
3249953
3633241
7071081
3023461
3880059
1694273
8262927
5961631
7467917
495899
37861
756477
4379359
3451777
1571619
4958441
747383
9766287
7907997
110081
6535603
6367931
6760191
3153361
11186919
4017737
2609799
1337229
9677083
6861733
7597237
9716977
9479003
193243
9986087
5469187
807127
3184181
8276327
9209657
1228491
6569453
9066003
8342579
5567873
7273039
5989187
2283539
1687777
7495989
3860501
139496859
5807557
6684867
4544007
2248399
9768251
3417123
2754293
3356923
9357333
5558299
5717863
1035489
1713429
801911
51976859
7615917
3962009
5392803
2030281
3872019
5495171
6511187
245641
1519669
844787
2875051
9756499
9762791
4254909
2008291
1039583
4373543
9142823
29225843
8678477
4282777
707889
4909827
571659
6272957
8892757
9521269
7518413
4239201
9780023
9484981
4875063
2149921
299779
1952133
6415087
3952189
4327131
4073619
5773029
8605837
608861
1280457
6947489
8621661
6191353
6349293
8975269
7156559
8063907
9426911
9651747
5866143
109341089
9801761
9508459
1476117
2814281
3165157
2249941
9906141
371209
8223423
9935411
5224191
2902637
2325619
681047
4423409
7046949
1917989
3058659
5828463
2242671
520487
9509391
1413323
2889751
9439213
2764123
4604429
2112619
502457
5378969
8230791
8144287
1315549
5676237
1890507
8534021
4463527
6045767
9013669
3076667
7296057
7328233
156443633
56224139
6272133
4352441
2817651
5377907
9015357
6389067
9494097
5505629
3479419
8355869
4777319
6094491
4967377
1656219
2297097
6738209
2067513
2466983
83080459
