7835507
4231561
3128023
5091099
9212059
4909929
7832633
620037
7465481
2406369
2634717
1973441
6886423
5304673
3786641
7329083
8263531
850247
45506991
8960917
1386899
104657
4166553
8063331
9338863
7488347
3434819
3289051
5426023
5710707
8064551
2361359
6506667
837693
457533
3856097
4393453
9286489
2472401
8383599
3238363
9912959
5408191
5852347
3079537
6836221
961937
8996757
2975967
5359973
1486263
5489067
957919
6638291
1625727
3834001
3602311
1948539
2823121
6454557
4093781
4115441
9532873
2322629
7549763
1575721
152989
6564579
10278169
4626073
8499819
9718979
5729609
6053639
5991853
39001
5661753
7680331
9222417
8296721
1910343
3413813
8857927
99453
1827753
851439
5400631
7619569
7769153
5817797
1820651
3618947
9199361
818281
3192239
8575063
417211
4982593
71038973
1860451
8614503
1889531
2171057
4245903
9829101
8708579
217119
5761249
9122951
4871199
6571799
3197633
5430971
1885803
7323779
4214753
600983
8975551
9427849
6239671
3253329
2302923
613407
5579193
8627727
3323379
4399831
8560931
122507
6860719
4477191
3812723
1616397
2531081
2843427
3994121
1243681
8133449
9173799
1076373
4765757
9565297
5934167
1735111
8057687
2397129
9130339
6072781
7946011
2071787
5877387
3842951
294409
4401643
6380837
198376353
8396011
3991381
5321563
5136331
6147299
6849467
3443591
3700377
3205191
859333
8124389
2175081
3128279
7755007
7055963
3898607
4526523
9393259
7003237
3901573
4570879
2227509
6536581
5669771
6489349
8619793
8851941
1106201
8384347
3210519
8546889
8181971
6711031
6010469
9503723
4591983
4776861
81203309
9555321
3433659
2288991
5862827
4545263
7300023
7340989
8767961
1923143
8800921
2381967
6700301
6435331
7756183
19921
7070169
3828889
6076763
6728247
2029757
7002199
2815981
8299197
5619977
8761801
9632541
3626351
7887973
43933047
689639
7766733
8045619
324659
4209193
894247
828869
1774507
1715947
402879
9245153
7721013
3514369
1887651
9398511
7349741
6614359
542809
3702843
7829319
380711
4432241
6934631
70124353
7676457
5255707
1003719
3999627
8267551
2707233
4900561
251967
4308867
7891317
1676103
78357
6345747
642687
5812469
347079
38740597
8280143
189450079
6365119
786089
8020029
4535907
6564827
5379593
7324591
11168023
9929483
111460171
6808267
5389211
3203851
3743889
8707163
3145137
395029
7670043
4494147
5950953
9852171
3321801
4191241
3944301
9483049
7456019
126543649
4794623
3695197
486239
7481787
4297227
950037
6947809
2258857
9561641
2725457
5706843
7666323
3373657
6445841
3934101
1240807
1482181
6750871
23717
4770649
9989231
1000701
7424997
3778549
1143387
3802183
4861727
6864149
9418651
158994521
3926929
8549193
2688399
4289159
5959439
7557169
7685891
7682883
3180841
9935057
9334723
6767919
1439099
190971191
2547347
6305829
6228501
2841059
2733263
9593003
7006873
7065509
7914831
1611411
7219719
2143591
8598823
1475257
5801667
8362431
9801043
170141991
4970809
9786761
4284751
5426333
5521589
5723321
3730587
2378703
1692947
2268071
20261787
4210971
3829307
2478619
2241907
5268891
290473
1943253
4192253
146799
8739337
1113041
2010497
8063177
7166293
3218607
8683711
135255491
5952891
5324299
6896451
16221953
579429
485931
1707007
3711651
642419
3221069
343667
4867437
3810939
1099933
4292911
323913
191788419
2647953
958253
5183477
153027271
2836929
7113037
1170997
6055919
2249631
4850781
4773381
8058873
5269771
8149283
7161217
3390173
2807281
7337133
7087331
1722657
7980443
8816923
7094211
5416733
2880267
5668993
116091
6807059
6107893
9501361
5311583
4233147
3346131
1211207
5296133
9202187
3223671
4387469
5568071
4076923
2264973
5549389
9348709
7677509
6739133
8760219
7950987
9783777
9107221
1705411
6143619
6642059
2988367
3755597
194396363
5468313
9338147
2798691
3964411
8272559
4732257
757837
4896537
7060377
7449577
9483939
2113669
3231537
5633573
9398619
9322179
8314539
51817821
7024767
7234619
1596489
1604421
6922419
4909693
820297
60161
6567873
4161937
197695291
743649
5246013
151877979
9850801
6860959
291569
847223
4497777
6601923
508773
7142633
6024711
1199583
3728527
5337359
6001979
6259141
3278797
6941891
6686453
6974129
890947
4569921
8195407
6794559
1648023
9064509
4068409
8767283
8118563
7490369
82179089
2223951
647703
1004759
5567983
9594649
3412759
1982403
961291
7783593
8130383
2739
9931749
4113923
9629507
5409937
2741317
7388939
6241217
2161051
5590891
6055381
4681269
515333
171194689
1479489
8021471
2225007
7982317
4091433
7352651
3908757
6231843
3986137
4120419
9589987
2531981
8993999
6200723
7553037
4481229
490871
3707069
5609503
7008867
3596879
3868829
1510513
3519417
180066713
5737309
6853263
21350059
6407413
9266463
7544971
4813079
3040271
184710721
6609797
1415817
4439893
9879997
8116977
4048011
4715327
9557811
335503
3925013
8445141
29951277
105903943
9364807
4460129
6658293
3942123
8639727
9561733
2341733
8218853
733261
7626539
8490219
9007893
2480631
7696963
7857581
5236961
3891389
687451
3487851
1727991
5418021
8503519
7105293
4060397
3081309
139719
2838087
4049087
7842049
7884719
3550977
517169
9388827
6966499
8177653
5408497
4644217
2635029
6419133
4626217
2500859
68293657
2388563
8480737
4596793
1044051
34086669
3160237
9009129
158991
228867
3762483
3817837
3270259
7298727
5777221
8799141
7410533
848257
7064393
6798889
1940663
5298367
4410277
7307679
3021771
1284143
5202893
2031241
9075869
5888387
8367033
2153549
4153653
5822319
6747259
1681863
7269051
6311669
7126501
1277277
8241127
2293173
29025419
192359889
8441893
9893817
5757071
4053499
5117529
5489643
2259439
9884731
2518563
3186139
2947809
1459887
2766469
101027311
174551
5030013
5859339
3406213
67391
8878087
7882627
897403
1722007
5959899
2834901
9567643
9180367
141123
2313461
5311043
6817823
425821
7621409
4801157
7062389
5222003
3896067
8611443
7507333
3063047
4771049
4644511
6350791
9506193
628301
2714273
8746867
5387987
2895071
7623909
8952859
2074229
3109421
2441093
8026003
6428613
9770721
160900203
6884319
43480401
5905523
2292791
6638433
5909973
1790457
8871751
7135851
5940027
29648057
7712097
8583313
8537397
4893623
8975027
5879003
7131223
2540903
67300349
4960153
2069667
9393567
8537759
4666563
5960813
5960349
9107331
2549151
5822359
5291011
9064313
2550221
3542317
5339523
1991181
6588327
4882791
138833327
326507
9312859
9978727
6192607
4314469
1988859
639919
3650901
811739
8761973
2198207
2793073
8152691
4502283
7385899
3567803
7851777
9577367
1800261
2817269
2814339
2727443
