9338459
5968041
739771
1111863
9499381
8565531
9510031
7444787
7209419
2647291
5472961
7175119
3837793
5339411
74841021
7261877
3333603
17617057
5081259
2933933
5728357
5919529
5028173
4445661
1262409
225817
2817101
1386813
3565237
7367809
225701
5797751
4713663
7334641
3402627
650317
6373933
2621399
9264897
1063669
3055401
2622471
2043143
3962451
2809257
6372481
8690409
6504877
3803291
4087739
8817989
7181771
722849
9899789
9274033
5911611
9575319
5692671
5860691
9780419
9649233
8524163
9531651
1946821
2901981
8318211
6332679
3523563
9543669
1867477
2719343
9140057
1623191
8221711
4387949
6990489
9662819
6341731
8463667
1214011
2250893
9687319
1841417
8651599
8612463
4102799
971081
114265231
8225813
4613629
6550691
8419299
6431053
2749017
1742257
10682913
6501881
6549567
7415973
2957153
3673391
60885649
8864031
3938119
1092967
3932391
9859679
7999823
2518233
4534643
1733689
6538381
1019557
762959
7160871
1722057
8717217
5829007
9453317
6361913
893457
3135021
8407917
9749413
3420911
8448309
6928923
9926679
5664007
6476397
851041
5186877
5118613
6052591
10615221
7337711
9064681
3418989
6380897
6356801
3754893
7168299
1771619
4130209
3372211
4689851
6466751
9835837
8751003
7730169
3114031
6470041
8896301
9898567
3463553
7106713
2463033
5795731
5064639
2507147
40247
5708967
5540567
8274681
7977203
6420471
5204661
6134709
1158659
3291303
2571143
8627019
9872779
6064631
148237
8337603
3496353
41055833
8282411
2738673
5175821
3774069
2028739
58695447
5005423
1157823
1453043
6360531
5544241
8471399
5277729
6294153
1273969
1703013
33483071
5104773
7976679
1498241
6605553
9810823
3726801
1339673
4348771
6576089
1173777
4933187
9755049
9162191
5949637
2924859
7751587
9172909
1846749
8880859
5801547
1204611
7005221
1023269
1320569
5051537
1131271
116037729
8014317
6778647
1042189
150260993
6813683
9229657
9810131
7806141
3042179
2042873
9443009
2085979
3386479
1475711
8875829
160105639
3445047
2966541
8112121
3946207
6414869
8241041
4201403
5974647
98820663
2019173
655023
4860459
7920873
4361173
4517281
231219
7349557
370863
6918139
6024523
7462197
4243057
9406421
8400863
4221749
1078473
5385733
133815313
1139269
957991
246593
5511127
1578169
3375761
9772503
54884453
4837683
4448881
2266219
4351917
5861091
3464249
8335227
5697253
8883639
9789193
5796781
5040117
1186513
9910097
69895869
9365077
5349373
9984129
5679987
6993937
9885891
8377969
6998463
138849
4600769
1906749
6799921
7798921
1305899
7944113
9429977
681061
7205889
5455729
2753607
9712093
9442413
5421233
1260391
19629
8826739
3810001
8787217
6781013
4744977
6233927
5784649
2787619
5523909
8758933
2861763
6539569
3304277
4703731
2609221
1633049
8855879
9237407
5407261
5135991
1874149
3175751
103515623
988341
7764807
4710799
9557811
8070099
2029783
4983109
6875971
8748003
1082837
8837577
412049
2602563
9343527
4433317
9765343
5338857
2126533
9757149
1996567
4186781
6716661
9102421
8271111
7941421
1918519
4757143
4125649
210279
5170261
9490129
9134863
3100499
3521497
5645263
873887
2344067
309943
7847009
7286421
8757207
6697869
7863371
1295309
2121477
5719211
467697
9898797
88187
6336787
7744319
4759287
9097153
9276497
1482479
8026499
9070231
9006859
9685187
5501577
6451301
3762971
1389049
809929
313381
9631477
4540353
9346783
6736477
5447103
8125409
2986209
8905109
344267
5187471
3541127
9364139
7458317
331983
9424151
696391
5899623
9450159
3507027
9172651
4582841
753409
1610801
8806187
3916929
641149
83158059
143393
1168357
8631431
5749741
6663461
674253
7859633
5651771
579767
9466601
8203673
9001139
7515101
1679281
4071991
1256239
9055721
8214389
2549577
447789
5351947
2684733
2826683
6813989
5646303
3330837
2670453
5139751
485747
6029381
148777
356829
986761
5335619
2879971
5439461
2088559
9994051
6257903
453173
6305139
2924053
9696327
2684409
4991189
8849287
4532183
8476141
2408313
4769963
7813701
2335489
35131
1794479
4280437
2437867
5731799
1091431
9197687
5814957
735799
8666021
1322299
4571239
8593099
8756053
57629829
5701737
7770357
2966789
1643173
5900077
8234391
8635747
4494667
8642427
4127353
5158601
9203127
5298213
3476211
3651343
3430661
6128663
5701829
9539241
596203
102991473
8511141
4100679
4709997
2388079
4243387
7257987
2311557
1102661
6203737
8915467
6680471
6338597
6940989
1548041
7274877
7599723
722239
9298361
1577127
617773
4838177
3842483
255377
8410587
2770407
4136673
7601381
7395539
7822881
1810869
102939693
4431041
6909887
7545563
5023063
4777363
6484763
4059333
2461883
7994479
6501777
4204349
2554339
5261833
9173737
6439463
3546597
420489
9611607
2797323
257491
9079417
149121
9856661
6591757
156007
7863731
1726109
9271573
6129067
8489083
5276789
6188801
6436439
8537867
5549047
2593121
5683683
3385087
8676721
3538889
1504607
5275167
2647051
3807603
7762141
6328373
6467431
5716611
30466363
3583647
2167133
2309061
2089873
2953797
2081973
7932361
6871259
2515987
235869
3758601
7432853
8362041
2840111
629691
8903239
2860503
3733767
3373399
8238191
9887981
4802107
2639431
537083
3156741
6535299
5685031
472653
9079597
8182907
6330591
4271827
3043473
4275911
8464137
8623027
2491557
2072249
3420639
9994347
600279
2070353
157995193
9186617
7919591
9517603
9676219
7169701
3185887
4907053
4300429
8298933
110401259
8817279
1974241
6388849
6900561
8580329
2067301
8051739
7912029
1455301
9797553
4606267
2489081
8922619
61173629
8426171
6591207
7110941
1618401
2066699
1456883
2331261
33966297
9445409
3730283
6026459
1806263
3496721
2848541
9152157
2635199
1337709
3103069
3741501
3816823
766439
3190039
9407751
8997879
7769279
1041199
8683483
7215039
9998737
9582477
263123
9636239
743511
4983413
4018157
6534983
1893853
5921921
1035781
1179103
1545281
1960089
1372403
9753361
8549371
6388377
951723
5536957
8261337
3884141
2151563
4487887
4124031
9946863
2656757
2886757
6644709
8225187
861301
1297509
8654599
311579
4330287
4837109
8938139
8335961
3464729
9439971
884297
7037117
1895007
4085157
7184683
590511
4881261
8965501
876001
91832881
9149527
5996317
2433573
3802263
8336717
4636099
227111
9806807
253823
4076693
3197951
68526677
6009809
3848611
7215671
7786187
8903627
33946463
8278213
2646213
1277923
2904437
83254371
6666799
9860911
8870357
5677293
160894551
9157767
2938027
7153323
9293431
8554289
3276433
5374753
1750969
9505991
1529003
7111399
5851379
86524537
674661
2921529
110436899
7691027
9439767
6176503
3564631
7309729
5291133
3639607
366661
188136229
7075069
4001539
6843971
9472331
3102857
9930853
3414071
8698989
3843279
