8475973
4514929
5864473
7388957
533699
7244601
8577703
7907981
5687553
5782339
8372067
1494877
8805231
2129367
3883849
3058141
6771429
8189779
1070091
2261031
9563149
1928741
3795661
7252917
198363
7604551
4830393
8464111
4433033
8700509
80646939
2759309
1277143
2902077
5219551
2736463
7605911
2728861
1730747
8388619
744713
2877447
1351407
4826551
6307493
9328261
3160749
7712461
8617853
9597353
4855949
7542773
6465593
8710393
5969347
5687661
4330969
8954131
3418213
553511
6753503
1414127
5600399
9790243
5365311
667977
7378167
2172957
826173
8146923
3718227
6583277
8277443
4452323
2178683
6148777
5281189
2560603
4017573
4375301
227727
4853831
967273
4290871
4487347
286113
4177251
3980453
1499787
9794343
4974989
7240429
116806041
9655623
5481069
3567041
5988623
4255373
7494117
5894483
5533421
6284413
925393
5284493
5812789
9338107
5344529
850371
8213923
4410867
5918881
8762011
1876571
3265861
135310163
8657487
3606351
6744657
2266667
6489009
9749691
7970839
1393759
1545523
23136223
2575861
443873
2985151
148327
2880529
150214051
3254591
5041223
8399137
6444951
8331061
5506201
5212473
804661
7212611
1721253
8290587
9076617
629843
765091
3941813
4485521
7904453
8231
5972939
5003703
86136047
4708611
7412613
6206771
1044411
2513977
1040527
4671317
103599373
8855307
2568637
9273209
5757117
8186127
5406991
4403327
2314193
9704391
7824339
2793143
5090351
391803
1329313
3706813
3699613
3368427
1197033
715897
776583
9995611
7706911
3423977
7319227
6014757
5507251
6281323
5288001
48657743
3273911
6243279
2426337
3751503
6514827
4751649
101857
9568893
9854997
8620361
26881563
4855739
7648387
9179
1500973
2478261
6264149
1988303
1393381
6495567
2403759
7961703
7663683
8118273
6632727
3904477
2905037
7423441
3781389
8780553
8614783
3027393
853571
6816051
6991301
9304417
3331741
4811627
8598939
6171257
7669517
5924141
6987673
2420513
8377543
5148523
7766807
8755257
9424853
6214781
8980087
7645213
2080729
4316789
4435171
146207967
1399079
107913
3841891
3021449
7046821
1747297
5085943
3656683
2646303
7961087
1430131
4297379
3046283
9272689
998721
9950243
6494089
533473
9365011
6363103
2651609
5939727
9535603
2882963
3576241
4271201
174509231
2411291
5635783
3650329
5889977
7949831
7329671
6846677
2281469
171379
6948089
1259417
2006227
5605451
2090737
3771679
1396247
7372213
140958923
727637
5776829
8418003
85233999
8631623
157949603
7458731
532723
6297317
5718981
4564083
6278879
9689917
8406351
4206663
6241259
2590319
60046737
3408163
6395957
2025641
7515027
6345613
6478947
7305753
5354051
2559623
8069889
181935447
5363747
6972689
3870279
6525689
8762233
9691941
2348459
1466913
8363293
9640193
6471563
8236183
7117879
684549
5129581
8786803
5046567
3742639
428513
8161917
43582821
9540933
9557539
8869117
1265147
1583833
7806529
1792159
4315209
3757837
6515111
7073381
630599
3733611
7502623
8458093
1517241
4884149
3323343
5353047
3793547
3766557
2239737
3192513
9656659
7803573
7460573
2623287
108987
366801
6022897
5471983
2976911
8676599
985723
7126559
5534537
2343691
2935677
1438701
6218463
2358371
178131
1719119
6663259
4288633
5177439
6566573
2612917
8779191
7943433
3746267
1479659
2533757
39012629
4722159
44710889
1232907
6742959
7521103
3330719
24427
83439721
7740791
8161111
8970747
2860053
4828189
6533731
8341723
4735311
9654067
8982173
8840713
28548071
5516579
8400463
1426639
768357
4872567
3191251
53166199
5911797
342513
296623
181428809
2837777
6666971
8078481
5205181
3892693
1319573
644361
3913553
1992409
9110701
9816501
1409847
2035251
3367327
5454489
43299529
7560359
3011029
7786623
7192131
6506333
547807
4921587
1714681
502833
2748523
638643
2559469
7960189
1245173
438223
6469937
493351
6942573
415773
9305177
4390767
5487937
1862771
7194231
7242181
4459951
7836341
1040241
4624557
4087751
7598711
5527591
6337597
7083547
4498879
8376769
5141703
8962509
6738123
298761
8636873
4459209
5528547
853667
7183347
8462439
1772883
1023271
2725459
1656619
3020121
5997001
6280447
5825229
8294513
2561183
7563737
3561907
9951127
1906951
2873749
4684381
6377141
2290097
8075813
1378209
8174637
9233259
2491419
4988817
2486021
404579
2991703
5576597
58894953
5993289
8500011
9670219
4235669
1877559
7269851
6236347
8808341
9163341
685843
3712317
2422987
7673051
8478563
7840183
396249
4473911
6880717
9402711
6664313
1625469
7710373
9553817
4610527
9595821
9076787
6659081
129309183
2794379
4447699
8294091
7372837
7793193
5448759
8495099
7100843
8795159
6249811
8003723
8831683
6307169
7749613
9724847
4880803
1143403
4524791
36217987
6976433
3662977
3383293
8199381
618011
5104067
1575733
9654961
8701887
169163
2843511
9147231
38567957
1164129
8070341
2670307
8507821
113878763
3441727
8637411
8891209
9040187
3119657
1212201
2025091
4280877
6771863
3334911
1005677
6903299
3700121
2084853
4879277
4082691
4480411
8918421
7322871
9345687
682979
3143209
7394687
5099333
182720087
3541363
444597
191313
8950391
185508913
144652141
17385767
6784917
836781
4728077
8513501
1460041
8140937
4800587
2029647
8079623
9310871
7973957
4111301
1196923
551761
7047507
139489563
2882619
6522171
2072033
1951207
8667801
6199753
8040217
20352901
5495993
4204103
1936449
504561
1420669
108350551
922829
1393547
20396351
5505041
3588729
9535943
575949
1831249
7580569
8108191
4053447
6668343
4497127
2680819
5927921
2862457
8859389
9780083
5009253
9841693
7394027
6326389
5631669
7826333
5548953
7810303
4427359
9743469
7903081
3454733
2677243
4242121
7989089
3988779
4964729
53227
6306661
5236911
9921827
7008731
1516851
109152873
8417219
195051083
61682441
7769419
6636757
9338659
1276901
6479783
1747431
2303901
4388183
4454399
3152351
2829783
9088531
4236431
5514513
36293987
867071
4014351
1284181
9519861
4418769
1027023
2051893
7412137
283539
3228841
2362523
5851711
1294919
836217
4365449
7563099
8875463
7603409
4549981
7457129
921297
5156137
1798003
230589
341241
5484429
4078727
6620089
8309987
557187
167404401
39441337
4079901
1446039
8486127
4999853
6398793
4219999
4315759
9527567
9909943
2797497
4124043
9539393
3680253
1685339
5857859
435821
1290669
4519409
9121739
640431
3356619
5571719
2830103
2456633
24317
3946821
8919049
578697
2957709
6277441
1220389
4151189
5506179
827043
23817
6740029
8875991
3866729
2993063
4828839
3505669
3001771
5893459
4404503
4106063
5542019
5564261
63784217
1668397
5503959
9463503
6212589
3318319
6604001
649661
8387301
7747859
1061309
