3161473
9824403
2547317
9219963
7021889
4927979
3881073
8111547
3146459
6730589
9034907
6764023
9091351
1343099
7899549
8733133
412293
6060317
9993699
1142813
8293609
1290807
3461011
1889049
5780427
3701187
3664657
755667
5510689
167577569
358297
2200753
5667493
490133
9948397
9482529
3080563
2836739
4980819
4166783
9345479
5748993
906637
3407543
3658749
8521523
5637029
4654257
2321917
1961151
2482107
8771251
2627883
8160637
128728681
1150029
904863
517
9760021
2426853
3943831
5361283
4463307
86931
5440713
8490653
1131707
5558109
4636341
9359799
5838073
4496831
7972879
8777179
3489691
3728637
9140053
6431601
7073687
6205799
9365899
8185613
374839
5873357
6248483
2737679
878373
8566217
3883021
9365621
3091099
6121939
9889131
170152447
5645309
1103611
8620839
6930973
9748403
907761
9279579
6208457
9366543
6205771
252057
2440619
3998681
2919171
1617011
2033763
6373163
7227791
4911101
108831
7948229
8452463
5459091
8839061
7330081
6656067
1388437
5936097
6112819
6286241
2008089
8340391
2815493
4894791
7891471
4536129
133332299
4515309
1580241
5043881
2565749
5820323
8924413
7732483
4995421
1080551
8811811
5390613
514771
1492497
9521499
3892477
7566777
4367031
2259963
3094067
7548623
7122267
5206743
6623559
2327689
11143693
1591583
1384149
7329329
5439017
7219599
6667091
210749
3306129
1858083
9529549
6032731
4782311
6240383
4785107
3437653
2923909
2976091
9433357
4233499
3842671
8282119
9209227
8885973
877839
9459239
2848977
537993
8017969
2893137
384953
707189
2484259
4060467
1779911
6034921
3910247
2314117
8972369
4841949
9833737
6230607
6129073
9329797
2381323
4703189
4967167
5235707
8633871
4409879
2727101
7020329
2510237
7832841
4858583
212803
6943189
6780347
8303517
4360771
4651901
3978999
1597801
2014123
2306377
6747259
7021787
2757623
8798073
2329707
9470203
1806373
8092051
6197851
6903297
2991099
3936091
1371113
731511
2712167
9231501
525457
815169
3395983
8193043
3656293
487509
8175269
8616819
8270843
2205517
9226659
8101327
2939951
299279
41847
4833463
4865453
2075399
94052719
1858189
8215071
487137
9926649
4503813
1024307
9309937
7284651
7655137
4405423
7778817
6948977
6597921
6073851
3285801
8160471
5141263
5205199
6147553
6184361
2104287
113861491
689227
2410257
6104581
1843849
7388447
8477983
7143331
3012807
9746971
2814423
967937
3855057
2876211
994467
353853
6210303
1398383
3784139
4898779
6006699
729351
687873
6589563
8925659
771667
4375091
5910287
3124303
4443887
6613299
67274733
1090689
3761309
4904917
4221841
9706497
3801803
2422217
5872479
7522187
3809731
1430289
4295757
1848381
4017743
3615787
2976931
9205163
3635647
8891779
9644499
3954447
6920473
4223847
5744363
4978557
4892037
1597741
682657
8200273
7650401
9992089
7989301
8867641
928127
3913343
6891029
7279263
6962831
3754849
4975373
4838731
2290819
8989303
8641537
5055721
825261
4547237
416101
5115187
7563801
7172193
182053
8402301
2310803
8466889
9243893
3314233
3877761
1022299
5542537
9417779
6871873
4761419
7675971
518881
1843093
4456913
4302061
4496237
2013013
4693031
1727083
2326669
9557237
517289
169980213
8470449
6326487
5462401
1027627
3358959
8129047
272017
6351549
7330789
4296037
7436601
119647553
4241673
735617
9670989
4733611
5682809
474187
3825447
418449
133327
8162773
4821017
9997869
666511
2321969
216303
1283643
5110401
8002521
8891429
6987473
2807449
6368993
2660389
87114059
7961493
2219243
2049097
6193627
4759603
5963983
8173889
8397397
7515353
3324687
6457951
494453
5324741
4465057
5243039
9147089
4814429
4390001
876801
7443373
1904623
2471753
4487911
3012497
4111439
6403161
2641897
2728829
825609
973807
1680169
150185863
120858207
4962859
9478937
1515077
3049173
3192519
1415181
2216117
4785267
1347329
3196809
75396917
9611331
4304807
953907
6693707
4320343
6924897
620079
4806461
9090787
796559
4742313
47381403
5127293
4329613
4590179
5280813
7222227
5628517
6247393
1311591
8550141
5026101
7245057
2642363
7329507
8067201
5699783
7674327
7542313
5069379
9001189
1799003
37151739
5700767
6710181
987441
6251171
1695399
2372101
2990991
707481
1568819
8670411
5014869
30437
9314143
1480223
5867749
8183299
3943623
1089297
6779359
2162051
4805527
9454773
9007457
2174069
436097
7456583
8653923
7665863
1838849
7228387
1496857
9769493
5367827
8768521
8881687
2543001
9697151
3630657
5876751
4992139
1837583
1689997
2148141
753491
7510427
40026273
4236869
9821987
4595937
8013827
5813127
9778989
1092583
8741871
647761
1218333
8295299
4523883
9646137
3743473
4629879
6979199
2904527
1436599
7051039
4633941
5144489
7469177
145773257
1489861
7427921
8151779
6362043
6539977
655889
1717049
1720913
5968673
133226461
2388839
181759
1017179
349111
2405657
304899
156221773
5364899
2954297
6111647
6259727
4068523
5987019
3846699
48753
6835567
5080807
9669597
9307327
4865991
3872279
8018927
7707807
2980399
922541
2929167
3487787
7035109
5117127
28603
5742171
7484413
4560639
8240867
382261
786667
3209113
5006083
3000869
4162453
2371433
8167497
503357
9120581
9733187
8622837
8010043
9041197
2482881
6780069
131501
340859
917147
1431769
6748353
2797493
3719557
8155981
6066763
9846369
5149543
3600589
2001653
5200029
4983411
8760081
4871793
7164061
8359449
3596477
5695339
8182313
7273089
5967961
7795879
9859279
6560459
5014013
5625331
3609579
5455561
6899927
5989693
7913383
173630883
5127217
7705507
951017
835331
9718579
1944111
2650533
6204787
3401911
3712671
6490357
6001011
179121819
2567553
9042379
9178729
523789
17650293
7227633
115239891
143467
3712799
4234927
1610909
6727971
591041
6181013
2606497
6356237
36778153
9957927
5127853
3116009
4574833
4136207
5748871
769967
4004573
103590047
8837483
5216207
6519163
9783093
1940711
1371943
8790299
4939977
3034049
9359919
901303
6551127
5914511
2100237
6029919
9479139
8925043
4399443
58142243
3013727
3794027
1570537
933169
7676159
2131659
5785371
7986961
7049227
8519031
5887299
2435913
2078353
1758317
9249079
6962407
6148073
7271797
4631361
4895579
9470337
3368131
9405931
1621227
7636807
1522137
8168319
4243139
7574179
6333623
5260301
3557537
921207
9454823
5750177
581129
5194809
3940103
2603151
7777897
8715707
4995203
213309
5916899
7065739
9689393
6151349
1675283
9186021
2792433
6300571
9760621
9100813
6237901
7266083
9761189
1110233
3222507
7154343
2518587
4444817
7808061
7250363
6049497
8335383
8530373
811973
6940181
5080957
1540191
9482129
4705781
9283469
2695037
1146717
5990569
4019637
8980833
8669891
5617719
5154901
8763289
4629447
69613533
172727459
1715833
6553247
5285557
1152249
9134759
2803319
3794791
5094341
781529
7246017
4481371
6413667
5752019
4589779
3888611
6386307
5559
5698159
4099999
5138701
79858467
