8723209
8827571
3634891
7453657
3757421
5351369
26166129
5465207
948113
5576007
7529771
145979
7028329
7624083
1970149
9371001
8741927
2468373
8257829
9034171
1345823
4764349
3092149
5694243
3340547
6486301
9359401
4654049
9210589
125839689
5573903
2134391
6331631
4445243
9885649
5305659
652019
3570007
1644173
1965717
4486431
6697943
8942949
1936611
8419149
174994143
6094209
1358367
409707
3418299
68692167
7056143
5710359
4670451
5398197
451233
3194023
4923423
3157413
1740133
3078133
811891
4955457
8844617
3836209
8223241
3142719
1382717
3110677
4594211
7053147
3089879
9282299
848757
7373329
8783079
7254147
9095191
1382693
7970033
4905859
765849
5621977
8637221
3452957
8074219
9378747
7929633
5067043
3853363
9787949
8406907
7693093
6181999
6793859
4976733
7224573
6482917
2865529
4559939
7330203
4685607
72361471
5964231
3813647
2176631
4165449
525797
6004403
3752353
636453
5134597
3317683
7154843
5865403
4499199
1213861
5436847
8151007
8328353
3697857
5563881
4156597
6001923
3551251
3765753
9146187
2474629
4484357
7630363
3427623
1419071
196947753
6374923
2805621
167475403
332007
186813
120099357
4230879
8487683
83249
9088927
4651537
8530993
2237859
8403719
2681171
302359
9213717
6642609
6614039
8331777
373491
6761239
2651253
4544273
8001483
4862809
183764899
2193007
7200913
8062667
1302311
6910993
92071
8785171
9800333
981487
2925461
1325403
65362187
199908341
7428157
4362989
778669
8108061
2064793
2454511
7370229
1996151
3583637
4436031
8581971
7639427
1270077
702289
141219367
9538277
9243677
132042707
46293
9543883
5727343
6664399
2981959
3208687
921943
132567
9552717
7921747
1439171
9189911
1892561
7557931
25497
512147
3697569
8809083
8309971
5790911
1808849
1903389
9968801
214527
7631981
1264319
1749269
3138181
9445339
7045831
100430047
9611451
4489201
5514253
6450357
3572231
5849229
8912903
6415491
4942269
2152049
7068939
8747773
3519291
8578189
2012173
9208491
6580859
1761043
192488433
161562277
2233101
6579609
1548439
4296611
339229
2712719
4043339
770763
4120847
7550997
9050219
139051
3411661
6622369
9160973
2436569
971203
3676073
6640093
1419207
3783459
4765627
5723313
7672639
6588891
5096099
9127391
5716871
5850797
933887
9108529
9708819
5364357
8591383
1580821
3510651
6739261
4721121
9566211
834011
6919061
4554099
8182069
4927093
1619053
1497601
9286879
6639537
4370581
3103619
1504657
2991013
5460451
635169
2355787
169819
4651797
2623083
9114099
3500729
2713581
7816261
5909437
7095939
6199669
190887
4548553
7741101
5992251
9052323
2149267
7652999
9409837
5770141
6685251
186767519
7031557
61212293
630853
3287579
1753907
93437
8861299
7670191
2097309
3824561
899241
8940231
3624983
1378471
3443673
8948461
4347051
9762581
6500727
1941663
7589861
9687267
6724747
8624653
320927
7677653
2426131
8429753
4709229
9057809
109151943
4294803
3304861
1398453
9429623
7481521
9852593
189036471
7342171
9953647
9598699
4361327
4872169
2402981
521481
9635929
5699427
1018813
6657999
3832973
4140357
5291447
2399721
1195043
1039581
9424173
6906829
5512011
4049717
150719
2408869
2751667
8985599
2399301
428747
9567667
9630527
7156269
1593911
580141
5740419
5986127
7636517
2067473
2619039
3473699
3298641
8342263
2590861
303671
9661673
2363741
1617693
3338549
187812447
2836117
2921299
3049651
5392871
105228291
8441531
2746803
5051593
7785903
2885923
8697527
9177479
7717539
7602131
9364551
1916607
9096323
7551039
6402511
5032013
7906397
4114787
2288793
3938683
2062387
656841
5855889
2742663
1654061
6159131
4041339
3825267
1267433
4803523
3321939
6325551
4202729
9649591
148859993
2466507
1068839
1041897
6554987
745017
5166709
1123577
128033
6979761
7214343
6977909
7192739
4561387
3692901
6326047
1040387
2376501
9288803
30696009
2622201
3733351
1606141
9034359
9968797
1083161
9850659
8748419
7950977
9598081
4422733
4480939
472109
7989083
7147017
40735057
2463237
2352223
178291503
3186991
4282291
5386237
4693629
114089217
9945103
8230131
2282827
8287539
7395391
9523439
7054203
1389431
8200681
4321111
591943
6786971
2209079
5027407
9117917
4030813
5556317
6802279
4745923
8235441
5156771
7568387
9531829
8937671
209677
6621029
7544083
2330839
9658181
7669039
4423563
6680257
4455367
5691573
6576191
159631
2747057
2492797
4442911
1777179
5395027
3119789
2540667
3620237
7912897
4103613
308897
9736001
8700331
5627799
6929443
8136079
9084527
9441193
1299927
4426013
6238391
3918759
4669907
9892959
8190173
3530209
596157
2874381
90148069
2092253
4710549
9807759
2983463
9522107
2967329
8121319
2360131
9451127
9172757
7769499
7397073
5341419
7864059
7362067
640747
6386031
8796151
6039733
7453819
7695469
2625099
9871637
196159
3981259
9257103
2225649
6546707
5320349
3486697
430759
1101691
7669441
7044239
4209719
9328793
7739323
5866777
651611
5184183
8461029
3408869
8028193
2431427
470307
235047
3860907
3172727
9567127
3440921
9393821
5898361
9993209
7837049
2970809
8015359
393927
4943003
8487557
246149
7176099
4436381
8226579
9695807
6600053
850841
207709
1695787
8829877
5975953
7166661
6747677
2039127
8525683
4935907
6204661
8468213
5243611
7749839
8065063
4932631
7127173
3525471
4160943
2261953
2621963
8532177
6097769
7183379
3392447
3006469
99561
6918731
5518191
8178507
6568191
5330083
7221637
995791
381083
5052523
6200733
6227903
8734441
9777479
2263301
1615269
4264779
7579333
8928299
5110321
6439381
2682111
2686269
9439079
929873
2426857
1349481
7683173
5514353
8611061
3975791
8408853
14932019
5877027
7802987
36123
7441623
1557397
3501861
129142371
591421
1425927
1276169
4079221
8449051
5772807
7231437
2125061
9407389
3434039
2604533
157014517
148205487
928797
190801
4548877
9597017
4668829
65642979
4479387
6840113
7273731
880729
7439733
1169657
1546993
4891123
3275881
6216107
1963899
780049
1062591
857649
283297
148741439
6842113
605907
1071077
57359
879669
7332483
3950763
93989793
7464611
9969713
155257
9768257
5473063
1859149
8311901
2685153
4763859
1723569
8779483
6729961
2385719
354283
6945523
7661099
2679909
3426969
5507399
7935487
3598503
5716061
8000441
9829041
9949761
935853
7999491
8757853
1248423
5688889
4427321
7939473
7465743
72963329
5123931
7447427
7104533
7289109
2529481
3558819
6239427
2243869
1262359
9030583
7008027
8028407
2795653
5706693
978209
4460683
4202867
9251077
4690251
9779079
5185163
4244399
4201229
283057
2857513
8591513
6611711
7201161
5485771
5106369
258943
