2919039
2976143
3229491
8410857
8595637
4003647
7487319
6462017
7102947
1392431
6168119
26882489
5095407
5254923
5323863
6946373
2845867
7501639
367773
4881903
2856143
43205171
9304859
145923
4330599
6251301
3988069
561091
201287
9723967
389759
8665693
9662731
83985837
6128087
7956613
7415629
7128869
9864011
9199581
1191719
6277403
104124253
1961819
6151193
53168301
5470663
6488399
7303251
258723
9012041
1084429
6724103
9869973
2363043
1783791
8454851
34706481
4353547
1044899
6394271
7587627
7317051
4513677
4363381
4139103
7631817
8002337
9423399
8195427
1644579
7230897
2214799
9548041
6035209
5598941
111992427
7983341
115545631
8602653
9550897
4698939
2456921
6919021
9975199
1873543
2015853
8100179
7966653
1040257
9875971
4332783
8685599
4441049
3000489
7711857
1353623
8640279
5735011
4783423
1729233
6380013
271553
3069253
4303373
6443691
8869159
6062707
5304549
3421607
4110829
5276773
686091
1320913
2428377
2543569
2701047
1074369
1531769
16401957
923101
3882151
2613341
7856521
8824639
1813977
8877123
9407957
8435603
1690631
7103693
4374387
191903
36022149
7921201
2469263
9600379
5415999
5081349
6427401
7797209
7033019
508371
7084219
4749117
6436557
8809133
170118887
8125107
2696717
8970673
2825633
1197213
1088271
2739231
124168101
8519231
6574559
6201277
8722179
4869883
3697813
6334781
56521727
2170113
2368297
7491979
1223193
218957
8151959
9371247
45768511
342333
9209913
8849773
87744913
4116911
8598333
3984251
1138721
2846869
3970823
9404171
5462923
3535621
214849
7514689
7588497
6842741
7463561
5911687
1398323
2034267
2480131
4349063
8091961
4998649
7535571
709651
7184171
5161961
3000467
7147307
6247431
8062899
4431251
29777529
4919603
2876767
7343201
8985763
103935107
6679779
6029697
1174563
7804873
5355331
622453
8431759
7557073
307661
397499
1352691
3477151
4689003
3834221
916987
6620739
4530077
9729859
6013139
7810107
3142217
529867
136934121
5290869
8259413
4562713
5784133
11070321
4410799
9360393
8611111
5502773
2633459
1017291
136737
7565547
7002489
31070197
5192653
7089359
1330389
2460913
3039589
6771041
9387453
3772191
9153189
692499
3851283
8769427
1339727
2591879
2496179
3632973
7802981
8191637
7289841
4197267
1129597
3955017
8455617
3207189
3578089
1610891
9522943
1588851
5059703
7792213
4525559
3070959
2401183
112469
4359647
3102409
7683069
7582799
8719817
7205569
692921
8455323
4522733
5905679
1861119
6568349
367909
945111
6170999
846341
3493077
4334993
5712613
3098527
1442359
2134231
9265979
9709793
2712271
1237233
2887133
707263
7700373
7207099
5791537
5340759
7568629
152116969
5582759
7191243
3837831
4182561
3929643
7415169
8119029
6998847
3279721
6696249
4303341
3967047
2740029
261729
5767143
946109
619367
8528259
1970593
8997923
4263159
1301967
9110489
5274367
8237053
2926511
3839153
163052973
9886957
1324053
4375073
2293153
2016797
8134039
7905943
3716573
1928437
94767161
2734447
4529333
750901
7045077
6382869
7926123
6496687
8335489
39947241
5908277
6615741
6794897
7334951
4374099
2934319
3062149
9831829
9062489
1571891
8791157
2873449
3797139
9154769
3032507
146229
1062503
7339729
6351653
1711623
9122741
2597141
2724867
848309
3137163
8614531
1997
6504137
99582977
700311
4949713
1041909
3790757
6570713
5235787
252649
4134441
3737789
6793659
6987721
1779603
7632393
1755103
2660817
7549887
7348357
4182461
1890883
1358333
6531779
5280561
3268101
1988763
9661141
2660651
86835603
6293697
3288129
1371251
7955779
172787321
4747383
7892883
1250963
8452747
5454173
7408047
15401
9761497
7068007
9400089
4038273
3200129
9506473
5068197
6566149
6603877
376051
7334801
8383081
5625159
9555233
1463327
881591
6451183
888029
3637539
9913253
1592647
2613217
8240373
8630851
3686411
4189173
5938677
406789
7825107
9177779
6473979
217267
4241951
3856073
7023053
5283139
8692393
4173247
3753159
6112979
2861877
9324019
5294489
1774163
1857277
6005479
3561641
4866897
6464967
3570899
8033023
9654213
4506031
9865699
3984373
5918047
378929
2025759
8264873
1219889
9089377
1121661
7085241
7118943
3656767
7779139
8205363
7611053
2617231
2119649
1962581
79011431
56957
9007787
3622233
183063
1426949
9627729
4320501
1814003
3768767
6021413
9868519
9141141
1213623
2121149
9673571
8698461
2752949
5125047
4251467
8488469
3772879
1936321
3337131
5233973
8285121
2664089
441637
388643
8784037
6450781
4074517
3729717
6769487
6155007
3451943
735411
5931459
6614227
4681531
3988811
880387
8215787
7753631
1040333
3749933
9287667
7561251
5413047
1704957
6712069
147333
2567361
6375759
9850727
3379683
4159431
3059459
5559203
1322961
4847511
57442353
6541831
76958697
6035217
7115937
8231963
20693907
990041
3829019
1007697
5036091
2094959
1096459
4150517
581143
386653
2137323
2128121
5538307
3146457
8641091
3008021
426559
1336789
8694769
5403493
6774081
9431477
7614043
9907553
2627877
7616109
1638623
3394879
8728717
6639543
7630713
4187877
117728319
3142389
74600281
117491727
1135059
6659769
7053687
551677
7974771
2390959
939011
79338353
19995969
9145991
5637879
171038923
14316051
948773
5943257
7352581
5522089
8808201
1773423
7256799
389269
3498021
4606569
6078513
3789179
3077903
9929127
5245867
4717393
3675481
1429203
1181849
8624941
2836127
639961
5949103
6369463
4040341
162718053
843833
6321537
5749757
898569
4262741
3144839
1164833
6407073
35430629
9526737
2389949
7752577
8463719
5047263
751801
681761
8427219
1229461
4064101
7417757
5822987
706853
9604899
5508643
7619487
9737287
4661873
1651097
1263677
8218763
8688733
9159647
52607
8021931
9324141
8571601
385979
1039773
8508269
7163699
3567231
91344943
5794583
7080973
9031799
1244871
7223867
7098277
681867
6985297
191142517
6007149
3753949
2466713
2228823
6142879
8479389
187718729
3962769
9417137
186822771
4916587
2059137
3231281
3987501
9634867
8059017
4066047
7152837
6760147
9794347
3993893
1048263
2340193
3765221
4793533
5901857
4394561
5500243
6564523
719941
3228661
7884763
2243567
8222567
4695647
2306429
1777301
2259817
3689843
2393753
391067
7919709
4581583
967731
1847369
2718479
187783503
3861723
7936823
3293033
721447
4368017
9974189
3252033
6743907
300149
3254807
7245623
8170623
9643923
9988733
2952133
4809521
731053
4012669
6286487
7504501
3106951
867797
7759601
1895497
2567841
8922597
7454927
1724587
9896251
4177979
2389281
572347
2593799
5433711
2445997
3959201
1552729
9785899
3991179
7942359
1421069
6867163
5643513
7746481
2831157
2320421
5170961
1780801
6377
9889363
6444469
5752319
2190717
