6230579
3462231
4155039
7106043
3143147
8910069
2543349
7588593
3150609
3809191
5868113
5596267
9614211
6658809
86496807
8068017
7609819
3514343
567919
122710023
64662941
9711099
9172929
411889
7288623
26062981
2488461
359631
28323
1613929
6930923
7360107
7488797
8106607
1545099
1865409
7580013
1839041
6790563
201881
5794799
2437963
5854101
9804889
769367
5599139
2035867
2785909
52425461
7780311
79222217
6633747
103437417
2750979
9955887
7612533
8463047
1500713
5074361
9934993
613579
3660903
719467
5383207
4260839
3243269
5127639
1762313
4921931
774639
4319837
4968463
3872291
3546051
9737113
7937843
1849
7601651
2764763
8512027
5864633
6549669
1742397
9740067
5141577
7379593
9239183
4144161
8153361
3042437
521351
554083
1317617
3998509
3621049
7988453
127672393
1498203
208413
271043
6405187
9800139
3156763
6309907
7385671
579511
9215451
7688731
6603271
8687623
4875219
6341217
5264589
1144113
5066223
5934211
3500489
5109809
4934563
6673259
1356633
90863
3956641
5725961
7476017
4710733
3134099
598453
441341
99504767
5169101
2113679
8306813
1933237
1487283
6366781
39189
6084817
449889
1804697
5535173
6038693
7483497
3794913
9031063
2452771
8642833
7320471
9582027
1339753
6460709
4940889
3389861
3100509
4701463
5577197
2598647
5386937
4658113
6439047
6136313
9947561
8026199
8325811
1365593
341421
1135789
1676213
3996829
7038113
247019
2266411
3557647
5493409
1533647
2766079
9430471
4696861
2361811
65014909
2154979
3245461
143666061
7590709
9225127
1959207
2233853
2150257
8941501
495029
5974951
7668433
1711
9458509
9338209
139196213
4418539
5795883
5262323
1564597
1277557
9506211
7114137
7719223
2926103
3176423
269859
5794493
9603969
1202307
8502743
3909833
9496401
5079207
1298937
5757599
6288709
383397
304731
5789239
6397999
7758953
7651187
66347
6710101
2947367
2394801
6136909
6829797
286357
8369047
6768717
9293627
4025793
170819823
4774627
9378721
1189607
7022029
7324739
4939579
7501751
185181
3239231
9371909
5873291
8480877
8053847
4042601
5032209
1820357
8437983
770373
105285103
4922557
2360579
7276939
8159627
57977
3944973
7162719
8492821
1520493
4103993
4269937
7241581
2738247
9232533
8220817
2747437
9450767
5818489
3430291
3083169
8137753
5352759
6706489
1407381
522741
3420927
4628559
5117353
5509627
5874291
738101
4577513
5261761
5099351
7516261
8730707
5410637
2260147
2901229
8012267
16391429
177130073
4665913
5459957
317037
1127657
9721893
3858091
125233361
2594269
9580687
7966381
7576197
6220509
4630533
6863437
2091467
4437833
6058869
9647679
8849083
1355571
1250061
844269
9207113
5205469
4064857
1721181
5871939
7371369
7293761
1214273
8402073
4877981
528531
402347
5901513
8694259
5605869
2824151
8339291
842219
7599679
2625999
4608031
9795841
2250193
203723
5103201
265047
8635439
4667647
7056407
801229
9657937
8974309
1401291
2988173
5982089
751703
1684133
141233141
1393053
6810711
6329991
6346717
9335889
82949981
7404413
1234637
4873707
1024953
8923413
6989193
6546119
4370123
1990619
6361499
1394111
2817273
2664503
5087523
8230327
8574591
2649007
59689901
5215983
3699257
5030229
9905077
2538171
1057559
4928953
4990613
3139671
7599709
3082199
9573431
9529933
9995803
7369883
6866879
1100591
87443129
4742483
4121807
8868657
128331
2739093
3329477
7350379
5592729
650023
2079731
5333223
7358033
2650023
2819243
8404267
1765627
6456727
7439529
5479101
43955971
536319
2687061
6406521
4064457
4839093
6260509
197086091
9693443
3893831
7769857
5741947
4755423
5205731
4188707
287329
6099969
7409609
58060753
5384983
518561
9079671
2476401
2828049
3262109
5780427
8934653
9397613
4919369
8134717
4533527
2585163
6467201
8582831
2856047
6322553
2695777
2940481
1015599
183613
6755159
9522751
682791
67097217
6044863
3443771
127287423
2131461
185440111
3860667
1424199
3493981
9065157
4890339
5562067
2938063
598967
4711649
6916271
6880061
1672067
44035261
7599629
7172357
3917047
134239703
2663659
2821643
5645623
52008719
7173647
9815763
82787789
3112527
2334767
4747259
7666951
7366011
844297
22219869
4023489
2231343
5873847
9060067
1555409
7239943
800279
1086733
6220269
5148013
761793
6317777
2371629
8747213
2087859
8084169
5091547
6075819
216873
452473
5023593
8174293
706009
6058559
1428813
7035359
7688031
6849211
2135001
730679
369903
1468411
8651477
9009713
323899
1636227
3670409
130525063
4336837
3482819
6226263
3838921
1649787
5971907
2456647
9488803
6106601
7289953
8214057
9569471
7764703
1465813
9174171
8835191
910571
7712811
4816217
8628799
5238821
9022853
6062139
3632827
4355367
4957277
1579181
3988297
3785389
1947293
6355109
4349221
9129117
3811961
1482891
6968673
2768639
7090819
2146673
4025393
689019
5782059
8127943
9013651
801587
9550347
7076637
3151123
4285469
3572177
2166813
3033879
1208459
4927229
4974487
11700113
6883861
8820221
5276727
1319623
6387399
6989329
1582809
6992949
1299057
9132783
1535749
1674909
5305407
650443
4438063
8997223
4540573
339727
860081
3102459
2353911
457937
6252589
8446837
1691609
6599317
6543309
6084643
3056423
9297667
1416749
5649593
3384601
9298037
2460193
4214831
7979351
6000371
3986277
8411153
1514033
5160539
5386261
5264329
5284059
8946047
8445079
2706597
1892193
9419751
7550777
25361
5956031
8859879
493031
3064107
6460631
7709049
3302567
6828573
9906907
7123749
7932093
1990309
6480847
9169401
7880749
5217883
207337
7937647
11965369
1044073
9623139
2831977
3858841
1616271
6314039
2289839
7362487
5982327
974329
9788041
679807
3991473
8033713
2345523
5845607
2809153
7190623
148557
1544043
5725953
5246971
3530311
6309279
9973679
5785211
3958921
8424303
2326481
5282001
1970437
9143183
839883
2669331
4747509
140960447
4834941
2129513
3677247
8064179
5470709
1815271
171622429
7924301
5240649
2742029
7972561
6049567
7754979
7842221
4504559
9389177
5808643
6129589
2798151
2863389
1254921
2683967
3619957
9269697
7423609
1315413
3262801
1118981
2922567
9182353
7840897
1268447
6154453
968529
9875281
8704943
7581427
3952401
4347789
6032569
1003167
3394697
3204563
6016161
3141349
3374603
3725011
3787209
9172969
183873673
3913839
1599367
5617631
1774211
8427111
1994263
2188339
51114237
5942853
2141781
2963411
3179969
5856991
2769567
7425643
3978941
6111801
3466107
2297393
8559401
558751
908981
6275039
1530319
2735589
9723039
3601421
5032969
7354629
872833
2361921
6675681
9765529
5193383
53221381
5245539
6933501
3711639
2079929
8998583
9903919
8940199
7176773
8787041
1376847
5280073
6046497
668017
2553207
8938331
5261159
6516363
5582429
4956979
4183221
6230041
4367553
1032103
7907971
2921959
