5670991
8299019
5973063
953347
3088499
1726441
4818749
6533173
4115111
9244277
51506131
7945089
1832717
5685637
515127
9616091
1666801
7795757
2474837
2802271
2919311
5830247
148621763
6966389
7612763
3017259
5553953
8063523
3719003
4852601
4872573
3744549
3689289
568837
5477917
2859927
4526977
1558431
2383949
2425381
2586561
6128499
374327
4741739
474757
61889
15929
9384583
47782609
367419
3645399
1931129
3259953
8737867
2033291
5366227
2684653
8026701
6460851
1913043
3415043
6514939
3235243
3203309
2112417
4643047
7127621
6846481
6884461
6329281
3007321
5150057
157302071
3905579
3955899
9866181
472639
7462747
4576361
9041511
2576563
5566459
1863133
3089817
5097549
6033237
2022811
3713239
1332117
8381867
9863599
6717119
926239
198320313
5319049
8461249
5094357
5069363
3063279
9440747
7287179
7101443
1742479
1881921
904741
4247871
8763269
2957161
4805743
9914049
609121
3651591
5137519
4190249
6570039
959297
7515651
2789627
766813
5195159
1042493
3691723
2144809
2233261
6332881
1664719
102912889
1809627
7601991
1397383
7775097
2560899
9189497
6400343
267711
6695823
8132599
3935079
7118613
3417373
542141
1299737
7492763
2376771
8061821
911773
4672679
6846469
9470567
4470731
9820371
7127269
987457
7232143
891539
8168559
7228579
2948207
5307649
470213
2365339
9318449
6744569
311823
8693103
4838317
4151281
3352407
8395907
2096587
3460809
6170381
6560459
5938633
7792281
9731919
611083
2188429
3625117
4268769
179903
1222209
117268219
7031663
1332317
3039643
4574423
6450623
7972187
954137
3094373
7645479
1662763
1122713
936767
547813
1367003
1651541
1409001
8172041
6364349
2198393
59819777
4427417
4614923
4971421
8652743
313469
4036639
2956567
3777773
6344433
6664719
9740963
6428999
6871323
2936243
4414371
2638717
1343123
4814807
116759
116465123
7078631
4388449
133971823
9901307
6804423
559399
5722051
8170973
9152649
5471197
9385217
7445657
6495129
1765553
5091893
949787
3353641
8747237
4877237
3359387
6712021
8372043
1332547
3011713
2570671
3880877
5770551
5702639
1873049
1008569
4710951
1823467
8089463
6567599
2063211
396289
7959633
597121
4950731
8169211
7515323
3723891
4183699
3033327
57460213
2508307
8456873
5881469
3679303
4595799
7528651
4322161
4427051
6563299
6196047
26833383
9036211
9485813
4875603
8216347
3742969
4645341
3210991
7232453
4230093
2272641
5065251
428919
1827759
3940731
6788159
9162619
227641
17807
1236747
7701309
5003243
7857577
5904241
160317571
366823
935143
4510333
1906917
7158021
3686351
4038689
7349991
4484313
7244519
2452819
165800353
283999
9499147
9862561
719233
7768373
137293661
5319253
777781
6435273
6758813
5989629
4002169
7346603
6781589
7937453
6029243
5949029
3259037
2291837
3390711
9293547
9120389
6275791
4577813
3548191
9631899
7984029
9411189
2840767
2521121
7505631
7908779
9866041
6574801
1820309
2375371
35039
6510697
4918099
9341503
9095243
8716987
33833443
1300341
2010311
102697693
5296041
3036559
1140879
1904327
8263023
4398231
5062371
8959949
3820601
1360143
234527
7912133
8849913
9587331
2650137
2932881
7246451
2143003
1248929
6868463
7808849
2812719
9363719
6483873
9290937
2034973
2863883
2110449
1523909
7855409
4832963
5512733
1085449
3924927
139694519
4060321
1623229
1643717
3808093
6438829
5831221
5464361
3014367
3554159
2146379
8289889
1935527
1567301
2418253
7723959
6279141
9307873
5181287
5923433
5940799
9819553
6087071
186447
8833789
7555971
7581507
5764253
3419499
4645337
2795523
66336347
7664079
2673021
7120611
50857
8135157
713783
384983
6110427
368353
7366237
9923617
8454137
6774883
40925309
1811093
678323
2069137
5106569
4964813
7479439
2167099
3618303
4434661
7545631
1717767
5895071
156528977
6159467
8451207
9080163
7595861
8359463
2442831
4491889
9584541
5587459
4425721
246849
6737189
4277359
1144327
9519297
7288791
3098039
8298649
9628343
6328777
9189813
6969329
7503669
4152437
6946739
5990201
8372193
1532419
4198757
6417557
7656599
2110359
8165699
4419827
1495207
8745413
1647303
4764617
2917879
7398553
7998533
42317
6374541
9938987
6221141
3613999
56403111
2937963
181701309
1488173
9500369
2344137
7012173
135087
8155653
4575391
89719
189512087
5672331
6821113
8508813
4148363
2418581
53174291
3277077
4400363
983393
3111509
7764671
4965579
3052313
9316441
1644141
8040169
3199153
8540421
2399799
4775087
7661687
7552727
3104237
9586827
183697833
5023019
123697
8950843
5112641
3611147
5671349
8597101
9635373
5984007
316599
1206259
1033591
5492637
3897121
921889
1949501
7306997
7688523
2557389
298821
2816253
8330191
5336971
5024443
8234357
8427233
7341189
3741917
7543051
1708719
8663961
5167343
5391301
9047437
5272067
3497863
1792761
126028803
7971069
3484391
6753411
3705423
164807427
3985953
129236759
47882681
2219369
152321231
1446011
2325829
1583167
7621413
3991429
4475069
81813963
166395027
4725443
8447687
4510473
8050803
8567697
1654233
8948559
1016931
1133659
3660689
3377331
9907589
2420873
4385851
8597083
8387303
1454639
750053
9381791
177702787
9496699
1798579
7177193
9569739
8525533
5257053
5870357
3933441
3983073
8903521
8276721
9752809
7356829
7450849
7845413
82915001
9960637
176367
8977879
2862503
7765149
7761989
7694257
15461
2364153
9112019
166552197
5246017
6036451
5789471
2200791
1500011
4461337
3461279
5857573
9793097
4818907
588629
1435579
5804973
8058347
6208669
7044289
3112571
2524769
3109923
9436303
2402339
7231801
990397
8333623
5826317
7102891
9777377
9384247
590471
7401149
7225363
3859263
6968799
5422563
3495033
5124881
3307977
2255891
5320879
3606179
5055191
6607643
8614183
7358273
8235697
7993661
4978709
9609011
9931771
9393543
9141063
1421003
4314553
5522621
2607069
6913333
413047
9069733
8534697
324097
3002711
3451251
9939163
9672477
3675749
9067179
9606849
117567497
3835919
8024723
5876089
2455763
8045881
145617
6925727
1652789
5474097
7920461
3655761
7919921
8243701
7002307
1105827
3543279
7853643
1532653
346701
3666571
1729547
2032267
2215279
6658969
7244879
329477
8995289
4340061
3568973
6410353
6540247
4675767
1680997
175442217
7298771
9595223
4344329
1724209
6036941
1383553
5142661
6499537
526123
1559949
6407187
1333317
4162837
348563
7590889
6673107
4135307
1649393
3702561
8362549
9995711
4158823
1173321
4226011
2128477
177984679
497277
4969281
5762147
5037319
5509849
2576777
8492769
9640993
5696921
80377
4473363
6076083
831989
1571301
5304653
5823707
4291117
5542557
964963
7707221
8170211
1247307
4672729
5802273
4816043
5108237
3475729
6095529
1762451
6426681
7769709
2873613
8295949
228457
3623369
4147049
734571
1925587
8898961
5450359
3888569
256967
5412781
8997457
4144283
128034619
7695549
7887149
5427471
1126321
6125167
5359191
9089767
