9866887
5801947
8772941
6023567
1058907
2647429
3930693
2857639
5820579
3557177
548863
8162711
8189787
394081
4288987
2227713
5811709
9644823
9291229
4238389
5875597
7417559
7464031
6854449
7686157
4759787
3463627
4488049
4071179
8236713
7615807
6098073
9834491
3102127
5235431
4884927
161952067
5487327
1263409
6451117
2402859
7494299
18348557
8117089
9234187
2337913
9115439
576179
2883089
3554703
2518087
4102677
7871629
3160257
9312479
864221
412869
318613
994623
72511
2406733
1292317
8034023
8279257
6703507
6616931
2576839
95078121
9937387
1922023
3951763
8886323
3883957
9417231
9189103
6883697
6671461
5978119
7850169
2824499
2187851
32263491
4270747
1192101
7607317
825639
5274187
8229687
1953283
8887723
2774923
5174003
6710463
8390893
7679691
1146739
4423037
643083
9472087
5297641
6598609
8052669
3326497
102986813
1280671
3400237
9779529
4792709
1147137
6878251
2234437
6893457
2562049
92088509
7715243
8397161
7064827
9834431
4712739
9540809
5956173
8694749
4306969
9518541
9923533
2996327
9447183
6589423
8969411
8197949
8700547
356013
100969
6805873
9299617
6076433
8703049
9218193
7785539
7227943
99514857
2751203
4763061
2308373
8334507
9526731
4769287
4709529
3095873
980997
8893661
1218707
273901
9035971
9178629
3000993
7715139
1695573
8094027
5404521
2042827
5849387
7460419
8679263
808783
6913947
2769711
9426723
134529437
8861571
120333073
8605287
6821257
5191959
8076207
2067721
7722059
800771
9253797
53517481
2853983
7077941
8482007
3412753
5862001
2652729
6883557
4822807
58733
3955163
7988063
9756419
2939351
3302349
6718727
5286519
5670843
5316621
6352921
9347759
309299
4058517
847383
2637353
4589673
102414161
1491191
1317903
5534329
5920629
9751601
6275363
894713
7085487
1126171
4876097
2987153
7338679
8698633
4147991
7005937
4545393
6730703
1960991
5433483
4141871
3703579
3307859
7897919
5265183
8628503
6026819
1926487
3941621
6155343
7990517
1976469
7270549
6787917
554739
9103109
6909927
5113279
2817953
2294459
1517413
507533
8898351
98022523
5326727
8927851
8291773
8558147
9365349
8531231
9156487
1056407
47990663
4263553
3053503
6180923
3075039
8539983
2214093
6412847
5754597
3335871
425993
8949157
6205189
5263303
8575379
741029
1638211
2789533
7746397
2650661
8399811
2601729
159806773
8012991
6884899
5215943
2649383
7859709
5524167
8628781
376689
185106831
2096121
9676753
2866053
385599
8911169
113518763
921219
5232591
4265751
2866511
9961951
2600071
8938083
3605847
4652527
9478929
2496437
3455771
7717227
2374683
4471319
3763373
3575533
9554837
9575579
2411751
4194623
4442499
9813141
9058253
4843311
8603041
2769183
991709
7634699
2556857
6254643
1256449
7530933
1555429
9191073
7502319
488187
6084881
8387489
3005571
95476821
5328471
9954727
2906421
3700793
9521107
2323437
8962701
8070221
9279569
8264463
6085547
6076261
5199243
8191537
1597979
7821159
7528991
8371419
5443251
967867
5664481
8267811
8646977
7349421
5495453
3227687
3215697
405569
8231217
3540797
4247079
6213537
6859347
5791503
544859
2115897
223251
3134861
7957849
926059
2592213
1419447
6494219
4218009
1207767
755077
9288067
187607
4854273
6857293
6235593
5817157
4166073
3587253
4657019
85662809
237487
7141159
5506107
5965639
2668589
9458129
6234841
409693
1638211
4245019
8939143
3526221
2926797
8296123
5235011
2355813
6148677
99698239
9032319
8892439
543379
9725819
3371887
2858999
8858759
5320423
8211591
2868713
9939189
1919339
2159031
7021183
5602343
4652189
8683663
1182077
2613327
7577787
5705227
4055193
7317843
2957667
7698121
1730999
3119403
9840693
3490103
4451087
4995149
2013749
6660387
1132099
6204247
8967151
8816549
1331527
4564123
7386693
7764447
7736383
2167531
5986813
9383947
9951473
7465891
5066297
252637
5179323
6732787
4908031
2228179
477031
3183889
8009221
828053
3330257
801959
4427483
2238449
4514037
5059673
965181
2640669
3933831
9588439
3420757
3187361
1296811
9545167
6569373
1617267
6853749
2252443
4225699
2621061
2953739
8436583
5184009
3075303
6604249
3534217
6618257
8672231
3589429
1649331
970627
936639
4501799
628541
7793039
7964933
5230473
5799899
8231801
2156487
3335099
3183279
8621341
2401439
3146449
1733261
209481
6077097
309589
2930377
1778467
5032709
5175161
5665659
9825001
85953549
8130759
923361
4729463
6160721
8662687
2240863
44408319
7694719
3100359
7709187
6470419
7472377
8397127
5346869
7261151
1306023
3138643
162019667
2953593
6665973
8854883
9604447
276589
2698103
3755749
6726753
6153261
9341
4019561
8248733
8470581
6318577
1569417
1665867
5928647
1646713
1114391
2596399
4035677
1026383
5343301
5031739
6745411
2107919
3951483
7821591
6848319
3408027
2929953
4724917
5844153
763089
7464839
3740703
4407527
5452311
4190821
9143601
3668229
289681
6126193
3778953
3598559
128831
4969901
3614783
4223423
5381077
8880161
542027
2292827
6747161
1576019
1416337
5211749
95355197
5248799
2690167
7183921
7498257
5799423
5412219
2183871
9710423
5356709
7974113
9920969
8122547
9149501
1795139
7621487
1652883
84870333
182283
9422137
5662821
112679211
8941447
7791103
4958717
3338007
24153
8176893
7343259
3610967
25438779
8711439
4188653
2226147
6792303
5202913
9800053
9541057
4600863
5863131
6829231
1512737
7299217
6057963
385601
3582883
4224011
3834939
4686849
6839497
2803337
5714661
4777439
8585881
5770071
2163641
2945023
824881
9585561
1675229
5724603
1997141
7021909
4769269
133606453
9816129
5118097
8873887
117686129
4609207
130991003
8252783
3432039
6777483
1599671
7889293
1963529
8534063
2775971
5071361
5206809
8848841
9939881
5354987
9713813
3560567
8884861
2761333
3889039
2353951
9011223
823647
8638247
162409407
8484263
7680273
8597473
428809
1712937
7914317
4112521
1188739
4216137
8716831
94862601
5837873
533763
8145331
1095479
3657981
1813999
4181459
5516851
3359433
4972877
5804483
9961907
6524541
2260783
251553
1006991
2326519
5363027
1127011
619971
462611
5929629
2945177
5206139
1683663
6608403
795639
2852113
2652841
3152201
1337391
2318323
7879129
7408197
3067717
3762123
550281
9641471
3426553
1599527
8098373
1489709
471477
2514681
6562323
8423117
4619891
9065473
7223813
2716571
97709133
6616627
7233157
4497483
8162797
7465299
6268049
1547197
7334089
3096197
3256247
9050007
1676611
3358367
9965537
3871077
5774901
770989
4292277
1643277
57626833
6750977
4443879
9307991
4612023
7115731
2321253
4596769
5747049
8771823
1307759
60229351
6956297
8419817
544307
3620917
6954211
163213
2690207
3238411
4520159
4548059
6776327
2781189
2281921
7901689
2642353
6898619
9131959
2447137
762453
361419
5408563
6921553
6554811
1945393
627809
7542719
4282353
7795309
9394763
2964037
5686753
968127
4804279
8289949
619027
912463
7172907
4054237
9834157
3357817
175343741
9434123
