1818733
2168287
1486319
2226901
7107723
2216129
4207849
56194991
6920823
4580983
4221277
9012601
1203211
6881327
5545059
3278273
6445047
4609477
7011961
4611467
3813497
1861227
2405287
1825231
9741723
2978479
2048141
6080769
5455071
7493893
1156133
4270153
711613
7783899
2172293
851413
7679361
6030943
1468449
594173
3978369
7535043
9045033
4481691
3972527
5306691
8766557
1066357
5064757
1053007
8090543
5342111
48129631
2111959
110881469
6605379
3183171
9310933
166298049
4818829
4356929
4573279
8654469
187311
898881
9942807
8874257
1177427
251243
8488157
4319933
6553991
3416297
8734657
987043
6894669
3177479
4457013
5263167
50370483
6830543
53977159
4516559
6252193
6454201
5413409
3697429
4467741
7444313
4885487
1588443
105087
6456221
1561519
2222283
9404913
3173033
5914453
3637497
7970029
5559197
1988207
680719
474817
759213
6307663
1237131
6559111
5197871
6352459
2648531
9429499
4659833
269901
9525029
9943671
7676033
2834127
2337289
7873613
4285819
6753759
1011853
6162681
7290657
5064447
3324537
8633163
7473009
2870207
6259979
2088543
6763289
6118949
466599
9370049
1819259
3705733
8361397
919873
6289651
4231203
9222463
4865301
7405789
8259061
146440181
3651083
8275679
1780277
6631317
4575663
2982339
9559009
5294523
2697547
4217473
9007937
5690223
9304737
4550811
9399133
6703709
5024361
1413967
193781621
7242747
1433873
1744329
8659577
103556857
6829931
5640357
657847
119852651
4596653
3638531
8952531
3969167
3164111
22901
368193
3731299
5075003
2877521
103989
1735499
6745757
9803531
5726999
5318983
4963763
4783663
6503911
61110283
842867
145543999
1785043
5378587
5900439
5983417
2749343
319553
5057409
7226801
2081867
3231357
6420441
5659107
2123157
7761767
6573991
1207731
2888839
1079507
3224607
6912789
9598931
9309283
7378759
2797037
933507
6229301
7573091
72336593
175709123
3048137
9443253
5105837
109558891
4848771
2643739
1638587
1325299
1757909
7599603
8457471
1593883
8088141
6823581
8038673
8863349
6109811
7506839
463243
9066909
5357003
7766213
1632727
1726213
9701337
4201793
8339649
4953361
8747877
2388563
758681
3252963
206117
3699451
9835081
5739587
2018143
600637
4312951
1436711
8350621
5928733
157352923
4944981
8067203
4537611
3283991
950033
7331899
9913151
2518257
4382767
5121951
163688709
335263
3057409
3236617
9559839
7907741
506589
9183993
7335299
1974789
645259
5904257
9376487
3243553
3972563
3090413
90577351
6208279
5825547
566993
664959
9734749
9978233
7408201
7108311
2329233
7560461
1638623
1394829
1579671
2291251
4032473
4762819
3098091
3079921
8411089
8824931
4013987
7247517
4241669
50523341
2139127
2669937
4351879
33427
8204141
3529973
9792493
2498811
3010809
5312073
2762437
5619513
7694593
2241671
1197937
3404393
6042469
5608113
5405801
8495313
7776821
9365503
8161119
80296157
9411781
2281019
9772237
8361711
5339907
4759023
3941013
332811
7336131
1418559
5013693
7717749
122761349
8796383
2524513
7382551
6177181
9710581
5273281
4852809
6736717
3604251
7186993
6905957
3996103
3098979
1800767
4122801
7440573
8863429
2664599
4402509
8544139
7624409
9448907
7849701
13771689
8942513
2687873
3261821
2023271
5130761
3953123
4920889
9738211
7778573
1202949
9095201
2548199
3356291
1416953
3539123
8527207
598069
5138301
1948437
2985541
2048269
1616019
7335919
6729279
5452937
4168081
7233329
1961623
6788863
2707231
8573033
6755543
1859169
2121689
3233163
3363393
5516689
308691
5361677
3284419
1202523
9544907
3728851
4170607
7972079
1375807
204367
8308049
4179183
2760747
9396777
1553809
2241309
654073
9202107
8858081
1612259
6089009
6918713
7566243
9339107
7954337
7028609
3773637
3587829
9477413
9010233
1203337
6218027
5782941
7977397
8806719
8237429
8822491
5938807
8088861
8403997
7982261
1332679
98613
6800559
6433959
6852759
5610689
501951
9238071
2056283
1331017
3603763
3706801
2707813
9435711
3293903
8711673
566287
6954201
5714369
4240453
2509073
2657149
9642257
8434571
5036173
1296627
8020479
9065587
6897791
8984819
5409667
5457469
3377997
4830647
9694953
520721
6001877
9844533
855199
2894083
4404851
121960289
5574011
2549037
3100351
3638937
403951
1445577
4993621
5127277
725673
8442513
5107397
6521091
2266311
5324931
9232147
5526681
105319809
5348239
118003
6924779
5942893
9542909
6426677
3052103
3181887
7314267
4657069
4872451
8982447
8649239
4023609
8048083
38106231
6238351
8175393
1823821
911829
8256199
6236339
8727551
4239333
8184937
5218057
2665331
2496981
5112357
9078861
5127847
2116389
8375419
7291211
1099819
2821683
440631
8339711
9902719
9189249
5730473
9612107
6714211
5419799
140895167
6759491
5981519
1374573
7887481
4383541
8646277
5453943
1016439
927849
3735553
77297361
7804111
7751537
6759863
8071581
5968927
8432947
2033721
704349
8980473
8911399
7577889
2404789
5677493
8005593
6798193
721027
4141711
3878253
9393959
3027317
2554139
9762973
3743713
7383563
1335527
9840749
3779801
2956501
2916853
9924363
4574273
1324471
681659
498649
9625987
2939157
5831839
165093003
198916557
1987511
3482293
458461
2742527
5143607
2834389
2688919
8442377
5002511
7298159
60803483
2415577
3961151
3962101
41598939
7920107
8259831
4328633
480501
3919817
9728969
753953
6213401
4255607
4993711
7335577
4840911
4950449
6379823
7453383
2501859
5915227
6313453
7089963
5431437
537949
9161403
4573331
9363349
2374297
9306447
7669803
8617489
4443321
9185649
2551969
3369237
8298849
5907243
1401581
6958211
9426093
4807399
2859297
8690563
8373359
334673
853279
6125893
1803993
3505181
5219527
6710947
6122441
7284353
6731219
1332461
856389
4722471
8665359
5763481
7388981
8900649
8206169
1644781
1824249
9744591
6814577
9157489
5819961
3696607
6871761
5572767
4854559
7007053
7478067
3297767
4272711
5550889
3833501
514803
2773379
9506531
9353879
4026601
9609539
2150863
278229
7118323
4109867
1326799
1642543
4109773
8152551
9190853
4999499
5587117
7509087
6550773
9021307
2438471
3320177
6305977
7330313
69564213
626983
7684657
1788981
7404573
5913101
886341
982521
3405677
6221431
9320547
7724881
6937783
8641189
3856021
2661009
57054073
1944791
3814551
6517153
9426923
7530777
8457813
82634741
3379101
208619
5723191
8549183
103612163
7575103
8266189
2329671
2999423
1274899
6471551
8051821
466797
605519
6493949
155520041
6751223
9766269
8464733
6155977
5238483
1348541
9667233
9134143
6557103
6673693
4803019
8834863
3221737
6110759
1410069
6451367
5774251
5140137
115359
9402569
9895957
8015561
707403
4249593
6839257
4695171
5062097
8330409
5596619
7405891
1091421
3094299
8912627
581439
8999029
7636823
6631367
4526321
2894863
