2612309
5229683
4261191
7724211
29957
392371
6273121
6305023
1323027
21216377
7575133
2505737
1763039
4833423
5730111
4025761
2839313
3190211
8877883
5055113
2199699
6126133
212837
8904871
8440369
8520131
677617
4014081
7865459
2076311
9069721
2547189
6174427
2522899
6435241
4218701
9244981
8634871
6992591
9113067
2474563
1717831
5317459
6554497
4719137
9729073
2690709
5839703
2699871
3846903
3378801
9849397
1745781
8226581
9803341
5884649
6591767
8021971
4756181
5301021
7963493
3125029
187337
1698719
48533341
739571
3188313
6317027
5145929
2064877
3184221
54477119
2695883
5837209
5409657
7305003
1311687
8690799
6676047
2527841
251339
9142417
4348837
5716827
575349
1501821
4279373
9828983
5957383
3995207
191669
3005433
5075571
2124879
3006787
361413
1158351
116549
4288319
9191337
1767881
7856237
5979109
4302519
6139531
9310403
3624269
1287647
7333939
4685723
864521
5532937
3544131
8628123
2000503
8470391
6528189
919491
4996711
7442437
5896419
1308583
246907
6781207
8946461
6425103
7006037
6912827
1875513
7494133
5195161
2415933
6089557
5519653
5587067
2923907
121899733
3985499
7238921
6975897
7091919
2307583
7831887
3147141
886379
4848247
7799601
7866537
3403229
1236953
6516977
1944419
178477239
7020677
3681903
1357751
991029
5059409
6722773
9006031
211271
7622429
3747027
4491849
5627009
6416783
302897
7557893
2857039
3177223
7503901
6951049
5375869
6883401
5741269
272271
9973971
83626573
9122497
9462551
9289011
7859829
7997037
5299123
1179369
9995877
7907057
1459989
1307891
4182303
7646229
7118647
1980907
3350061
461239
2533389
9690927
622129
6686617
2897079
8290401
8806151
3982333
9406101
6300007
2603027
2053771
1429663
270827
5723281
314689
138963
9497821
8393507
9919269
4481561
8111571
3123379
114007
269847
8425069
7540453
5355369
639883
9577087
6869509
8418091
5630941
4184867
98987
2973301
87719
5591823
2334589
165157411
30640647
1883301
5389613
3057437
2373447
2286903
8285439
7672447
7370583
8695597
283353
429727
8894361
5099163
4275057
2770763
2125877
8888449
1505319
3573507
6126077
5194683
9771587
4043927
4163577
3472097
8802143
159795473
9508059
9342151
3731419
322087
8665111
6969039
2684859
1027869
9118681
743833
3963309
4435297
2432739
9106001
8318441
6986189
4516727
1461357
2558993
8742013
9324551
5657571
1577377
495633
3612901
5165199
1185401
3130509
4107909
9653151
6439003
2705227
3332743
3194679
3863193
408419
5312459
112313349
1574747
770299
6790523
7831399
5227837
436647
6934681
2168537
1608029
136531
4279303
4240927
9303287
9429669
1748897
9848667
91643
4071447
4631791
7940269
9413213
9398643
4434641
288819
2171699
4586431
9917143
6025969
1931527
4005111
1731263
9219407
5234147
5562433
5735773
3752353
3349233
1955307
5212803
5443621
6872809
172670171
6875729
5087959
8864627
6798257
185780417
5770883
962367
7428683
9433273
9692909
9457429
3131043
3364703
4903031
8714487
1700399
6579559
4584543
3329623
5730121
8028291
6760499
111144447
4261607
8239089
2855519
4833291
8994877
8125571
5907367
9320367
867983
4738299
196961729
8868601
3939469
2542133
57045539
3029203
3142591
6424789
184191707
2999389
7821561
3895153
7918761
3575463
9258709
3818317
1131999
361017
4468921
992467
8557779
6819237
7073503
8117859
2495749
1059897
4780761
7846631
2069203
6703993
5128559
2312027
7279797
3997993
9041957
8638871
3949949
5215147
6927903
946491
3232839
1147189
6932431
1074139
9438203
6019491
2656189
191421
2851563
3143407
3550167
4566559
5889371
403243
9177203
9356243
5966361
1110941
1345093
3347951
3432777
1891283
9640633
8603693
950893
9326333
151179811
9156693
6888193
1629089
4574183
1241903
2019031
6549337
906849
2069377
5661653
9840879
7954727
484759
4206147
4074469
29292719
4770589
7855201
1122731
5186281
4641003
5325071
6905843
14219
5637399
555347
7842157
7374577
8937601
8656861
8115467
9464223
7630537
91714097
1345233
3597649
6960541
6086071
9676977
9969889
4977977
6398553
8228193
2331613
3616291
2583457
1751769
1467423
6995383
764539
7644349
896637
8057997
5359371
1508523
9369833
3944167
5333629
2442077
441209
5371233
3412933
7256901
9786947
3982253
3050981
2628933
8291491
2065079
7354161
3944391
5088503
1585369
8871849
1925083
6720513
6508703
6032831
7948301
9950649
9770503
109306433
9882243
9800123
5700053
9770667
230517
3614791
1130703
6723799
2559521
963237
950707
47433113
7868929
179239903
9266331
5590511
2573017
4786997
6310393
7323043
2662989
8654483
3238681
8153669
6150451
6576873
357543
5776701
9880349
3888669
7527011
820833
5765259
7899317
7387319
5302291
5841117
6783251
7173389
5671939
1430983
9122769
8119017
1864433
5757927
1041011
8703669
8038539
8662903
1298969
131660483
5153849
4096777
5255679
8485473
5618347
8379141
2145577
8976901
5877897
3118751
6424881
3671001
4717413
639961
815593
9075103
1994993
118191929
4028111
4724111
3161
3862677
4720089
1659001
1641093
3446903
5455907
4221377
5615823
1117453
4922137
9626107
6701173
4878131
9773989
5668737
8371209
9345691
2940239
3669211
8798321
7725147
3706411
7576959
1991137
8228473
9047677
8091339
8532119
3242307
253381
7887987
89194977
5058067
6808047
9194067
6610227
8955429
7580113
2922609
8093447
2612847
4439363
9121549
179057
9169427
4164713
9607317
1398189
8257529
9447357
7531869
189696367
1148699
8058343
3917789
1226583
9743307
7996829
4713433
7007439
4865369
834937
4881817
8327003
9677771
3235369
2926613
3933447
158860223
4683957
1745039
9274697
6206297
5700641
1128029
2166039
2769861
4982833
1505333
3025899
6999547
6616843
8653647
5592159
8361019
6206819
1653
34281551
8481353
1371927
6942321
8615471
1960303
2289743
3754541
1285281
3932943
3266107
2024419
9204277
584349
4597531
5790379
6282217
5497733
9771579
5286717
9979233
536519
1423567
2029963
9554669
3119077
41252527
2141139
6147013
5863271
3963561
5243523
5644367
8606337
8252199
3854731
6902837
39229
8826507
787027
8153781
6332217
6770887
113910601
3909167
4289
37978169
1038381
1126201
7915113
3979909
4572943
1414583
1662287
191435643
3912901
197938041
1632919
7999097
9878541
9087229
328889
4962143
857773
6302147
8489759
1450963
1079099
3601587
231443
6794239
665439
9865531
52442853
2008173
7978011
3222263
2248699
5134447
5114077
9258729
6500339
1008039
1907981
4351921
8190001
1576011
7289613
6368793
1410787
589141
462857
179004727
402709
851573
7486243
3102913
3056599
76783
3485209
4010637
1631683
243643
7801709
8501947
9706137
9289357
4003017
4513483
9626041
3609473
166823
1787131
9621039
7589799
9734601
2350983
