131583
8719291
8435653
7956513
4522101
1395553
9514681
6804063
9947281
2819141
7070753
7706561
7297017
3618419
32437063
9171669
8695751
9918317
8678539
1486761
7552923
403947
4980757
4030533
5561963
3791553
3670867
9827249
4946397
8947887
4379537
3497817
5853697
6254709
1752269
116421
1461513
5957413
9514963
1418753
6713949
6166763
6828803
5755071
4640091
6622653
2057171
3759827
3345567
6439621
552429
9682363
8744061
3949727
8282831
2244267
3820189
9999247
207439
3830451
5742137
1870517
3081177
3841227
8502121
7685079
827129
4186351
6476461
5609811
155806221
7623651
3988991
1142149
4065107
133860459
9514147
3432129
4829897
3697101
184446377
7652569
3316747
8794627
5529553
8297993
1512119
5099321
3672521
2391537
360721
628873
8974909
4809891
3226137
8553039
6501721
147357
5609123
7533181
9097573
5549499
58271701
6099879
8608469
4612197
7209319
84969179
2666231
6419857
9527103
3087749
5782269
4399307
7047049
138969
9718249
5214243
1220637
5733289
9666051
9842039
8252389
5451233
5489069
5727219
1774753
2421531
2458821
2227289
9124687
7355747
163027
522009
416851
1045927
2762233
3981861
2609309
9243817
1509563
2898463
4081517
4435281
2543059
9400641
443637
1629711
1611289
6636327
83843877
8994603
87309
9862923
1134737
78670801
8508579
8171567
4936123
1320269
8078531
2529599
1838557
754781
5600783
6103141
8010121
2282679
9561399
3107797
1929561
9959319
1182979
2936339
1878777
95491023
179086407
5255857
7664381
4436451
5816039
2896633
5516429
447441
3529089
1304687
8442989
8024581
9803943
9501307
116465239
4800713
5297719
2962157
4316309
8838409
5862497
4456601
2761771
377937
3452561
5326077
3483339
1021889
4276961
163463
6644199
1130983
8791859
7372381
1750599
604869
7178959
1433837
2919817
4402817
408999
2712189
2400807
2379749
2138461
2304181
3698517
552941
1578799
6754947
99201737
4952463
1545893
8770119
1505423
9628501
2799409
1539233
528317
5677973
5078683
7734043
9983113
3943307
5808667
169213221
8430597
5681493
4283443
7094749
5564503
5499937
510341
6455179
2099127
2408797
2991337
6091989
9416411
8846451
8147381
6984449
5967169
8543413
6420799
4904949
4783817
2274343
1424057
3108409
1177733
5175233
2371751
4298871
9467727
1688347
6717329
7643631
2044409
7236099
9840937
2715039
8583789
2345451
3623247
148562697
4031433
8301007
4336251
637739
97799819
7815069
6645003
8753113
672551
2923007
2379751
1159849
22409061
6804561
5004859
2287781
5500549
8421687
7971309
8146097
1587729
1032613
8859939
7063097
379229
3875507
9454281
84567
8375373
6168493
3053959
8423443
8784939
64320249
9137541
4692157
5580979
2161247
2285821
8577633
6025413
7835467
9786797
8787981
2926631
6525283
8115531
7093333
5132027
4966721
3972823
1350273
2400769
7021177
7881811
43419
2249367
7218237
1379237
109889421
8521221
8025009
7899521
5208361
3517663
1284221
8118343
1082731
9555039
74907
5480831
779059
99729473
9963931
2753963
5693969
2789799
6152453
3840839
6541129
650589
5255163
305023
4937137
7397427
1795577
3737331
9021357
8948473
9289057
2177951
9210507
6898101
7423297
1469981
5330071
520303
5918121
5972831
9221537
1965637
5447947
7867723
5582897
9122501
2666939
784903
4644797
3034007
5017607
322543
474827
3552627
3976731
4833721
3089273
9729749
1900509
4296613
7484533
8821447
2014279
9990127
4936819
9384791
254517
5642209
7079669
1634827
2799441
9975721
5981787
5417411
8718261
3382589
4272197
126041
6011023
584851
2087979
5446871
1784589
7804299
4655207
2982391
410657
6753339
1176867
227597
5507199
9951087
6384823
7491467
2184063
25360397
6616761
9887881
6922049
9681543
7202301
1427127
7641873
4384519
133036971
4554543
301059
6094809
1513737
9518713
1233887
8821631
5434377
515283
3087463
9194979
4992397
6616877
264773
1598521
6557453
5927929
5382711
931157
3969941
7075187
6350003
90561191
6499623
2022023
5396361
320669
9227979
9891299
2943963
8031559
2504943
6970243
6264943
7818607
8847929
7130769
9593963
823113
3385541
8809371
383091
6172947
1445383
65386147
5564367
7303189
7097341
85873733
7474179
1559107
9326463
2004227
8173213
6504457
2822127
3469769
8748893
6390487
7572239
6199257
3208199
675291
5664993
8245139
1572269
386177
8860331
5326271
3624589
1085957
9597207
9848869
2102609
9838001
9178733
5958647
2731359
5115943
472249
4592913
1664251
9589081
3246549
311601
6649261
7826727
5096997
6756747
963551
5548437
4897421
3185953
8928087
6137067
4674231
1269023
7481221
1826889
9254367
7345639
536833
5814001
163969
6724541
5305107
943361
4266763
1338483
6522461
1795869
1266213
8410233
7282029
6799191
9975837
839321
5849441
8759321
9268027
565401
1160169
8806793
255369
6177331
2955993
9716977
8756129
9165511
7394173
8980477
1366957
805061
7690563
5723121
1701047
7974589
659517
7304229
836529
1072463
9339183
6764367
4942867
184893
7897887
5159661
8296661
104565791
2971567
8356949
2282941
4337639
5963631
7109239
1930801
4323407
9581779
5956119
5510839
1084027
6069027
4674911
3152257
7096243
1898823
8526019
3796107
4728429
2846849
3831111
6261353
8645971
608287
5883627
8987109
4153487
3470653
8639281
8910559
8828723
3431959
7136089
8019583
8468087
6246923
6143529
6262203
7476209
3658797
4589657
7079303
4667231
6132929
513037
6038839
175269
9559717
4600639
6619901
71617743
6962051
7567847
3184493
578511
8540309
2326437
5347313
502933
8015753
7665157
9486401
2937127
6742751
3778301
9851529
8123743
3793417
5197393
9866693
9164501
7950683
1863059
6965277
1318851
6173371
4274037
9968021
2287773
9613027
7921921
281511
9993119
1215831
9201083
4060009
4915373
3089327
2362909
9590239
6714003
1159711
1633861
7691529
6356171
309203
6646963
51224531
4468723
2767711
8139793
362699
1555307
70167
144164677
2385229
973191
3351521
7594777
1449421
8466529
1507069
8992373
3199353
5646039
3767129
2929377
4720537
5567589
9201017
3347969
2175879
145553
5212077
5510409
1870709
100411
1802871
9436787
1820567
1384887
9442189
2742777
7433947
1602637
1485571
6296311
58721237
2530947
6248011
7233379
4109093
747443
6267891
659061
2025153
835449
8148673
9839621
3469667
4342129
2360401
879039
5385707
5274491
5965673
9088929
9131163
5090089
411171
2973719
2575281
8907067
1946441
9809541
8883477
184457941
7806691
9278811
1673291
7055651
5960249
3044999
9183741
7975811
4486019
4059567
2771277
276337
8971043
6440823
8649291
9399949
9227509
7045981
8598083
4392953
7364769
3953343
1838311
6352151
764671
5878667
4239971
8351297
