5374369
602009
6112023
2752309
5491199
6968953
7568223
1392217
5167477
4531151
2203529
6137017
3317369
192145379
7235629
2976177
7097759
390361
8729439
258567
4503299
2338363
4391783
6362597
3979039
5788029
7152017
4354563
2733207
5737477
4620817
7033967
2680931
4534937
5685451
7517251
4972919
587759
113496857
2102479
3188783
8476603
7756387
3055859
4165691
9857373
7857037
2115419
9453309
7093949
8280367
9543753
9933323
4591711
6623923
128303
4465743
1978437
3378639
3938289
9095409
1791901
8936161
9626813
5742137
7767211
178866967
1958389
135344553
5257461
5443127
284489
9068893
439857
7150459
4156867
9590249
9313471
9565799
7284219
7463819
3078613
6474927
6350883
2945503
8127329
2788513
8681823
3585187
6629489
4222069
6621357
475903
427333
5867127
7583021
8577303
7384913
36831131
6501483
8335669
7819661
2488303
2312617
4662981
8176081
900471
2734523
5823403
5562377
2650913
5826443
5812199
5718441
8279489
8723141
6019131
3803717
46233
1664181
8403393
8994581
929369
6898209
3290647
1955389
6685071
2758313
5774897
576491
2520819
5651927
6908323
3193131
7040439
8204223
2403837
4914281
3943841
9666637
5299393
9263137
3890489
1603249
8825951
492541
3885227
9034929
2860183
6981937
3889631
8852827
9618643
2151881
6922101
6167701
5428169
7734039
3782617
3721767
328203
3828341
8564187
6800391
3982261
2563239
3817157
8419431
6234069
6659839
2661439
19980171
6398913
6778693
9297287
9733951
8475379
789707
4403421
1539879
6637733
9852973
6035053
28609507
7467173
8629113
7324143
9115551
102767763
6694747
4082661
5791871
7870799
5166189
6806517
612999
8106523
143129827
6239841
3376003
6852211
8409291
304903
2806179
2503413
4224763
1753761
604281
3529071
8244799
3916063
1415069
9097669
2366901
891919
3886733
171091987
4003547
7127397
6627421
1425639
33353839
7088163
3840739
7246711
3877257
8118699
7312549
1070617
2641877
9900699
7783591
6787761
9425661
1737029
30904007
5700909
6332153
5070773
2787031
9241351
1362269
4612151
4247453
4238509
167146777
5379453
9852179
6153307
6042947
6472559
2907799
4708497
1556919
9315757
2811457
8673027
5177703
8387123
5372023
696327
3440869
5469263
9562771
8472179
6578037
1717159
2679411
4559873
3343939
3575137
7121903
7769219
541183
9650223
4495469
9554893
5325953
5168391
6279137
527819
6767659
9915007
138471
5946029
6336519
3844349
7161717
7742757
4108131
7549273
4925317
190336791
5931447
9830137
234251
204691
3200593
5659083
9960949
6559807
4824991
1029019
2982357
4346273
5418943
133552229
64360113
7661161
3775911
5676043
5426199
9215257
4826321
8848979
4249323
2288899
7818097
2897881
5310709
1309191
329539
9477471
2321307
8778227
845873
6143679
7452727
9152839
1227559
3923217
553983
3902527
8238317
5120279
5767169
7668219
518913
7598787
7991211
1979871
150511937
4754229
3252909
8432661
7877321
134779
7984713
8056969
76304153
9375451
7807247
4152107
9804711
7644949
3089163
51034539
9116579
588609
5467543
906159
7741299
724557
9772207
1132721
6716349
4765009
2707347
1152241
2975777
2604869
6400593
3503417
306419
2268467
5900851
24943
1713037
1614393
4097723
2950937
8722691
8500467
6400291
7211559
4362007
157650853
8407601
7973447
2460321
4598999
5492363
107047173
1284351
4343001
5713437
136758341
4122719
2429901
3712211
368461
5382989
4263789
8275103
2099301
7030877
8674063
4787633
12479193
6934681
2603651
9642841
3932107
649821
2303513
6096627
7353327
2028521
5825501
144029
8786323
479671
1568801
4506761
9046649
6855451
6439613
3276647
6637543
6948663
8715327
3975101
4716101
965687
4834231
1965523
9021263
963601
6387701
6687901
894709
5069531
2077251
6544347
6645687
3489117
4815903
1130543
9186529
7494913
270969
6792501
3352421
7594537
8560643
4998119
6755703
8423007
5976509
197188721
2612481
8311321
8177919
6934857
18712839
3775811
3271099
2492771
1893139
9547579
8867913
2317277
741219
6405823
309987
6024063
2907617
4042499
4012401
8127837
9129071
2845361
5674597
2062501
5792581
5624599
6597633
9561319
288121
5085133
6797219
499789
1591831
8491733
8267949
4929021
3159557
1533089
4454153
8341749
9278779
6985867
6492171
2221787
7510699
103434787
9197943
3691857
8707917
3130061
1724841
9785989
3039617
9469663
5846899
1060141
4221471
8458133
9223347
2656597
8711603
3675293
4601811
596947
3269301
4338251
8001111
9284947
4843363
6636457
8884359
9883901
6182599
6337367
1209341
7884177
9007101
415701
1853123
4750659
3060389
573831
836071
6548133
58256649
7202689
496847
4863919
4557997
3733119
3922219
9001223
9583843
8011237
58612837
1718917
4130859
57689907
1342969
6234889
8962581
7272423
901823
4470591
9038487
8258019
21055067
144257
6501671
4728199
7286009
8156809
6702973
8708683
2841411
42464131
7066307
281743
4221823
1744897
8901297
3525897
7806031
8603549
523983
7623627
7390477
2654689
34562077
4102199
762779
350109
2888329
2227617
3387637
2185667
4576699
4774601
8151097
4495727
8866467
5295087
4964019
3875139
21896177
4990669
3797201
1755441
5721453
7921191
9334547
2084049
3617519
3916007
224819
7382541
963017
8715243
1941903
6456693
808729
4363233
8962657
6406417
2411523
8157693
7638479
1314411
1820843
9964021
97094919
7984257
859143
5833277
333559
7676839
2430877
126633383
471349
2202011
4067089
1310473
9895277
761
2969997
6081317
8068013
6528403
184510601
6952099
1792763
88537
894907
8873329
781473
1703323
7340631
1182017
8167789
2986809
8287379
1526637
3342137
7865819
4590589
377709
4142857
2667571
3472879
627703
5543879
671419
8344593
9244307
7925319
6912737
3906349
8167141
487907
9939301
6325267
7067569
9559717
1396769
4835769
8140291
4328851
9473107
6395863
6713807
623949
9542469
5276841
3464609
8963683
2790801
9032851
5958621
8159963
1205123
3613739
1814161
7292091
9170983
8256857
9748399
6159379
85181453
9572053
9388411
6587057
84549363
6994593
4931313
8328469
163609329
8455929
8592017
7042061
4855541
174481
6797857
7421379
4235769
8990921
4454981
9419929
4890369
8423201
4974917
5833953
4917281
7382433
1938653
3241903
6530979
6583471
2961039
4382851
7848817
1599823
3770739
2791643
8363889
129247
4926331
8547217
2221723
3802139
814101
8907097
3174033
8657643
5494429
7079787
8034057
3243751
9507059
7021183
92415913
9720191
8167591
9045359
4270097
2902759
1570109
165433
1613039
5681891
2393113
3027271
268063
5444159
1194563
687971
5987757
2177471
6655047
709053
4219523
5981899
7070589
4682277
3679923
9089723
7209799
13956861
1510983
2500799
4171683
7285617
1649483
5664057
3309257
1141217
8264311
2618797
