5587169
2437577
5512801
9064077
5672123
9827543
4075677
4688513
7686107
1750179
1076089
5889463
8559293
1845353
1892261
1187131
7729291
6110481
5785783
7020291
7470581
3604721
5074123
42153
8615103
5856213
8431129
184243413
5413279
274107
3670221
7849167
3803483
2194481
1241867
6558761
2639657
8853979
1374051
9429513
2646747
2018817
1092307
2213789
982519
7190369
1460627
7993067
8707589
4642487
9488909
159110717
40413
1444853
2411209
72205889
5458181
1371903
9828451
7727389
6548781
8837243
6350023
4013069
7318039
6707211
9568831
4528817
8428521
5412069
5222469
5439627
1009033
2812031
43657449
8100709
2026809
30155579
7473993
2436273
2133011
186019149
942363
9229957
1905739
1977699
7045081
1791393
18075407
4406911
5637927
8272973
6776063
2602979
2076279
5133923
2153877
4646399
4864869
2138363
9436581
7301209
4239567
9681913
3974069
2406781
2068729
2871939
3365837
98839599
2131993
2370591
5328141
4838077
762337
8785517
61612771
2621869
104981273
3996937
9954101
1720753
7990379
5200659
3185829
774347
9221873
6662661
7827839
3341731
6826733
8134267
67261
275093
2558157
890169
6846693
26936439
9952083
9151027
50843637
380997
6417991
7895167
1600429
4123077
255027
3679891
1190037
9020581
4675567
3391741
2296271
3889559
454811
9889387
993757
8910189
1892863
5852947
9686283
7342221
7014749
6478783
5326293
9087409
7848151
172209757
481457
8724831
5340737
6864799
6008719
3144479
4342767
9076309
279793
7546169
6235387
4746513
5318059
5802597
8920131
2662747
2744961
5790699
550061
9027327
8686209
4058241
6535991
15072169
2237931
7607481
7848893
7826723
7681479
1132501
8899571
8269801
4611329
777389
5877767
5598611
3581747
1144487
7706943
290133
5872653
1924347
8350877
9442797
8392661
5386839
3083983
6444913
6235373
6110961
28563
256923
7648451
5664059
3853449
3785981
44197537
4829709
4913633
6649817
4151017
1904643
406633
5268493
4874141
1814079
236583
3119511
169508803
5971407
1402009
7670899
8516879
2557467
9750739
8482819
776039
9403013
8001411
5945943
5580413
4566247
8839141
7246327
843673
2055337
9823439
6768697
4849183
1311153
8549691
276631
4459083
1315227
5334259
3093519
3982123
3303481
2846143
4449973
8907533
555879
2681537
7492761
4111211
9492957
6061089
3333103
2979621
9313591
6577781
7694739
1206501
8049917
4585121
3600717
1551347
1821109
9785453
2873269
4252591
8440249
9651547
744093
5739843
2162071
36781381
8011197
3321497
4934603
4450497
7879861
954769
5265311
5625683
8046273
7021173
341823
3362521
6123861
3747603
7400991
9165599
7999257
3373039
4398687
5842923
9125837
1351399
7891061
4233991
6905669
3409209
167719887
7680539
2946023
5622007
4731953
46395121
6264071
7907469
1385669
2788317
4764893
8146993
2962957
3420793
1122743
9949187
3403487
5056901
4402243
9181431
4632651
9367647
246357
9868493
3590419
7792233
3220871
4099011
9192379
511277
2614303
152597737
8038513
127469829
2854751
7436103
6365941
4967333
9854373
8536563
2269107
2457973
1706979
6136563
2733363
8893151
4527859
7408663
63652159
2324227
7638567
1346951
7790541
4074637
9916879
1340119
341669
5796953
8432823
1798507
446047
3590133
985731
2313383
9244381
8820677
8760381
3976317
12206811
4913047
4641513
5226893
9065303
7829677
8923993
1322009
2356157
5606837
3575907
1106601
81447353
4657013
2522689
6605453
4263543
7091413
3009091
6227283
513853
71604073
7937151
561303
6400509
5195817
9886973
4607819
5768409
851671
5919669
6153937
1190343
1206581
5656621
4123801
8160897
3855433
20457
3306583
772947
8575159
8585387
5831737
2473397
6461901
7452479
6360063
4580959
3197239
7671511
9863319
4551801
9533421
6997373
4743691
1128921
8525697
1568981
3503079
5786489
6216907
4374883
2876861
885897
3328143
16183833
2143937
7192063
5561431
4486997
1990577
2271481
5538623
5595983
3830077
499313
84326453
4076547
9907621
189137
7241019
125497011
669539
5508157
1235027
5793121
5346257
7123831
168128361
1029891
1278519
7560977
8713843
4632499
9845061
7131493
9851399
6667837
9207821
1934413
5137991
7419263
1571993
2355661
3587479
2056629
3516699
8290523
7114163
9809303
1828209
2472423
6968721
889513
110978241
1999709
5903843
109167779
7623261
6947333
8379191
9997979
3372179
3770921
3741791
4037321
5904889
5374771
2710839
8942463
5296131
8621393
5667913
882407
4635069
4746133
4145179
8552657
8933579
8322359
7201891
7113671
8847517
5798571
8013189
9074497
3354603
159516847
6941993
4067847
4711951
6365291
4062943
5804843
5636621
398989
4113233
5482981
1668817
9656543
474931
4096017
9620793
4608051
8144111
950169
9561137
6592887
522741
6551929
235271
146375891
3792583
3905819
7764949
2321393
3614683
8311369
6947007
117483009
9003979
1606121
4704241
6232727
620563
9141241
1402207
6898541
3258003
6769463
55457591
3174523
339369
5537363
5252601
1024133
796283
4621889
115961797
1489199
170936233
7266233
4703853
9885229
116239919
2705343
8053691
2460161
4377327
3223057
5349043
1407047
7492637
5721157
9754961
8996629
2692863
1981343
9960489
4182807
8439011
3070797
9443363
4487287
2425253
5732151
4552059
3937773
5431497
243999
8286623
1677541
9887471
8723321
5980693
2330513
5599123
5427787
149253
9470841
8589097
3550711
4172373
3278069
8579703
8427891
9169033
4551869
4015013
3209067
7634231
6982391
207853
8963997
5733419
5529707
4357573
3458839
3116127
1371617
8219207
66347093
5938717
1186783
9896087
833719
4817823
1878777
1654421
2584797
2314869
2671009
8762913
1682477
51747
9989597
2705877
69156421
9104879
1204301
4622303
1543027
149873
4712339
3355467
149457313
2352351
42776557
7512037
3194071
2293999
8623303
2874759
8168023
3197777
7282681
8403989
5651461
3864581
9275667
5170989
9163961
5732941
9401281
24712197
748293
29159509
2390507
8212877
6154863
6272283
4312661
2130397
1381637
176661
3192809
7640327
4176863
198337
7408537
679677
653173
5196099
8303473
2422007
8052853
9730301
4820389
8182263
4776597
8019889
9445977
3515767
2364903
7833251
3168453
7305133
5705867
7110937
6688247
5185481
6874871
9766873
7464871
7983377
4391813
3253279
6889187
3237053
1540561
5782017
5289303
194493473
8648679
6998653
6213031
5253789
5791953
2772567
4538267
2184751
3226329
3665113
2438333
9609739
344447
4387811
5441553
6823501
8958531
9824077
4664897
7621731
8813153
4242933
9214569
5326821
9494659
8441071
9174947
4118549
4438819
8906227
5417373
4325641
3680293
6059141
