5286983
7265073
8361
1128261
8744339
1222839
4223767
4433441
3361129
65533283
46227361
4738801
6969189
5615733
1721177
528897
6029947
6745913
2219807
4465281
1627027
4523097
9232021
1563229
6752359
5215473
7335441
8820443
152334543
448577
2241569
2182297
8435277
5674461
7832791
4048323
1835973
355979
120449
878323
7651907
2128827
1137637
3498407
762833
6329993
4392003
3490951
5474393
3651143
8693119
116961851
4099707
6531301
7367953
2568169
8846699
7470819
5850791
7217577
6557783
2513167
6654497
2754181
70481
8442627
517769
2801861
897329
4983977
318907
2339439
5280357
3081591
69813243
668943
3920219
7484511
3903291
6696323
5539173
936123
3703433
607387
9490687
6700471
9936763
9877991
6425771
1087883
103743
5704731
6788019
170013623
7013647
283337
6356409
92068007
4620407
7765011
2147893
3064113
6385831
1841363
1191711
7152217
7713033
4664399
6557443
4217149
9049539
185016861
8064633
2828989
8992679
7213721
26459
4226661
1883361
9301931
9375853
673609
7983287
8851471
558651
819279
7130837
4037363
7454121
2192187
3719953
8914369
950003
91291
2961983
4467999
6391087
4499077
5902221
5672379
5023779
7228599
6330133
165447
4310619
2085049
1967203
196764623
4715329
6241919
7610743
9029413
1824027
7407171
8193487
4440203
3603877
2892199
9097739
8824971
8683157
4134733
5442219
7695203
2773897
7689261
19789
4245723
56243203
175600713
7759123
7776589
1650763
7068209
6573479
66415583
6443879
8693051
2093943
3808631
7911493
7279827
3193127
3205721
2891237
6205967
2201757
6899483
7380331
3169071
9143589
3400791
2061733
4174461
3055157
5949803
2102091
539899
4533367
5089131
2904073
1325491
2164291
3952543
8768703
5135303
9483179
105521751
9240669
6789191
3698803
6008859
9080957
3865501
431651
34102709
5654617
5529853
1563023
5358657
1951023
8090993
9350719
7475893
8552439
5524679
4397211
7630091
4237231
8191817
129561053
8387331
6757037
9152023
1259847
2026503
5606477
8906063
9735819
7905177
4709593
4718273
9509127
109355111
2987769
1740151
1900303
312009
6345413
7304777
1712841
9277199
4278713
5792437
117119763
9560881
4014269
391591
1076631
8655253
5334937
158763
9296999
7557867
3822669
1511393
7028161
7395509
4588113
4368237
3464389
180952241
7743387
2230997
3115883
7460243
9924703
5671043
1350039
1292051
499091
4258677
9982129
6352493
7559731
7400343
4930041
8689027
6501073
4493459
1947933
6448183
9841449
5155689
459499
3562209
5557399
4926111
1100813
9106613
8505461
3411493
2658893
1557237
5249939
1514491
3869127
2314103
732433
2386489
7340423
4704357
1830661
3391343
153298121
662953
87391
1966339
3382063
2563103
9676107
7196271
9021497
4612971
9931677
4083831
9923153
5908597
2464181
7366757
9226063
1305909
592699
7387489
9091171
901203
8303933
556301
1161211
1480457
3292141
5132283
2931649
7768719
6342733
2295193
1845357
2344933
1159311
1243507
7993473
5716821
5561509
1575363
4388977
5156131
2524649
1574219
5883139
1541721
5557993
6563327
2267223
4105041
5123437
1642399
1026947
1771177
3991101
698453
8404581
2383239
6561781
8049361
3749649
9035219
4841141
6800587
1662007
8323421
117101461
7353899
82959491
2235829
6953427
7327379
3045773
1605241
1410339
5085473
7940143
7345021
6796173
352197
1278007
6877279
1775629
8192641
7744899
5091011
5187091
2808049
6374553
5111561
7441887
6988173
6032537
7210641
7635259
7601409
7913197
5091019
3198821
7257529
1635381
6402079
7376631
4691879
2350709
3775243
9905151
4435331
2739353
4811773
456091
3318847
5389477
8868077
4887327
3867519
6518819
1687331
7036697
914291
6531151
8710139
2785751
161901
8181593
4621189
3576753
6153291
2899237
8991871
8226597
9337717
3921657
7112893
8771179
1835741
5264787
8116787
4309511
8837461
6972121
967031
3307889
1967849
2995907
4583637
1414247
3033257
4621453
4937859
154960891
4923561
8184141
4335951
8265293
2419459
6200063
6582303
9598397
7989069
3330441
3428573
7834573
391391
2195553
5111407
4455301
551093
6068889
5911301
4172079
2566331
5327527
1821971
8062387
6329563
33282501
2192253
1938491
3974089
6724449
2998859
5262459
8625349
3230541
9628097
4507621
4286309
1218331
9927941
1486603
3747167
8926907
6223921
8590411
7640223
6824969
9850661
99731881
5560829
7157533
4228511
7971561
110862003
5040991
2811717
2289457
2635171
9582711
1516847
1464653
5408129
3026701
2354017
7085173
3202197
5520207
2420853
7597203
7100527
9581179
8620859
4356289
1830173
2556047
4698343
7338743
2038621
4919301
7311403
7789557
995721
2805657
6621139
3496813
3667773
74954359
894127
1322261
2971263
5538831
1848867
8076779
5970183
1175319
232253
4679601
74973
9850887
7042401
5118701
4875937
2111633
3866873
7606589
652613
6295473
6726829
9208797
5236653
2682859
7634583
8863077
7371599
2559319
8138741
3136059
4763627
5540641
1624003
7367281
8356057
1355353
9921469
6374663
5620677
4835827
130841933
3308163
22196079
3064341
5121971
7175009
7788537
6522461
4806291
6779359
8822993
8770793
9763743
126649
6379547
3963349
1966643
9001351
2306237
9031081
2439459
3969707
7080973
6592181
431887
1210043
4695717
479539
4046801
3187463
1354351
8707471
8582261
3023097
8935459
8600571
9391537
9701851
8672871
7882067
9713801
8802609
172359873
634187
3552019
7264411
3457813
8699313
3221761
7217447
6898673
5351231
9312547
2122709
7850173
7249341
6240157
5190127
395767
5818091
4488071
9116627
4466801
9727071
3333891
2585351
8216293
2614263
8609129
9296177
141817183
4373593
2136541
6389723
6909983
992429
4675679
3515109
9092917
306731
194779637
4148147
5158157
2739867
5885069
8441889
9833831
63893
2422023
8340677
8598903
6625549
2360937
7188061
6671309
84879057
2128163
249639
934257
9580293
7409003
1498209
7860679
6650583
174724531
5454391
68624959
6737703
2027257
4423129
9002809
130138659
9458943
2681177
969657
9650701
708249
2833863
3362457
2986351
8996077
7238867
8828583
2086759
9803479
2156449
4896977
1949451
6473571
98312033
9736791
8120493
2810723
2052029
9712687
4875067
1265497
5662671
4675689
2414501
3797787
9692709
7073963
7541827
6566057
7493033
8159171
1601369
6280403
8660471
6009263
2453949
5727063
6293499
6217341
4689323
3274343
1385797
2456099
4904319
3483611
9837049
1006429
5496289
53010559
566071
2679313
2383449
2252683
4626043
1428079
9913517
44179993
8618553
6111043
4986467
