8652961
7021033
9629823
7100793
7965413
4250739
480307
76242947
3744863
7633661
1875511
1485919
6034783
6474507
9807467
1516899
655407
79151867
7309237
7276331
3680921
1214483
2376061
2967201
822989
8242461
2830889
789617
2912327
2166477
9194759
1044007
5143439
4271109
1854359
1864159
8236083
9286581
4617633
5417113
5772149
8125283
611737
433307
4474017
6927383
5578889
3539023
4462947
36109559
4634667
6641551
8068541
5457357
6838887
9181859
4277529
8340117
8042693
651423
6536517
6707383
1316053
3571179
901573
8760653
1146337
6368179
1870239
9543077
79822507
9745221
6913927
4521969
22513
64777039
8494307
175063
438441
3932931
4169519
7390791
7772817
6823297
5266807
616267
117494501
5900563
8097849
8761571
3903167
1765317
7386417
2456683
6418179
7839403
8713437
9897507
5595483
8223629
7248919
282411
5595893
5598413
8444241
2487869
9506217
7355131
2767817
189360703
59725539
3815259
9666273
2524671
6417913
5991909
5365427
7389399
1988327
9355147
1889157
2125623
5229219
6985813
8055583
3799989
94189027
5200523
1455507
1956997
3196779
5805249
5043343
4651227
6080299
3219329
2141137
7889257
680471
3140557
8591033
8629931
6991399
6319653
4022869
4777679
1769889
3192511
135022187
3461463
3857947
5217461
1153289
1048897
6074001
8086697
1658263
950513
7559809
1671417
9063413
9511539
3983011
297541
2935769
677477
111950191
9796173
779589
1203509
7630071
1999177
3532537
4700153
332979
7926307
5655813
173004897
6670539
2956177
4507533
9746659
2908627
3099559
7483739
7360531
5325927
2374739
5392521
8249441
5598547
1199009
5864217
5538777
385459
1883551
88069
2933763
6910523
2617577
6477789
3162931
4161049
9790897
57875507
3142047
4759679
7028961
6214073
344477
9953959
2719031
4130977
39589
4404187
4369913
3837873
5796369
9370387
162793253
8407503
1428813
4248227
1712243
6804249
1859579
8797461
6252359
5068827
3423089
6391337
6693747
3092747
188585213
2114133
5658551
3892001
5602511
3599177
7280799
3984027
1436779
1865821
3658727
4920999
9212467
7190237
4335977
3478789
5125431
47004217
6642881
123619741
747019
5257333
5599173
8449097
6058753
9313073
3281217
978937
8834339
2478289
9472491
4457819
45787
3060601
6236789
9891893
5930869
87530481
7456549
5339697
2146611
9494151
1448773
9608991
9810639
880487
8861373
9542403
1510637
3853857
659387
4172293
6549377
6559481
6089733
157555747
8968907
8202461
3959441
6467113
2615521
1494663
9391261
4724723
1677669
139887
6520193
4655383
5273367
9519307
5350683
1277899
19158563
4919817
8522689
1731517
7844597
9895729
8871767
5028717
9505721
3171517
2852337
337693
1570313
9893553
4613859
4466371
7555791
515589
3333451
3467713
506481
8148757
2905321
5919899
4810739
1456361
5154863
3726519
9364063
161148537
155314761
1439467
8435909
5113203
5892797
3720817
844607
1313977
1796199
6250519
6524507
6955709
144358547
9695357
888507
4322053
7944371
782587
1936469
244061
1709251
62245043
3167823
256581
7180097
4493403
4578703
88959
5279797
1015087
2815823
8083619
7125677
2526473
6001647
2995683
7521471
3307431
5741771
78932711
181959133
2418767
2362987
4211761
375437
6200757
122329347
7870627
9405341
6538923
3777373
7675453
1646087
1808913
3207017
9455773
4440371
8084433
8030877
2787939
1738187
2834593
5749069
3038009
2627929
2645179
3681583
2365077
114485923
470739
7429927
5388159
3295811
2901933
2992437
6011279
4871159
322261
2951699
9758079
198519
5010409
2585927
54881569
1568331
9103643
5449181
5425557
157279873
1271943
3534901
9782043
6554841
9298477
2648729
1291669
2922671
4671169
3775369
5921157
8150677
5647397
7869543
3688917
1658643
6710383
2245741
4873809
9459877
3698137
5117293
5786223
8186063
5476073
7151787
4240867
844713
869947
5439699
8927157
555489
5115879
4542839
4529449
5209063
5558551
6961721
7095553
4223159
5618969
9860813
3736773
650143
544819
981321
5441677
4007
5278861
6549493
2515501
89849731
1244783
5775341
2629201
2145401
5192311
5183153
5332227
6936389
5828149
428303
8268289
8629467
6041269
634069
4031497
6029837
1257953
4332279
8172799
4434547
9784709
293023
8552447
8957279
4176803
9649669
89849
1913001
4742511
2893513
5379743
9669269
9369953
8811643
8075219
3293143
1254169
8694763
6925067
5138591
7672949
500587
7214021
3100247
2428811
2972937
6251787
2658037
6480683
1823193
9909769
6653779
1388103
3983473
53095297
4993127
80618051
4545697
675987
8562007
8696871
1982171
2815481
8042739
6592823
2801681
7317329
6664911
2527421
4104623
32534107
4533161
4324801
6242963
1177813
5263379
6913133
4527267
2925303
2073683
1259611
3489321
7402941
5382433
7547223
7112561
1355087
4983063
1898449
3132951
2854003
2097471
7915859
4637219
3266821
5953303
6083457
5422049
2108307
1303417
2674029
100712509
9874803
2266643
6254843
1111287
4744913
2427417
4221039
9655743
585427
1672563
6971663
1396141
9414183
7688257
8170113
3429277
3206143
9204477
687739
11010097
3953183
177349
8400543
4245033
1782027
9458141
1240243
7123411
2109911
2756999
3999507
7406489
3960737
5187223
9016059
5341313
1204387
9913777
919689
20407
6164219
105126489
4012577
7435457
4325553
6088533
148726881
7449121
4167899
9458921
5979457
984279
5790811
4306013
8199583
9479637
5281
6696129
4122847
2432649
9467009
8591651
8067641
2431237
3338091
5666587
7719307
4246391
430259
4025837
9286583
1643871
2450247
47888499
2795923
9134289
3732173
3423859
92119273
163474157
5183413
6825763
9026377
9154397
9265821
5276713
4975479
1409257
2586923
6928489
6305003
6017537
879367
5856321
1372823
3435739
5093103
6724673
8082379
2796841
7195803
1764063
1618189
4360301
7576761
71240533
490997
2544549
3219223
3447633
2259323
9412053
4219329
9239889
4672109
6608341
3149021
9928401
8247389
2114253
4504049
1195779
2246249
8980559
152941723
5011601
5874869
5700581
1779041
8967719
7338577
3558811
8362211
5788891
9693393
8909171
5433421
4118287
8540957
2668273
1208157
7434261
7009663
8281129
7887573
1594457
4950551
5777523
1604327
7947443
3259727
7995361
120089791
805537
3196913
7509437
5262169
9339641
7425449
5158051
7700583
1026279
6311907
4394203
4477631
3731953
110719
89041821
3474541
186347
5292131
5063933
2015633
3933183
872699
3775831
8647857
4265601
8246391
2553221
1933739
6744611
9265523
9239693
5377857
6071687
1407121
1073517
339479
4937661
6068821
7768279
7447611
1135647
8421259
4238837
8425333
2779743
66310813
2462831
5903417
5797179
7021153
55411
2920087
405657
60433
247241
2676301
6340757
8228233
472793
2267561
7559457
6625297
9852331
2557549
3985993
8297377
8849137
8663481
9113569
5234949
9617411
5312881
9437399
1125439
73333
6358463
9918123
5090519
8190769
9065823
7645193
5148959
4672343
584149
8432607
4792163
6706947
8187767
9761811
7171799
3015951
1375757
7315557
