5095963
5075971
67437
7797789
6727831
5391617
3703137
9713499
4604757
4575697
8175049
5819971
5241673
3228367
2960923
7960299
2279889
9451511
2241759
3504811
834797
2316333
5904159
3245287
7565453
9370653
4781871
7308329
6645779
7738183
6380861
1019419
5281533
1374731
4132899
8590681
4946663
2082359
4529361
872639
6333203
29727
171085117
8189229
3400481
321833
9758653
4468411
1478363
1561829
5126143
7383449
9659733
4503613
171199481
1217301
5504371
5901567
2395321
9007519
1100613
9202199
7182289
8188571
8575439
448213
9245671
5833139
475167
2631451
5064433
2047747
4879589
6535681
6051259
6433091
2335511
2759041
7373359
9645943
8848853
7529923
6200663
3028059
3557229
3753783
3971467
3582373
584581
9544467
687669
6281387
292687
10992273
9050423
9740477
4388293
8188177
3995493
3928851
394513
9624081
1373621
1579207
32147
6648493
5645699
8999031
7855873
2219321
4217849
9753713
7097431
5430933
2548587
17913
8794877
7246331
8352383
8506281
9725671
54707279
9503207
6079311
3071033
6713913
1054021
6359681
5845299
4342013
6736133
4600881
7877653
3413343
3898409
4839379
4010591
741019
915621
3912031
5373423
5899481
269223
8371739
9700031
3906859
3551457
5228693
3224769
4682891
7872763
8837037
4024773
8551743
8364019
6521877
5445913
6342511
7577609
7847601
9493749
86459843
8239271
5768807
156593
243567
1772703
4573269
3501071
1315293
4329539
14728267
9923653
7231969
3388291
9068673
5217949
5763957
624257
6790343
3409829
8131443
5410421
3640497
6064277
2860549
7708757
7680761
8329571
2803159
1507783
9501367
2876467
6348549
4451299
7069709
8322003
300941
5822989
6423121
6630869
4560673
6241617
8200169
960131
7851963
183950177
6637657
2883501
3033387
5273871
6585299
8592113
5905763
951263
9544733
2572911
826037
4249681
7607583
1053233
704763
9092853
3228161
805567
28711
3302527
2866843
2115721
3497151
7346791
1708723
2800081
1514937
5402841
3291643
6252069
5903439
38222813
6138859
4513099
1660623
2646593
2179359
1025339
133806037
5755979
9821849
4041637
5890649
8291077
6984261
3354203
9010221
1933959
101172779
7388597
82769299
1526303
2635781
8227187
4048503
777729
6062787
3991697
6468881
4022769
6221963
9309869
3912959
28183513
3939307
935177
160061723
6065461
8669267
5221211
320049
9423333
1667933
8107987
8621833
8918077
7869343
5924147
9500437
9207663
4201399
9991689
1361543
912787
76227
3522117
782069
4121313
9656503
5630741
1246843
7025781
479261
4297221
7360629
8302559
4950393
5304649
5192089
6770171
8580419
3137249
8232169
8381573
143837
4656909
6483057
850681
1227631
6130451
1344269
9234321
6022127
8735509
3744207
774801
7037513
8677717
3104141
7746453
6699511
2912953
5828079
6831853
8410713
3276113
2600143
5635881
5093097
4576141
4608897
522411
242159
1262807
9097701
5670589
1774559
7579853
4074233
8807489
29710491
8847799
8555137
4612691
1508911
922881
7206157
3032031
9734821
6910317
914319
3386969
7298783
5672157
3204533
9873281
6822169
9791681
1247381
5063029
1752507
1512081
4176609
19461657
5510849
8246547
7757073
550301
8439751
3863371
5475283
1998887
9122713
1014803
404637
7654953
7170089
6541849
2478559
48461637
5879921
1755429
9194709
8850751
8290771
4456811
8588717
3625433
7173071
2798271
3016213
2611617
2200153
8672869
1842459
8890253
5742067
835621
2362079
4397157
6839241
6064637
4627461
186353141
7896019
8200791
2487269
2461367
4404401
9059773
2510963
9145099
49731
9442453
6313931
4952881
6087189
2454231
33113851
4869791
6256739
5535187
9089189
194657723
3524737
407019
5208001
5654643
7837277
2127459
5251799
5631839
76576597
460681
886067
2144347
9215509
7031269
2010769
821963
7529491
2193111
284099
5934527
7749937
3006171
1187869
5386451
7476827
8544983
3557531
2975631
7317857
4307187
9699973
9888939
4151761
4634671
1088069
3282533
9491393
7724099
9118453
7807629
6327957
5216729
7268759
3306909
4909331
3516801
2696621
3270187
3552193
5902917
9106623
1655901
5651879
4460429
6548453
1535011
268681
78527823
2187673
399683
791073
8830683
8091923
8019651
4179709
4167141
9291031
5913007
8019473
6844837
1818641
3675329
2566583
9675961
111293
4325347
9284219
5272741
948981
8147941
279811
1953813
7334953
326613
3110607
1898483
981703
9826941
1027667
9603301
9850823
9061567
8182909
7265999
3563317
5919187
8901403
6838469
5630819
855011
230377
5386617
4584209
3109643
3380843
8138039
7664533
8342989
5859983
30419029
6251807
8727751
624387
895779
2643407
1780277
1565981
4724581
1744479
4777117
6558643
3678663
9039439
181947
8800223
508483
4765337
660541
3478817
7042077
3866557
4488979
5285601
995727
1000823
8942369
9653299
4661187
1280451
5407417
9694933
276813
9180259
432001
9401507
1395943
7839427
7188251
3337407
272287
6654441
8218079
5806111
174696309
7893423
5011799
1394333
5626083
195283029
3207193
9505889
1867573
2530127
2750791
6814917
1002791
745487
619677
3172809
725451
6261693
3706949
7842129
6245759
8455821
2307933
6500019
7708627
8197827
3265363
3760751
265117
4225963
7014769
3329903
3914411
2910617
5707903
8373451
597021
7871827
9351839
9140449
1573279
7872287
8740801
6895247
895343
9388023
4242593
4900939
8660299
4430081
6331951
2861297
132090023
329593
2215801
2342387
2488501
1963457
7679781
8608851
2820623
7621841
1154897
7840421
904247
3674497
2127759
2595459
1854769
6557197
3203391
1947173
9161091
6513893
3908509
8389779
10087
3589751
5556333
6143531
3442303
6501113
9678907
3198157
684327
7725433
9625889
2744151
3289869
1835701
3791333
1235791
4169961
1368227
6711353
3977913
8300017
448169
4455839
5647861
2661971
5384423
3693387
7957827
5166771
5769093
4477133
531667
1738689
3259049
9339747
9664791
7955169
4916023
3847407
4589647
6218649
5226201
3100891
330479
4209969
3545187
2321949
5652519
5108661
2773183
7664059
9234643
556299
309389
2329399
9283771
538679
394183
7778597
9571847
3943107
1383083
2033959
3835971
1488939
7868763
4022321
2201269
15437
4131177
640591
9097953
4981299
414427
8034969
9427673
599897
7786143
309157
3670393
22440229
8743041
4055969
1860533
1977507
7448603
3180349
9440151
2327717
5729793
2092427
8281773
7212391
2343693
963399
2065707
8289787
1573093
221493
6778631
4236171
2960273
2623119
9289519
3471879
9505621
1783641
7427231
4811131
9488713
7310347
5451177
2636469
4445763
6973043
6381959
3129513
3177749
9193089
4552627
9325061
3343623
8583977
178188373
29675521
3252929
7902619
9803697
9800191
5095147
4569727
9680747
6674829
282727
1449469
7851971
6416431
8624521
7268837
6822569
5589461
3839199
4368437
4534847
8707281
9122647
1024951
747257
5754839
4041401
3822409
5896669
7962557
2791919
178542411
95911327
2936743
8266839
58793717
2609931
9518571
1712607
9530991
1529627
1427327
