4545461
9549721
9770791
2631639
7443093
8538537
2677157
3225359
8786249
1923589
141367
5589297
4062549
9861013
7248909
1029887
2496969
14888087
1405431
4347863
4539483
73001
9864671
5346463
5997393
6764131
3455643
5543873
4607249
5387203
3697533
6259239
6894529
4492057
603043
9476831
5323199
3581387
2409453
9229987
8561109
5388001
4706937
8884447
7773947
4654651
3355017
164216489
2979777
5589331
52913723
2837133
9456409
9350983
5791631
8326807
7587723
8361611
3092547
1795621
6914497
130399
238291
5573653
6579939
621199
3881593
2745351
3577771
124913367
128675013
2133653
7203361
3247203
2301427
411193
2704677
1692931
2603319
41639019
3405897
1952229
3154189
9087657
2122281
2834281
1928513
2198537
713967
4834799
7464191
7832601
6911049
3332627
7105413
9240063
9677507
149176239
9614829
4181673
4750173
7030677
106393659
6171357
1576459
502211
924809
5956611
145199027
1337141
143776053
3371349
8036841
9245597
8506901
8538481
1715069
830531
6715551
198127417
5978003
3096931
2597157
6214857
1203997
1923887
8933143
7396639
5850963
3486031
6893713
1634421
543159
764367
1541423
2985583
4674661
4445537
418177
7573193
4930799
5214639
3109659
1974821
1959021
3966919
4373749
4744909
1037587
4067369
9330027
7361459
1259877
1611499
5049181
6200107
838923
5041747
50087
9082767
9342159
387987
3845879
8811037
7181613
137126521
3839953
5543589
8938401
2194299
5228791
9370147
779797
8824297
2231067
872279
9396593
61370903
1310721
6506359
591199
7275827
3756977
256827
89758949
7719273
5442647
83659
9816891
1879681
5204987
654153
7247891
8310799
1643111
2104473
6151003
7229367
4314539
5768707
187857
9437751
5004493
133533787
647761
6742149
1551833
5707113
7390241
8087851
128457
8856613
7576243
631803
5751651
4982511
387569
6790741
4854179
2625393
3905523
9378321
6241269
2895853
97783661
3517481
2926829
3244277
179131
6833251
4868999
2088243
2139621
8896089
1841631
8172841
8316339
6808609
2583653
9602319
876799
174358703
6070701
25054103
4429803
6358199
6931377
1211023
7668541
4439079
1364627
3762253
8828489
2268197
8810213
7583811
9962287
4251353
188415259
996699
347167
3783827
9349107
5533543
4388661
23763201
6815301
5017657
7540213
6512143
5790837
328843
74631113
172833
14441821
836811
2382401
6700503
5781253
6559779
324503
4760317
2457373
8529377
3423999
9136511
3426573
1288169
6503191
2797411
1523299
8467513
9225261
3649457
6141159
156992553
4896989
3907369
171461593
7369451
3155423
6644023
9667807
8835073
3459501
71299633
8445443
4072467
8658601
1382927
7857893
472503
7289397
2329989
6766041
3371889
427719
9377463
3157027
43146819
8686817
7426311
6648673
4684167
8086531
195620339
9112579
9167281
3152291
4456613
4189481
891179
4087263
1087691
647737
7893777
5667411
7795687
5678477
1162903
8160693
4726909
2779119
9647771
3233427
1859811
5555111
5374633
2086413
5315193
2644941
2361927
9077049
5086951
5301221
9215711
2964231
1879617
5111957
3098511
2366181
952521
3898491
7301231
4406559
7203497
2839511
8519039
4638701
8734941
4137441
7342489
6099413
7015241
7884187
5482483
4755873
9672507
9172581
2215799
6439441
8561869
9153493
9456911
4340061
4260277
7470151
4865273
3477251
1766531
178382857
5343561
5293011
8327163
2832819
5112579
3850903
5273631
5414589
6470969
5474583
8148337
9082041
2998351
1674267
5923523
5094401
8092763
94631909
39051977
8615011
4245513
4562529
7441913
8397407
3362253
9557319
4220577
122288693
6385353
2805197
7817747
4133259
1441891
6225459
2390287
4852921
9121397
4085439
3935131
3157173
3133911
4098007
6604823
979901
8143311
928881
5558361
413471
9649233
9093751
636941
3087639
3492997
8109597
5757309
6658129
8709919
844409
7417683
28083
8627697
7161903
1123307
8441649
4140567
2912703
8505763
9210251
7078851
2737607
8418989
1758549
3976533
2569889
73647927
1354789
274307
1347711
3099529
56778867
6526677
4095887
1406271
96885127
8758919
4684429
5914631
722701
3280647
3533419
9361209
173102261
3997893
9724399
4846913
4777593
8230973
1574531
5066353
3850649
9861507
2538611
5907179
2130071
128118563
5852167
6222153
1055453
9871809
3923091
3771237
9540059
9305677
27691081
4991443
8838199
197848771
5781627
6036543
7872337
1898733
2609443
4879507
6647891
4746103
1024177
122147
9019931
6619469
9240811
6297547
367139
4184927
4633711
2166129
7300787
6353527
6854903
9448437
5422519
6940659
7843799
8232199
6309379
3774411
9164317
2807997
5861579
7088667
5498189
6903061
6084851
9481013
3892231
9079317
8892839
141238373
5667017
441193
695219
4508559
4541097
7771611
5984919
5562781
3882743
7410601
1393157
7389389
7055721
5884947
1022783
1141777
1741269
1270237
7079789
914973
4813737
6782591
8482419
1351617
26455319
8256283
6311121
69342959
4705991
8921793
424283
127534279
5170149
1456557
72011247
716637
102723543
3274561
5343641
6212821
8856981
9517551
531181
1659709
3668699
9812041
8671577
3714439
6871117
9443857
7985429
7008031
6378559
8601007
9711079
7465223
435219
6151057
9346781
6455137
2439033
8567689
1588691
8473501
784423
8744983
7691981
66703
2975683
8250461
164953123
1700337
8302687
2713779
5401933
5102757
8531427
9404713
2450901
145977337
78679573
7195131
5539301
9124949
8187823
7820793
5925459
1891451
1863623
509389
1501623
5759261
3655377
8977127
6978121
5473323
5066401
4812213
2152199
4847087
220917
9571711
4796943
6870191
3487783
7538003
3068959
126569
4823327
507341
957449
3382299
1091337
7896197
4070179
6304701
1721613
7760991
3174733
5330749
4140123
6936077
627061
1830489
117572743
237359
4441261
5398209
7881991
4833341
142143393
8639181
6996147
8372569
600379
8410823
4413309
2793649
160314609
5761819
4868081
11512379
5360779
8952569
8120897
756981
166429341
1315889
799873
2591829
3788249
9204321
6582403
2674863
9221381
4589521
774729
2174249
1963723
967799
1710893
6218067
3553587
5278729
4358771
3512009
3184949
7128727
926601
305681
8408873
9070927
1961461
9349831
6152071
5299251
1906623
3190971
139887957
5843347
171596249
1029283
1397953
213241
3962093
3596949
9257367
9733627
6556169
4075537
8070399
3353033
383319
905207
7416649
8166237
643151
7704051
1454499
1313331
6648841
5170929
2886033
8928779
4627521
151475999
8340281
115622919
6258983
168103333
5330009
228289
9415829
6435081
882323
8398411
4752707
922903
95952429
2551949
3082301
4714993
6745649
2439251
7173481
4217359
7603837
858137
4673091
423277
988251
2397509
329971
