4797391
9271291
7426461
1996503
8577177
8238923
9424549
9716249
7111469
1677587
8778311
5665169
6102283
2303139
9834113
153007
3435193
1205679
7308217
3330203
7390557
298363
3342719
164226721
6187481
5865839
3668667
3531367
3020567
1457003
78789
136709629
9041431
7268701
3808643
4293133
8892523
2102537
6832967
5262251
7906593
9499259
2106849
7488451
4028819
9829431
9944219
6055933
5830297
260591
6044569
3402801
2549193
7592661
7917157
8811603
114569483
47884461
8673113
694689
8743393
3621963
6284461
5315411
4639821
5625329
369679
7266179
6977713
2716009
7652183
8147927
9724969
5964257
5688429
9326253
2911227
3786299
7914381
6316599
8155893
8387251
7351431
135414943
3761959
7277221
852043
385951
5853249
7545853
5007779
9451271
6187689
1707901
8818729
8594647
4234279
657893
4396159
7312731
2671451
8654119
6070787
502199
7448303
1994441
4192499
5706051
5290229
1718703
5328031
3319819
6241837
648129
1715759
3837741
1885441
9795167
9002721
9895847
8231187
323263
752871
9400803
1506987
2451963
8806459
4156271
5053513
836173
5509071
8216099
5227857
9045561
2326893
7500337
9923747
5551707
1196293
2877093
5014233
7103937
9111493
386417
6371049
1914521
3648621
6449379
258181
4262893
7052079
9212183
3899723
4355929
2636711
8155873
66989
4236791
1569101
7428943
521541
405553
4704073
6768403
841957
943943
4154391
9451107
9290767
8276571
7216541
5296861
8200759
6461047
7380151
2096311
4201893
8018827
854069
8427921
8985051
3162601
5675543
4405221
2100097
6662809
8799119
8720969
2513037
5663033
175034837
4716373
4921627
864071
184924123
5917973
144569
2201321
551409
3664351
6896443
5643617
9875551
988327
8088833
195159
3683931
6561183
8940887
8485123
204727
305043
6390343
7043567
8920833
7266171
4917247
1522351
1621719
5265719
8174231
3926469
3100473
2747517
8245469
5833181
6178929
3993321
2842923
6746723
3060301
4518603
7756867
5348389
4006873
198133
76181039
8547159
3798187
5378141
2868559
81754951
3494277
5310947
9628353
243237
6624147
936309
7882139
7962059
5985293
2022801
2474439
1351069
8215967
455819
6966957
1451113
3099093
3500829
2002369
2840193
9628461
2904841
8427637
7535633
5345793
672603
1128817
5660451
518559
4567633
2047701
7664089
1506749
720747
374557
3355939
9344947
8522459
4306503
3145073
4364501
3016573
6335167
1474931
2903009
9411243
3361839
5761239
2812831
4905501
5968281
3112217
4083879
4013041
9140223
146069573
9228739
2743017
1907737
4889891
6258389
9726179
4176853
6965493
1794313
3334517
8041643
146356871
7216557
9277813
3867409
3898613
9075053
35177
2992553
6794233
339009
3864427
3941183
1108447
5347189
1917921
7940471
1241979
3416287
6902019
9833289
7780721
5141081
6296549
1419481
4965711
4520427
461101
49219193
6352047
4393937
8283359
7443939
299323
9380141
1601049
5631507
3988483
5071591
5944621
8795449
6339089
3994587
6535557
116467279
9933687
7667989
9251737
8546911
1544839
8266429
7859759
8345379
6283571
1479001
4260369
3566399
2911849
4830477
9823547
8731217
9282009
4588609
5718129
4539253
3475453
2138949
5320869
9879013
9819341
278153
7621931
327541
1060641
8868267
1088837
7895803
442457
9146441
3119821
132763
301709
9686467
8328287
5750503
6560131
5224861
8760129
2875017
379153
6098401
4478019
7706287
41553739
4128053
7338557
9064457
4109767
2682599
8400799
8204897
3534529
7512593
8729217
6025671
4435993
7018191
2957813
4149967
6032091
9575593
504073
4398657
4736509
7792041
7098253
183111199
9891737
5596531
7795443
6955323
134139271
6325609
7028289
4522041
6379923
9724793
3472591
9586221
7391709
3649159
9412203
2310049
6752597
1264637
9991007
9442947
8666077
9834949
7691631
2162747
703257
1307143
5850259
7815373
3102271
2976943
8531571
2504741
7555723
4886377
7112809
9921237
5950107
5702943
5364439
113693
2651291
7651169
47708813
731917
77771857
3540919
7694341
1373897
5981597
2324743
2097
3965823
5576419
1313339
4804651
9082709
4918847
2275607
1382353
2687193
7083479
6483881
8287119
9734767
5542197
5373157
2341227
1699671
5205229
2140469
5518987
9697061
6520089
2514557
6571833
6917449
7773757
1167569
6520939
4308201
2668713
8467197
7602983
1548977
9900591
5107319
3160637
9953967
4435531
2197777
7712791
8063389
3512001
6882529
8166417
9620341
8652067
2387729
1748543
1339309
1702567
8239969
2317319
7415043
5188911
6566779
4146617
4484453
7318171
3037971
9258561
3818101
4799797
7496711
9252683
1770021
3733267
5968027
2939863
900211
8667977
982093
531673
602741
5257111
6002919
1216531
158031
2962859
5521497
7591323
5258871
5775407
8414591
5540883
9847271
82826009
1206937
2366599
4016287
3250713
2116513
7852057
3703961
7810267
3029203
1259147
1291027
1774007
6274991
1899281
6434183
51067481
824733
3867697
6496901
4370303
9416601
8064773
183494193
6210141
4523811
2780261
394829
3125319
6262733
2563827
1571039
8195369
1637187
95276901
6813957
3224923
9281263
101110419
8398073
2730293
8186921
9838551
9115221
19991
5018147
8281189
8361367
3553119
7383693
3343987
3029737
5259361
6040669
60588251
4851963
1501483
2244159
4277409
3172329
7479509
5693231
22777341
2632139
1895551
9870801
1301923
5993427
5207689
2520663
6968793
8058109
1404711
7611203
2427411
5706229
9477513
6675007
5785393
9118947
2326097
9905527
755729
4826067
9966593
5683089
7543343
9582891
7771911
7637259
1756799
8449057
470361
5161229
1487457
8104923
1731009
9157649
9155419
185687
104322383
890317
6618289
7854553
3791439
7648703
7983257
3933523
8549333
166689
3865439
9836227
2095271
1258127
4181411
3176737
110264281
7044219
7207441
5834373
2911723
159956953
7239267
4928069
1934453
5127367
7094611
6807009
1702881
512931
8041437
6086323
7796289
9333947
5894467
6890549
1558731
6033757
1737529
5871061
5661273
4075401
4542493
5328547
4776409
7826097
6014367
5377223
1312041
8486949
6232669
3079669
5503693
9190873
7672329
746159
6435777
6177873
2350437
8925233
8970593
4151411
4150011
6953071
1446851
7047709
9123853
960677
9050041
512849
2436421
2822603
161991109
2368189
7844783
3141857
9235577
9269731
841709
5507361
8979967
1991251
156081
4883967
1619561
8319961
7502387
1346667
4775877
1025493
2074131
570551
2009549
9874349
9623347
6337209
3127047
2890099
1001207
9942993
5682599
4354199
4492761
9096499
2974657
3050299
7183871
3923393
7193379
1985627
6024497
2954833
4728903
3866351
7988893
1413757
6327859
5915107
6884349
7308367
1440473
9924989
8638481
645891
8385023
3880733
1832137
3443193
23387841
2493059
2874251
8330149
