7911189
64449
3910403
663569
4993929
1056773
355013
1718743
3413781
5663349
8536953
2790657
958337
7672607
3281359
2749663
6774397
4033773
6399261
3548561
8929127
7981953
7807863
3774393
1815107
4518609
8372117
3111249
2470943
206357
4244417
980319
78063961
3668149
4283257
1101369
3400541
3671131
5081081
5163111
4174327
7431931
5052791
9717473
168284363
536083
8143649
8626253
4791451
993273
4731813
1957371
734617
2078591
8772541
4515741
7936579
2559001
7158091
5836647
7641357
7230153
2819491
521189
2222351
3945591
3890387
1174919
9703781
8533541
8211793
3270787
9835981
3325371
8716839
8912187
7666757
3183681
72027
8390687
3553011
195897511
911751
9049967
2100077
7838173
4365789
5155323
2530383
4939779
717763
7517221
1149411
7647357
8978143
110477613
3861177
66441919
6330387
3069469
9581121
482091
6915437
9547267
9731729
6469047
3326421
5397447
7848553
7897247
8717797
52586441
8503597
9447357
1624167
4105639
6798127
6677431
2867713
2817747
5829391
1629861
1441329
3585633
8925947
9163409
8284529
3022093
4205437
6890141
9155247
3541229
7231201
4489633
8005877
302817
3795741
5102771
6872563
9423017
6562181
4114729
1162393
8485691
3516749
8077381
3613751
5798797
4174067
7256459
4469973
3901219
3885653
6337397
6820213
7458457
7436963
6261849
1702889
4546723
5654227
2211921
6843269
9968967
7825937
1862053
8341693
6171963
4333437
4445553
5170759
4036561
1948613
1248659
6001667
4479203
4547833
9851023
1068283
8711891
1938279
9699207
3177033
7513411
3245759
3151683
9314983
24274729
6711729
5435851
6600913
252243
5665053
8924693
6569869
610311
7635891
2591701
8786691
9932603
3075869
9223173
3277687
7703161
7698167
8795689
9787901
1865313
4210369
5138911
6806859
2045363
1933599
5692357
5416959
1015061
5199257
4881039
91696431
8733841
3300051
9765217
3910683
172672477
6901959
1067699
92715679
4810409
9734157
5624763
8651643
7383133
3976949
9157873
2654537
6845489
6089399
6926537
7514493
2395991
9590613
4046769
8507129
459817
8034761
6358381
491749
6440811
6440009
4608213
855693
121328267
8194703
486787
1912777
8572337
8890459
9541899
7655759
3553639
3642237
1796217
8394471
8932599
9171339
3191031
1713091
7211699
6467869
1047417
2735331
6443991
203837
6886927
3248279
2438891
8351469
8913301
4129083
8307501
7074949
9862553
7183049
4272611
8724441
729023
7924543
8778191
7915581
4832867
145843637
4681713
3296137
1904909
8546033
1908001
6432189
6258467
50403
2092249
5344229
1774981
2270473
8123577
2377971
5440387
7394591
3492659
1494859
9433679
8241599
3991909
278409
6674899
9958601
78614751
8183797
1359461
6320781
321787
176199809
4227703
8003773
4116291
6954253
5096009
1922813
1064527
6895259
3770611
8418639
2176639
1840967
2817529
3657589
9664023
6411777
1122311
7846547
6555271
8622619
7321339
7264297
5836049
6701299
2384429
703747
3752981
7645793
7984889
2056913
2195687
7298847
6504297
1267509
5652589
8524507
2721387
6275033
5186061
2151777
2608193
5893979
1775269
6680287
1473743
8700653
7929779
5057301
7539111
1665449
5693631
96819013
7888883
2543163
6594843
5959427
1918869
2596061
1734793
4568429
8739577
2313303
7557101
8787059
4690967
7826627
5842483
7713003
2492411
859653
3959257
5176361
4877519
7514211
9109479
3411631
6542763
9848571
1357501
4937751
8475389
1667601
345871
2414017
5184903
7147249
2150091
5696669
2165739
9424121
5030577
3600801
983601
2407233
191145307
2471131
9972699
2555561
2800379
419933
7740837
416097
9621803
5354893
178909937
6906337
8143571
1742613
1388817
9513533
9400089
8936071
7987113
2864973
5059009
1010323
2854869
3413883
7114573
1447871
655199
6752123
3076483
9351533
2814069
8691009
14181891
2649709
3921871
3063571
5876941
7892021
5882869
5029449
252503
5093987
1359581
179637
9929293
7615963
8420571
6094473
2450561
3447863
77274663
4126057
8532959
7172399
3945571
3040529
8734023
1784963
70133023
3341461
9841803
3475183
1446099
6350549
8041699
7025321
8539041
3218871
8368881
6663313
7780083
9933187
6947963
1875961
7883051
308977
9217451
6454779
7225363
181535187
6273143
767183
9759529
3263551
8773653
1517841
6274753
3250401
7004031
4712109
5427887
7952513
8969961
165347673
3247111
8233981
4331753
7577497
6471531
9451169
769183
4915401
8521449
692509
3493843
1488937
2243751
1323013
4717493
6740041
4129559
4066447
4231793
1419337
245663
8807377
100507
7885387
3613327
130958013
4312107
8789279
168307143
9713897
4674269
2459921
3023291
1754263
8060073
9055537
1107433
6632279
1767731
193607453
3330557
5964263
4427363
8121957
4745413
3980413
700741
611151
117189
1468149
9358523
8843177
3114599
556331
644671
5821137
1467791
4855433
477487
5786397
7165393
4926791
1326177
4639021
5512067
4440993
6113067
2498721
6825423
143488971
4173671
9000529
182143
5771189
7726637
5091209
4172887
5776747
7939851
2987397
7041861
8390069
8942013
636437
4924929
503533
122811071
2942941
536429
5251647
4202377
9246987
2271543
8023239
1727397
9519721
4100497
3107697
5467669
1901259
4735539
5464791
5798717
1071893
1069513
9992811
9333633
7660741
4846813
3102047
8123487
5085731
1734709
259413
1686747
2795581
8660017
2379129
5898211
1089583
9208589
2592417
220469
143984637
5977687
3012047
4521801
5799621
335917
1336213
5183591
5700677
9140473
3554907
1818273
1651567
771499
1909581
5164673
3742347
121110851
4596971
4312229
9736599
3334403
1464157
8719571
707449
54976759
161399979
7628453
8813097
123420593
4869933
9217137
4770717
4128619
4533531
5532989
6571333
5129371
1747789
3565983
5465677
1589349
8437237
8535941
2008983
604267
7099831
3821271
4159763
845337
1438457
3159083
2340271
5301969
2022723
130629981
6901537
7348403
9109343
5734987
1517393
8754281
2228853
3870931
6389343
3516433
6745171
9247491
6044719
705177
140354201
746773
3593843
6413571
7889087
5330867
6053853
2755537
8166531
3017499
8427589
7728779
4068981
9026479
9361851
2255441
1716087
3412747
3409301
506633
3359417
127127
4821473
84576057
7936957
1466359
2149613
8242533
2924451
1673717
3310497
3948889
2466587
3685029
4524009
5859731
1038091
4463881
6008069
8054281
3079987
591363
8551709
8401913
1895751
4713799
1516369
1105451
3220163
2605727
1724031
4068407
7820523
2424311
1595307
5315949
2843951
851569
4045647
1129873
8258299
3925093
5151777
6772419
3833599
329611
8750847
3650111
8356777
2359569
2218271
4270431
3552083
7747873
5173217
620943
77823721
8162697
5826113
6874919
