2310603
3921743
792931
3368723
9498153
5904671
196087291
1424991
650423
2758039
7839193
5687503
5112143
662209
2154063
1232811
8513763
1878897
6834773
1415953
4923709
5990951
2303767
8254197
2086573
5436087
3426867
2005009
5552093
9875199
5294177
3649361
779101
5189681
6687583
7899311
3503179
7981771
730267
7076217
4307559
9079799
8756291
6409443
3711011
137290167
5050907
5721093
5037491
3729223
4395373
2826261
1944337
9828671
5452529
6482409
9118241
6166101
3337093
2710847
9613659
8392963
9361749
5555359
9079533
2531403
5665297
9288429
102755181
9369459
4139773
857107
312983
9615491
439507
7233429
3088937
8186081
1090973
525903
9027657
714167
4530503
184813
5099869
147267
1742981
7240843
6746679
401311
5093829
9167741
6114293
4280171
9186429
4657017
9887003
7363331
2206837
5779573
6274951
9304279
699157
103206997
7668963
11008813
7562057
219459
3804377
9213923
2974647
9108019
4975497
2299259
4906371
5987759
3106103
7320287
4482051
6490813
3774311
8445879
2834373
5564811
74525157
4054681
5730623
6258117
7628733
7355609
2010343
1243793
8125129
1328509
4905821
8672093
52029
4217007
9963917
555519
2869747
7754687
9975289
3275627
7771317
6892791
7816259
7559969
5075913
1052221
8731937
3888629
1906673
6265497
1187033
463803
1478337
1358383
1400029
3417911
4733579
38337
6855799
3194711
7019677
7774171
2523989
3017279
250521
7934011
3650997
6303837
3718279
7319589
931233
355279
4742173
7838341
6823057
4149989
8812199
2775603
759297
144140313
9774537
418329
8402951
7444843
4085937
1742257
117182467
9212357
4236571
2355553
7833173
22771661
9316569
7870517
3122659
912839
2767129
6299917
6994409
7408949
3904701
9346147
1578113
119838697
4830737
3353741
7981569
6024021
954307
6788313
5183751
8861257
6968569
7776169
911953
6417691
1433111
4287359
3986879
8287883
6784189
5909401
3361193
4780421
7700751
5009661
9939541
9669081
7891943
8457081
5360959
1622509
343229
3580221
2260399
9628427
7115303
7789427
8074471
2585341
5187567
6279011
156515891
5634731
2084917
9646091
2165619
3430581
9607643
6777191
5169029
6079479
20743207
7823737
1682059
8126939
2241731
4539273
9959003
7525769
8195163
9806827
4657783
2299209
2345201
9600053
6008409
9330639
8603179
1695817
3490641
8413973
5232141
5130477
96869533
8457829
8642433
1264857
355139
2048903
4480339
7248651
1262123
5527597
4577949
7212829
4544347
8109879
9902809
6688723
9362131
7912401
20143977
95187
797423
4897743
82573937
2506279
3069759
41156201
1908931
9285347
486433
7753643
5013373
7162283
3444377
687823
4008363
1864973
6389913
4616187
7445909
5532661
155399113
1229179
3630249
8624547
479833
8071217
8599047
2812821
6158291
5104901
2108329
3274447
9500971
2499869
9914171
96158799
626199
711969
144571
712569
7369963
5611089
9206657
5658329
2787903
7091511
8833727
1921047
637339
4935391
17285881
8139169
5323601
1524147
1426711
8690607
4970953
1514319
9391893
9079181
576663
4111429
9630233
167557
1871533
8347997
3325061
3828771
9037407
8027149
756159
5107867
5309221
5440329
2049269
4237647
437269
6051867
7200311
4669647
6564663
8831581
177706537
8171293
5529487
5549349
1259441
584269
7509767
9717101
7492617
9984603
9173481
9102011
7389057
6924907
1422257
4610167
1232623
2211183
1699547
5373
5303349
3877391
174355243
9239441
8368793
2724129
1508223
3232881
6407873
209417
1687017
423019
7188527
7669229
4281299
1233909
6876077
6906639
3418601
1282009
5862667
9470679
1977649
5410091
1055987
21531339
119695697
7771273
6529657
2790389
7059497
9148411
14714559
6243509
7752839
5159159
2275369
3376889
5755767
4410257
9229423
2713029
5292073
9871077
6748293
3673539
3717417
4913381
3285243
8986029
7583471
3450843
6386579
44629
9325523
9365123
4043513
7229227
6241473
8686867
715441
2422793
1516419
1003097
9647437
3080667
1032193
31275811
3518983
3759927
8779977
6497353
8711661
9758271
8684871
5831709
5410187
13029
3205589
2805949
6936893
1424953
6968107
2463663
4707569
58744787
6219353
4360229
4107677
4380147
4560401
813711
422747
8700583
6010367
5876721
4755661
75171
9619103
9926353
8553609
8648377
2279699
9699213
6745339
494487
71592703
1928221
4906373
3347003
3475763
6008787
8611313
7135327
8114551
1161023
6313923
8804797
8546563
53761009
1248131
8421137
4588597
5923109
3840053
4530811
9414349
5522479
4496347
6253233
60489
892271
1756177
6126761
7901971
8309833
5234543
8673787
4495819
3084627
4464207
102489731
2612429
5415469
4976069
8972543
138418421
3485471
9506341
9162389
9222661
6097697
8321287
5803189
9458579
6056027
4358849
7331961
44213
137939663
2523959
3084683
6454107
4054357
8789443
5121089
9064327
1333981
9200779
6175719
4878561
471081
7362053
9801119
166297
3717781
2881157
121956823
4444707
4710331
1802773
3093577
9356243
7504507
7375067
4285913
4352391
5938783
7116717
9222111
110424119
5668013
8400041
198654079
1668591
1976519
9465637
2457927
5560181
1772061
9641473
4925957
2786317
5025519
1664623
5106857
1872837
9283499
7537733
9819107
6755181
5092891
5871279
9312617
5120921
8132733
9529021
3776397
5951259
5648731
6248307
3963413
4065761
5750273
4999107
7612633
572503
3248227
5733551
9434543
8476877
589709
8169249
9918059
1018743
4265551
3602189
5253259
8873853
3158511
5109943
5897291
4976747
9785047
6309651
7304663
8231293
7332053
4097351
8971401
93237
3975869
8700663
9298607
9198459
6590447
7004831
1963479
7838821
27410999
8717227
7265559
7826029
2168941
6989749
9410857
7459529
2389353
6068463
2153873
1145063
7784203
236959
9250807
997719
9285451
9925317
6896069
4639793
2422531
306873
3760601
3848549
4269431
2759113
9175763
3896433
5499243
946201
5004021
8305543
1446311
7574673
4606379
4572731
152145313
6359551
5101863
2704407
421841
175383
9406731
8175433
2669377
4611307
3614519
9827393
6356833
6399159
5390969
3870649
5605059
5915007
5720803
904131
7538351
595431
1206721
130847
6233573
8007117
380053
8078389
1636271
7701159
4404867
4263541
3310923
349043
6622973
5867179
6637603
2235329
6746803
3958473
7587979
365851
9278433
9730087
4225581
3366207
7934871
8650479
8258787
3226721
3159469
6649453
7220081
1131991
6273389
4495321
1129289
6708229
5256241
3640453
4336613
636587
5987173
306931
6997659
3593231
7644899
1147253
877337
6893807
5779589
5424423
7339369
3545007
9920029
8624687
112273
1366099
2912561
1170573
1447653
270377
666113
4536737
6116211
3722099
3075611
1310039
8230519
2852291
1027961
3296739
77826823
5564697
2826363
4317133
4675529
9753323
864941
4373341
3210079
8688939
4149127
6109471
5154001
3910563
2173741
1810957
3105667
8064149
7031819
3346827
