3264367
450649
666503
132078579
7253941
109262673
6371401
7288673
2875859
4829763
7557379
8359321
7606967
8334963
9965197
5479851
7970617
8546081
4043963
4609397
2279317
8987471
5869027
2641137
5579241
4168217
7548709
8531787
58179
9805787
5410431
8221729
7076049
5070593
128437529
4400217
7519257
9034557
6338123
4990119
5311091
5777147
4987323
6971509
9288577
153092727
3401843
73997061
2156073
3071013
8562591
680209
3821731
766189
4475701
5325259
2220961
5259007
8730307
2499223
9450539
3079271
9237173
5793101
9796551
4352213
9115417
5972561
2933839
7612989
3720889
5574907
5118951
4154523
4610361
1965187
1597497
6386717
5099519
6600113
7471593
6581137
4451011
6892973
7058713
8692461
3641149
9916573
156542519
9039993
128437493
6032327
3609563
4258001
7201101
4529163
5995811
1142771
2488779
6769909
1352081
66288151
2823291
2837079
945493
5614393
1320971
4204363
8867217
2246067
1826909
9946019
85334961
8414979
4745929
7388591
2510919
8931437
2203143
4413469
8119239
1691021
3542227
1473627
8891431
2090791
1923167
792667
190015391
1869917
7374851
3895053
8472229
8891743
9579387
8786441
6936881
298843
398553
4561227
3938329
8760763
6708771
2925979
403771
7647009
4684417
5668733
8852107
9096847
1391271
4244449
5751637
1255489
1856201
8315719
2450141
7519837
244847
9404777
4908753
5368567
362211
6243453
4631393
3096891
980439
262403
2074787
2184007
118290937
634177
6839707
494847
7223891
4893817
1910907
5130297
1421641
2044711
3518531
7839929
1753853
539463
126405967
3450023
8775687
9187739
6453239
2075337
3999207
6516361
1247753
3263921
7953563
3834589
1825491
6700687
7077841
3724149
7906597
6966151
2295283
5777149
8341009
2153617
2970523
6224863
1101281
340491
9089989
6763917
5776979
1993793
5489931
1637031
1872043
968517
3965617
5011681
6606731
9550233
7925259
4594601
9304577
5986813
2882747
8321563
6121987
6568383
1052811
7157073
163808957
6599723
4377051
9190029
683989
567259
111830907
7147617
160759
5544353
2345797
1805041
18496037
91601
7130407
5495649
745513
3495841
8178963
7707279
5365431
1115951
1611967
914721
6376393
5995757
4438869
8537097
4843819
584749
4220063
1980947
2691677
5628993
9515811
9848651
2991763
8056241
2660411
5301073
1150563
1822539
8581
48836889
2466341
4100927
6577473
3477839
5133349
133740221
3879149
6317757
3250089
4206717
5708933
4090191
1770359
2541701
924217
7426727
657609
9746301
5515507
2230421
641057
6901403
8682711
3105099
1230393
8082593
6475799
1695473
3909969
1334289
2628077
1380861
3501033
8220701
4147883
8758267
2219137
949171
4037017
7884121
6632519
8363769
8094907
7929121
2240093
771649
5465271
7990061
2043493
9187157
7204201
5834053
3789973
136417
8564789
605909
6223213
4491241
2871779
776749
1992141
4569039
6852347
43275849
2474973
2626959
4925541
8841713
6439857
8543103
2358689
2574687
1022169
7699811
1507769
5628621
8382891
2389269
1360503
3927337
4413853
65668663
7828579
8074259
4840639
6940779
74733537
7708213
5744743
5527103
6766101
2063327
8965217
7743097
3039723
860433
633229
6657469
5539149
4200179
4547489
8985873
3651491
9403311
9860653
9018563
9881117
9500709
9106173
5903087
2933881
1689313
1286867
9292651
7781669
2544919
6558869
8635039
1647223
2977831
4421451
4593477
3826783
3976681
8043781
126481
3133109
3073643
7032351
9464269
8132581
8800153
182726641
9559983
1436903
3888747
3043567
2816151
7553783
475929
5999529
4238753
5352039
9779167
4688423
5156903
3453553
6878623
553943
7310689
6670201
447073
1991577
5862893
6359583
98088487
150216493
2466489
6312701
3854191
4844387
2817903
9350081
76006697
4853783
5000813
7815213
4442551
4031171
7587359
8614839
6610631
462569
477003
4814279
7397833
883033
1510239
4757509
7957867
4758221
9893543
7908487
8243539
7629993
2330641
4318597
8702931
8668013
8830287
2114751
9259249
7168571
2976113
6611421
7506927
9387161
6003011
3427987
6507859
6025003
7105597
5548367
7121971
9385687
4935447
1800893
6110837
1536509
3834113
80559843
1938963
8045229
437913
188279
604879
7872579
1362763
1060307
4922421
828251
6494549
956123
8267013
5286969
2870973
4242729
141041
1267959
1834783
6707061
9349009
7853237
8009037
8695113
2898281
490029
491903
6674249
5826041
138386309
5582399
2745181
4605369
6947937
5062807
3666849
7723511
2464119
790203
4773323
1454667
3352963
4631473
4160971
99632537
9267081
468721
1071873
3657843
7623229
3712347
7987511
47711337
7562617
285113
3237051
3652349
6816351
743821
2137537
9919667
3003113
9457353
2470549
1715071
1605163
3711737
5798289
62488601
415797
849911
272969
4710787
9466647
4190437
2640637
3956621
285831
1468129
7887457
75847
1302757
68592149
977103
7593129
6527979
6507153
1479391
9620919
8744349
3060473
8637071
3683739
8926067
1949491
9809423
4319653
3397441
9072063
789073
6154943
514529
8903553
9264529
5549517
6601617
18878211
1256271
5327553
3877801
1388327
7568697
6185313
1429347
8054919
9408579
5509363
5619547
9619337
1671823
2717239
5036553
2060103
4396871
6668841
2817957
5058523
9387511
4532273
2620627
4441037
128993
6043097
9905361
6711533
4405393
5947523
6610697
7473247
8247999
4701053
2874909
127651353
9093927
7689139
405221
6584227
150379
442777
8524269
8781761
5341531
4858667
8055707
8204381
4038703
1145349
3172811
8223109
4613127
8299011
6474151
9993223
2791037
3219183
509983
1533317
6382369
6482189
6883073
5443047
6142521
4162837
3324287
4293437
7378669
5803269
1288987
4391579
5696153
5194957
9690617
3204303
2920619
842533
6265083
3343451
3961437
519443
3379173
3807929
6447699
4167689
2348653
9097899
5545977
3458867
2779813
5312509
9923483
7628731
9715197
4735749
2053201
187298033
2138943
2145037
6047693
5451083
9814583
7263181
9768591
7049989
1273739
292827
7005317
6585501
2715503
3330063
9551827
2359441
4420399
4395811
5999883
9384377
3256193
3914949
8276223
8710609
9575217
9515647
5462473
9291909
7195157
5727819
8953413
67375347
8817317
8241859
7245847
6873579
556781
8275487
8843807
8405351
1268411
7875631
9447
8562107
3783311
4832863
7978799
4142483
3850237
3511719
7324569
8030331
7247849
8922509
7175261
3141237
8928921
7286843
7546909
5625033
5445351
8367477
7814953
3243461
7027893
7049331
6689611
610863
8417401
3886527
2553527
5309417
9137303
6027191
758251
2096633
1771297
8903711
111271247
3127113
2979749
8336053
5877111
9684067
2259209
2626043
8818341
