7580491
95387921
9259767
2460687
7467651
2977717
4189167
89219361
6754083
7427227
8078159
5550499
53999
4557073
9617091
9196647
7569819
6012857
6373379
6066307
3825063
9961343
162137163
4915003
9536637
653011
9959759
5592287
3442171
9147047
3680303
5553613
9355543
1461349
2832883
3335749
8146013
3857953
4567021
8805589
8350639
1094847
6961381
7026069
6901407
4581229
7777763
4474003
1335123
110798053
249601
293197
9527223
5529239
7704849
3827503
9114437
6104697
4971517
5604661
798171
5326471
3161831
2978167
1377069
5120623
3924001
9129509
1393601
5308583
4542021
5189193
5198027
9565393
4037893
3812181
4301831
539061
4298697
7369101
1414421
7840887
3893171
3848627
8539347
5531977
7746847
3311367
2480997
6235597
112363
62987151
8948601
9901879
4564749
6716067
7876117
1662319
3124649
2609781
3104579
2981589
5834589
6014019
6592499
1035281
312629
6154559
3380797
1598271
3236217
2962431
9930951
9071637
5469251
394847
104031
3428293
8432293
2343661
8081131
1729953
510143
7122771
226839
1564361
3200473
6479763
7573383
9265873
2916307
8153707
1751663
9130431
5459643
3128047
1161307
6093121
3546303
1200477
5502003
6918381
7335627
6272787
7646111
6474453
4350513
4554481
6026981
5928253
4641661
142609
5680003
6303349
5208573
3519153
8412619
2456869
557739
5258397
8943853
3925401
1526159
7151213
5704857
5942927
50977
9551583
1651363
1068097
3958679
9685543
6713997
573249
5247293
9592571
56101
3537681
3666041
288649
2808931
2138311
4941103
6843659
465301
1192557
25869647
9541979
1570971
855581
1530287
5379399
5384523
804731
54135113
5966261
9033189
105611
619567
110716019
4054197
622329
5651599
828403
7023499
9231637
6303513
5373461
3631149
9843799
6901639
5021793
8711513
1649777
9971399
3896699
4081327
8940327
3978489
3374079
5804729
3359177
16067813
6958747
8163299
1614547
6977441
5980997
2153833
2969479
8546597
3603949
5716971
7251449
5878557
7355609
9323651
956477
93193981
5439959
1492057
4786571
6003437
699237
3951361
7986949
7963137
5089439
4629583
6110307
7237779
592269
8387637
1264889
632899
3927041
8424831
3338499
7302263
9400079
3093517
1959727
3148699
7362291
3436453
5318751
1268809
3408533
4181431
4891779
4383761
1771529
4147927
2691099
8882383
830247
3348891
6738993
3993613
8452857
686351
3190709
6151579
6022173
6100727
4760841
1315243
6620473
9071733
9557293
3782669
14380443
3750071
8531913
1047869
9254963
4355063
2286949
9562597
6103909
8030731
3542883
2735069
1432029
830689
3345759
2187751
8900661
9191737
9164449
5455973
6816099
5291637
1175461
8452413
4552379
9310349
6125931
9443847
33359317
6925449
9537821
3124979
7796067
3543241
9253529
8904673
8023559
8065557
6692047
1146191
5199183
8849803
2538371
8394811
5653121
2615723
4867939
367663
8348341
3057511
5559987
7113097
690437
9356471
4170943
2705687
8739329
8299037
9098171
6676551
320013
5999299
15828811
9964163
7882239
8104927
4330691
1449509
8638779
9084951
344513
4388673
2556711
7420809
577249
2204521
8685849
4454241
1395907
5856457
2732939
3744293
5344747
3383609
210563
5385501
6611643
632049
7337459
6823623
2944667
5545657
7474077
6811393
1161497
113280947
5066809
4860059
1778461
2622141
3733543
9988379
4949769
4221741
1262483
6293637
7955231
3886021
710559
1714843
8631659
8325799
9385969
823749
1058699
8532337
3719073
4338047
1726677
420881
6327961
8507113
5804869
640253
1257731
7115099
8642661
7603081
6475911
3761929
9401289
1739631
878737
7964259
419071
1804061
4286131
619769
449093
8635611
8117093
1106301
8437871
2020351
3370613
39787
4098079
6704783
1871333
4973451
1583527
2870081
501431
4954173
5503963
2412691
4784453
1343397
5317099
2461159
323951
2220367
9990023
7692879
2547869
745339
7222069
8544093
5772017
5516527
5917649
8603999
1902187
6488589
3782773
8204647
171817
8452997
7949001
7948651
117203263
2886549
139497
2681943
8089151
1969867
8148231
1462233
75069093
3213471
9371483
9885203
6607099
8562711
1776309
4335109
1740901
6585923
4669169
683543
9350131
8000857
8747497
1424679
6644499
25314793
1266427
4792289
2960349
4126643
8738919
8666459
759703
6839867
1854229
8660059
53386277
4294681
9955453
6532511
3277737
9995313
8385831
3309541
6822297
9964139
112601
7907993
7907683
5015099
2246011
5032613
1355399
280037
5482501
5225537
6061679
150807041
854961
5233599
3356349
9036963
3411121
2926361
1689981
4823493
8716081
7224483
5556793
7552477
104087839
8376567
380983
8578597
1935953
833931
5308459
5386077
3603471
1524169
7496361
128943
2379519
8934709
8405149
1245363
7607183
4591161
2200317
3187673
5140881
6450221
9685709
1185851
8400391
1030211
2090563
16038759
2889911
7591637
2444859
6278217
4432617
3210627
9008979
9141517
9891441
759379
3649729
7727873
6192493
37216239
488069
7961981
65477
258881
2111849
4161717
2840793
2857841
5929201
9129141
1280053
7368923
4921041
4365477
3345033
2135697
228599
5318149
2396211
126167
7729851
2504787
2944271
9164133
547693
7761703
4300603
3859711
9517219
8693633
3453129
1608443
1632449
7951621
8458103
9485343
9827503
6646311
6678339
6912177
7175717
964839
8373303
6244701
2083317
3842641
860599
9041321
4020637
5810107
42160539
9821303
5521839
4866339
3968947
3654851
5845437
8040679
5859987
6600311
3178769
2309639
3907531
147997
4621097
1739207
1246251
148615931
5723867
116401
2437933
669513
839093
5560051
4124523
4032693
826053
9452011
7956391
2550951
4810821
5034963
83013
31
6289407
5916071
6275471
1949759
737187
28267033
5355203
9116787
1872621
9475099
6136171
1774793
8041979
8254783
5163397
6833819
3152181
2029989
4740421
148095239
4735339
9387573
8907617
4385821
8467107
9011439
6813793
2746003
9852033
5197067
6821593
9949733
5508111
9067299
3583141
764811
4034987
4654917
8223081
2091947
6205189
9687577
2582183
2713117
8590497
5200597
5216267
1747469
5085139
6361093
4718897
9784219
4707943
3369519
1323501
334729
9124083
3567487
1092641
1721811
1986117
2550553
23823187
3813203
7332643
5704843
4988263
4280491
142619677
7036831
3848521
1339287
1181089
3283621
4402231
4397353
9440023
4208057
4785797
1425131
7421001
2706459
8436907
5557953
7151813
8155297
188305049
153181947
2510969
2354901
227513
6674837
1510227
9130977
4385403
3999811
156683
3903811
3691689
3083713
4648277
2707521
9974961
1274637
3840279
965679
4256743
6652637
6639977
9889391
1220687
2119627
3762343
2750729
7388321
1509079
7516139
174611451
9666197
4300507
4780421
9227297
2131557
4141623
8190629
564649
7253519
6333051
1280527
1197503
6686269
7584181
7156133
1054589
3506587
8608257
5361111
5688231
2952913
