1734927
392159
1370063
6788069
6379517
1239841
6447411
3099593
4763887
2692543
7705969
197373051
5205933
4708277
6225133
7201801
7791793
3184929
3087039
6275211
7708559
3884059
4239069
1632639
7231057
8627687
1972923
1358613
2464129
6121827
9165379
3190081
4171723
6929423
4841779
1844761
6489687
2583859
3351469
9676841
771517
8087071
63770487
8083747
9652353
6152653
184761
3168027
1419049
9904751
4485671
1846977
4280787
1642829
913723
8105541
3798149
45630639
6558711
9573359
2351303
4879283
8775169
63851
5648561
8939421
1914219
9096671
127080389
6858971
7296477
8909651
2015019
7815987
2323847
2466719
1923211
739587
9768959
5491857
3023679
9874037
770727
9321629
6072429
961589
6752007
3966723
3983681
2321037
7765627
7863261
6265773
7117763
1801397
138595987
4688843
2247753
5046709
7585927
5592641
546533
4609533
5097581
934033
3164923
5407109
3463961
1511203
5765583
407353
6748429
6018269
7939189
5839549
2907651
6861059
1536453
9622637
930979
2807463
2719769
6724133
9285841
5483103
5024513
5093733
1793301
755547
2406053
3356421
7803811
2136961
2985577
6995049
9818371
7548083
8976009
5017463
4337539
2806361
2926419
355147
8826613
7175113
9599887
2280033
7895583
2983413
21877501
2232847
7068441
5734023
3710987
1294077
1435531
2328199
6029291
4526679
1429337
9229267
5559127
6108643
9542891
6337519
9204247
9283119
8829189
7662389
159694871
91219
147535087
2718741
29227
7832989
890313
9671881
6884681
3327341
6310839
8574733
7377421
4539933
6122893
1969603
5579831
685193
3954767
6919807
7660173
5463739
9167899
8644683
7248091
920217
4061523
7746257
927453
8209353
2512929
5501103
6758993
4183399
6034901
742323
2648949
6095203
67254513
5600153
8676881
6227899
6758987
4886517
1909019
9264791
8895309
6967727
2126599
9414987
694317
2816699
8796191
3860503
7028101
4541007
2102663
5736613
3249567
1720271
7094881
3036331
1870699
70894173
6713871
530657
3583019
16701
6884243
8647701
3065301
4796077
9228069
3904677
5529269
8714871
6897851
7682491
8154173
1192623
2290053
1089567
3211743
3101307
6597679
9824171
161972557
7659077
1783399
5379209
1361259
3691951
2841187
7723453
4311831
7679459
6595769
4165287
7194373
2025677
8444723
4569491
4436843
1157411
3237457
681153
5658133
8787147
5214391
7993561
3214103
8356437
3988373
12959
6327231
9103547
7469207
5730193
8246141
2210361
891881
5218873
5713407
3645363
4401899
7198671
3734839
2615957
8941239
52143333
4817449
175122467
8116309
5379627
721997
4566673
3703527
6422569
6689489
8391407
2343521
4513349
9774411
4712847
4815607
1885107
3837811
2173969
9954193
6638751
9883003
5441293
5803131
4118687
2129413
6219433
3691397
5744639
4402821
2660943
5042933
2945403
9341603
3485361
85833083
6580527
9089689
335129
3794663
3836747
3689913
9075031
3571011
137523
6943927
8055597
6894143
4256453
7519569
9755479
11517143
4664401
4512817
7659101
4555601
4570659
1574417
1709693
3438127
8166523
9339687
5786451
2737189
6944429
7015111
4424039
4088139
9045819
6883161
9193673
6353081
4197079
4005911
1712297
6863377
6492363
9840199
7539593
112717
1847681
2123531
6583033
7690879
8059131
5121811
1405243
40350139
3346751
4143557
2194449
423387
6434501
3046001
7762091
7862533
6752039
1321399
8985133
1260479
1994641
7190239
190134393
8080133
2413759
3405133
5144641
8421313
9517543
7927087
1007193
6165347
1324373
1476817
2651931
9898349
203477
2512771
6356469
5489659
4791047
5352797
428639
8322263
8164367
4585961
4327251
1075943
9967357
910401
544531
2276899
7236567
6248461
7733879
9583079
5824403
2306877
7262771
9359747
849097
355971
4705799
271431
35267441
3510573
114940373
4972597
2911591
5221361
7403549
5913777
110119
8354139
2432243
7105433
8158977
5451047
3544367
3336131
8682227
85337767
1884849
4821571
330929
3756211
1719339
503451
3294519
2115059
7685947
2820521
5871013
6203387
8221657
8645409
8726223
6068109
5946889
4076487
8979667
3074949
6726119
2028999
104334893
192696617
2270343
7013409
9480797
5544733
478433
4654681
7416013
3461987
2869667
7650153
2484399
148431081
2242017
1102101
8572279
8308203
179186999
4457831
3309099
3549813
3934643
2758693
6605959
2351497
7935303
2626273
3638161
9318399
8113559
7793897
6149567
6421007
4697131
7904973
4676197
8800393
6264903
5632297
3784241
2540343
4742349
3439651
4287739
3092359
3711231
9984199
9426211
8268063
20642841
3330799
9200209
1908629
813323
4096609
1912459
7218971
8246457
6985537
9180783
7387093
5188577
7186049
1322889
124491483
3109971
5019853
6637821
3544257
5997439
3274341
3937509
6307789
5794239
5268991
8473437
2782429
1658569
6124997
5121303
5553419
3046327
3272213
1440601
8789849
2811819
292333
3596467
8121247
8365253
6513799
2436613
6071073
5014743
6570639
2352749
8551779
9692323
2390879
4654167
202587
6276241
9487949
3973889
60902579
8268203
5270019
6198161
800061
9957033
9028329
8487417
7737289
128143
279683
136923779
959101
8404159
1376407
2219423
145698009
8057591
5125219
8903303
498093
4842441
3305183
8165981
4877499
3849081
192063353
3303269
7629051
9660827
8588113
1391687
5132933
2884013
2679229
1766107
4175137
4328201
854631
4537983
6167437
5579271
687613
99020223
106043179
3836151
7631383
8243959
8464911
5098047
1409303
4075797
7742647
9888311
11455401
9667587
1196601
3496553
3972903
6592861
8065151
8782401
9492081
3987339
9082337
1039719
535507
4648641
8412823
7864939
3266853
2840703
5229437
9878481
9221537
6037087
114659617
8938301
9818873
3066781
8287929
9102309
2069517
2056229
8371951
9406791
5258733
8636839
7044573
4415051
6405041
8411303
5740553
6407817
172030847
1839391
5478329
5743563
202359
9670897
6835201
8887631
1056707
3584907
4676909
1898741
402311
575217
6454737
98361
2648737
8210377
6976443
2406761
423039
6059943
3128623
3571179
5826931
9934049
9500471
2930773
3602003
9010657
5405717
9809301
7568693
6263737
2760119
5050721
21418879
8470339
3375477
9784549
8795297
8459449
9552597
11057
2404863
776533
3389441
9514989
5406399
7864087
192549
82947
6611199
4216311
310481
7795471
5874927
1953959
5533671
959461
823509
8506253
4356521
1631261
8259007
9610711
379727
1893653
3108339
4680133
4024799
1665603
2590787
8749667
5736527
698649
2350197
3752699
8715991
7242377
72763099
9297709
1816589
8739619
3423329
3545167
7811243
4247437
5906063
1654939
5664371
2300341
1857949
9666221
4443369
3958379
5904371
3493239
6333291
1540681
9368001
7424823
9225931
68712237
2364939
2600019
9438563
3486647
4201911
6283897
7660801
6970791
7029761
5849373
3366523
8423639
8213597
7328489
7476707
1302321
8153697
