9641331
391697
2555961
32573
7958727
2875759
3295917
7502643
5039707
2390431
9772579
8300207
582433
7982941
8325013
8472853
2666483
5536587
151610847
9208281
2066327
7476561
5070601
3973587
3845961
9835937
3209441
4953681
8974591
1579803
6527933
3415197
192819
3765551
8581971
9558303
4009587
6653471
7773281
9898253
7042223
6121833
8426871
3698963
8214201
5533841
7982327
634377
3043519
4698971
7375177
5538637
190537151
6656713
6190629
4695063
4670187
7583303
4290319
3304563
7309253
6256209
4417463
5405361
5965149
80653503
5072023
119502921
3328971
6004017
4430889
5633283
8333491
4489607
8103101
126277
1022879
5963
3910603
111879791
5916993
4904667
800661
1227417
5252953
6850601
7133079
9157791
5728573
79319
6970743
8072937
3119311
2466567
1154531
7070069
7653829
7599071
9337703
5306229
7394083
4411201
8901611
4563327
6112707
8856507
6894839
400447
7253439
9743437
8646203
3679841
3449127
5613447
9457083
2632051
752901
7256739
889957
3028919
1088189
270467
4571789
423111
6170603
7303673
9240029
2795743
3056851
1903401
5863381
145797803
8304087
4824727
302833
9237919
1004399
4299487
6468063
6033227
8935207
9901989
361987
2292229
4761303
2570301
2840287
5674819
7797717
1470301
4514459
4034887
7777879
1134163
327867
5994753
2671619
4687681
3028457
1094217
62647
8561937
4691367
5002607
8651671
3761457
6537707
1916211
33132931
7269621
8417501
6798731
4299573
9363769
4779667
90470259
1653211
8207369
4989477
6526521
763377
398317
4896037
3267549
111138391
8610029
3882029
9103983
6590553
3858317
3438257
4360553
6872173
640019
8441183
6824339
9419803
1894657
3908719
3759197
1962807
2795727
8044903
3099873
8868797
5696057
8962119
5831027
8038993
106319
5900571
2505939
8306907
6585633
7461457
2311531
2488821
7332711
7623929
9157023
7526961
4737171
4471113
6218093
6607399
6532587
188376311
1892929
376187
9581937
7256019
8156111
4133631
1786539
8540631
8185861
3273419
3607727
9410957
9007447
6519339
939531
58859
2042021
780577
3771583
574073
1459557
9173557
6752561
2278237
7287953
198439
6085811
7127269
9176319
3678643
7096371
4469369
1866017
1508009
88845029
5956871
4935929
3569879
4894923
1243497
2952517
6882987
9200661
7544327
4740383
5102741
1189537
2221917
2617077
7289053
2116709
5888601
4996237
2855823
9194951
5883941
7887363
5914757
234233
8049781
1086151
9014477
5271639
6394517
9368493
3175997
5013997
4132797
9005561
8578989
8923333
8578887
9458447
2121233
9147527
7321749
4306617
4331061
7540679
8978163
1536881
6425409
8967631
5864331
768369
1481011
8057281
2796833
5437859
6892753
6011589
4034197
3626331
7971531
3057207
1312371
5866749
256813
4622157
1407217
4740149
8021197
4058461
3469743
4047493
8821677
7555009
4083579
4637771
9256181
55105183
5304513
9692859
9983631
5582867
1546023
2505719
9541703
9133937
4237591
3729833
1522919
1836551
6130251
77357899
621461
8625881
2867209
2230187
3873557
1642337
8247451
3035033
9835837
5035353
9105551
3313899
5727087
7007187
707589
9296177
6249357
6576111
1734049
7748409
770473
7815911
3603917
4380113
9016687
2757721
4384163
2249311
2205349
8506991
7727653
2582273
1430723
5940211
7757331
7978971
9389493
1768343
103053103
9610273
6583433
6440307
5330423
8375109
175217143
5442897
1478699
1516587
866389
1483849
2559733
5987241
648211
9642199
2981479
3859437
4343477
932441
48751
5455493
6425243
3593251
7753269
7560959
8147873
5772973
8939009
32644647
4183801
5043233
5700393
8813077
6177171
2606589
200503
5243559
1395411
73467633
689943
795401
7538779
9954519
8563771
5581203
1726433
5588123
2852149
2560291
2464769
5757509
8478361
8310783
9781677
3963237
2933771
3980671
3857561
6027053
1467633
6641911
217571
4600421
7051409
2766289
8053541
7854533
6881083
9766467
6727499
9767557
2612857
5667673
4398127
8278911
1222249
4550681
208113
4280259
8084019
1114429
8200219
2061511
405307
1040507
2974433
425781
3147313
6896009
207163
1955003
5642023
1257081
751661
663987
2548731
4125941
8975997
9462461
5064029
2894711
4870571
4054637
4172499
2160259
808459
2156479
3040029
85732551
3577089
6760533
9812547
3373267
6218177
7735089
9348929
3715451
7886179
2871479
9028843
5832021
137379
750693
5754879
6825011
2258711
7365867
4417729
8885291
6347749
4498311
4423997
6610341
8385541
6467551
2422079
4766413
1329851
548833
111287113
8591983
6585411
9824069
5017839
5363057
331123
6510427
3061829
8889873
4947641
9483391
1313779
2280517
3303029
1338789
9986489
3608447
8590247
7368969
210877
4413983
7569173
3664601
5290099
4383147
7328211
1451101
2010953
6859149
8258073
9800811
3249983
3194839
6369737
9087773
44263861
8558769
1750109
8612123
6388391
7840541
178728327
8922677
8536687
9953901
1752939
7756177
191257829
7563167
1559041
9444699
7972917
8581351
2270111
7613663
8405883
657677
3582233
6035787
5518807
192271437
1286783
53297
1956131
1964289
7393513
6419757
99240227
8812217
7741707
885519
8072237
5121727
80424999
5018339
5186099
1071683
9905167
8572381
7420831
6869079
1275497
101752751
2387397
5426221
98036611
3568689
2299329
4877667
9641177
88101153
7051793
3764377
6165907
8687757
101437141
6862371
6529269
2913163
6437921
7003013
9514291
4318949
2976147
7372167
1334129
6558043
7534871
8107099
9166911
3171993
9080817
431633
8271517
5111731
2625887
6481307
975577
3752331
5781223
8707281
890433
6076853
3019987
6670997
877787
7175147
6002171
2852413
7015063
8674849
7535051
5814431
7880269
1988003
3550647
5556599
5005551
3766639
4562497
2278629
9658059
8506403
3422481
4979683
3021157
9914469
125791197
2005639
74908749
6733283
228029
9991433
143349569
4164597
509899
139471251
5103019
155767
5207717
567763
4837201
6213959
8022543
5954981
9948067
5132609
3099559
1824463
9996201
186001
7588543
5771801
1148051
6476101
9280537
1993839
44621197
4529697
2946233
4854719
6487931
7415427
9480169
1362239
4140267
8294817
3351589
46293
3893751
68507187
7850159
1029751
1323161
4721667
435551
362953
8156133
7306971
7200689
8754081
1945001
2171931
3178523
30933
2125961
9291733
3014727
4002959
6141753
9144351
7337907
5584813
9059901
6173993
9535183
254129
2012201
9910211
7233527
7057829
103533
4442733
746279
9067351
3339687
6565847
9418009
5874207
8535691
9966043
5921937
7140047
2137713
6834927
6930173
3585759
5503613
2012197
144021
5948333
8197431
6071443
5652929
878063
7099343
2023577
9365927
7052661
1521321
5560059
1403039
3648899
4713473
8065029
350567
143321911
5358961
7816401
8116571
3867557
5844541
8233357
4413153
2565843
2367143
3571939
2595911
3665547
4763227
6761793
4880981
2266363
2051047
8403393
7420949
7204697
583917
977331
1379859
2532813
3747029
7413431
6868423
7864479
2092161
6066871
