2126487
6449541
4880983
684167
4915601
4344233
5112633
8471927
6002749
2597449
6709251
3151001
158479
6658437
8391069
4063591
5646511
4172759
5919271
7465151
4892741
158811917
9868853
6482961
5170141
6081379
4564903
6570011
3636601
1825149
2996571
6168201
8294731
792193
788053
2894247
9576111
2518781
4750093
4503913
8968967
8727499
9005221
5156413
8927553
75711
4834391
2388291
8312169
3300759
6922581
1793691
3048191
386739
8997267
5949681
3523389
7119823
9628923
128001549
1224201
4024601
1747771
1337093
2246239
7680767
4674807
3887529
53256977
7173869
3806151
7404791
7261021
4812487
9103883
4374299
591321
2126359
1776259
9828377
8541693
2610147
4239081
6457559
8590151
8534361
2465687
9895507
2462473
61001
7722899
8974829
4625371
6073761
5398167
5630663
8092107
411181
6076121
3529137
7071961
3331717
9013079
87846391
4827223
9558319
8103387
9297719
5725101
685521
5265511
329261
165751
175758009
5379503
2448979
896633
9554077
9667931
7221109
8263007
2934743
9090097
6726281
1844113
5501987
1986807
1767063
4973179
5867263
1477553
7002573
6010889
4118081
4391261
8058693
9368351
7044969
4889959
9539201
8659757
6727849
3646579
8007439
4865023
6382639
2831603
5914673
4809611
270399
8964441
2612723
1247331
7092127
4404229
1164607
9721601
7498133
6530493
6671711
2809943
9692923
7452953
5777163
2026363
8813717
2729043
751571
3367543
495641
3451057
4719387
4252447
5103389
6049399
4559673
9680419
1474869
9481587
8604363
5998851
3977139
77938749
4823853
2048243
6193329
1415037
7420333
4638343
2673681
3520467
2890761
152701333
4454417
6911031
1775563
6558851
9787409
6660221
6613327
527493
2113269
161722467
8718857
7732481
813983
2608289
121841
9219183
2149143
8027821
4271729
7794643
1488147
6425937
5198333
3604283
9491707
8721759
2403881
8142973
4976393
8618003
9776989
7222021
1014577
1378843
3240681
3907359
5507217
7681847
5643419
1156779
6512041
1486801
6352161
3022429
3728127
5691613
266751
4137109
3065869
128888193
4075637
5301471
8891057
5534353
159573699
190758819
3230801
9959789
8971557
7830527
6855447
4832981
992723
3575067
8642791
4751383
915551
2474513
238589
8506349
2108643
3886021
7744857
1612469
8920063
3828467
6279167
6390489
9677047
4256171
7790547
7484391
648037
5175381
8468653
3025333
9008413
1315037
6498719
8217089
4644151
3725077
4364751
5616393
1488807
4333647
9704771
3807493
8976247
56563
8878809
4021849
5246831
7568041
5553209
3391583
7016257
527159
1163647
7820103
5483199
5023299
132845073
9257919
8989361
4495393
94677529
9585149
7281447
7115477
5169833
5467553
1865623
2080297
2087613
5131979
6539347
2362999
6853473
7734529
2819229
2389271
3479593
5053479
8225861
9975581
25473
2258581
4699133
8319567
4585269
6920427
6494507
3729457
3169619
3860983
8293763
6107451
8399327
6994573
9094821
2623971
7454427
158198169
8644753
1050283
8341149
6650397
1779941
8789783
8823621
7100519
6136183
3432117
9589811
9696731
2275103
4436267
7289757
6783249
3945671
7563977
6642597
7408479
4406351
9946293
6434477
7617163
2178497
1546843
5541753
5610019
8992971
1157531
6767083
98159133
7597239
9360807
9982647
5965319
9314733
6441979
7208463
7113209
6047373
4936739
3257383
2896811
1354693
2279973
6914327
8278241
7969513
5488439
1053449
199491647
8629413
7584821
6813731
9133051
7746751
9430287
6962687
3058989
1258741
6065391
7206603
8823169
8845181
2802831
9690179
3130193
9124511
6506811
8396963
1813
5955453
3694607
406127
2835937
7414121
4276729
6008971
3927399
9315293
196566543
9003483
4070427
2231137
767279
6890433
8853107
5795607
8064883
7639269
7299787
6962599
1739061
9771441
155858293
7790073
3729807
2738323
3128529
8781921
472377
4250503
6440721
3014151
1159507
1414819
4528133
6340793
5661537
1899537
113631
3149947
5790649
6793703
3611429
2713669
308351
2502999
4625051
5815559
645147
8726641
2581541
3382687
665969
1604029
4880863
8437707
9875733
5556033
6993567
9673779
4771093
9691707
6872019
4546197
9374291
8408413
164293673
243663
4235469
3886973
9719831
2459127
1614797
9696477
7016429
1019301
1340083
6966067
3681393
2453697
908219
6934149
3750047
4389419
5405181
4257057
1920499
7654451
82667
9960871
3459839
3462787
3621279
2411757
9624539
1858371
2452689
536947
8815263
4079541
3739561
2728093
327517
5182779
4729989
8996851
498783
154211
7608857
6110219
2175143
4013747
3869303
7099227
9281547
5204467
6381087
9566789
5029777
398583
2537999
8054211
231141
9918817
311193
127057541
5299159
2465183
1072219
1334989
5580533
9057807
1755597
6222989
2372639
8620249
4810869
4755971
1995231
8920869
3482621
3833261
669603
9172797
879421
6531739
6504253
1912937
6694343
8692983
6908113
2354583
5869407
1098721
1873817
5997391
5963163
5559851
7593513
9438191
1189517
6747577
8808371
89765257
5543273
8093319
4578869
1502757
7247513
1066843
3339159
4649507
8866947
6814249
2439209
9174617
3673997
3099027
4061749
4330021
2645509
429419
9120309
8389869
7346771
373427
5483579
1809873
551403
7647687
9386751
2948441
171894413
693331
2617523
3454567
176767991
8909701
3236103
2199731
6573541
5303617
9504513
453063
4597463
2858969
1535291
2367331
8923201
2517701
1289819
4482683
397051
3669317
5240763
3899149
9781079
2577081
2812119
1219117
1478067
7602561
9945367
4119387
564909
9472719
5962043
9358317
7818743
9280271
5538023
7815647
845931
36548157
1870201
8894357
3599907
9446521
4443597
1335679
279917
14597
7453041
7728157
2899521
3895161
7946301
3248091
4884789
3050997
7959603
3725029
8653647
4995601
829307
5169903
8012229
915921
9131601
6936123
1564551
473217
9354237
1077091
6157629
1605957
9293327
8757317
1698981
376327
5439749
5460317
3194787
9717663
8275183
7698543
13241
3344219
7396319
1906147
485683
7781013
9332931
3525673
24265707
2005569
6262539
9057823
3905059
9292001
1174543
4515633
939873
4037621
9891681
5211409
5667609
6548493
6209919
9540443
9784401
3790891
7553497
7473047
9279051
1403761
5456927
5513509
6301773
6842503
7347167
585407
2020321
6783399
2095371
5595027
1556719
7256429
91788111
869003
7119037
82962681
4493493
1326909
6041573
63012169
6141691
1695643
2597637
2335083
549703
2002357
95981809
4976753
5282101
1990679
2373397
8427801
13574061
3914369
2595811
3948821
230299
1838127
5960421
7896729
1435517
3952529
4785807
7984759
1931401
6568879
1714317
8915177
3160239
1703173
9447119
8761331
80887259
7073191
174678683
24917
3996229
1351269
3969817
7008901
8761987
34834919
6264059
7885507
6614709
