9331367
8756269
473811
3721139
3918641
6764743
8394701
2416109
9560421
1419221
902773
9579173
7810631
4258289
1937881
6608281
6915189
9006781
2056883
7816667
7243907
7421071
5515621
7689607
4937641
2620779
8603291
166416159
414487
2653351
2115853
8114949
4719521
9330181
9799231
7059053
9445129
1279483
7009171
532063
8912081
2929133
7489239
4317059
1674677
1376071
4094413
5758673
1558483
2870697
4444989
2809881
4478337
6683161
6648521
9606139
8018517
6070041
3976189
444139
9876909
2441839
4753381
309277
8441689
9179089
4774809
6706309
193412429
3196109
209063
1301559
7956681
9634061
7998879
6589759
4957541
1436321
8218139
1151339
1424849
7994447
8770277
1983923
5950201
1584771
7533587
8061579
5963149
9665541
5979627
5457111
3917329
4914417
9672643
1106247
5032839
6973923
8582671
6287767
426739
6054973
5367663
9815933
7677797
3342161
21339053
2057037
5343493
9600057
67316081
2066153
9505383
5778871
2575233
7952503
77925801
4662729
9783029
6040897
9419311
6890601
4360649
314117
3541523
5364419
5187347
3853713
5801291
8144029
4246413
7508749
2647033
7637741
9598797
6160369
1515051
5998419
2373947
8354331
93474903
5531181
3422753
1860981
2864437
3789167
7268123
6921311
9006337
1480331
1835431
5716693
7526477
6479257
2024937
1352081
148663
4840661
7449881
2713727
5334829
3092609
3750899
98823
7455389
5373549
2815587
9202359
2081377
8369389
3568619
2699107
7202827
1635791
6813259
13671
1500007
9249669
385609
1334709
3659677
712279
8363897
4769029
9816853
8593107
8279567
11957181
7679011
149607
6833379
1709413
8204693
6192207
2205407
2477919
9466833
7826887
5106199
4031367
6334853
6405143
659797
6081689
9779563
7169529
496397
6900433
9637139
7680577
6360317
3871891
3864647
5385807
3089447
9492151
6042277
7191703
4000469
3615911
2877563
509653
1875903
7015221
6169417
1240293
4324421
2795557
17575493
1019631
3468919
6713241
667307
8126073
215761
2203563
8203259
963659
4991587
3060607
1080857
3233349
1497653
5474319
4813229
2789869
8918573
4348199
6886127
340807
5459763
8577431
9397019
3505733
3060071
5579873
32110737
7935511
4990217
9673633
5971759
8670109
4511791
7279589
992709
9892993
74431
9797807
6358577
6849507
9991197
3995659
9688519
4622979
2523673
6313653
2670623
3192097
544007
2081743
3451423
6549581
8076791
7292807
230923
4286457
2311511
248051
1509877
4847451
7454763
1246749
7962451
7042351
7994827
5502091
4723081
4411981
129276197
4810413
8492529
5969821
5741431
8799243
5158209
3157427
9980427
3723871
9395117
9074441
549063
9572431
6916223
5663119
3133691
9353501
512871
559643
8187013
9726801
9014111
4620159
503001
9513039
7893357
2441413
1066811
103371819
634003
8896579
2764801
6536187
1833589
77700797
6035513
4541097
3191281
2279351
2040773
32477033
1057973
5918777
110713
1947303
3465119
1027713
3288811
1819789
1946499
8323009
4962687
8229123
3868761
7336489
893199
5118923
8439163
21163
3994003
9936319
8097853
440351
21414577
3048909
2532619
6390059
9273497
652227
3878447
5611517
361623
7019207
3288233
4820059
390193
1509779
3247037
99960167
4539077
6569419
572949
4234377
8837359
5330739
6650931
4046773
3393047
9844203
7306699
3758017
2629319
5732397
1220259
5673939
9449241
2535587
9983329
2445699
100589911
1856613
7928371
359891
3711287
1014761
4412707
3246393
1645413
8673741
2272611
5297769
29451143
8414199
4421909
6473157
4860787
7293427
5161017
5866281
197324171
2637947
8315717
59988689
7315841
4598367
5595493
8036603
5860593
1285729
3717599
95277843
4843637
9341297
9116783
7257031
1995553
4074659
493769
4060377
608409
9610593
6037663
6831271
1583643
3062887
3330489
7990969
2715143
4489973
5150391
55328501
2542649
221699
7390851
6156063
7626569
423413
7796229
5320301
878329
8883041
238151
121681237
8873327
8428113
4542147
2034767
356017
340809
5890137
5215139
7580379
8352361
5376251
7272641
2707377
8314047
990247
963871
2097907
8955489
8868811
2370051
60377703
7922211
153664163
1781013
8567653
5862939
9381557
7532599
2338623
3594141
5842323
7664123
2836901
1138451
1323277
9373137
895561
1830547
4817549
7850929
1884529
3723323
7652659
2892151
3841553
900471
988239
8647461
1719029
7142171
6608703
6435653
5967959
3093139
6821827
236921
2524551
8510939
7252407
5900609
6537493
1364943
4628411
5640157
7502881
8455459
8400629
9486003
266891
9337709
6443113
3471573
2290707
5083799
113261
7780583
1772037
80600359
4891499
2019933
3134017
3700767
3357707
8240959
66707
4852971
6737381
7491607
8714593
2375789
3930737
7991481
6142437
2758283
102349371
474279
4519133
4536199
6288497
3014079
8342221
8911033
1264923
5411521
8041251
5356621
1758211
9848657
7710811
4461789
4923183
587083
7114567
5920847
5290721
7254079
7567397
1539071
5858557
3775249
7673951
1116457
248923
5688783
345689
8363189
3630869
5593659
2902519
3469303
6961049
4275083
2876833
5706769
5321661
6768779
1124973
7421829
5443191
1336741
2844531
3009673
6809377
8224181
39373987
2178389
9319737
163966371
9312979
2091193
380629
2133429
6969217
1871167
7741727
6139963
8762579
8559137
992903
769853
126273439
8271119
2186519
7654507
4205101
6979719
9271197
6889529
1312351
8197793
5902721
6993467
6126511
7699511
6899507
7557267
5072249
4800917
1334671
7890699
63499187
7034789
649663
2219773
2740867
6530517
8730881
8136503
5566667
4203987
2693999
4249993
8843359
5183263
9580137
8291307
7955773
7347461
5447109
1455477
3907971
7444449
6016859
6297553
7710889
3433169
6090009
1793071
8391477
2028633
41692653
104597221
4689007
8007439
468157
6237343
6234819
4051297
87870501
6766943
5256483
5315921
1341749
3557261
2984413
7030219
7699023
9643851
1542841
411321
3731267
5566277
3297157
5295607
4291557
5312943
8091579
35471
9002521
9274787
3894787
9240137
9628217
3053453
3181633
8203573
5048231
3784959
811261
9279373
2023139
8461659
9319167
4050757
163157
147776267
6425001
4844731
6161717
1762351
4845697
8537793
881531
8012027
9019211
8978151
814517
2622777
6780667
7124651
1038583
9354357
4499491
6325491
170223
1968161
3662491
9209777
9115689
4252979
1994507
3351207
67106271
6746041
7961967
168068859
7414857
4697891
1980709
1779521
9916797
9343559
2317309
1698047
4953013
8152451
7692041
3120399
433039
6121431
5196359
2207713
1421491
6955117
5537663
6493927
9892163
1431703
8474533
4146889
1838019
9053751
8110309
1544681
6150857
5213161
8045091
154793433
9208713
3024257
5241127
8026679
5775787
1004393
6647981
5770487
216671
5699231
2464967
4278591
9580791
3943631
8219117
8240773
4235923
6307237
4616183
6326989
2725017
9988977
3696139
7565557
6350779
2152889
7738353
146922371
8655903
6814161
7300727
9205951
3644749
9959511
5985629
2724133
172648367
4336771
8696287
7897111
