3006497
5448063
7315899
1785811
819477
143695181
6708483
2410379
7360257
5937467
8558621
1165359
74785967
7788269
6207099
7258841
2011111
708057
283559
7410321
1039933
4534113
1154953
5196529
7625629
1330169
128073
1456771
8243137
5202693
8740501
3903567
9056727
8390953
3514221
253707
8364429
9265907
751099
6382721
7892159
5739121
9709953
4847983
4479407
4115857
6588943
9818549
5489937
2650081
4567429
9539089
6388299
2349581
6655039
2045953
9482983
5383053
9324489
6702893
3657901
8893539
138133
1585767
5149447
9129021
2841489
3541479
9029837
5438551
7761641
7066841
7746801
8159377
1086829
2723139
1066831
1509263
1109153
4010643
9899957
4167301
5380831
7591073
7349851
2708899
1851281
7997667
5542867
6541957
5626989
6062803
1909423
8440813
7279973
6601297
6117503
8267639
5032079
481967
4057939
2736969
9803939
9905957
1643789
4262967
3097539
9591443
8423383
7801179
2094237
6194493
9142243
8216173
7884647
3689913
5617947
4586651
5215819
2684923
8232067
5306391
4191631
4810593
6514357
8645987
7668459
6178751
7159283
6116717
5060659
4628967
8097561
3571499
1432123
511161
5783391
5102123
9771081
2365417
2458917
1754343
9958459
4500681
4993511
5741769
757843
716901
7523797
9266239
212697
9870907
1523203
50587
139722871
6851601
39878179
6018047
2390899
9567307
9071589
5663657
3987201
6504183
2344557
8658241
4549443
331017
8628883
9220167
5323013
4300683
5053059
4109601
6990461
7243217
8541889
135933163
5659257
349157
5581307
164490531
7096149
7832311
2895859
163477417
2598271
3639497
618649
2078027
7762299
1598891
9781829
150452599
3095247
857847
2985627
8318193
9090831
8534521
7846901
9779183
7684747
1282881
5186987
13094021
4219701
5542003
1384431
4886537
794529
1220793
2390223
3713511
5199867
7790783
6842387
927977
7464053
9019397
3221211
3947043
4702857
7671689
3875027
6426839
177191
4222419
130212887
5757641
5186593
3942897
373363
10300447
2812413
1974589
5370379
4057809
5948657
4435489
6277979
5196231
7370809
98108619
3903487
9148361
1664491
1677729
4647931
6772981
5925531
6560541
9637399
5767253
1301807
5071251
6457641
8446103
5849881
5906711
4006499
1734901
5172783
7558387
60883
4256359
4864153
4333611
3224091
3805739
1060551
5769189
2634887
6350853
57047509
1740687
1924279
8075527
246033
7531137
1002407
5406817
7588329
3304507
39883
4836807
4304247
3611103
1195347
4037473
199125931
7994013
7285381
4924853
1412973
63355617
4688859
8623607
3938899
8407847
5599909
124231589
7277899
8139001
7119283
9502123
7903247
7595653
8217943
3299513
9838257
2819507
1992817
9361731
1976203
3767261
7324637
3288653
916843
4850917
6597741
5352383
121585881
749931
9403133
2948467
4441513
6095359
4869471
3642301
7336799
148655987
7055159
7287231
160147401
8778309
8973961
575209
2358863
8244931
3370611
3273243
8104977
1405497
9574439
4120607
7733881
6700697
8407111
7078931
3583679
1598863
4198769
5854567
98296537
8947349
6425897
4688687
2214749
8972047
5038347
6397753
5072163
341509
8846493
7575953
8444751
4148941
3932559
3931037
6928777
1339879
2159643
7857463
1210777
1267221
8191731
5245727
5684403
187977
4916397
3544247
3111633
3870361
3243449
8835577
8609807
8553947
1458599
9020867
8910369
1065751
6118183
5644029
367839
7150151
3790767
9503003
5282627
7768139
9761319
4999901
2758049
5371351
8920767
6544163
1908427
240817
8268219
57097071
5973367
7240773
5290307
5857487
6799221
157469
2418899
7282593
9140051
1452283
6000613
2312017
3326219
6777347
21233619
8016649
6054917
5266629
440339
4102987
4217827
6964243
127217697
9885289
8492659
8236037
6831833
3296589
8331551
5112741
4762141
1113837
4792153
3620709
1382559
9554871
4203373
8981483
8387723
54818729
70097541
133175479
1303403
8793079
7359687
5902207
8929739
3722023
1828187
808893
2944791
9572391
9702219
2553537
7621271
114672013
7381413
4707293
259893
9208641
9281641
45797
4503129
8019819
5571411
4282531
6638881
7261477
483181
9577573
9344291
3759523
578519
289981
4520811
6598633
394341
5369437
160880079
5095011
4036777
5560603
8384627
761863
4235179
9164909
8530991
2049227
5387127
23802099
8734667
3376553
3493027
4288831
1213951
6131567
3944171
8319857
4733187
757347
9082107
8002081
1933407
8661623
1145497
7915691
1612797
7420541
6651691
9560889
2847707
1425657
1646697
139795999
6230409
2705819
705357
5023671
160942179
6771587
3559591
3937809
229249
4028287
541129
2484359
4679703
2599947
916967
9594959
7832361
4242451
3208609
4150333
7357199
9906619
3358531
5546909
3059801
4702777
1263
8922511
5336699
8387919
728887
9922977
5712073
2767409
3228781
7428551
167779639
1979387
6364253
5413441
5999391
1343801
8747533
161711461
333033
6654921
6182299
4382641
4417389
9938821
5774783
3575019
8135621
8791061
1966131
2743667
9466917
78379
547361
8115851
2777291
8226619
1241543
9290091
4798071
4694279
9436917
6678123
8469553
9989497
1427077
4050091
5065693
4003753
4876289
2609887
130250943
6008323
9749267
3323921
3153449
60439
3485483
5633033
129791
3178281
4224113
7420347
5104161
9730477
7405867
5591923
8019013
128651573
8016899
7886641
5924447
1085133
3548841
791301
4918781
3521303
9641811
9265399
3807343
1628037
6680737
3092777
7443007
8212999
195727
107160789
3948727
1197701
8105979
4174853
9966197
6176717
9071079
512631
7859931
5329649
8825829
8140839
7951051
4153691
8152257
595929
7875951
9915859
7398821
1164419
3247271
5178519
7256051
3710013
9385417
4229737
7262421
8878477
855743
7295503
3342847
9626549
7844997
7151251
5455239
4940313
1919469
1406543
4397651
87559003
9981943
6526259
3519309
56711091
3725553
4853899
2362829
9699567
154802689
9278891
2179867
9758581
159425613
8965977
5656777
9248291
7368177
2913177
682107
3148359
7174497
8693129
162438733
3073939
8028567
1668229
4895291
2354167
6509117
5746397
8944759
9228291
525403
7436101
1957137
39087629
6697147
8812513
3414081
8412481
9426559
9427349
5511647
5388261
3347303
5326023
3427943
2382653
5802817
2480713
7338299
1519329
4612919
4658127
5923423
80576233
4589453
5719161
179173
5990003
121354367
5971193
5329573
656107
7850591
788637
6044233
521657
4098603
1395151
1188697
1229251
2327661
1449563
7383471
5379911
2455599
5429733
6327913
5884773
3189029
327191
5796563
6182173
8017417
9320433
720669
1212313
8248319
8146109
6226583
2143389
2075479
2390433
103031
2556037
8809029
5935927
9305187
8896239
4409433
7363483
1099951
568849
4144859
8959609
5253359
3264501
568831
1433331
8366623
5499187
75947
9578623
7022563
8960047
909269
7721429
1961409
7393293
4042227
2143551
2745663
7486281
