4162283
9921343
1810103
4702717
6359909
9820037
5416331
441241
4900751
5125343
224147
2788903
6136351
3889017
1346523
8843157
6313721
492741
6042023
7501491
10290859
9945313
8217413
7975927
284683
1502931
7302253
9115233
121044489
7197719
3974119
2584893
8316889
5074231
3628533
4862301
926693
4925529
1655409
849207
1039001
4876203
4064171
5538443
8993081
2548881
3779331
1619511
6653589
1598589
5991283
8666541
130751179
4896057
2596849
1817681
12676003
45310073
94174321
572351
6761769
3659859
6861923
5434031
5050751
9870399
7872259
9290749
3072577
9799563
7561161
6347297
1350383
1004651
1268041
1766271
944879
7445229
3989869
9200929
1560391
1467321
5984537
7304041
5475667
8928321
4664391
849551
3632931
8741647
568051
194521
4834129
6645643
952957
5411031
2304613
110279
1003883
1834029
6846597
3038161
9052541
4778129
6779621
2571191
8095021
8236233
3413313
5290707
3452543
2502877
6539569
1609669
778419
1188551
1108097
9832847
3536839
9929371
8665343
5700389
10524013
28761
8721969
9277929
2153157
384273
2265269
7288021
8178269
6654469
9706567
5271403
3773267
7030997
3409189
4732869
7755441
1087849
5970651
9691419
2524187
4963849
8207601
1263681
9285037
30643
1650731
1438231
5523557
9995667
1396187
6083111
5570897
3933641
637969
1093321
4694337
3207333
13160697
6985813
7681873
3252441
2308877
2218379
1201701
7854187
2141717
3918757
2964503
119611
2804251
2284247
1321971
8032597
3126313
4804797
5095301
8458897
9913517
8938421
9541911
6840991
7270399
5947197
1629187
9116109
173611
5181673
3229751
8943277
8580601
6955491
9536761
1926681
3693577
5590369
9060901
3986041
9953229
586467
5108821
718119
6778009
515199
6305119
1251943
87386749
190272121
6930167
1192529
8242277
2901717
1524809
6541621
8197387
2197853
189311257
6551153
2113461
2241991
3758373
4132353
2036597
9381953
273079
1089709
1816297
4821721
4234789
2306193
3882641
8504953
6766943
1492259
5321497
397159
9736377
9813381
3869753
5412691
562007
3170867
5129989
5821967
175801
8513327
8460683
2141673
6621491
7864787
5272909
8941373
6601747
619219
6642131
7736467
5297377
120829
5508557
5324237
1544299
9221099
110267181
2812319
3861361
8328911
9048901
8579531
701163
4252821
8561723
2537969
1834953
999727
2591029
6798879
3330781
8964437
3649219
48738323
8777711
7421029
3356099
8668803
50524263
1329349
9240139
6674661
32399023
8801489
5921721
1383879
2191467
8130921
167508999
5518029
164753589
5176871
9565813
6158757
5344859
8782311
4601063
8311451
1677099
5757151
1822151
301899
9437499
7853737
546881
9681411
7021943
9838171
6224951
9024909
8965817
7411983
1678257
6369691
5405003
1633999
9929601
5271543
9796661
7014413
1348051
8894409
6456413
478141
9288603
9346149
589851
8511453
1190753
9306197
2854837
7637693
3319393
4886221
7660959
3941931
7348981
9648657
5045437
4308293
5895319
7439613
918631
6391863
1354839
3406277
2121307
8988601
8681051
5561731
2350321
25297989
306033
7760091
5555617
8869401
2827803
5832253
9323827
3121037
1183653
9649237
9952499
84105479
9891491
6286883
429123
7164977
8960337
6419487
4232879
3382849
257449
9731091
69345923
7568987
9321529
7580163
8450287
7344763
4380829
5856049
5090547
8304257
3559171
929257
8525589
7899451
2260891
4371369
2242663
215263
9791751
9360547
5463637
7653149
7026603
5181643
195483199
88149
9422433
4959833
8029019
1118507
4273051
8820571
8566549
5552711
5124479
9454693
561941
67988981
8551871
9762001
5020137
5463771
7398101
3878369
7490247
2390759
9728813
1723821
46150121
124611
9901033
4819759
7120221
6062541
7299379
2278223
4171359
9949867
5660489
9964459
1182309
79509
1698017
279687
5471961
3464411
4758449
9046539
122949
4263059
7354057
5938047
9643999
4625371
94230913
124983
3529013
2083651
7064817
5933741
2318323
2873339
8184363
4638847
4114757
102235169
38449
6885303
1966011
9618747
2976241
2122693
9559439
2065007
4541549
6889153
8113363
9665877
2636989
8137459
5879483
8118269
5715917
9013561
661583
5064727
3500913
9349529
4935937
4360107
2664861
8514821
8196523
9659237
9898337
3785983
6379353
3301747
5732737
3410817
3065361
7129637
383837
1146283
3534129
17553
4703589
5893169
8445619
5898499
52849
7114297
5743713
7792087
1244557
81257517
6253139
8829433
7014509
5258889
8910527
1365621
7968577
1093411
7802001
2758229
3508631
9732903
540157
2352839
8256959
1662403
5361463
5783263
9368803
1833057
5425753
3538627
145917317
9269389
2683257
7325977
4068099
9199479
7164957
9476129
2522811
5603859
6628727
9013621
1811493
4279311
4847337
8796347
8464257
3691387
6464893
7987173
7487237
995959
6117449
139095889
8414489
6356767
8601613
7193553
5111957
3842649
599159
155203669
1988861
9884243
9233363
8766037
9458293
7069557
4439793
4937317
7297473
9822623
2643951
5315999
2660583
5431821
1163001
2372589
9883019
9612851
7890303
4538281
189990501
1811951
5262713
2515273
9741371
3022387
2938329
6171029
6826759
3000861
209241
3193123
4206789
9799211
2393557
2242473
9734439
9081719
6270351
7715493
4526559
2764283
9527121
298077
6390911
6463279
1125667
2226599
4956107
4282977
3962727
5542247
9003337
7603113
1212483
1820551
9664827
1365361
7341177
3051803
4564129
4049039
2250487
1342219
2889931
2201013
6071439
9106997
9846383
7936517
5446183
882571
746779
2469291
7834581
1498989
6113129
6333667
5916259
61925609
7670187
3252263
1591383
2589053
9019963
2703501
1535399
9158733
9605633
3090359
9133369
1194417
3804443
9971879
3201759
5271397
3160699
9118191
2500147
4299943
8480867
3389141
6758199
435667
3143793
5926109
3904591
2471063
1537293
8211819
4846197
9970377
1283903
6476247
5154541
3587639
1952107
144173
150483
5906471
8260673
6903321
9022701
603123
113181501
4410671
95903667
6902243
9371583
5502111
9738767
4183241
4795007
528353
336399
8544999
7140347
9178433
3688791
2617291
3194079
171181963
854493
9734923
5994571
7476643
5946797
6894017
4597863
169996523
4635907
9019491
6056549
3664507
6429467
6118143
1478409
7273977
3239053
8796943
2566061
3744509
8770399
3923761
7595203
7468527
2662929
3547961
9912471
3420993
2928717
5195061
2468183
5872233
7825729
6756911
4298141
5295013
5030903
6750419
1558127
9596169
2789133
3120751
944441
3948339
4349021
7260061
4912589
8849253
4184457
4834017
944149
8981333
454587
7813281
7614263
3239113
5881039
6665079
2192633
7116437
2857747
6934203
5145571
85840809
2879051
5113991
8603291
