3508133
7409799
5805061
3337507
5763141
2536353
3847499
6697983
6512313
8025387
4003127
470171
3149859
8036743
808231
7119513
2028047
9348959
5376201
2210227
3103201
5210177
3449611
603713
7065553
2276951
7979047
6207007
8151571
6144391
1714813
1348281
4517967
3982741
8496603
9854653
8350271
7231369
5538587
5459303
3659991
2542109
1687909
3594517
8859643
565667
6756909
5800221
2182671
3264003
4481591
4597777
198342323
3870577
9144937
8396659
2361741
66122261
1550381
534387
9690457
1692653
4513637
4953039
3129353
4606647
3718647
4545687
8574103
3942301
5642371
725309
5641047
8588753
3475389
6455023
6936237
2217083
3241373
6885987
2989093
4172497
7555293
26662497
5371327
8983223
5402089
7118759
9024833
4043163
72226541
2814133
7412069
357297
5373171
422133
8022589
449471
890831
9216661
6556621
9840447
8805953
4366343
8353737
2217557
9101969
5916919
8848673
1220211
9960811
5786801
7197337
3927133
8101269
5620153
9145243
1471423
9249463
2172503
825669
5960109
9178381
1159351
1489009
3007567
7103659
5257773
4496211
3770713
1738697
5819219
5606193
985087
9200877
8664261
95734133
7309367
3596739
773577
1961397
4711423
4023527
268693
26267807
7885023
8175327
9444201
4721297
7715841
9165289
7843817
178849871
4606303
9188783
9005623
1058791
92636019
2089527
7452131
3144149
9668643
5459307
5348083
5322647
114202943
4912491
9113819
4744001
5142713
1573453
4815119
7966887
1842201
1080043
2011153
4062037
441333
3147729
4781161
4342569
7253667
1950297
5312111
8073967
6953993
414861
4691943
5504901
3661293
1991073
4608397
6635061
2720809
110364963
6873181
20373
7585199
4003351
4026269
96440667
2178009
476819
7356273
5850293
73941
8792289
3747387
2085801
4124129
7615537
1119293
7246447
3108997
962047
7602853
5911581
2063363
8883313
9041893
1836553
3133937
2930243
1814043
4159231
4851921
4605791
6225419
327031
1158419
7614757
7711211
4576349
8906153
3451137
1102077
1790581
3605047
9134911
9070851
1129187
6967033
2810731
50713
9717089
4774957
1626689
8967587
8152453
4878387
4128783
2369049
9312673
3193747
2381353
1161489
772769
1898833
5731043
4191327
7159093
4352853
9951181
7097467
6736689
3519307
9373561
8153509
4030843
2919501
7637067
6994739
5074071
2690953
9170511
115233129
2301703
1417349
4316961
3358707
7667523
27407421
162964291
5731387
6415781
5160917
4158411
2194017
689819
4176603
6668191
2902989
1451019
247693
2029989
7146399
4107937
7329937
9380643
4204101
2698331
7452253
5644731
6187769
31600759
4728317
1795773
9069039
5998497
6702483
4327717
7430167
114374203
7517427
6297941
5433319
3115667
619573
6535229
6898181
9547191
1158733
8240609
3326703
39029197
5808697
8627019
6050691
7403013
1579853
3951327
190429
5551933
1889161
4250863
8431539
816623
6073339
6556217
4440613
8466377
5695529
124985537
8400103
1895821
2824077
4201489
9778521
2263703
7057751
1743231
32008599
8511477
6888519
2267509
8883207
2572087
9530793
6690399
105371127
1324499
9467243
2567699
143371483
7772423
7918711
65465791
6436601
1323671
96807
7507427
4423923
7900257
380197
839473
5811471
387463
123397
2728569
226713
90337
9595117
5137663
1345723
9955327
5663637
2155711
2448839
6361693
3340049
1513199
3124089
2727181
8329003
5880751
5940937
9584927
1182369
8209697
7470913
6455343
2950207
1076197
8181603
9013769
8880173
6189869
4840783
257973
2569953
4929311
147393
5162137
20683731
1462961
9531727
5429023
263461
4276589
9826861
9593671
432827
3106417
2515339
4036451
210799
9201949
9081083
6768713
147101
1524597
165851667
1910497
4536979
3682531
9446059
4829463
2822641
7077321
6677623
1503209
8464703
120719879
6942513
2867687
4477143
7316401
5567283
5695217
6472049
2363169
8958191
3934851
419613
9776111
6891829
5977381
1009347
5389931
3761087
5452543
6128777
5338531
7878103
9079991
831043
8020133
6519041
150981627
2603639
38461
194343
8492833
2320349
6979803
5989177
1667773
7568271
9908559
9207301
175558309
693543
9650463
8004121
853227
7469379
23890363
7653643
7899653
1036559
6141379
6417789
845783
8103843
3711281
357553
3655637
3467967
153802419
194156123
1095753
185314603
2625939
8917121
7817681
8230559
7481407
3084781
5482731
729559
8703597
406657
1289201
559913
2945207
101477831
4481639
5510971
2823231
7660803
2243149
7154639
5000863
5213729
5928889
6087579
7181961
9078637
855251
6928367
4240577
1558883
1905677
9564027
7064139
1102679
2220413
524993
9702883
376247
9494099
5403461
9138813
8189579
5244663
1294013
7184159
945873
575919
1191143
2016891
4302669
7673599
5320259
4827901
3297333
1608003
5192897
7453391
9796557
141553453
82114721
3894697
3795917
4398871
2570623
7010439
8847827
137498339
9512049
309413
868481
4522763
8785513
9900891
3243071
3417731
5835357
6207843
7984111
8059177
1120731
190571
1122061
180291187
3550149
915179
7965631
1294323
9087399
1951403
7711421
4797129
6448913
5165779
94972669
3769903
36713493
3877059
66437959
9621279
3762011
9341341
3144853
1189759
6353507
195380989
7698391
3168051
152461279
3020781
2187507
6086853
12489851
730421
4201593
9504091
3423689
8122613
5247081
7737403
7740947
6480507
5218891
723779
5721039
1793711
9240233
473231
5109483
5914381
1893781
3870069
4246977
4024823
2400743
3661593
9768451
7579851
733977
6192453
5270661
9418903
8013291
7638253
7427383
6483413
9391681
5728369
4884081
902587
6149429
8081333
4382239
7703003
9349249
109310299
7009183
3344259
5750951
3982817
8112293
44632029
2184767
3808589
8951707
1711103
4454411
9506943
3998699
2850147
2225617
4521961
5300789
9137903
2306997
574339
1649159
2719579
191666653
7934273
7167463
7315739
4633689
4923863
1952519
8734969
4805889
9779717
2761947
8177071
8905033
2727457
805983
1270441
3581709
2607553
590491
1379043
1143167
137363
484117
7254439
3825741
7562499
3957631
4923387
2679519
3102769
1581643
1687989
6077973
8808057
129501
1141997
3786611
2140757
9764643
3216907
8844267
1759979
9370521
9079281
4320117
7604703
9388109
110461
8376107
4951611
7517381
7241459
9665497
8851589
7651923
4704169
2109759
4690419
9539773
5394521
3564651
6906787
432629
6421263
3103801
5082111
6618231
113614207
7854787
9308859
278689
1535371
38984117
9737941
4827197
382511
3858501
1588777
84212573
3296731
456303
13428389
4351517
39167
3291831
8507861
3735307
9025119
4039219
7839377
9746147
9721287
2983217
2430583
2816283
