2489699
2433621
6356163
96907
6220361
1912863
897189
527967
1259217
8171467
3326663
2750649
8921381
2499579
4934469
2040003
5549229
5035577
7391601
5914251
6440713
8107657
712421
3042037
5208169
8979049
1645477
8673341
9499671
838111
2239411
6202267
939277
7943283
877159
1087791
522229
4012447
7003583
7090033
6317137
442611
5092827
1717917
125093843
6999007
9952223
2189469
3836843
3023259
9539313
3559753
3678967
5193513
8823991
71013983
2799319
667367
299629
1797139
5551969
9244739
4631509
20210011
7059839
876781
8788583
7842027
8492277
6161881
3660741
2575323
2064839
2484981
2727701
5793403
2582409
1154419
5794387
5332101
8304721
2269299
7917333
994037
274223
8634799
13608529
8724609
4883243
6617377
172029
9871219
7309023
5825183
4005627
8267721
7492731
6075811
4325237
8870771
9775353
7916451
313339
5479363
5357957
4880859
8191407
9916259
9496121
6500361
371671
5119141
7135399
122891663
8129007
6659957
175401909
889343
4325461
9944151
1128727
6625663
7075491
5897361
9817507
8089891
97941417
1595857
2658521
8091633
1323481
9794101
3384861
3085293
2662991
4949869
9876361
778993
4000469
1879447
5272817
6258839
4695517
3116463
3188857
9433483
3583163
7453449
17483
7573553
3191397
689027
7586917
7193333
1867043
1844087
5495279
4721259
7760471
9545819
4179853
9436293
4949411
6494121
8156709
1539923
3855409
5696363
7015563
1409241
979697
2034319
7527223
3349889
8858657
4912661
8666119
836187
8330091
3572897
8781761
4450873
2094719
2917403
3229959
2706351
6575853
5310131
2061903
7935259
1520139
9375787
2468501
3324739
5821281
7074419
8692831
4200031
8384113
7998507
179263159
2276337
1895159
9494691
6272549
3202759
7260051
4180011
1642929
8995043
1833163
6172067
5278159
4549497
4860861
967733
1555901
3832463
1217823
7643299
4702911
316221
1519551
3931241
3509309
6261723
4165161
9221183
6062521
2301231
9149823
4441801
6987353
62167
8907971
6443159
3357339
3459021
8169051
3387309
323153
7670337
8320327
5444517
3617783
5662637
3377771
6324907
178314207
6054373
913709
5682503
6596327
981707
1166509
6077227
7336247
4415263
4566743
9067453
4607751
6968119
9110591
6843341
1903539
4222609
9371937
4337411
6154329
4829793
4206691
3271739
1787397
3948329
548441
476923
4117661
4518159
7886903
9929077
5709457
202633
3776309
3729769
114905507
4383303
1972929
1672199
8503483
9653279
6226893
9670897
8892033
4009441
8491659
6551041
4910297
6259349
1431927
5769303
4019503
7093011
2546681
3727481
3050223
6150753
5256733
7180329
2421387
3560653
4903583
5428663
4076941
114871187
1038887
9228811
3940817
268047
8366473
6452783
2269601
5519057
6652471
5043871
6079747
1736777
6788429
39332893
3622037
3203411
5071083
1360953
199654877
156239
9362153
4094079
4096177
2672331
8665003
1173417
4274773
743897
6863343
9653497
4187383
8188027
2342271
7854349
2392921
8702897
5654647
7939403
9733797
8585291
6380031
6784151
8274463
2455713
5169791
4558583
185700801
2780061
2081111
3999751
4442707
7556073
354377
8976047
9469613
5259447
6695617
4159643
4627433
4560013
9233979
8154997
5583073
1471983
3116691
9331229
7988229
7768759
9507819
6272389
2565011
7819933
6152421
3777783
9373683
8069721
9856273
2358039
2950191
6063491
67101379
1661629
6081719
6734129
5309923
7912627
2024681
1495311
6280893
2476389
7923897
4875697
9927549
8210011
4519897
6545203
2151711
5324623
7320811
921459
1891299
73320917
3639949
8488109
3339301
5284079
9964087
3145437
2193037
9400673
4141307
3793379
347211
4679537
1386573
7050289
9351983
5187933
2647607
296211
7158553
4351401
3591809
5136149
5736881
10274329
2380871
5241569
5434597
961979
5542767
1208989
8304767
504171
9810147
7084953
1971181
5560999
9492217
6420843
6415189
9128077
7453859
2432593
138253
1670847
9957161
1065507
241267
1979769
3153099
20991621
7621459
3208757
6213427
4945931
5214799
1131219
1938131
2158789
9422171
2849683
6078093
8634323
4794717
9230749
1363823
2919269
5491601
4156297
8222119
4624213
1844727
2022633
3111853
1265017
6775791
1730173
8852561
9646557
9511067
9422937
8806317
4583491
2201679
7147381
96516199
4786909
3631551
7793041
3909703
5414803
8492583
1484919
2904739
8839791
5900551
3560767
9156293
9508403
5720103
7900969
5281537
9117511
9357013
7420589
3265537
543369
7681551
8233057
8886571
7685109
5364407
5562313
117315493
4554507
3585789
4708801
9313663
3774509
5870019
945693
8276699
7210193
2589193
4372531
6136137
3105331
5422957
163203
7993387
8420941
4440733
4545981
39595853
95231259
7708047
3019891
3259079
7795857
6495741
4305101
4994419
7291313
7224253
5953741
5632031
3687823
9526221
8447859
4098833
8754753
2692249
9736559
4194617
6508727
4940407
758051
4807327
7164609
4937233
1214367
1370977
4317241
1194451
7715771
6766813
4887197
240633
6380933
1839617
2409523
9684229
4043519
6548823
986291
5017933
164431337
8629257
5233567
4314581
189905449
5713571
5631327
6198763
3156119
2634261
4423991
1926147
17087781
131358347
9212483
1722153
3071321
6077559
9880857
1704417
80105413
7454331
159881
6303697
9763129
3110841
8112709
3400471
9544297
5410839
8474843
1190959
9345427
4146553
4148877
7509377
6540417
65925657
3150147
2969173
2170313
1740433
1771371
2610969
8371341
7154387
1518623
5439683
7787451
5833731
2369871
8654431
9511209
8925343
3598659
3244473
7663107
8814429
9113661
3239473
750329
9899813
1372977
2831903
5573537
1662509
5245179
776489
2736829
928567
2137221
9779463
16347
3802237
2820831
261961
5957589
2744799
2980279
8696731
7550593
8500991
4766867
677729
6548409
1896433
8321929
2567519
7446663
6010249
471489
60853529
9351953
3699129
288017
8881059
6900879
9602069
372339
5895019
3097907
1687763
1428871
6682111
1804273
241337
2626863
2925593
5998463
2155789
7655603
2212917
802877
8919919
781493
8752187
6791721
2514381
135450419
21947
6582633
7235171
4498641
41131
6286387
5147401
4088899
9285803
3178879
4972789
543559
2053441
9954123
5501963
5331861
5921173
3264687
5226099
1961681
6638439
6232921
3722947
1783131
1713097
325641
9194021
4248703
918699
7827461
1156557
4514057
5004257
3624983
2757497
2028571
2800207
1608161
7446067
728403
3173957
3501237
4073949
3264347
8026509
5706761
5827899
2764727
7109461
7071767
4436413
6831429
146036811
867063
5124051
3405821
1986693
762999
1865583
9194577
5634887
7978667
9535763
61615533
8415071
8546277
8562289
6343737
9917737
5192337
72993561
1430263
106427
90969039
3093853
17750159
5333599
9496081
4785037
9043639
4786579
5739931
3038763
4415119
6912207
8151799
6462071
4232651
5150729
