2410071
6388501
2732261
8704987
9783889
9251137
6672607
3451963
6200969
9735897
76291319
7787267
9119091
2386953
485379
1956107
1751219
1568403
188554137
1121311
2434951
2092859
5901361
2036341
5845989
2065549
6425383
5884459
860807
6210673
1800437
9544641
8547289
4867283
6518221
9144193
8580147
4468569
7887003
4946049
186667719
9313217
6819583
4617907
4029559
8153547
3594413
4161397
2837337
3636171
2442577
8177379
5970703
4220651
64363393
9160427
4206161
6042627
640007
4420377
2664757
9680733
84260771
1400177
7744621
8640377
8797681
6808887
85151
2096877
956759
6361041
8552013
4073209
626541
6313877
9559873
5258917
9127361
518127
4582121
2584959
4318157
3127867
723853
124060153
8574577
6858359
5208659
6890201
2376389
8146319
2653217
2107787
9331493
8006559
7782349
1338803
6876037
9972049
5074291
4164091
5125921
3396831
4129757
3579649
7228801
9348359
7100971
7739309
5668249
3317809
4171291
1359433
3957649
4068317
4929369
8368551
5263899
422679
8413063
7093253
6019459
6063967
116838637
967813
5958357
4432539
4516213
2147997
3038341
4836209
3245473
623229
7173483
6259963
8551451
1712539
5178651
3339799
6779479
6422907
5254293
922041
143963953
8218179
5868513
6837577
3571603
99952523
6432851
1482771
7932771
128246677
8743899
103282697
1240733
4184697
6342239
2628343
2409219
576523
4797581
9400041
6329139
8460441
593383
5805993
8568203
4700189
8251893
5893859
2067963
6467007
3027637
6266573
2325529
5776789
8256393
3253499
2672369
9112839
8946509
3153763
268331
8747031
4723399
3922823
9943509
7794269
2086377
1013091
2958429
7204687
8829347
1689437
4488457
1514453
6009639
2744297
6144643
9323217
3200619
653511
5682489
5182883
62550621
2338113
9614461
7634333
9167881
3454017
591189
8398293
6179543
8366019
2035823
8021521
8516489
8093851
2911631
8469
404187
5021829
8793009
4443103
9387291
87595059
6523997
7997981
8762531
9416277
3062607
3008021
9024589
1243097
6811693
9538207
8049331
2834407
4230301
3463133
639663
9929237
4183599
2726819
1531187
9049283
578803
6160307
1668511
8362933
1216457
9646121
5213747
5677029
795169
2482743
9304287
4763219
150261
4539689
4229681
979081
5078647
19716447
9401019
9427939
5640503
8822643
6978743
3036641
2931433
7115649
4107101
134171
9809677
9946517
8076359
9888609
5447847
802869
4979163
5615573
3392011
4663963
5328167
4623149
4913523
8130539
9071103
2095891
7316729
3347853
4289931
1751763
2843479
7659367
4830783
3589003
4637203
8071873
636597
3266647
8052823
8678251
6855337
4264817
9087013
8275599
2458557
2914013
8389633
3954807
548247
397603
2495131
5883989
7486739
3607457
7222017
7228761
9976173
2170409
4866527
4827681
9806213
3559351
10923713
160750507
2197049
8732647
1444037
7778429
3516281
9522539
228291
271049
148926969
165885819
2911661
6847061
956063
8433401
5580143
5023509
6045179
5961137
827523
1429351
2684437
3245267
8740367
8586609
122843331
1331933
1453611
3048439
3738557
7743303
3531177
4138053
6293689
8207259
29268531
4414663
365451
2968701
493281
3938227
748169
1863099
9669343
6572397
5933479
8791843
5028581
9541907
393837
3842683
7356113
6874243
7759941
7018599
315917
1750581
6115677
8399059
9776157
6147971
9941053
1149963
7286071
4355249
3611591
5747379
4695361
7699741
2329203
3081309
8396433
3877789
8078303
362053
2410957
6682601
5551943
2789527
4633847
1697511
1090969
6670141
4212143
6361973
1266687
9442687
9641511
8394381
1652311
9252059
3694741
1583059
2265571
3084297
4073377
60241
4617067
9855301
6193881
8751963
5184483
8743707
4438569
5542269
5713167
50178939
2088993
161767
277553
6886501
17912137
1117537
5558289
1270791
29552079
8141321
8506779
7609781
5517013
9308767
6820303
2381227
8166431
4982451
1198797
3682493
2786881
5464729
3111887
5275523
5770713
192278157
9889303
7948313
3127661
6263547
5960633
8407531
156784951
2274589
5192883
1418291
2256173
225437
6361343
1338241
8524777
2151033
88541751
8233179
3228251
9670539
6129447
3555069
4613547
9766247
8235531
2406553
6223817
8679667
2465029
377823
565989
1225077
3333347
5004513
4835589
3265717
3895821
8312023
8562597
7793089
7186577
2487099
2400851
9466497
9046693
5464117
4960693
6293069
1364523
800749
6081057
8102873
9807309
36577
3691227
2571751
6470119
21277471
5470323
3017511
9585383
3857753
3823267
3705953
1528851
4631183
6773917
4172823
2220473
2238667
5939163
8201037
7465631
9188261
9668253
760107
8971057
6192369
8460079
40103183
2823337
3476501
1124519
7602659
2905563
7379537
9830089
8593353
8169033
7771313
7558923
4512879
3107213
7444447
6081119
2749151
1849857
3302549
6811079
3332381
5949041
838963
9911659
8438407
6569883
1673999
4100761
2409459
9240171
9940441
3759093
9539277
5719229
2752461
1495633
1966607
8475709
4141599
186611
5498421
78731087
2209501
7479557
7061879
594307
114060839
78663017
8805471
6198783
3253681
3010471
1676151
7429309
9225451
6276393
9882613
1807597
2441389
164957763
3136307
7310959
3345337
6807167
2249217
7475697
6374181
6211323
8431679
3046517
8808519
3625793
9897973
9874489
8229487
5073613
6923583
6454011
4608291
2713809
2487167
8239893
1197213
3262961
165310637
103091521
7762343
859683
6194631
3087017
2266857
7701087
5356003
9363369
9198553
41581
6089879
5223937
4456263
7660473
6477671
4065049
199246903
8240889
4460771
3053827
6697347
8186177
8904791
9326173
9316589
361507
8390159
1930897
1718287
7339851
3528909
2236627
7414767
6124941
9380169
5501633
8063191
977681
9798481
7911949
1842353
3980959
1078519
2109869
7293493
4761667
7593771
8301821
4322297
7981553
8158979
369579
5718467
4963099
7470907
7530959
782541
4830547
7527767
6562047
2491257
2710649
1774671
569681
9237499
159320189
5395547
1498723
3902507
170203
8445387
8120601
8693369
7557861
9907693
9916961
8424299
8075097
6251907
8980417
4974751
8039619
5715289
1357547
1807121
949983
8821189
6375831
6304743
1915553
6504199
7050701
1023009
7850121
4757643
3144283
5044361
3179149
5356983
5445781
7038457
109543709
7998179
8624271
928573
116493
4333527
5216359
3761391
9116039
7429601
4243557
7196603
2599291
85778687
6041453
3165391
8751177
2958351
8186323
4084919
4019129
28576477
1570063
1347363
9796189
115607193
5900929
7582943
6849527
9689759
5973189
7672257
4460027
8727797
3026111
9835991
5407037
1083073
608189
3047931
1777557
4844767
4882351
9167101
51673
3955101
3556847
7250293
4902341
9142711
4532801
9287529
5682639
8995003
73417091
4162327
1535681
3315711
9550817
5310481
836649
9829063
1756483
1726897
7537087
6815231
4054273
154897
7389677
2236789
3105649
1719239
659787
2491503
7940379
7972009
65179
5479579
3146799
8690537
2525159
7350149
2891053
28263693
3630973
7692949
2380447
