146347509
1349371
6069517
3371877
73246171
9976003
8806693
7102281
9915169
8828123
2084117
2177491
8111747
3689007
9003389
8794037
6420389
2120733
3386789
3989577
4669341
2255919
6152927
5623933
5055269
146261
6909047
4110723
8327463
8197681
316471
4108527
3719579
3236169
1935841
8535179
118048097
1084661
9247101
3675109
6391711
4340813
7153737
6803593
9868911
2243401
9707393
7610807
2211431
2585723
3089781
2156703
4183871
46331761
158203
801139
2273829
3966063
87737
7966609
2910011
8460037
2612567
5445139
4109069
8295037
7477573
4140881
147324119
3752743
2879293
9468937
9372221
4342013
4720597
2168879
9552839
8788069
4089461
4026323
3341557
47421
3042919
3880313
6647963
9674017
4257613
5057579
1245529
47683861
1452533
8418721
5458289
9867089
4286947
9123993
9178693
4542107
1590999
5196917
8967841
2839923
4610199
1018709
3720659
3253689
216477
2184347
1282321
6067541
7458961
5075167
6554669
9128193
6657153
6672127
8064333
4344727
9720867
1520589
2244027
9840299
7743339
4584853
9408813
6067617
4658653
4160731
1594911
5886923
4083963
902059
151751
8841501
5591761
7076373
8725933
6799387
778289
9662699
7854947
5893951
4281661
433111
195581249
2410603
3832393
6131683
6687229
202543
6260257
7197809
5684581
104710339
3712689
7072809
1948643
8815357
5418551
1389061
9766529
279811
546573
3103779
5540183
109527847
5888127
8791613
8831457
6038191
8581519
337729
1051421
6385527
3857599
1206001
1991477
2132429
7638541
5437683
57526299
5065801
4360551
731841
4208139
3333251
282401
846491
9651567
4321107
10995703
9035523
7869139
9332363
2311397
3761731
7988293
3943463
1421857
3332729
3419261
1923371
7828207
6510989
8835669
6109979
898297
732517
7329933
5934463
17900301
4416757
4944807
455241
6529159
8606671
9792189
4011373
5017361
3296527
3905783
288899
3605553
6755413
1862919
3735253
5145469
4644763
4027041
5892683
8584523
9434873
8355471
40062477
6942541
381281
8891207
2899091
8653919
6752943
44450213
9364141
4461259
1995497
5492091
2144297
2876003
3524609
4814953
2367519
5994363
5111641
9120819
9963673
736707
1616683
43310977
8056691
9824993
9259937
8556203
1477049
7271289
8570177
2958967
1083097
2920891
6006381
2023773
6543241
1999287
5876407
9831303
2454851
5825927
6701881
8877527
936511
2188843
8622749
2021393
6431031
4230117
4752543
5193023
7966679
6978247
1096643
6033897
6792839
8312939
1215513
7985459
43335481
4402031
6306021
9690759
3552949
8545677
8898609
8935309
81950751
5837739
772773
3660859
1768743
4209197
7869759
6249167
5655037
8240247
813149
9362717
4616663
8727393
6808473
9871789
2621987
6128527
7663109
8572377
7958607
8858043
9947837
9703951
4502587
6132867
8310813
476691
5337537
3619451
9526271
2161863
2107477
8790741
7015991
7593871
7329487
1204167
64606791
1687433
5699213
1190511
3502343
1334491
9550459
9258359
1460263
8392169
8461241
566833
5683447
3592073
115378399
8709369
7853871
79394221
9570329
2861337
8262559
4281983
4623207
7653417
1344797
4558903
9080571
49420563
6486329
8665369
9199251
4133807
342407
223049
9847789
5153643
164323
4920247
3922533
6558759
6373073
6780107
3362419
2245123
1136751
8531791
195602233
2550533
504807
2368227
9705031
7156843
5054819
7364587
1079981
4447603
5244813
4001381
2503869
2439781
5928539
8281081
2527967
6490899
714559
7859477
9200501
120777887
3893537
1360833
2539799
2166323
315693
4667111
5200181
134249
1958071
4267537
4481791
4590673
4214109
2781329
2547241
5350683
8093353
7750293
5037093
5809647
6290447
3060631
3885821
8710999
2191013
9656151
5734179
4015891
2937301
2334993
1232263
7327441
6930627
17027
8294393
9974759
6640143
5392789
9569343
872863
4458247
7771849
8384583
7540769
2538359
246351
56427
7141079
6105711
5501289
604787
6016061
3532209
3228429
3079517
7631731
670673
9290951
3419077
8569579
3486041
5018851
8563849
9916113
146548889
8301733
9524647
2870649
4356517
8451101
3480193
7335259
680741
1708053
2285837
5842601
3256009
6279479
2732079
5875933
9693057
6397689
4904517
7691943
7783707
2146983
7128537
6252161
5718409
1893971
586801
8020243
4438383
592081
3549167
2898739
3096399
16023729
3849717
4876453
321317
8736387
9281131
5339917
3154723
39386047
4791669
3669041
7848861
1170957
138234103
9153309
7619297
3740581
2713059
6650711
2445347
4975681
2065349
1538911
9157679
1987697
2237189
7762073
6972587
7009157
9144773
4973649
4461683
2009647
8085833
691237
7219167
4313797
2469013
696447
161521503
8008749
8001671
9053719
8583577
6213241
5068053
4464007
8521517
6180373
981389
4792049
4962713
265909
7226847
2700259
7072961
3746677
165187
3413173
9228237
140114641
837217
2496423
26180157
7906701
1190291
9417581
2105951
1984667
1087187
4457739
4371137
1198397
137071
8752543
8827421
6581883
5780337
5143339
5743071
5320077
5661597
9759417
3004809
9228271
1978719
272131
81361231
130141
7482333
5487789
9207983
181358443
1191449
2273357
1398539
7621293
7761179
9563153
7807673
9781021
6752111
6985287
650389
4028257
9251669
9753171
1255573
5875743
6793393
5406411
2217543
9877103
5714091
1244417
5447969
20743
939441
8599669
1298773
7947407
8847061
5000159
4275219
6490231
2644627
3478483
6922419
4406819
4998941
7123101
1047403
8241951
8092399
8773147
4524517
8597651
3544681
7735027
1170327
2341851
5675951
5384741
4847789
1000127
5082331
6271287
4837919
7387099
6150561
8570939
6524817
6423637
7241663
4883143
9901029
3047367
5800631
6846153
1713269
481989
4445657
600729
8034059
6909867
823203
398601
5833123
5360613
7235177
2823757
5140961
83043
7139577
1113181
2190227
5771713
7352309
4720171
1717571
8244117
3593213
1859531
2383063
8589699
249751
6062203
128091017
3595791
5999717
78207
9613623
1635359
7381889
5588087
5213961
2267719
884067
2208173
3431513
440171
6120141
5394563
5133841
3908289
5420973
421597
2112531
5449657
6704223
1856567
1806143
7299747
4415861
4825651
2802989
3846997
826249
2224947
8222443
4867991
8363231
2323523
1689693
4020933
3832877
8291437
9147707
4709617
2569511
1043089
7150773
9833739
6173519
3913593
2643791
2068919
9333697
364231
3468741
6572517
4581081
5552409
52420017
1305619
5018179
4151373
54876651
916961
6026609
8223321
3477243
5442607
3866217
6790691
9206507
2649533
6709459
1628907
6136237
6974289
9746959
242571
5664769
1043613
6758673
8442759
894723
127129
2735973
6590197
3727007
8029029
9294829
3003347
38714413
7252173
9772657
3607281
8458149
5940617
4952677
7321963
68330489
