1432029
7814921
3775247
2398713
5937921
8866743
8655233
8479879
7687791
221363
933511
9803313
4468669
8596481
1829117
9287673
7624977
7334039
2817
67913409
1389211
6726907
6083719
2176829
1354107
9831751
7493509
471271
6089467
8077501
6030693
61691
6818653
2370483
407591
4400407
3467049
694539
9773741
6745301
6121951
3351051
5109049
4620607
4309511
175023029
3377299
4615431
3489881
7798099
2076181
3321439
9287823
7198323
8654137
985253
9548947
8782561
45400887
4422083
7430109
7417717
3943911
3957667
1404103
9739903
9091711
4974771
8512789
3354019
1852683
8446163
2514127
729023
104313259
5815927
4215793
1302539
9857147
9762201
188519
2299949
260277
7141311
75503
2768391
2049927
4013823
6591327
4240311
2285039
191477721
7407859
8080297
6931831
133977
7536167
102965557
495631
8002717
7402653
4710459
7198849
6935781
220301
2167113
4356067
4088997
3829781
9974837
9668651
409139
2268837
9411203
645459
8958657
1208347
7492177
4357691
629451
694121
5576049
992627
994167
8215291
7373431
2531477
2937731
9190233
7289029
6566821
761239
3339883
5029801
5711199
1139291
4170871
4758301
4554121
7210659
4995151
9206961
4919671
7093111
4940069
9358313
143769851
169636009
516837
5610443
6668933
8109581
1702421
5871057
4684943
6512233
5954373
7696231
9114383
5755041
5234007
5197349
6038419
72353
2086729
75827
5631321
5801931
7503759
5498419
9627553
8636507
6102443
4712483
590839
5902123
1520241
4566789
5350911
6509133
5449359
5973159
6664373
5909873
9162071
8312717
90440851
27351
4096767
9215223
1134067
9814987
5675361
3347389
6691719
6982613
1942533
3331699
6740619
3878687
8079477
5710469
8041639
8529369
3204221
3870299
6561093
6321849
1367773
6932833
9598891
731037
7659391
5830627
5725939
9268873
8031403
5564843
7828759
4601431
8472131
630503
5126687
5905163
30207639
3903323
8170403
4510797
8146397
2715699
8963361
9324931
9291909
879717
4730449
4287203
1162493
3901697
4924327
2640223
5356031
6286309
151896557
3192031
4324411
7051769
3629331
4332133
9928343
6112221
3222783
5338379
8765449
3131379
8838527
6130463
7229029
8417517
7727231
4818597
9289557
7828287
133346297
9338339
6988009
1191217
6105681
2523767
7497809
4646039
4473679
474577
2850157
9339843
7468251
4235769
6773019
3191259
35488863
7154343
2959819
137193631
4448919
6339043
2366963
11615977
4703853
9202613
9881009
5265519
8491147
953453
9721749
3220201
7536931
8529371
1078477
8651707
5215697
174328251
1194401
9185417
4896991
7371379
3761023
2761673
9610361
8090569
6022291
4076247
116853033
8670893
1634523
8589557
6863077
9636769
8593571
8922191
6713549
9384271
1202879
2204457
2766329
1401917
3576623
73049117
1468199
1072277
8207419
7969463
4773769
6845361
9510099
5101789
5166407
4265407
2029001
7538701
2817019
8615837
8585063
7490967
1765753
4389403
3082343
4470921
1730157
3980357
7438879
3157943
3055233
9853369
5582193
7039003
2059499
1183159
8824959
689937
9540841
3395561
191405869
3553759
3938051
1060641
1364519
9650697
6321191
1308933
4432217
1220989
3497881
6302919
2514087
8566991
2255359
8362671
8552029
7716387
5194653
4916547
9433741
5281611
20239183
4032209
6781371
7817247
2698553
4916513
2375797
7364213
2072083
169457
7573827
6307111
2812303
8811119
4745791
9606761
9387489
5750717
4021737
2493143
3710319
7356519
109683363
6884311
2871943
2314903
7138317
1810587
4148449
9201091
8356481
8673529
860717
1786779
110987363
9272967
7471261
4709913
4526407
3168359
110457
318077
7733469
3149241
9878693
2705903
4019243
5068327
8984119
886417
2852251
3244863
6164697
3684623
759609
6638387
7390443
2619041
8188561
1823039
7370529
9146297
5913257
732083
6541541
5121473
6612409
1019203
7563123
5929093
1619793
9759599
2146691
53917
9585177
9202569
6329319
9129803
9483519
1007163
4155729
2210343
7544667
323081
6740799
2414927
2557161
8739607
1776357
8484249
5569149
351089
8728841
2879219
8504717
521609
5808217
1957389
7020399
8466563
7080259
4683411
5435709
9854691
1544381
466637
2287067
42183
4274773
7088931
9529099
5295827
4754883
113506591
3716163
2221587
9424669
4286359
7963863
8503831
8139057
126811
8597531
5877191
58242061
8241771
2687813
4266299
7631901
9681087
2448731
7817681
8551039
2635073
7285489
315673
8827227
3917741
9360769
7867481
9383769
4538221
5455367
918157
3514201
7686519
5403763
7820441
70597
5459109
4456239
8390539
7078187
4031709
4499363
678821
4243291
5108139
7182131
9059267
6696583
9109557
2748759
878831
6376441
8799087
3289631
2660469
3044943
1944771
6707559
4899259
2018463
3573013
7773567
7400169
38785519
984709
1165553
8101511
6125493
5432059
3666763
4649539
9396093
8118971
1566429
9301739
8693987
8248629
4210177
8093341
5465863
7191341
383091
7206941
1842727
2099129
2696981
7051651
7189227
6874563
3233703
3413231
1374107
117243
7171873
790317
2517517
4291661
73830483
839153
972161
7997347
1042553
4163733
7394437
140956391
9993561
4610617
6597671
1270649
3135469
605457
1789031
4320887
3383909
7548981
1404551
7424087
3975273
2815857
9481861
6449781
2241849
3429433
9517477
7231361
827841
6150227
2266097
7370961
2582083
8836223
3045901
2590511
823763
3806331
6098159
5852583
1115037
9888117
7945217
7222601
45520779
7369761
6403389
3334387
8178511
3813377
9634877
132431
1566939
4957791
1904459
5615641
4347587
5633947
6382573
6480949
6319951
1947221
823557
6429071
2611403
6463769
6109217
5315451
1673079
217457
64889
5758237
6703853
2588259
1102363
2421127
2386307
6019307
811871
3438751
8794121
2869313
9425853
988577
1149183
9358517
4986949
5110331
8049393
4555323
4121213
3477657
5200557
8848707
6856851
8850263
4320499
1565087
9447493
5463887
2392797
4607577
2664393
6841303
2336041
3056973
8011731
9349727
190220913
5423099
9972933
361927
5793931
7350299
1846707
7145469
1995389
8676009
5637823
2249497
9785231
8739543
3163639
6287647
3639089
3528703
5311361
7588849
4677483
4450727
4341623
6307607
1337563
5569273
1824613
3902863
5121553
2544379
133919333
3003091
9756829
5551703
1013439
7356227
6250119
1018209
1234253
6039587
757079
7269617
2073957
6809749
141702737
5496717
656913
2671449
8930093
180974231
4934541
9552709
939597
9131961
5275271
1222143
2264551
6345821
3611029
8062051
4596009
2975627
1906927
9952833
4222511
5610147
861497
7701261
4618809
2953587
57008869
7510577
5443433
2796537
193131891
9551627
5271579
5374873
693043
6482991
1261319
6138587
3200481
5143067
1019699
3413239
929713
9971593
4985033
2957041
577381
4624147
3193131
7203463
9238013
