18410153
4702437
9127661
7045389
4761123
8403041
1577121
2393531
9669517
2465937
8026317
1928757
4411537
8958421
6560287
6491111
7864233
5114719
2245671
7022351
2464717
806399
8545287
7673359
3882949
9121803
9364687
2292499
6239973
7990893
9680443
5827081
2054857
3020893
8336473
5992903
137997847
2520193
169709
9680629
3545253
8434983
1603807
8875449
6874033
6819169
4035833
2184383
177411
6941723
3496961
5138017
21213513
3420811
6330201
101738779
6904297
2476211
8487713
5211729
6106561
7726159
4237463
7010849
6501841
3887747
564233
1326493
1521039
1233429
368057
9398003
6366911
5014127
519777
7437773
5331751
2594801
8723327
724479
3492029
5979731
9572121
3144197
1992809
2446757
6625707
47514841
9749941
6983019
5498893
2713367
2679447
5203013
124083421
8100843
9451331
292739
8716979
9898677
5322011
1500631
1802011
7854087
8217123
1428601
9284987
6659159
4040771
2090257
1805509
64899053
130910421
7715569
6202539
4769609
3234101
8448351
6515529
197243
719093
133879
680289
6771103
1461823
1477151
9261477
7900283
4180451
69458037
4887973
2856139
1245581
7094547
9825841
5858021
3179171
9247
6982531
5837789
12267
6685567
1557169
3648923
4251267
1020787
82441
6900337
8736899
9832521
8529223
1774079
7270487
7131871
8047779
5043993
8785413
8542311
5812253
5292733
2636363
1781201
5368327
7938807
1762749
2686369
4474483
4554961
2654557
7880421
7753029
5756039
156495287
6217913
191246537
3132629
6108129
8221429
7687589
680233
5688153
3051141
3576199
7947501
4668313
336281
9804947
3848451
3311283
5394177
196733263
6041539
3582619
3313047
414701
3452237
7886509
7593727
7099591
3018547
2295551
3028453
5017303
975259
1015827
102921397
6848721
7401189
2068697
1858717
6037063
4752671
174127147
2863579
2944389
7322831
961187
9859693
1404819
9011151
8839977
2830123
261543
7985657
6618001
4675391
1269913
4870189
7489851
9108919
33101
1362853
2428221
161083
1994841
4409411
8418909
8080357
4724143
5964377
6608763
1456779
5779703
7977839
8397911
5811789
5268823
7145853
6351397
3361397
8383421
6601331
6992029
9912091
1913873
14600997
8551187
6842543
7207181
6776719
4068723
304531
6476749
8838681
8572797
7834321
7270951
7719039
8287517
5456951
7255843
2563601
1633657
6499933
3345007
5065051
5482437
7853077
9306289
6494921
5653943
8734809
973591
5847197
5771977
87313
4673587
7684413
2704279
7221163
6438843
5129639
4565411
5111269
614351
7252687
535299
8906179
2519841
3549927
3083709
4752789
8431877
6962169
5011001
6602061
1923987
5144281
60999231
2286161
592903
9077857
7225997
3941489
7000503
7535687
2955989
4919801
4656743
2076009
2430677
8724243
9476331
3017051
6139851
9025049
7262447
55431437
7109353
3014259
143886517
4578519
5523763
9977657
146309
9892493
7398423
2318543
4304969
4285449
1380099
1976937
9057957
3365991
5305851
7034193
567853
4418851
8985737
8276807
8081659
4981559
1615889
2287253
1729111
5205489
1930213
1580971
2827687
9371393
2861221
8653919
1433403
7943089
5991723
8228589
7461343
1420791
4619289
4674963
6723837
6379619
3611527
7007137
8077999
2531509
2832737
6927509
9256641
9347959
4920011
7680531
7956591
8591801
6991213
3757199
4706757
5527273
2621003
7224083
5900753
1173767
621781
6942637
453109
510691
4899943
1224657
4331879
7248709
157589
8630809
5406871
2582073
1974499
1911847
2128641
8758391
5716743
241059
3869687
9827681
4518907
4852763
1663121
7163693
6928563
4513933
7617879
1440921
22690329
5230893
1426401
7850759
2177837
8351031
8007753
1090129
5577489
547399
2757213
6190643
4944959
2757793
2787737
4086437
3499693
6895697
6800293
6439809
5244831
4629697
33823763
6270657
2875383
7439953
100478299
5475749
4007489
3232817
7004651
254321
9287633
8400331
5823539
8423327
3894089
457239
968781
7222431
9108913
2601941
892951
2483821
2954631
5368463
3756113
6218873
8084921
4119279
4795663
1124499
6637553
2983401
1551
1626417
9469673
8741477
7747957
8839039
2608531
9746317
7051367
7984231
797521
6226439
1581011
5283837
5752373
2802277
4330117
5330687
5101967
9218371
9792947
8883067
8204443
6762749
5427657
9559679
5139911
6635631
5509317
6177929
9967881
2567057
9893691
3180991
2017987
6560499
1652153
7681287
642289
9457557
7415419
579283
8740553
189057
3650639
7729197
369907
747313
1860839
8664677
2744927
4758213
2028487
9695591
5759211
116743893
8392281
3195649
1285199
8951069
2040657
2582511
5533829
7207767
6657389
6376871
7552353
5756273
6275329
8571643
56297653
4452661
4528797
5473841
6976439
2940273
7183481
6984249
1837257
1759593
9953949
3296061
5404851
3524133
6461583
7833633
8977309
9528481
5864829
3574623
1700303
445751
4902361
4146673
2514197
4096023
2656791
3626563
335243
5575407
8682787
7938873
1726673
8380879
1662983
7635363
2238633
469451
7139759
8926919
5897519
8790071
7445207
2676407
135791263
22689031
8987513
47417
6299501
9463639
5536573
4380873
6896577
8382407
4184561
3964321
3042217
6473171
5648831
2621087
8235241
9811221
7538119
6214971
6270693
1302719
1346679
4061367
109834187
1215601
4289629
9819919
28623
9105797
7211027
122440483
6338777
1491851
8741773
1647531
7646909
5346201
4003481
4044579
5618331
7265197
1202759
9130073
7804969
5964383
4465739
74447
3679019
7507973
5348043
7362271
72439
817427
717033
6233153
4928563
113999
6556171
93902777
3946309
805033
5573127
2843907
8031269
2637051
6172987
9473933
1555731
8668077
6710001
3150773
37201
6164083
6679921
157307
7613761
6346299
2592947
3875811
7114761
3965081
6590333
731213
300783
2630151
7830389
6715531
5635239
129979
94633
2441241
6769977
5622567
4219571
2997567
2977411
7933557
5609477
6979821
5814521
1324711
5007483
5994019
358857
5770491
21656391
3681241
2512053
3643651
4970781
210351
8136743
7810187
9606201
9009523
9860483
2378179
1597857
148794437
1886861
5604967
1720917
7827689
4675201
4828759
2132321
5380733
7218939
228527
9003207
4204103
2808919
4693793
8986609
2346391
5436427
9149807
2144803
633867
94079719
2410127
3567743
3120269
8092931
20013969
6069977
7409671
4284779
7076269
199056339
8999309
858539
6041003
1384541
1925793
2034377
21293989
7785413
6158527
15853
4286777
2670241
7964511
5213269
3498061
2352043
1616529
3409299
7104553
56609129
2461117
6844709
114597399
4531621
4323759
8720779
6619203
3553261
5804669
1076691
2825943
1219037
1944987
697743
3271103
8639087
1213661
5151687
171477191
3817919
2452183
3153557
9001037
4933189
122417
8553939
1563413
3446189
4889929
5674007
9088531
3641409
