4834023
1950461
3714641
587261
9641027
6021477
242659
5060363
9448807
8195443
2454231
4535171
1297067
2245991
2644813
817363
4323529
9889047
7799197
4256243
2432123
7448637
5086563
2577647
9780861
270507
7941061
2024953
6099181
7845769
3000329
7632461
7719137
925099
225609
786321
7897691
2795387
7292751
7273883
4067009
6910541
6772717
9640381
126068029
158691
7182497
4694341
9699089
8402109
4888499
3038497
613921
3010591
653859
1010089
9729527
985183
8517999
4998613
9130391
5458013
6406157
5753539
5210073
3186007
3531573
8414049
5653061
8920709
7014563
9099279
858669
1139553
8172533
6379021
1134531
8318119
3973503
3320833
3488633
392473
3943773
7988569
5276171
5049629
6995231
3171939
7287709
1747323
4835419
9650849
4806179
1937803
8093061
327227
6021507
2501127
6188669
6646079
4371167
7109421
7672557
8896963
9165233
5942359
9724549
1736371
5165113
9309473
9163321
885581
7771263
1687633
2470983
9408189
4869317
8369377
5200293
9232977
3743557
2046243
1826147
6190559
3147739
4859307
7086139
3045033
7776339
5434563
1341217
7604509
2285251
3861699
8837023
7437443
2347379
1400343
110387567
9736703
3059357
4348529
8973337
6268381
3168227
352791
4600843
1392441
3395617
2201869
7911741
6688291
1471753
6834869
9313099
6181803
8334683
6077861
1450229
1863291
6032931
6369209
9171397
9195759
4048049
4874031
9269747
3993589
6265879
5913463
2000763
445761
9001793
283779
2117647
1710771
4374839
4704197
602137
3758987
3566871
2320727
8182987
744577
1391359
9628549
365623
7027421
9433
1443033
9507647
1899989
436437
7200001
8871073
4869347
5830347
4271639
2006899
6195209
517639
5262807
891671
931853
13530849
4049703
4539729
7043899
3965501
3757329
932609
7270289
1192191
9007971
4853879
8083243
3747621
6486999
5111901
8401901
1981899
47707
6013859
4158387
9336839
4075089
2026407
4048311
158434251
7205887
4242209
1497793
6130181
5696739
8533133
4876621
8849031
5666493
3625597
3957813
9656041
8114293
2011183
3999137
8955599
3069089
8537829
9660351
7622151
2325511
961161
1704657
5417823
430509
624641
2011819
7462357
408689
4393663
8520267
4207753
1882431
895417
181101949
4725427
7317473
9906177
857663
3983941
5206937
7797631
3202399
8297053
9766847
6225681
3477671
9883669
2386357
3420971
7118133
5222841
4911747
6141679
845271
1995327
1345567
44151229
7091339
3327119
503567
7148201
159908037
5415009
8843969
6516377
6537171
9863981
1722031
113477393
5271839
8702223
5841441
997951
3954401
4172059
1092231
811533
1982593
3698689
2907989
5789473
186796939
8169571
8067629
3552987
4592759
9850593
9824549
6787857
8404327
7435267
8395731
2700143
59391419
3649671
6528039
8987503
2358399
9598477
948849
5852489
7953001
5181379
8426047
2429259
9067183
7654781
2843421
2380551
6940493
8665677
8102771
2401907
1128607
7404311
3641187
2641497
3640509
16407
7742903
9351267
918551
3983767
7965073
30451113
2344717
5097151
6744501
6062311
171230507
1286541
4839861
3908971
365911
4765177
9467967
9346553
6308549
6645461
1447883
9801833
544197
5485211
396513
3599827
3144419
1203421
8502347
9423247
183361013
8561341
9504703
5026743
2777989
2571231
3892863
74151171
2368671
2908179
6754331
287153
154546243
5275353
3722129
8072203
466499
2904973
6468689
1192457
3439027
3387237
5877747
6940179
1946417
8728473
4069391
2668889
8604619
2096973
7886893
7886917
9025909
8416279
9171653
9888401
1290931
5105671
4258471
7886557
929533
5493849
5255901
6277047
395111
1470117
9386517
4024313
8250549
6349003
120085329
8446867
7937427
5083647
116257017
1978351
2943887
6677083
775487
1139567
5541233
421127
6692037
5817407
6865379
7664789
3034739
5939353
1699469
5369187
2904487
5641623
7986381
1120061
2183189
5628967
580523
8992847
461423
3854097
5954853
6449877
30863089
6456093
9164701
8365467
3990593
1002831
6875021
8665267
6548483
1080529
7586953
1534401
1836583
9829077
9335191
2974061
103112079
3695203
9947349
5439931
7628603
5659401
49138671
7516653
4129901
3689073
1874173
535439
7957321
7619837
4598529
4336231
4580027
145003
52172947
8597661
3166357
690579
3552109
7911751
7938733
687191
5121677
1565743
5314497
6957601
7851929
5743577
6783887
5519897
7741967
9943631
3903717
8381159
3617761
9617771
165619
5930641
5273691
9540353
3396289
5455399
2591803
1986177
18214779
6590559
1549469
9840733
2674707
7726777
247167
9051857
4135533
3224713
9018117
7872493
8875409
529177
8339891
3858177
4593067
4836827
76931037
1148083
8328159
5191753
7494321
7302237
1904681
5528843
9342249
3725403
316603
1566217
156809
1731487
3142651
3122203
20061887
6901521
7543353
7159203
5050801
7348829
7475719
5022969
1468753
7893237
4288867
9712373
5368171
1616539
2901643
7029329
9092389
8980637
8122329
9965101
4340403
4804147
9782179
870609
7604451
7362149
8397451
6827857
3047787
7594531
1389293
3038829
6523787
678727
1564517
6196707
7076801
2190503
3286167
9527623
5753851
3029083
8520997
4457953
9985189
6321133
8257379
8006121
6838933
6862969
346129
5252169
1603191
6606329
8233537
1788203
5902921
9062811
9003407
1448923
1570299
9170687
4367023
6633651
7005511
3888423
6320687
2497267
55040181
8807513
910653
7167051
2180563
5521089
9933259
3051001
5097893
2840241
288837
507703
556207
2786803
2352953
6325957
803397
5236989
5480849
3097927
5050557
4225627
9464377
4508509
3479581
6278017
1053111
6676739
8977099
1284553
3338161
6567973
6236449
8432953
9683173
2400233
2807387
6794343
992907
5684383
2005121
7361711
131036053
4141483
8360973
5685101
5462093
837339
432861
6998127
1065461
3207779
353413
7061949
8312801
8720409
8392781
4973133
7027003
7540673
58561
1369451
6474283
7893459
557867
1837617
8577619
1082519
49702569
7774459
7377159
3870159
34661801
3243933
8412679
3508547
1141737
62302859
1489977
177935657
4372029
4799903
474313
5667491
5192383
4359401
5659133
4520029
77571
3920497
1449279
325639
4732169
3148657
9012523
5300577
9642411
2622803
6596673
2542291
4046399
6262109
4661079
166461271
2731887
66425921
7868321
1547069
9552177
77649561
7866277
2107139
8014553
2761997
7334203
3604537
2271329
9586131
647017
2310077
7009881
8735693
7745121
6761481
6584281
1095199
6582397
3904007
1737377
9929993
8454049
6610533
5700519
4171349
5940539
1108803
27121583
7019527
7973237
3017087
2105929
9109937
3732151
8544373
8411839
6776319
5131763
8911157
3033323
