2566789
5303617
4863527
5327819
4471377
7498317
7152643
5478621
5032241
8159239
4458361
8800979
6932217
526337
557893
6757523
366337
630829
3510727
2680827
3505973
4985109
8476093
8849277
5131369
150479
3383003
6496471
4795053
3958107
4604243
8765333
2657083
9911247
4923701
9322473
3448667
9866151
1195459
3147201
9899907
3475169
1790541
3495713
4117519
2092089
9752313
5275933
4347561
9295917
147251689
494717
6216521
5420207
4298339
791549
5104001
1227669
2098381
8384549
7495947
2902173
9219513
9749069
14011
6963053
4295891
5138483
4216971
274259
4942941
9561379
443069
8082643
1498779
121717879
21209657
1879179
7175381
5404031
6044563
2249923
1759709
1870957
1796413
7342397
1025463
3387199
3892863
4994659
1454317
855609
2984021
4472041
1366489
7209431
8032411
9846771
9057693
4096177
5967437
7035719
1319757
8716723
4218287
8699733
4289269
9331009
4493979
6737153
8700261
5310987
652307
5341829
911457
3371953
1863753
7660097
4580873
1693673
7622989
5363823
8904541
9057459
2476137
2386047
9208933
90277391
7689991
1189529
4873537
3430893
36927921
7900367
57851
4146029
566099
5810293
2596577
6902251
3288619
5897879
9030467
6716591
2108551
5332609
3990653
7409843
4514459
1569433
9841709
93010131
5804099
1278809
8544279
5199737
1509783
509819
1423731
407519
5758527
2081829
7338469
4646141
56613833
4203653
3499801
7945917
7856789
7150389
3223067
163274269
7657049
3111009
9332701
82964021
4488859
152210519
5521447
3008273
732589
4081319
4485997
5660021
8127707
107774047
1126613
4171777
3297081
7481079
5716313
6825131
470289
7827967
9080453
9287567
1780097
6845483
1214183
4958257
3783613
8838731
153058433
316391
5658011
2958157
4546191
7618491
5817407
8855539
619061
4599949
8077791
4691367
3087493
1725699
4280547
5440937
9553179
4129387
4991549
310031
9778307
2895867
9545373
9867743
3142823
6748159
164178557
4200797
1832199
2169547
54681719
9728141
2210157
4284529
2900647
9764699
3209011
4227239
6108577
2184953
2721463
1769651
4537067
8113831
8025481
9804509
730661
9008017
3474357
8874257
6809617
8707931
5540911
7274981
6286499
4853967
115654813
7448983
1603567
35859
7332491
452277
3724773
8763699
6837753
2928813
366519
7190383
4925761
764797
8821919
4075519
1632479
3224271
2808447
9076243
7006849
9807791
5810441
3000687
8950193
18297273
6113463
8629877
9691517
4704613
2383513
6492087
6910763
5746753
9062161
7851727
1163601
7907093
9535041
1503223
8261701
5203653
8994273
3403431
2865661
3458409
6190073
6886373
41749551
8293711
9035141
2781221
178154483
6056509
1616203
2037681
1124429
5465499
663579
9331721
481711
155987019
6667763
60971311
2361643
1339533
7330811
5289129
7066737
4993671
1919757
7442619
7272377
9631259
3105863
7187431
9721217
468073
4301751
8042551
4335511
3300963
3128771
9812953
1003867
1721857
103880731
1911961
7702277
4363637
6043547
3222399
861069
6637229
2968287
1750531
2882191
6814147
602687
8985959
3548487
2845939
5028821
315769
9584113
79195423
521869
5528987
8713649
4578127
2685927
8021087
5427319
434707
8966637
6272213
6879977
90987
2920737
7784027
2853589
1915757
148657
5973549
2881311
160624993
4190597
8692869
6090911
5138733
8922461
4101149
6152249
5293643
329201
8242171
6944867
262293
3276351
3040717
1767753
4727783
9268069
1711907
4329157
4919393
4926741
5238567
1479709
9285857
5795643
8218499
9674177
1855759
3290839
65100497
1537177
8444293
5215991
7306533
8248777
3273051
3089993
5443607
4246991
6373803
1465307
922389
7548967
7456461
3226261
7411163
825349
124874727
2331327
285317
7959921
8757469
7569459
211927
2858819
9874897
5572881
4860477
4356653
4686183
158253191
11759
5877853
5642279
9667461
2357869
7472367
815661
736521
4682313
8122219
5882007
1579927
6937757
7307961
1744673
4304693
9628123
3095023
9223141
2797161
1587701
6143867
9961971
9039839
3817791
137079833
2561687
3771297
1743619
4570957
7426947
8805539
6218937
5620551
456291
2782561
9632947
6184923
7559239
864019
8590213
236279
4777473
2638321
8373791
379983
3434221
5217791
7360603
2755461
3117917
5985797
8635719
6454827
3554761
4659281
165949753
458663
5341347
8140147
166136771
828521
6402969
9710293
227421
2763039
9405363
2781973
2494519
9915561
178197
9924467
3396801
5036121
3857601
960333
7417017
667587
1324433
6206393
4478603
528171
9906363
5674863
4604301
4994699
3265879
7038883
46829
3426473
7037183
9081991
4312419
4847189
141658043
4591791
3214513
123161521
4400457
8183197
1411019
6749609
6126839
2525421
3237987
5890197
1075341
6043849
529337
3089897
4808141
9194637
7201023
3402833
5459567
1589231
6366279
4967881
4162727
5572453
4279351
2220169
7770959
6695517
51533
5656687
411543
9897507
5119753
2718493
2693747
421081
8516687
8309899
6928561
7587503
5200107
1975531
5984877
8621843
8951453
3628377
4310009
8726341
5347483
3295507
2043927
7892631
7011407
1748741
1978699
5231549
3728687
110077383
4529339
3364957
7167083
4308853
8911127
2214841
8530733
6683569
7629601
65210111
7478707
5013197
8761147
4717079
5943281
6570469
903647
2431643
7446103
2463739
632079
4185581
5808173
2906053
9563441
9205677
4846623
8670959
7836451
16163
9292649
891169
3347191
6412551
5861493
226007
60388363
6140783
24119
9562123
3697951
1469529
3630761
3789933
8330339
4757567
4473591
34445017
604897
8796143
206797
6206417
139773
1131003
6989067
7976131
4708191
6102509
1367723
4568143
3666351
7138383
7074567
5271057
2151623
5046817
911243
675849
8652219
2144991
5979129
2202583
120079821
8523459
1920091
2098083
5505871
1131071
9840267
97567329
4293807
755667
294619
3459733
4293789
2284609
1970363
1172889
393461
9665387
2803573
5423767
6658271
2828913
4793217
8800973
6351391
4435971
497471
8808373
356561
85087
958099
9494483
5407953
3412261
8576829
8670611
374053
100273559
9008869
718213
1049541
2314267
9729643
9148781
2433829
3991829
4415247
218601
2384241
6778829
169691
4064397
3996763
5682899
5901881
3379069
9336827
5285083
1159303
6715387
104947641
7382857
4772893
1447493
2183469
5739611
9195509
6414911
9714047
7369397
1888933
2007581
2268613
4656461
5984931
2795723
1929259
6834513
172805707
2923677
3964881
7503941
6061193
3095421
1233601
61365253
8890969
4699349
4706467
445987
4954233
3398963
4023797
3756953
1242333
2597229
6851099
7959701
5874157
124376727
4660059
6186763
4039909
9242601
4134471
5778217
1927477
