8655623
8214897
103527
2666243
156937
6279209
3996123
6508123
5710503
9310461
6246453
242927
2956379
6736161
6970897
9472241
4545793
9439487
1379169
4807909
440861
30723
3495091
2885707
6730653
2729057
8155581
1807061
7711009
8644411
2232939
8934663
6357543
590357
8584091
9129967
4266957
8416673
1072633
883753
3576939
5432049
5213593
1804877
2342439
7118697
9852389
8531479
6434959
1149373
429891
2719313
587391
6058381
2700271
6633123
1986083
6005767
8180669
1803801
62929843
9170813
4952129
4187531
2169567
4129777
8174559
6337087
8581279
4602587
3075699
116339981
2112251
98517
9019111
190477
8485107
1929751
7000963
467951
4143409
1203817
1719609
6499319
4136661
7384711
23404649
6707101
4922823
4321101
4308233
79947411
6860151
5215583
2442073
7169601
2346337
6597727
2139261
3745939
1371459
4878009
7260559
32340371
5143113
6629171
5821237
9534201
9480967
9254973
7144491
2578653
5380797
5090443
4111993
2667043
546887
6694747
7848743
9584343
9793431
4356937
101940987
8758989
3304381
5759899
215533
6193951
6202123
9283213
1033651
9114357
9133991
191559
300063
6495307
894379
8252431
4554281
8044243
8884311
4256431
5421511
177603
6836311
9817049
573909
9546913
187343581
5634307
4417323
9996121
3435157
5609867
2335283
94903
3861317
193751397
2514281
9108917
1532511
8590181
8179351
5509243
1221349
1900169
530807
3133201
5120361
150559611
2992799
6581219
186072273
3624067
2967611
2047071
3414133
3700043
5209439
7161209
7085061
9458587
26099829
8470377
8993879
3514663
7356663
7713671
4252397
808983
8558157
2848319
7923977
746563
7495929
9992319
2323929
5073531
3237241
3599291
7063967
837753
3885509
1357819
4678203
4946779
45511
5575927
6465351
4614071
5400809
9721021
8126289
9365173
8265227
6505811
3715191
1941083
5548141
9213577
2049919
513483
5496993
5468477
1119997
644091
2128417
6180809
9000171
7099379
6030611
5751027
261889
7801897
4914453
9781271
173390099
4640081
2952067
8774763
379429
4395187
9737241
4527389
4511543
2090977
2479447
5250653
7709549
4578101
144009681
3227629
6293103
9878419
3347247
9409401
3650157
649269
6344509
7699923
3224677
2581893
2337277
9944027
1063227
6958241
1010843
9249997
4342737
4057889
2936697
4693457
1860259
8225559
310479
3074533
9138879
672691
1425561
4811721
4466441
1063419
47085697
1335353
1593191
1733193
12943
3050259
1752477
3723751
3301003
3339717
3297387
9518979
8149109
1160219
2588113
1910271
7084437
137651239
8899917
1446113
1253163
6629111
94728041
897991
7749139
6326953
5275509
9878169
8339261
6280521
6166179
5431733
9514783
685031
6206899
142500779
6775299
6555819
9201519
3808417
77493679
1758467
8030243
576839
9097157
4141173
5960521
4809747
1419829
102897127
8204057
6026637
82921
6960261
3267783
3353269
161985451
7088611
5954241
9848031
8077533
3565519
838167
4089867
9455773
4482889
1998153
6681121
2683987
916389
7492553
22669051
1637621
3747487
8458463
2194257
4637939
7997903
2015881
125416653
7720211
7986389
4438411
9061963
8300519
2372663
6230779
4130963
7092809
8399791
257273
3623239
9108707
4670573
42780043
2909163
5336707
8360297
3788641
6256931
2511807
355059
4379547
1251427
8714977
4331027
2646903
2969107
9382981
6587717
5915691
6920523
7524613
5804091
5390379
9749717
110897
2866607
7714491
75868963
7390243
136346667
68381
8243651
4262191
6583107
4122917
6725303
6731071
2855053
1430053
2107509
4996949
2064083
5037063
3054399
2494207
818899
2321267
7124911
4814721
2181463
9057559
7450093
7117043
6847251
4746099
8278279
4823177
1072333
1189097
4678859
6638083
4513573
1379409
2783497
4165493
6241749
227827
7312197
2571487
6398903
7426199
8843373
2193419
6294683
8240793
943547
7667623
4416613
6822577
6606719
8504193
143371
9831889
6608043
5412677
4498093
5170879
2311819
8413211
1419423
5944749
4965269
7117849
1451523
3513051
6263561
5489131
9242753
3606447
1093989
3725091
3566583
7546663
8892087
51706243
2682063
4536679
6283989
6024969
7301841
3223139
2278837
9962951
1838849
238039
7627537
9204127
9802557
3097081
7552341
3829707
7310149
3684167
3881907
7714833
2492059
3131323
3347687
7435537
9295573
2624861
8798241
8926431
826251
8315839
1739653
6247451
8050351
4173261
2058981
7193841
3416743
7401297
2545431
286617
3669869
190991911
4672909
5045741
2242529
920903
9301319
121861449
3777403
107071717
6475249
6510011
610023
2474313
5341719
8808919
4073921
2211881
6396671
5880661
9242139
4419527
5129163
9752313
8476241
1255541
8501123
9951537
7213039
4297827
3100331
1109803
5105799
8435739
7311519
7754057
45175683
5291209
4012799
7147903
7390269
8118519
4415249
9356767
2911589
6031133
3837867
5514897
4811701
2716723
197392021
1851179
4101007
4483473
3934693
9732087
4134953
9058817
2391093
61379
9316533
1634497
5254951
7774957
6839667
2513239
523047
6983363
6625971
6425541
145387721
4449137
4426999
1686401
3715993
4675333
4762687
3075543
4890583
8936671
8148697
8003153
76191247
8884319
6629291
8431329
6534741
9956123
3081347
1945943
6967851
8291533
853039
194994863
1667261
54691257
9736993
3895701
6219529
1283427
9770063
159791
4366389
8843423
1020419
53218941
5285591
3482709
3055791
9144109
790469
9774557
9651979
162795463
2283013
8137783
9135563
8201029
8108871
5959251
9426303
1007499
4682483
9591849
4074061
171723887
7904879
8268807
2624489
2153231
5688319
3817819
1199101
6706077
3039321
5368853
7189581
5035367
8462149
8138679
4342919
1973239
5592187
3425983
8954669
9949919
7628297
5789807
1853621
6039913
5431981
1977657
3852993
5989689
3817637
4184197
9620549
6465653
2716197
9178803
1275587
8227713
4657417
8190919
223819
116967
610453
7462349
7961791
8664447
1021771
5151897
4944079
397571
3024927
729871
4443343
8207329
2427243
1967793
791317
2610061
3228891
4498627
5026063
5830423
3610899
263799
621913
2232539
8744659
6411011
5302147
3054527
7791569
9659887
8016181
8872197
8019761
2556783
5861971
1619777
2339241
8130029
955891
3637709
1555277
3363743
6355137
5950109
9050971
4141333
4967043
2061461
4884787
3132853
192223871
2559997
8462933
952803
4058857
3466507
6647911
5257267
9814487
8199901
5009217
3954623
3178379
106273
6644071
7125403
1299509
8874937
1167607
4459323
19489
3719593
8950039
6000013
1903319
1603973
7260501
5991357
4556157
1657221
5006893
5371663
896899
5578209
1148711
3629453
3900337
8839887
3342999
6343441
4773509
2290929
4159607
4135837
7598693
233739
3906441
176651
2460069
1120101
2848557
8364683
595871
4026787
3112977
6451051
2107571
8537149
2971387
1395819
3842639
9803641
44284817
7442651
2509231
2435711
9518911
529847
4330341
2252833
7269203
364001
1176227
7822259
6746097
2239651
9356887
6865287
6291267
2793921
3569451
7467337
1412013
4934349
4178261
4797347
6935697
3617223
3903603
6785513
7640857
9450077
18640281
4806217
5303157
2181101
9199207
