4629189
420809
2102313
9836751
7996467
4688829
7370411
7963987
2784259
4417647
6803809
509891
9986231
381269
1840131
7855839
2503901
4971969
9981873
2590903
2767241
73220667
5136347
3466141
7311397
8102129
8346561
4086379
3082381
6889111
4874943
7980693
8361547
2112937
2997941
8375239
885903
2001543
9373157
7787933
9180771
4159127
9783629
8902407
7222543
859549
4045069
6867589
8419657
7893791
5957769
1723541
3775883
2505919
6431799
6044061
2846857
342169
5164927
8312069
5043521
4840453
9999149
2653067
139733
3294597
681583
174673603
8648197
9129073
7077091
7140597
5320263
1456131
6010677
2797997
3803949
2387937
6977979
6208447
3539539
4271569
7232759
9737941
5292421
545101
9631467
5857667
8235829
5151861
944431
7209961
4562637
6634683
7337327
5981899
3230677
9312883
566457
3359971
4589009
2187439
1081183
7320241
5152157
6114287
7956537
1167689
7249721
1439219
8916813
4637159
6247469
5532459
3344821
7074717
7887149
8358483
8921513
9718561
2785401
9992977
8546137
7509987
1811959
7501071
613917
6433277
4606977
9639879
5783463
2808113
56191473
6677499
138529
1671187
1950133
1332947
7854389
7810451
6966429
2418067
7106311
9331657
379079
3253297
2944617
2476609
3910549
3322697
3558583
5238407
8503241
41423
6226769
3417863
5127083
1065733
660339
3850661
9355413
7142127
1251609
7825839
8631091
2393573
1008493
8271569
6761339
8018711
7502931
9169319
5144669
4519501
1860043
2211487
775539
5881717
2115627
1878331
3654313
8597773
3332401
8938383
5751483
2782973
7498623
3447781
7821303
8104703
5103357
2849849
5617709
8654563
3637547
7002489
4351139
2199833
3920227
6736141
4741103
4755147
9523377
9565193
4682599
9274881
3511119
1125533
7705833
1421873
3612841
6457667
5442771
1527253
7794737
5251099
9807869
9188051
9928633
4863097
6866211
7160819
5248169
6560861
9192903
5627283
3066643
8423857
4042357
5474457
2243817
7977173
5176527
8801901
1632363
461729
85488351
3776969
9823081
1311629
625381
6833959
8747119
4833831
144632679
3266477
1855863
3060613
1320229
6815029
7980803
925623
5410131
5542389
8978243
7342239
3258857
6782837
5734577
4288703
697971
2790201
1805047
873359
945559
6886397
9852521
6832559
5898589
1354469
827743
592567
5413437
2354593
9239871
2499007
9895647
8664793
9580997
8242973
3240323
9109023
6409337
1768817
4225611
50277531
6416601
9330549
7574853
5352043
178782007
7678671
2508789
4876449
1402501
241927
41035141
113743
4239763
9848343
209303
1009379
6823469
5148407
7053841
8347821
5243887
8151373
1164179
8660439
4003873
8976273
3999269
3665949
2560867
1104237
8168931
5291213
8930797
7393633
7075897
9730877
797157
5679343
1284889
6736231
182323
3410157
826287
7310361
5539631
5477809
2290647
2663037
9279543
3631581
6588477
9844511
3789127
1998569
1431121
4808383
5983921
4330253
9210967
9266939
5493141
547383
8295891
1320853
4062721
3841061
9697151
6851793
9630737
788741
2979243
2801071
4387663
6387633
5798763
154114887
4147259
7669743
5876721
5240713
5197223
7620457
5829689
2361061
1051919
5740911
8678159
9835531
8999361
9086079
5829737
1928269
995339
8792281
8796357
626927
2592657
270093
3569091
8884291
1244253
4423117
4299177
790509
562149
7858091
3921117
7307553
2247571
3146667
2593083
7128517
5508367
6634981
3282763
195359
6660861
3155239
7091319
7655787
3427851
855259
7353139
1010061
6865389
6783001
8981451
7471079
5183157
2529853
8127247
7874793
6952659
9332869
3291767
6064451
65663817
9703733
5556449
7287861
145669
7446187
9147333
3021751
2841387
2177031
5214047
4762217
1128409
1899169
4407419
7022709
7260279
2646549
2579239
6169671
2602493
9327799
1866597
151830471
9051439
2404703
5923099
9465617
9703531
1821019
9958381
401047
7993159
7606233
8457981
1447507
8717913
4398377
720071
58617833
3131019
3718021
6472191
2103229
6800661
26257627
2900829
8775239
6787099
1847323
7449993
795703
3062913
1593781
6776169
4139141
9876353
9339573
3360633
1402749
1251221
5146157
5442981
8470667
3789123
1711743
197523
4734973
164129
7207223
5335611
8928381
6416049
9712791
8693369
6820543
4466113
8008761
8603567
2029217
9006589
6841253
7937763
3089681
372439
1141089
6690501
2837599
1493889
9891641
4137389
3336251
7933213
4729977
7605111
157877143
96582613
8868621
7544583
5957847
1999599
6687559
1903817
9457329
5850209
158060853
8622193
2429069
8640389
8300999
8782459
793291
2187023
8108473
8117651
5402667
3152127
3788549
891353
4881413
1038641
8858443
8681379
4728693
6010587
4171073
819461
1636749
65767
5516287
8197839
328187
3914891
8176509
898107
1384951
6555851
6323151
6363919
609909
4494473
5299697
2303087
6472981
4991217
2889109
8657351
1140029
3752963
1503821
2411779
6427141
4145337
159088581
9134661
3558581
9977209
3755573
4126031
7671693
624603
4601307
3296739
4362801
4373071
8484919
7871087
5407937
580387
3055433
160881
7775931
3204889
9120767
3439963
5047319
8956213
3944263
8559251
1687489
4345111
9474087
9894199
124020709
1152161
2835059
8895729
9987567
5991089
7722733
9442543
8210897
1963707
5503409
6293121
1222467
1139121
4628911
1802273
7912041
190482381
8648697
5055391
9011131
3308373
4452311
46179
9859919
8767343
8723901
4129681
9644543
37084223
795559
8106647
3822717
7438051
5361699
159208439
3592789
5759437
3928723
1771077
2651831
9834393
503309
8217481
5554723
9614833
7532799
7078881
7968249
5471243
2151731
5995797
1199409
1110507
4668597
3520727
3774097
5840961
5243861
8351741
3091661
4734307
4609991
2862187
9860891
2338167
7047623
7702841
5763783
8903733
8373327
7127597
2807949
192551
2633047
8004083
1634279
9597893
8142159
9464687
9333839
704643
9578853
8504523
5151607
30662197
6837191
8141203
4270899
6537863
5790477
6395303
7552631
6621909
9022931
6673129
3879713
652619
5715397
6042291
4220233
9744833
9219243
7419261
7874333
7713219
5419003
2631557
176953819
8919667
5382773
4749603
7392589
1298709
5906901
8059369
7368797
2043793
8879433
5091719
1762499
37288731
3626657
3555661
5118947
9274393
5117863
7361849
15741
5036591
3659849
6970567
5932693
533113
7204371
5487993
3654101
976247
9530043
5071897
5255939
8305379
146932923
2172971
2417889
820637
5674637
3803977
606069
7483387
3269049
2012679
7037071
9298393
9052507
4984479
7251581
2682749
2282401
409629
6975749
7383447
5765581
17701477
4310463
1726381
154537307
7829527
3289659
1177589
6459789
633589
4458999
3407241
3002013
4054367
179817609
4527639
5767947
6481777
9112573
7455871
2978171
6198287
6894921
6732333
2064731
4076719
7671553
2200093
6436153
5101289
1543001
6173809
4076487
3425007
3730139
3052779
1651867
6797357
5669163
1948373
4334699
1777479
1794367
1317547
3591673
7338417
93665237
3760529
2389799
4250099
1631419
5974703
2272589
6887491
8235199
3338999
1065031
2146713
