3176469
5991517
3686603
4516143
1039149
2497633
7603591
5201469
3204703
6117469
3386803
4473451
8462687
7567779
5407509
5621993
4023439
9990759
9213539
4906393
9952943
3983941
9658093
2099327
2201521
4390501
3714417
2415097
6006693
7823707
6268109
8787609
1180959
4350117
4963903
1296811
4683521
3527467
2868987
9913099
4627943
5633317
5405253
4847191
4527253
3258349
3877739
1300749
63790833
178619133
567139
6700679
3816913
1259343
3849389
2050307
5553487
4580173
1311651
980407
6356557
6940211
7526307
8740781
4636999
7630723
4297287
7606567
4987103
2361109
8851587
4474611
8354109
8631861
3830611
5185193
2000609
4561721
3890431
3138299
151921817
1842851
5714131
6796783
948931
2836991
8561483
8292667
5207071
5968567
8564447
2282949
7338269
5744981
6275591
3459441
4029531
5126813
7751173
7919841
1760809
9598169
921087
4485359
7252457
3593899
3942373
3158049
8542673
4551203
5645979
8746127
2150069
4709143
9257949
5759331
4155659
1866763
359279
3233443
8586611
1391849
3414577
4786407
3685099
843243
3726903
3556531
2794847
6182381
8481773
8635411
7480859
7010489
8128667
4935143
84765371
1276611
9731023
3907757
35488693
9038679
8318477
1914613
3657583
9460463
8753691
9195251
4377537
9389979
1618697
3143469
4165231
115353
2629661
7015371
5628771
1473971
7803497
28063773
7157531
5430711
5034119
9822061
875603
107918853
4353177
1081837
653173
5826793
4637263
8316491
5918989
6097479
6632873
3499373
8647997
6889259
3102589
4940429
1716639
8025749
7308093
6451439
2052259
6148403
4734743
4394291
3301901
4616241
7196013
5350953
6840201
1091513
6732223
4353123
490093
7294979
9203659
1519877
6860711
1959249
7186801
1947023
5081637
2567247
98274609
909877
1723113
8074419
9350057
3712899
3019803
8083533
2941161
27392467
2262959
2054161
1078987
95470011
2016341
9933099
8355007
6459141
9744849
540187
6963061
1689989
730363
6093853
4442589
1922781
6367279
6656041
7750667
2852041
9845407
7585657
2123171
60850689
6067793
30347
1960983
3749181
4130659
2073231
8485171
5665569
8210717
199773169
5906939
1302041
5921651
91215029
227039
3120703
7679777
5627193
2623441
82560343
2594363
825533
234823
6946483
843871
921953
9594761
4562669
8904861
6699651
3463211
8957509
7173377
9312953
6075329
62265753
2162151
2234251
5165903
6817797
18729
6490463
7445431
9092961
6747657
7056677
1408049
6427537
5819297
2172647
161178681
94397
6782203
9418263
5483447
9215999
7117659
112917
7154899
8306141
3540451
8079301
4612523
112969
3751729
7036807
4748399
63204393
9787883
4465903
9170991
3563023
6205137
1600191
5787973
9504791
7413241
9801841
1801209
4856279
25953
5414653
3443499
1101581
776043
3198369
357153
2464783
4522241
8202333
5641071
131331
6991419
5415727
1138509
7454701
2908429
1952347
5660621
8867071
9392377
7923499
3425801
2400973
685431
9851913
9647367
893981
6387787
9596663
3379529
592671
6120723
9642947
86112647
5505397
9429827
3943051
7050061
8378379
5340721
7053923
6047449
4476021
5287777
7020881
8361367
9224403
7478057
2174173
1811287
8247639
1328799
9933907
6729877
3385189
2490083
8392251
1341631
8406467
6886281
283981
6926031
6937093
4309029
8193687
3376973
7572287
8335087
1555809
5784719
5908607
1927441
5557937
4941769
2691627
5091643
9187971
146181
4828369
499669
3115807
637471
4991683
1085799
7363619
8561979
3272053
8026423
6078213
6216509
7593401
2050001
1792017
3004189
4888519
3656309
1702363
5367349
5138279
670113
9450729
1412671
4590797
5799579
7613961
884417
6813001
9409867
8448999
4599457
5311879
7365149
4751751
6370589
9671341
8658703
5018851
6742139
6647087
8834749
8372753
5419197
8051757
2151881
7828047
6632323
9435091
4518491
8744249
9019399
4460223
893913
6605563
9860381
4104481
2829163
412939
6305389
8166163
1528539
9811183
5181393
3256609
7239573
8541827
9153937
8161853
662591
2150017
2482333
44773747
5809083
6782247
954253
1598811
86264249
156201807
2427339
9039737
8596463
7173663
5080409
6352203
6253977
4400107
5379779
3487447
3701821
8707587
1434399
5625289
8799671
4107201
8398111
1980137
8844073
4348199
2882269
5691727
2404413
3802413
3095663
6279937
1948157
5261843
4961227
191248489
169851431
4535637
4901821
1149129
819611
5249747
904621
6282891
1945097
6928089
6132153
9137177
1503201
3355413
6203159
8473007
12970667
8740741
4990633
9526973
9068139
8784347
2708479
6974059
5869641
3744567
7749499
1906623
911101
8125843
162885599
2805169
5213481
6498599
2669607
132300653
2076251
2090239
6194539
4967409
4617897
6102229
1502307
9924809
2420493
2476831
3770079
6070289
5004593
2623799
2257061
84179617
1436499
335557
7553453
7206267
2021193
6268837
9046151
4423901
8289217
3184813
9636939
9279707
6052601
9061203
3923021
1709701
3769333
2041571
7660643
65232869
2043957
190711
1927539
8346913
5098699
9998919
3198511
7363329
890809
318373
4058071
8901247
5045459
1240877
1994411
5158367
8247803
5121181
967817
4545587
5815941
3794777
1313529
3444349
7149757
3615297
5129687
6441347
5049571
6881091
3126591
7310007
4959323
1675179
178974233
1015461
420949
6158491
5406271
319063
9725657
5112709
5689887
6447753
8624389
1662551
243929
7661279
7686447
2464657
8281131
9178733
3093459
9283421
3751097
9002553
5160761
1493987
7117253
854827
5682981
8054839
5282761
4161507
5606681
84112331
411031
9559739
272511
614851
4594419
6826119
1187717
7490333
9077037
3426267
65014129
2432791
970711
9778867
9750963
1633611
8006457
2840703
9206757
7973539
56662073
3387013
3165739
3715487
6365859
9305003
217777
2006209
350861
4017547
2804479
6291447
8598861
9438121
3670417
8739133
8293183
5490407
7500867
5031537
9278691
2667573
4339741
3962743
4417859
4275551
7571809
9667673
9011967
1699837
180065427
850259
2986179
7154367
6864093
1147239
359561
8528109
1194459
4009127
5362697
1877607
2830017
3246787
5540733
8934909
7058593
8683571
479743
6623127
340037
3230397
2554643
8199371
38151697
6951329
3095831
1464899
9274931
7750299
4705283
205031
6347499
148141393
3785501
2687943
2286171
8155271
11579
6634751
3352713
9295809
2032253
5191277
778531
6777299
7242449
49573
9663681
8474999
8099797
2913591
7491993
5267609
9245703
2944457
4680409
93645733
8455447
3419953
350017
7304503
3831587
5174533
6621723
8773653
9942851
3543083
4925307
9747213
5575991
367847
5522941
7922989
365563
3783421
7106937
3609043
7623749
9959831
9832033
5514937
4301173
946927
386193
3763967
3018887
9733041
2757057
7844169
383279
2883027
127313567
471097
1604107
4230327
7176317
2378397
5466613
1738619
8724213
5302859
2839639
5397331
4157369
23953423
1302223
8957001
3487033
152524013
6410187
