4824463
4628199
4613251
9022707
841267
7813429
1905257
7309523
9826233
6028393
7857547
7934733
9426231
7933483
8464599
7553951
6306117
14569
9491129
101527949
175674253
163598311
6917413
8889803
582391
9369551
136032777
7549263
7560483
1496663
1301983
4380501
1352683
4295769
6261029
5556123
7720853
7177413
8756847
6629637
9378303
7547563
1026729
320399
7929697
5243541
3609281
7661561
7789571
6811737
5398513
4362627
9971721
9194089
159745837
9182361
9349101
5329423
1072483
9299029
5153299
1240339
9435901
4475767
5990017
1789423
1162401
7062517
1088461
1864899
4031309
5198893
8864813
3560343
9562939
42899433
8825237
3163663
2050217
184624897
1760313
6930757
1563767
2043477
5989389
5370307
1868727
4063527
9388491
5124517
4102823
7584821
9618869
1524627
6306333
8195117
8499211
8380319
5546523
4599801
4504669
172932357
9652651
2812363
1649099
4055757
2549491
4424649
6872969
7839529
9373423
6622893
7702901
5008503
3420591
8734747
8067981
6980371
4793377
2568257
1219579
6675007
1900711
8766543
9280303
8117129
5219843
2182717
5409063
48022647
99730179
6497489
4570181
2960831
8357251
2796771
3070623
6298159
8691147
1290611
4655447
97979
3595039
5445041
8962493
8662083
1255621
5598161
2894751
6190881
6524253
2876691
3188301
9632949
3621883
2624079
7246057
2240919
5764819
9440783
3684707
711957
3165421
1111377
1440647
9036583
6780997
3419843
4104677
9479493
4940273
6944573
2375183
1418907
8925783
9328923
1376753
2438473
3748401
6998749
7105079
5187381
7639103
2771187
2345341
1903233
7264161
9374843
9568101
5995189
2882823
4811427
5396297
9335363
7283687
25373813
1797261
495563
456271
2193437
2005799
570047
1097599
4359383
5903741
2850439
8869603
7161657
2977507
9962583
9764399
2169329
2587719
665353
1402539
771351
3331901
4859201
6615039
493021
2412971
9231671
8202243
5327613
6765237
2032217
5277219
9400359
8802063
7994197
7680469
4847531
4233397
8167849
7943491
708733
5126899
8693151
3935331
770521
6780219
6769363
2826149
1295717
5655077
8527973
6908379
8668389
7828973
97099203
5963343
8452981
9587731
1775307
8373263
2281197
8552701
1735301
1846549
9496343
8312397
5212937
6687767
4675789
5480759
8985621
8454243
5169757
4126263
2809257
1209429
5735347
5018899
7432547
4305751
9908371
8479699
250479
3112023
5415061
7922129
163459317
6366393
4518247
4898371
8353197
9664087
8252933
1471623
3258297
6274563
956107
4803753
7523463
2643859
9747373
5849403
3617111
5092331
6885723
9640543
3180251
9157519
1433719
6569099
6363569
8294441
1114093
2319713
7354453
2714391
4520627
765199
6623537
5365823
5356997
2116327
8035491
1148857
8531477
1566717
3525157
1779497
5836393
3158217
9342267
7871549
590533
1437513
2446457
2398851
3932881
175636877
6527339
6549719
9133891
420467
279599
675071
2816649
8299983
3635347
7703307
1516913
8423469
1974663
2981061
4728543
5484167
2427753
5137931
1233559
728489
6883791
2785051
2105373
2876349
2275251
4776617
7400549
4938837
3198839
194396467
3134153
3363533
4489901
7026413
4792167
2345487
3957121
5371389
130712313
1117939
3275751
844791
7329701
9674683
6803779
9531513
5071609
4735533
394271
5298467
5730427
8886107
2607987
824589
8594097
9846551
8015143
6126251
3860691
7989979
7631347
7334753
94072399
9089621
7472993
9099029
454497
7456111
4138699
7089937
7926489
6895013
5983259
5681489
1484837
3520501
128897
8405367
6690917
4419617
8160011
6229069
7022863
4396173
6723243
7998149
6575241
4747063
3358581
1870179
4681947
8949129
8715859
3337641
8296499
5445833
2462857
9721077
9932347
4381559
1067971
7295017
8858127
5937761
4932471
8974069
4223591
5797489
5043661
969827
8599193
70629291
2932467
2871849
6598083
1878727
1532079
5165947
3692299
10636113
3498613
3494489
6743189
3218811
57671631
2805529
5596227
6119629
7850897
3009687
5767933
5537923
485949
6922881
2371783
9743811
4506051
9251737
165394679
8586427
9011043
8385283
7959687
197673207
1410791
6192039
5200521
5752429
1463409
2028991
5417621
7643407
7957651
5211199
1081599
1754007
4967677
8156669
5509421
6654179
2902937
3168919
5739553
2876247
6682869
5286437
9447187
515483
3440759
7091423
8412771
314677
8662369
6564051
9878171
9077037
7889459
75086187
7669461
5106743
4385141
9416957
4394151
7280929
904067
207671
4487321
6522871
5272379
6114423
131965303
4733449
5759047
4453169
702453
2009763
3237559
6520549
9318303
2085243
9701817
8048769
12119767
3614831
4554077
6052203
1972393
1367931
260799
4537599
1035031
14173
7846687
6185047
4692927
1553263
8214493
4686853
32813677
6619783
4455993
6958017
3318261
2270977
3493403
5089463
6746221
2737841
6854973
8356971
3628821
2774281
3157337
3922433
8897973
6023317
9188447
3230127
6161743
176222063
9136459
2068513
538689
405697
6114237
159570529
6970089
9955867
6980493
9564297
7705693
8012901
9382207
7440357
1232851
9683377
6412887
5569721
286149
4198349
4075651
9716767
2333039
2883657
2051319
6584241
7393681
4713753
8662993
3532221
6323819
7008841
3511393
3329367
9159787
7203779
1623589
8263973
6521107
4610389
2684397
9965677
6099519
5793809
5745821
1348963
5320513
3959247
9996039
5161383
4781669
2935893
1913361
7230111
1445049
8837483
9915549
510301
231453
1460991
6542439
1370251
8275171
6714969
1888399
139741
9920229
1834907
2083249
4658637
67877
4051307
127273
2976631
7772299
4275779
7140141
9899291
2249587
8936193
3352821
3147979
5363949
3097807
3694071
5132007
9282497
6176897
1883607
6320853
189237721
231669
8746221
6168863
5891753
6478159
6842967
196365451
2584047
5371529
9065433
4870273
8644747
3023651
4824111
4359767
1836923
462921
9836789
8488069
130661
8645319
3658743
5396467
6410229
6295291
7924063
1475211
5207731
9810137
2553489
6565049
8631029
2446387
1369887
2221623
9844833
762747
2515877
5634847
4661219
3670917
1800207
1455779
7567697
5682127
3097877
9013449
3918953
153950413
3136369
9041977
2133919
704679
1073109
5750563
4056699
3442151
5511073
3438119
1599417
4981731
665489
6694277
964453
1037851
8043227
6895679
6414877
4813913
6615879
6749683
1719943
4696499
7147631
8778001
8486037
680479
5253579
8464919
71760193
5781583
8197239
2014921
3066783
632051
797119
6742061
2688271
674147
4469153
4244497
8510461
3332623
7866149
125091
129578101
875381
7553289
8642437
1721737
2759737
8495633
8025497
1518587
1013571
6721043
7393951
136470701
3315811
2582849
7347199
5172221
6416253
7112799
6631501
1409073
6183611
9731699
9493279
4453971
7503651
5737239
6805321
4386967
1153493
1995331
7315051
6701783
