5807263
914909
8923327
9028529
7274923
9374493
2297619
5393661
63827113
6735099
8484969
9651621
2543683
8237707
1530691
4489993
557579
1945959
1856413
5266427
5788129
4809453
2360983
8347281
4196453
4582813
8410103
9052587
1777681
4352369
9621583
6236929
4277331
166001
3999437
5408577
743407
897781
4387487
3353393
9895259
5212161
6559529
2293927
3342929
9146219
6773947
1153429
5870637
3797913
325367
3129949
1648067
5542857
8771521
4203003
9927933
8089443
4712711
2782363
8203421
855429
8322499
7218959
1782797
2455903
4716413
6363927
153526623
1826219
2559017
374321
6460617
5748827
4841019
3793307
212521
6330609
5233573
3533913
3931881
3273769
1333163
4538133
7708833
1302299
6617317
1219059
6954409
7508069
7646031
9783553
755069
9135681
32583353
6642753
2474611
680101
668759
9542361
9782641
6598813
438623
4227437
596011
929763
6431181
4575741
9564777
4628079
8394249
8000777
353083
8060251
8925853
6118119
821971
2278557
4703587
4602871
4717953
4939987
8198317
23533611
5710871
1356431
8249633
2708297
1390831
2459293
9127571
6168189
6061703
14241
171216241
2882871
5379497
9405581
412873
3673601
789017
9912139
4572077
8258373
6933807
3156007
9860597
2665149
2122351
3087811
3865729
69953499
6679243
4965681
6539457
2843469
5486237
9394397
4688199
9618337
800393
6297441
9553573
8938259
987539
6437699
3714479
8908847
3425161
3638919
910713
4223943
5200343
6078509
9326701
2758647
9260601
7607151
8388303
6107919
9359133
4513593
1128097
2671309
4115103
7244039
2567809
4763743
5953829
5371763
8745703
9394571
4053377
8667977
6594057
1572809
8302381
6876311
3181923
9517897
702423
5370923
8575913
6897027
112215787
8923923
7572671
2063827
845763
4964737
273367
1000973
2639363
2897147
3015281
3889391
8576041
1911703
7082639
7661509
4138421
1398321
2648069
2096723
59358151
4403079
5082661
6180397
5731411
1905421
6616933
2124637
1378367
9480513
2126827
6906423
175511599
7700193
779517
7131537
1966843
213889
1807903
8460197
7367751
6229837
1121237
2974637
6084691
8468897
1741171
2822871
9217719
4843917
2473311
8441171
3238677
6292523
483333
3696689
5432873
4027127
9692749
285011
9698719
7307039
1042691
4134263
1571143
8277761
3940933
9695077
3432641
5342869
6246419
546363
4402063
8148741
112003
9692001
4426853
6277641
5623711
9079311
6351047
1442591
5233199
2803621
1796641
6249913
9872289
38513767
7552841
2381959
2716501
6882223
7665797
3975953
5137881
3370367
2945093
39012397
2100253
1465707
75060171
299503
5403411
9948227
9443759
5325091
483489
9211599
5751523
9440571
9360449
9970809
1625897
50523
148266951
7793553
8316003
9522867
7892671
2506591
6975497
6265181
7264867
6838191
756103
5219061
3263031
1984091
118253517
6500519
302193
3665217
2847777
8504433
4032139
7340487
2886449
256331
1951523
4680241
75453
132524829
2321077
105365981
955009
3412343
3306907
322473
9329991
1147193
9265673
7149473
5812417
7546099
9788467
4531759
1538299
1477343
4853861
4030899
7565323
6576921
7149053
1343173
2804411
583357
2045703
761237
7093441
1170721
1580113
2544651
7842427
6383027
4705337
653933
1383493
7084887
2337799
7963853
7651213
9668953
1619691
7317271
4204369
5797337
1686747
6712439
4394903
8948569
518417
960437
6183451
1580879
7626809
7463573
3489011
3761759
2730827
456049
4522909
8300201
5219533
4684111
787017
4709679
7344623
8083161
3473077
8554123
7712869
1312399
9535601
4786433
4828309
3243987
5996651
5385071
2197299
4320549
6379293
8163017
6303871
6977721
5402963
2079617
750597
6987747
4898239
1767783
4708687
8622537
8442899
7066369
6319067
9748397
5724299
3921861
7472551
197429
2376917
2012941
7637597
3583649
5986431
8961541
8792527
667367
183377393
45949589
3579049
2844521
150262731
691161
1547873
2612439
611659
4871151
8814329
3298727
1951549
9039349
3589167
6190347
7013563
9584293
8993167
1951307
3295547
986873
8859611
4247459
8793193
4401173
7335493
2741367
2016899
914527
5385879
5253823
3159803
1476341
2912027
4682879
7608647
3660471
5541203
8612291
2085013
9285051
744269
4601513
3874769
7966039
8031723
8287189
5118463
5785333
1016969
8850837
3805191
8316841
8714437
7385919
5639171
5175713
7928561
4587111
9878361
1325011
5922483
1989603
3572473
4754777
8111393
8963311
9987481
721311
5398831
7080453
6870219
4730499
7146471
9077509
8015271
3222697
853643
1627601
2112417
2205923
7862883
5869543
6354711
492959
2762697
2927367
3747051
2969999
284031
4345311
4783429
507513
7124063
3730087
1714163
2651911
6918849
5398869
5007321
197951903
2136659
3818167
736039
2593011
9066017
1695963
3929
9947147
1653699
1338663
165106567
656599
7336039
3085737
2519309
4007827
417709
3412799
8278547
8233887
1653423
8174809
5560411
392053
8781791
6261659
2132227
1440019
1190271
5110953
6763473
6809273
8581717
54851
7755983
3369841
4596027
9049419
9432771
6393927
2893973
8131549
135697
884597
132034123
7888219
6825813
5335981
511167
3219737
457849
4783917
8247683
4245729
3563003
4538791
6590741
4539341
2832037
4961141
5405599
2532903
6653561
1757343
7604159
8950167
6929739
424771
4308373
2224581
1266499
4281589
7056613
9320491
2961029
67307
5382241
9463539
7257889
3793447
9009533
7837769
4850153
910227
5586791
5994329
4238359
2252837
6158441
5346681
7909703
8781011
34352541
9987123
344729
2512233
9100531
4846001
3670351
1583867
9649023
4253309
9284047
3919911
5744907
1599249
6251917
9612021
5100731
5888877
7335039
8671089
9208051
8951359
3427613
9447967
1266201
4411439
3468001
6544967
3611851
1673543
9919849
631817
8354093
4506921
2294797
182283
2188539
472951
5391057
7682669
27011669
8119369
2844619
2849001
7623147
2595419
251137
3826919
6309749
3434009
661607
92188899
2755097
6369449
1024599
96529217
9692367
6459731
1098871
9713609
493079
8546689
4734029
3243253
932619
922629
7911119
4958229
9691433
471313
2114777
565283
1517307
6322423
5401079
1299601
32774659
28256177
1172891
7430211
75921
7567917
3783783
5652629
3567767
9180519
9915527
1062167
6964787
9718733
9559061
5345083
5968751
9010437
9119829
8811421
7628557
369309
3309263
3906083
5957347
9531701
1814137
7518423
8919099
247697
9723309
5879417
2849671
6293823
7819399
5041511
6443987
2728861
9821103
2545087
973249
3569069
6107657
497647
6726691
2854321
3371831
3107983
9775907
6056779
2283221
9376163
1240171
5889497
9687899
2424329
5286559
1841387
5539779
2529579
752721
7999903
118713
9551267
1061761
5779769
9775477
1482099
4209731
35503711
2825641
