3276787
9470527
4121719
7837183
566753
9617081
8982577
9101949
8145709
9244399
4593981
8252279
5655673
7210077
1519517
5565419
4955197
4687449
2737399
3246551
12227027
7794683
18290387
6571459
4612613
157241991
1975947
3245563
9456621
8036553
3604483
2129329
8363523
105369
3627943
4521209
3984867
2962333
7462373
3531033
8519209
8717809
6416301
5973577
8164661
2880643
9972733
7729829
6212259
6113781
2528057
8568139
7357119
8200953
9923517
4597893
7421507
5291371
6036617
2326607
7025377
2477573
5968907
2474699
1110043
9518237
9658163
2011011
9223793
2713621
2337927
2420597
6575337
4335419
2529789
474023
3607787
6103967
3070753
9754783
7941371
4710837
3886559
7159703
4492701
6015873
160578439
6043521
8503591
3220557
5555059
6908037
4630333
2469129
2748521
1101943
7933299
922717
7163757
6595683
8485483
1753553
2408809
3675841
9250639
4675519
3129293
9429709
2523633
224963
4234401
4468287
758073
9510537
9293259
6611677
5990103
1001883
8503433
57935233
108649
1149911
1516467
187677857
7898641
8686929
6533169
654267
8747589
6473671
8804761
3437113
8264457
164074749
6907723
8129387
7067629
7697331
8606901
9370713
6464397
6837683
4240609
8782269
542613
6344203
9656403
4089827
8214189
645607
317573
8886281
7175177
6255549
8508907
7136897
6051957
3465767
3315013
7817849
8959831
9616941
9186493
2438929
8025667
2841909
8285079
7160021
8070047
7031653
6217431
6294121
3325671
1192207
9926009
4774151
6580403
3069293
1464143
4106647
7588893
1229023
142841
6949047
1922043
351413
741249
4482239
5492231
1234423
4370887
2704069
699197
7911699
9262463
2319673
2571621
3266347
7249093
3763783
7746803
3370837
1654367
4329129
9054329
2103361
1247087
1409683
9640651
7955377
5878021
633379
953943
6283529
221637
3422237
8553857
1801637
1164721
5780849
38049147
1546369
5973517
3658577
6650273
921229
7030953
9122683
4750077
8128451
149242969
4953001
9774543
112266197
6788591
7259289
6783749
6810359
8312827
2039847
3073693
4056867
8486289
8041047
1326089
6698301
9566077
3420653
814459
362621
9116451
783863
7984943
6565537
2998629
7703771
4714413
6092031
102015017
8304907
5782299
4832043
9276119
2018279
4895989
5982601
9097667
5481267
8216813
4239491
8177637
8746593
8684007
9693899
3174897
804753
7133041
2649
76690639
6196491
5583117
6242069
2038429
324707
3348357
3161291
8084941
965697
1956197
1335021
694021
4158083
1434313
3180841
8930533
1570973
741421
8714879
8036009
8380309
3243213
724641
5104103
159543
8580139
811009
9087669
7523207
3126659
8366613
3538093
33003713
3556601
4859743
9529197
792171
2573659
3349359
8442691
7889029
4811267
816669
6925469
7774883
6612679
1976017
9112217
802839
8459477
225519
27881
8615549
8285493
9677577
7531761
7972761
4218529
8731831
384723
4479359
6437289
8182393
3863673
9897813
5399903
5004983
439699
1748657
9110437
5281513
7775259
2217899
4585703
1473977
3099401
9358883
2398331
3952003
982479
889599
2578579
64629
6329421
576701
2155187
4833261
6481587
2143407
5036757
6733417
7686989
3685711
9963823
5018169
6964431
7484161
2407919
5634481
7570171
419951
76988377
6220261
8483363
6835979
3684187
9583089
3928433
5864293
5809427
7471479
2878543
1744817
2131529
4482937
230263
93886599
8386787
8342731
2804073
9493611
445673
6569121
8315061
3726867
9150667
6428731
6834793
4545079
8422931
3778181
1395481
6198161
8618647
8787147
4573861
9023973
5425983
7186679
8869069
4176139
6400659
4147311
2483343
5671779
5471101
6194119
380601
5300187
6392669
4860709
101887
77745657
4691399
5716171
8921979
6484203
4749471
8162311
6725583
2875943
8519431
128639
585483
5724757
367941
6597739
9412309
87108481
3855881
9386431
621399
2400959
973839
9184823
9821263
7195687
144577123
3206063
2241207
9768507
9484431
1299193
6355659
304259
7767871
2141189
5734657
716151
9494613
949863
5548931
5457531
1973861
1709241
7122377
9529943
1182587
3582451
9969583
2572057
7264957
7910521
2938881
3590011
3671463
2729053
6951163
4822589
1060731
1573217
3427561
3583239
8051151
5225483
3699899
3453897
2249557
1799093
1220059
5869263
547279
2923843
1881277
1763147
9692359
3809931
9773179
9968699
1184181
1622027
1843157
8474607
7402977
4287749
133579
4545673
8866149
2431519
3940993
2754639
6338717
1066323
6801027
6644501
5600273
4477
2033101
2175523
9276027
101401
5329431
3983393
3910379
787959
6696421
425721
8866987
1060007
121478351
1665767
1146427
8441359
85207039
4518697
128079
762327
9888249
6433743
2523997
9835499
4013479
6616099
2971653
5719203
5081193
77431
8054669
7632561
7166013
1473159
9272379
7165189
1677871
3125919
6291359
1227511
137869491
1742609
9357501
7097411
151615219
5685513
5875209
8315047
8219949
1025969
8794029
6431251
9371187
6837183
3367929
8295437
7109073
9755011
1281777
7321479
9324463
118595509
2911809
186557583
5903617
9945767
6921911
7402269
6497659
506497
7299091
4559021
7354283
3718957
682037
5703823
1286139
9816431
8725523
4670481
5720131
5917769
9870333
7866457
8285739
7210629
1892181
145987381
5520903
689051
2971901
5583891
296273
4575273
351977
7374791
1609103
6370167
5893773
3171949
102053
3857921
9216859
1905379
2756283
5803723
7253699
8149419
8893029
2795069
8959297
6945149
8785953
8778051
3184843
9980353
1745831
9011027
2676807
7698471
44053511
167562553
3195657
7318563
5441487
5320739
4609851
833517
116648929
2225737
6167577
3525303
7675643
916969
160546513
7597669
1411139
4978843
3944127
2672517
3793119
3302417
6407837
8105513
6806641
7899407
7050993
6028491
8150103
1850389
981467
6209359
702997
8931013
8395269
558543
867633
5161703
9623621
7228141
1963511
4935161
1424263
9624637
4421907
3149917
1881319
7194799
9051029
9098449
3193447
4374773
9396749
9387317
6370309
2597387
576241
2385873
7837809
111423133
4450613
2760493
2566459
1680957
7208977
9791091
2034259
1041893
8580419
158717
3166791
155369007
3571269
8199301
3857659
489633
7425829
7583827
3822463
53375157
5450037
9357613
2703483
2581407
6334909
7994371
7500011
5360027
13943031
8337979
4049693
5279877
307227
4875219
2007717
1196687
3265281
1823091
4175389
21875177
6770707
7130879
7464289
8256443
2973573
799579
6404753
5880017
8013473
4749809
7103923
6792643
9397781
3122317
4045221
2547261
7873513
1845937
641361
6300081
9981361
5741441
9343981
6684231
225287
5983883
536999
9139083
6431359
1820449
3867999
2694799
7347411
6610311
6622697
7824851
5822219
499839
6922651
9933407
9294187
310131
154001333
7423187
3752153
9934457
6247747
5933109
9532071
7585863
9886293
3090799
932003
9302653
3588449
9685253
2552391
8333397
7568147
4586687
6498729
6771133
7041159
9819869
2403157
2220847
7993897
1185709
2992991
8027157
529027
7254639
1675539
2266693
8543501
2518301
8993423
9711347
4361833
3210989
4435897
1672801
1821949
2675911
350627
7546159
9454551
4886537
9730353
3939511
8373899
1369759
8475703
1874223
9172517
