9692911
2558957
6018753
1745231
5011573
9812489
2185991
8880697
3636757
9369141
1595347
5265717
2796451
1597769
8692597
9946557
827049
3385973
3518163
3710679
7689879
9645711
2799663
7959147
1473743
5094711
3386067
3716391
5349099
164204319
9106397
8179847
23471
1800127
7692093
3807807
2049761
9977543
65503751
7134033
9225627
1251781
127213867
1844637
5202027
8638089
8354963
8307133
198129
1770759
6608143
5854617
6683219
9910977
1878391
9531897
6322627
3927383
101849
5033651
1190909
8367699
1596191
4133657
5824859
4842267
3763227
8966719
2618317
7817739
1166309
2861599
5776171
164991
1164251
2989371
9784473
2702697
7414981
120212207
5909037
967287
6734069
5148991
4989607
6654209
6253949
6802703
6223351
6440687
8715253
199622347
8194867
1319877
156579
1253057
9129273
7999187
7870937
8554561
7126349
611267
5826617
8327613
4156057
2913851
3612651
4711157
8450057
5242069
6217583
2602899
4972329
8915141
6941657
6265593
1555289
6511267
1234757
9716879
167123943
7332849
1560827
3928919
8930759
1194491
8264973
3149163
2556917
6659201
1808453
7915927
834863
8801289
1720907
5924751
7688663
1995537
9347411
85161
1890327
2583953
6153069
1554187
2857577
1334697
3270913
6298777
7646061
1424317
726291
524467
849719
7174403
3474187
8943171
5694407
4437977
6878851
133911
651671
7294787
1453467
3684413
8878723
59379
2175367
5888209
164085533
6900057
6053213
79485559
2417269
197314983
9803517
8051511
13991
6326801
4779321
5863759
2324597
70961
239967
3151193
7630499
7589347
1311693
8014153
9441931
3778893
179586909
1959643
9412479
9598689
6890797
1491187
732767
6771249
8779583
8286011
373157
138413809
1559087
7102701
6791283
6672461
5082417
8227917
1061373
5419769
9274479
2919189
133183
9803661
8113893
1004497
7367153
526279
269973
9153653
112682151
9390111
3703449
2604937
8211293
7091571
8226773
9561569
428193
3925479
4442077
3704563
4861227
8143133
1716161
8719461
6619551
3204947
391839
352993
2970279
6288831
5557907
4197587
70779303
9978537
6650981
3764101
509113
2371167
9147297
1946719
9175901
3426303
7457009
7672519
664021
389449
4276143
7046327
5833891
213813
9425467
7633541
3579477
4694357
4811997
2713999
7916923
5732393
9423173
3151421
3969229
5207811
5578113
2782289
635241
2950637
222187
6037103
6507347
3317811
964351
2124659
2294063
5550571
9040623
2192279
5350611
3956133
7312739
5298787
2559249
4459939
7791187
215999
5534727
2092799
8112943
7408737
145309749
4248881
3224169
4500313
6634093
5893621
6112059
8431901
2258659
407701
7628779
6509231
4719021
8209483
6402347
3100133
1950389
6965619
2264569
8512533
7825131
7899007
9031771
4396837
2235941
4952773
176335771
1808097
710139
3932203
6489511
7023319
3403417
766353
8471257
174735413
5439929
185243
192202303
3645787
7628951
5777027
9359179
7761021
2260799
6555413
9462003
7547601
67010699
549283
3164971
741493
3103237
5843123
1293797
9177843
1009843
8640237
1216901
4785309
392671
1745979
9404053
829251
9444799
75933611
6451121
9161477
6659887
3108023
5813571
7254641
9237029
3767737
1099577
3746011
9961071
7062719
9184869
114903177
2404503
2908867
7768193
7500323
8241713
3953627
4482447
6681741
5635131
733883
4919747
6767303
4900269
8114607
9400443
5667417
1109383
7216873
2728839
9034759
92300527
6015971
3584939
3937903
4625279
7106403
9499451
8076751
3795061
8166139
5478019
6241491
7259209
2631473
102667
128941127
215673
2025473
4659683
6790613
5105181
2083377
4781357
8659263
9547551
352857
1847809
9394951
411941
8669401
3713497
9516163
5979781
9739269
9749771
6042947
6675587
5659787
391251
9120363
112705489
7648503
9097489
181305617
130521
438397
5794363
5967899
137612229
4671423
2678331
4262937
623603
9218823
7662963
6429857
6219587
6940337
6056503
1868099
9896643
3793111
7655521
7804521
8538097
2485421
3921399
3387503
4371811
9063889
6020563
9954153
2152261
7236329
6966499
587513
9785721
1479921
2874601
455623
1480207
6195439
8039343
4133931
5720133
8150763
67239643
7613581
9899087
86426357
2614867
8388779
3550879
8087123
6151283
2939961
63503791
373407
590409
43546009
4959491
6947333
9636359
1917663
5449093
7431313
9373421
9630027
7449947
3160113
70642657
4776271
2494253
5533347
9323931
1087941
8246871
6605893
9139521
9212921
6132417
1499543
4276313
7598069
1313211
3588081
2551721
7306387
5080609
2362903
2591083
2675777
806939
5050311
7810819
2802717
797347
5422599
6578291
7656069
1592211
4692329
8073329
60716507
3528737
6639251
404477
9812163
3365143
3010587
8126737
3385689
6423001
2324677
8828381
1016999
9555989
4543611
191601
7573889
6844661
2151099
5748663
4506731
2896907
7242697
456807
8570551
7276549
2162003
74149
160533671
3737601
2685419
3310323
6066363
9983591
2922533
4454171
6396221
109086967
5416559
9713233
3156539
3223717
7829001
4871501
1745597
2933467
9246441
8709733
1908607
6937997
1588039
9498367
4502477
419509
2871471
6494673
9982937
5352733
4082189
1782053
8523211
2267321
7314623
1644481
4578361
2187597
4649123
7817041
1226151
1716561
894843
5543963
5209271
3674877
5533767
1457189
6156159
2085417
3412989
4053987
5355219
1958963
7472493
6412997
3779589
3227153
4482301
1435143
1805759
731397
8680969
4676531
8314253
8044889
8314911
7674901
739633
299581
6484091
6869813
3229513
6386357
930597
250697
5378323
964279
3788533
9489931
6899073
7524641
1453761
9002383
7293951
6844037
8299729
638743
9915981
1580649
9162489
365853
1821091
2374557
6508547
8219111
6952781
3898909
2962403
7421471
8282013
5753429
2759907
3030277
5513839
4266527
1641271
7293741
8389709
5904467
9188501
8000241
357301
7984093
2250393
5570707
4309263
6244289
8257813
8822549
8299387
305507
9587809
2739321
5831651
2312829
9778987
1062699
5826453
6849513
4921223
1267073
3079239
1581999
6800677
8514653
1576641
7567789
3108973
7374517
6711987
166948213
311533
5534301
3295897
582313
3161177
6434021
3170299
8859803
5860311
6763741
6263669
8638841
4687271
5427943
2672909
1759229
188764599
6192191
114192149
7615887
9016787
4296597
9492681
2585937
2771451
3043831
10799173
1943037
322467
6963579
7431309
5374707
7362627
7203771
6557027
8460039
6592543
8165639
7347367
58000051
6951327
2689297
7886081
3733771
5878577
4402437
7460787
4959817
1606877
7865059
