195067
8461843
8394219
4237833
800481
118527063
8054093
4102651
259943
108897
9882961
3223657
4411977
5441479
7922609
7929803
7893847
2813933
4912583
3422029
2593621
5030413
1135397
5106039
7472017
9229669
8201861
7642443
7529239
5998747
9805271
248069
4459307
8941237
7146427
3399821
2466349
2894153
4670369
8612533
3077377
1692043
167479239
30106063
1785167
2992497
8025069
1140487
6466907
3115867
906631
1763959
3608739
7273897
5153841
2009479
3186771
2786653
6602489
8429813
9023617
357471
153214753
3244441
436529
5786577
4340607
8661847
5605707
3278257
558421
597819
3625639
6862991
3757931
8323573
2677101
6725959
90205361
3907327
7962877
8130777
550229
8492723
96707797
136866671
2948187
567423
9995227
2413901
772217
163467
2045633
3134459
80687967
1849641
3429871
1621989
2577383
1241993
337147
2976729
7599781
3960279
8588839
106477741
5675551
8604187
9238069
4828083
9753811
882457
5274823
1840117
8129727
5511307
7643949
7021273
264371
9072903
6079881
4800071
8878241
2134749
2274391
7921641
3184919
7926697
3694489
2424243
8913407
943463
9773619
2444073
9775147
6651751
525853
4983033
3537647
3664947
9478287
5845769
4351873
3156831
1410603
1158931
7529329
5992283
714557
383821
5936377
92804019
8096241
190641
184792639
6052747
5603537
820823
2940361
5455589
6942953
8723267
7370041
9197869
1662561
4719973
6707501
702581
124857813
3152429
4100283
1147331
3629227
2336133
7455669
185859547
5638271
6557859
4706033
2968739
3429173
3918877
38627303
3217259
495603
7739127
1766071
4187727
8877079
799533
3404839
6239047
1456267
4124427
86782027
6805829
8540377
2354771
5641131
8455961
2872331
7009241
5427301
3355613
8869561
2012213
8046777
7197693
2517803
5467139
795371
184707231
9772553
8624179
6165697
2953341
2154419
4823831
8785629
4020947
7103569
2675141
30828093
2189471
7275981
2412443
4581439
875589
9283337
2948567
6060773
4284797
9447159
3116649
7931053
3734519
9251297
6687593
8223649
6290197
1970331
3363393
4823583
8113323
9758983
9820479
821367
3125923
6964659
8421947
8220413
4594939
5066021
4603111
6253073
8861927
9713359
6213231
5819517
9492649
4806813
964317
946667
8155051
2022421
4375961
119077291
6301747
2304611
3557517
6635699
1915163
1960337
2339761
7975669
3056027
2020407
2541899
6639661
8866739
4259297
5975717
3291643
8518757
9003877
1288579
3156769
9778219
121943
4075813
5095961
7418607
2721079
3855473
1969757
113921763
7410429
143289
8323989
4983789
1112913
333213
7794513
1780473
1886249
2142163
4448817
673453
108221
2432113
7044523
9528261
9951203
3881399
9729429
482327
6611143
359953
7263081
1893599
6569907
191426717
1281713
1928757
8133367
2327447
2774713
8795617
103397611
6930373
6287869
1254149
242879
8736027
7276271
8484611
5469543
8866821
2481843
6264853
3750497
8443931
3882133
7118763
378561
2976517
1906067
519123
8346257
3855697
6889797
3692791
8986763
2129397
1297671
9994023
2261423
3534541
277663
9071963
102316031
5833183
1013523
5548431
8209711
9380153
482039
1265599
3804373
5170539
1641611
8701313
7132907
5425597
4389677
8992417
7999737
8641737
5957951
1807173
5910241
8381777
5545499
789403
7890133
6529833
7779103
4237167
6870209
9792923
7120123
2383519
1352073
2216297
6005781
481593
6037273
8578179
6570243
987131
315959
1950179
4840757
4527891
6410029
3194649
4828879
2329981
3292123
1943117
9153051
9004919
3697869
1598903
7835977
7541961
6783291
2737297
9413907
552537
1840443
5375933
9655877
7871443
2853103
170935711
4424087
7050223
9694561
3740433
1314557
2823573
5489707
7175663
6606431
76632977
17984691
5910689
8815857
4314719
7367707
243751
8584917
68256003
6034791
9331611
7531459
1181477
7930181
2309033
8160089
6547921
8026607
9534251
7032177
8987607
6580513
9416083
1222043
4036497
9706547
99429051
6774401
1536857
3229617
3996293
8056671
9694299
26818491
9952057
2353997
8511949
61969401
501699
4770027
3712601
33861801
485401
4703043
356839
4459603
5590983
5769919
1596357
5621441
5673579
6593991
4583769
1478033
706001
3035939
2297839
8361131
5010589
9444683
8301213
8505259
9076439
8191579
8745411
7737981
8554847
5784549
8525053
8199739
2067151
9454621
59447
3528687
5795449
6224951
9462419
1950101
3813537
5714301
2353793
5490391
6219023
8989407
2361437
8255969
9666331
8743763
7057273
7041177
3730623
119677
355977
1096053
2635161
2604141
3129877
3618271
1394201
8154373
8425847
9340939
8049053
1179207
5435991
5260113
3440431
3590741
1184121
4708221
79242429
9232987
4705009
6617847
8882599
8506227
5231631
1260881
8018029
5270769
1662877
3480331
506943
4491331
8064931
2606241
5811041
4487223
9747299
8425963
3874317
3800533
6072827
1504001
3614127
6001989
5372393
4004531
1783361
8618951
9930569
7549601
7406101
7615549
1657489
5582539
3479969
6792237
4221751
1898199
2611039
7949331
241423
6798097
1905113
654431
926383
3033283
8242221
5613221
5912183
6086529
7543897
8264273
1190973
2900061
7918023
2058727
4230911
8286223
52532329
1508883
6733863
2302397
4737429
9398567
21890279
7085501
4069809
1318233
4507597
45448031
5027281
5266789
9976403
4180561
5018099
8671373
6694019
2735139
747911
342917
3444023
2572569
6147721
8403559
3821409
2953169
2867333
9640531
3539647
4495557
7719479
9063861
6802119
7588457
8890109
5083067
8292841
4619849
3439741
8958201
3676261
7939857
6162857
6787851
5261793
9437571
2725237
8558097
4644677
3631601
9479423
672211
702023
2910869
3726371
3839453
4161883
8194779
9775679
1885709
2844859
6024461
7140227
1984661
4469243
6191473
1127209
1319647
6686981
7158797
6386013
4542533
119721427
4379129
3156183
159903
5836569
576967
5879629
9549971
4142989
7621431
5452093
6352937
1949919
4409321
7869823
3939271
2024603
7263531
5055941
83261893
1762829
4839827
6858753
70031697
8863813
8372203
6444639
5685909
7533097
9352887
3599019
8656959
682909
6795611
6288669
8675241
6698173
3817583
5979051
2377063
9126241
7932583
2432791
562959
1346771
6458071
2176857
40532079
8420639
3617999
5188503
7818867
1151217
6078417
3986139
768281
7278671
3015581
2387037
1128253
8876077
6808161
9596527
7533941
6485909
748911
136383
68853371
4984267
108648923
2725431
6547001
5593503
4785237
2233737
19793151
1869981
6967199
2430089
8467319
1167449
4606491
1727459
3075617
1407883
9578601
7216177
3181753
4768809
1969161
9901119
1187779
1899721
8300429
9772951
8871271
1489243
2056183
9582201
8387459
6227793
8042957
5153013
4246927
438687
1177623
3962167
9913833
6771643
4412637
9701551
4964897
1635521
7863873
1781389
6967399
9442437
3778813
5191687
5471721
2796637
6303951
3626141
7340013
6549319
4410431
8937559
7985507
3970901
