9122651
382727
1392359
1293077
8252683
6769603
8913361
7699581
185467867
4102651
4462069
1977633
2679663
4017501
7035949
9479779
4257063
3432953
3566671
2226787
5863591
105943359
7526809
5498143
3432567
125416537
4251047
105966371
4402411
375561
6153499
455679
4255093
5706101
6080461
137596287
9361649
3074507
1966399
4710667
4725127
6344809
3013989
9697159
7653733
9900527
8561151
2113993
8550919
9995873
153094559
869363
3286273
9593331
459261
9324919
927829
5889557
6154577
8319423
7312991
31197167
7310331
3929157
2357539
5283147
6187781
9011821
45872343
2327903
6549351
1514979
82781
6309493
7313173
4969091
2397373
6269551
559187
5706089
6906247
7483239
5410361
4976991
3751767
7699393
2366003
2931583
47743
4721219
9608831
177711009
4397921
8875727
1581297
7179413
8785471
9159373
5546903
74561
879667
778063
9670293
7948369
198028767
954741
4267069
7316259
3524659
6109611
2006643
4986049
8925741
3273343
5122197
396549
6932749
3468593
3192797
705231
1489097
5550507
1805709
9821923
8822757
2011309
6609459
312733
8984421
1372291
5896321
8693377
6094819
7347207
3654671
491747
4890069
3629357
6296187
9030299
9211459
8436663
6784511
2975227
7773343
6803337
8432219
7522587
6629801
676871
9418579
6626167
8885537
1777193
2403909
1069499
259857
579683
6469531
2969659
9954301
3933689
62091
68873
2326687
5767607
2558171
2789791
2070011
9669041
8691003
8539153
3691171
78385907
2620281
7833287
8932953
3292053
8035647
3810917
4263577
8757123
2137543
2939649
9661397
7580563
3141613
4408713
4686971
5545719
8275727
2433797
1186453
2028313
396199
4185721
9193791
1517469
6309387
6722811
3428673
7368513
1297807
2766203
986283
8860427
7734387
3601073
3631799
199625037
6240717
7988547
1267801
2632219
3641339
2096923
8206027
2723863
1117521
1376331
1404637
7165223
1790071
5005941
7227221
7565067
8504559
2201337
4188477
5906989
6688971
641159
3163541
711059
7066459
1951607
6697697
1299367
4451219
9719193
2585103
3449287
5688307
3872059
375979
8238897
6987317
1739897
16731
4816059
1753657
2949607
776783
2855783
1975017
4778331
4694917
9561241
3241881
4266103
41009919
5055329
1082677
5254249
1744427
3669441
7006403
4338073
6284613
6528419
9263149
8552671
6188067
9688297
7976269
5279853
4420091
2951717
8917797
5430277
7902373
59304413
4265299
6953309
2917227
8501787
7663821
2269739
9389549
4432753
7322569
5428267
4696849
4425449
1752787
1510221
2158791
50741533
4180731
7283659
7158283
2953379
7400521
9609001
99595393
7967281
1360699
8766831
8276129
4404879
7379741
8614627
1149051
7477769
7361679
1894631
4103353
123981
1805033
4198183
6923651
5816797
6497111
2671469
3359921
4709309
3939459
9552251
6270717
2639749
648407
4499303
9273267
1123259
5578021
2314821
3883399
8539221
1213873
560679
1095641
9960391
9372259
5435891
2619471
1681711
7621913
4076067
2323809
2544153
3160137
6344053
8742071
8709257
4357721
795711
4304377
2529709
5303149
1301687
7799339
793723
3680247
4445147
6247371
9463789
448131
1204711
7792257
3916089
161509
8884419
110137549
1364531
1997859
7435789
6750911
3109463
2530569
3813247
7460931
29463699
8757897
7285359
2891323
15716363
3967137
1486639
8561881
986079
1330499
2385309
7988639
7556387
746893
2173473
8213959
3350911
7736809
8282899
3434131
9037389
4467137
6478939
75094037
5405211
5983787
74384737
9952139
7707711
4846781
7270489
73505183
1623429
982329
5275107
5850663
9181211
7216791
9396631
8581911
1564487
4907639
6973323
4501433
3608311
9094081
9817101
2332431
9281137
331003
9799037
8587127
7780519
5683271
4507951
7932301
7542669
5978089
4887239
6529661
6538701
7906383
46187
1681667
1857069
4450551
3050759
7626699
1305199
1178489
730329
7031717
9164969
7407217
3387393
7825923
307713
2307113
100137
38751219
3585573
950769
4238223
3293483
9265101
6645687
3242539
1300397
1933409
5993583
95003
1348451
3196901
1119573
6022221
9432563
8432061
6247547
6958157
2792731
160438671
7780651
4100261
7590231
6124401
8124497
2136893
7175511
6235159
4934741
4969683
57883537
6884169
3350201
9741593
7175383
126593611
7317319
4537837
3403767
1052473
2844099
174119911
3406549
2316921
4071017
454563
8995401
7065307
4272591
6349189
7267631
1270783
6095587
3974217
8071763
1903033
7551581
735633
5170453
6826391
7337373
3789591
1550691
3286659
8411321
7568113
1592683
4889779
2341163
4596719
3469959
138643
2831561
8349233
6987647
137113771
688179
5093903
289921
3745233
616741
5802353
5723599
5369059
5586993
4163183
1622943
910917
7208539
9393439
6450883
116740837
1850051
4018759
7103923
7466797
4301627
6962911
1897281
526127
3476537
8977007
9279491
4227977
131813
1236373
1983697
398189
2694549
8700207
6901477
7283433
5776121
5520467
4938853
5801311
2037549
5505579
1276989
2790273
6905677
6837577
2178603
3420177
1245981
223867
1200539
8649789
5051549
3941053
7126661
6580199
8167201
8217611
3431901
7515617
142869
6506631
7660713
6045839
1797517
9960353
1689503
4912157
8936023
3418999
2573967
4639927
6265373
6848353
2295199
5623893
6720131
793263
8259609
9580651
105038359
12069
8008027
405807
1849047
4815839
1736279
6656271
1905979
2776721
6570537
8023053
115059471
141744443
1015997
7453257
8428851
7528271
2815531
9759059
1252483
7826711
5341187
9857787
9890793
8602011
9805591
9864131
9233687
1128367
100943
2587567
7824003
5264833
7323359
1039333
6400963
6628431
4255967
5762791
9028093
4529653
3454793
9418201
9629101
3004673
2513713
426999
112267
4842871
8365537
8125111
1856231
6825749
2179211
3489917
8256673
811989
171718041
5873847
7692869
6739413
2572661
3268207
4798243
3657873
166713801
3941689
5381609
3567813
9049103
317707
5431503
8250343
261897
2757759
2044973
1036919
3168807
2979019
7359919
4533377
42943
7977347
687343
988967
9632551
3993331
7147967
1506259
6741439
65239047
5667187
9362063
331737
554719
3861147
168001477
237401
3536247
5834073
1640397
2462483
8824017
3092611
2888007
205699
1460843
6780687
2035089
8260603
1943111
5941519
6870259
2096153
8266949
8336839
8167279
2058747
4627571
7986543
3823773
1914993
5628847
1620143
1067199
8095753
3295663
4203751
2309701
9715029
8563339
6614333
5017019
5068971
4499437
4267483
4838959
9249241
2436599
7298139
1033957
8724647
1015383
8679709
9656963
5221563
4816521
146784953
6929011
45824827
2925957
121749639
4730411
