7669921
9931613
1480399
2531441
6744799
7948681
9126749
6676801
8254647
7574047
7316043
6195443
7673643
8546383
9200541
7066529
4948201
2440573
3446689
5614001
8591729
5504231
648603
5271599
720593
2548673
2290469
4379469
6338001
2129327
176647
6880389
9970261
1261137
1030777
1321373
1274571
7347419
4909617
134161783
6149957
7721961
85088367
4012909
9744639
5808717
897859
7571079
138043957
926049
9165997
4453237
2756639
8360433
926191
6741529
9403727
7334497
6446769
7102399
8395493
7176013
6842253
6698669
6938037
3368083
1721483
4686461
6818393
6610017
2542789
9666197
660371
4642333
162866159
4972991
468957
1344497
1054789
5033261
3164229
6605657
3092959
3379889
7119071
5534897
4422003
4494679
3392089
3315251
2075813
1621541
6150137
8612241
3196169
1713867
936263
9567911
2897113
2991437
4472569
9012899
4225949
3362467
9278737
2579543
8116187
8047383
9237709
2312119
8932343
755919
6343033
4350573
8452227
4159833
8394321
8864203
3941617
8269133
4908707
2071113
9017697
4124941
1301897
5290343
3161731
6645107
6237899
1012159
5221361
7641461
6273607
192033391
538713
4035827
410169
7056311
7096633
2947531
156109087
6542613
7601969
2411399
2706031
7873809
3998753
5440633
7284423
8593291
4272317
4209129
5808249
8541503
7426181
1131841
8874449
2417793
5487681
5304033
4907613
9495271
6427159
5604287
9994537
6601723
2498067
190569
191393733
6392667
7176101
1146457
3329173
7125543
1986627
2974561
4330991
6295601
4847863
299879
8220207
91307
6839919
2146097
3298391
7711931
4087889
3251937
5879099
723769
6170003
36182309
2281893
3692129
3939927
4501147
6173161
7066211
5221311
5755443
9142497
2428429
2497067
3682249
2010043
8059781
6468183
4828597
3323491
5029503
6268557
2637707
8094819
4238953
4629883
4677511
5836703
256837
1555233
8609623
2916857
8293889
742143
6227773
9592707
2177451
9240979
3451247
1666783
535001
2407257
7431739
4607187
6775609
5246933
5027861
5569883
3425851
4832851
126049
6673309
358301
4448743
7868791
8556533
7173751
5397981
5286593
4992173
1936223
7644981
2026519
196851
7254511
1458389
8403619
9930051
19131
3812779
258809
5082181
45288857
9743089
107588843
7246497
7325481
9168929
7925039
4811373
6975029
2388863
3518619
6353557
9019743
6787967
7581789
4985103
3197603
3183753
2966337
919833
5588079
4869959
6002189
3132487
6480299
7910631
6170031
127674223
5306621
8526449
7277083
9600293
3205773
7614741
2007337
1674023
4790117
9736827
4258283
6435499
7154307
4258771
1787417
599051
4996809
1904229
5434037
2990591
5126227
9194123
6263091
7668029
4521307
622497
1739881
3406427
7220847
7410519
1235173
2621091
1319221
2439713
3492961
7961049
4419081
6923919
5181333
4898517
4034419
1631639
7001159
781817
3501801
1623081
1486301
1040051
97513
135645387
4238067
4813081
528401
8663621
8701253
2769049
7681463
1829299
5656163
9881831
821179
3778011
8319599
3586427
4055451
2649891
152913807
9892959
7254509
2508757
7866539
4813297
4781539
6161471
1777423
1762111
6717397
4658671
6063981
9447667
8792373
9765013
2712871
1752173
3675617
6887219
7897199
2789553
6922089
9932821
3740339
2350109
8021229
2198693
8516577
1090049
1413189
1000469
7802847
7229733
2601507
2602033
4733163
9671943
8334577
3548701
6452147
2870457
6570169
3827961
1569759
46442069
6578601
3057809
7917487
9854441
3385551
1955101
8442283
7154233
8525561
7365359
301939
1164391
2751471
174122047
9507137
562271
9124519
9823807
1327191
5385247
2710223
8446661
8750847
7862609
26355119
5798403
3680937
5375107
5213031
9704887
6025207
1802013
1295463
2757393
4314633
91356281
974249
3231281
9107359
5152393
2231761
2689193
4214129
5260819
5307363
28008493
7396431
8766463
1595221
2090463
6110063
5494151
565911
7285977
2889227
2875299
2767771
1236337
5707769
7608203
8227171
2441131
8553413
3727861
3654859
804189
7685267
7558511
747753
319189
8849891
4829229
35512767
6643001
5157863
2197493
1619999
6898187
5242787
2499321
2773199
6457183
782961
9279231
8309301
7710581
2987749
254977
6491607
6014431
3774387
9637683
2179883
3881407
2982503
5746233
3255717
6410919
3982011
9254191
3490719
980253
121760223
7824057
5316699
4288783
8568731
1923307
4107193
1624811
6575917
4062057
7752999
8008541
4125997
1946579
2844749
8401859
4979001
3387941
6759999
3047533
7152873
4980039
6941841
1377287
7983329
9856657
216797
8117313
5446737
9764097
7786371
79138157
4646687
7171199
8431769
4237397
1459207
6253203
5709021
3447057
1232163
64350227
8273177
4288941
3203867
462711
7939023
6735323
2879149
90593867
5983723
639973
9181557
6340379
6060319
2539431
6024631
7761541
3527379
8476607
2572911
7124333
216749
2442519
1471821
1620459
3006813
6453861
4174743
5085187
4395923
1409553
1411809
2809129
5302469
5057857
8507783
1780763
4357417
144334743
3345217
9333099
3128167
8275683
4366827
116914823
6364707
2938717
8927181
6418491
439653
187452981
4681321
5983121
6930891
4039477
7672047
94606197
4600953
7123187
2790331
9830611
5899491
1537093
937597
9814213
3205263
7312923
55640491
5038363
7892229
9351873
3683827
4727819
5424619
6889739
110201
8524473
8284271
9281747
5889607
6556217
7386741
7573787
4234933
1666527
7514561
2654129
9744731
3096431
431099
177526427
3127021
2108663
4086571
8809963
3490731
447093
4491253
7887083
1093587
6855983
8492351
9724537
1087837
8525441
8416937
3179079
8459901
296543
154658899
9835543
9468693
5954857
9677293
1697937
8356879
4259223
2619051
6991891
3941477
4575499
4508461
5620069
1739373
2880857
4567621
8463899
5445419
4745609
1337389
3892701
2971179
5958987
8772807
5719209
2063247
1987391
7361569
6158481
2943253
9419907
2468333
6563223
6076589
352781
9685231
7799541
7521903
4152347
151367843
2884267
5498593
1523277
9879941
7918917
6348383
2587057
8712621
7135723
8025621
7843877
3113087
4077299
5520809
4413389
9529303
1752799
6114257
3633397
5562071
8698179
4830761
7061607
8564943
8495357
4539797
9076131
8246063
2010581
8228053
4318929
1203861
9692879
7707931
2319091
2009971
8299589
4082141
2102987
9737619
38568373
9684213
8516029
6067127
1103537
6858707
1034919
3618837
5398617
583237
5608269
9941911
12914093
3817057
444569
7910877
653111
1645589
1387141
3284079
4717539
3960103
16687367
149845861
1772269
4635509
7669969
8632367
2230099
1036203
5066581
29601003
4934493
1534689
3674873
335177
7538083
6804171
9974387
5263247
6928393
1059489
6016993
8217569
8829883
2157677
7991847
1400583
3192629
9828609
