7085429
798371
2149943
1996193
24875469
2756417
890827
1069731
7087829
9572107
2409699
5444781
7807559
8250793
8172347
5705521
324339
253867
1401067
4762681
4434009
6334379
9086133
5781559
6495753
5447503
8934451
3190729
7475663
63044359
3643117
5612467
7376167
2419489
7811711
8666241
6957709
9959387
7682617
5610217
5287387
3426603
4091921
1088857
172132517
762173
3431133
6717229
6617649
7889773
4208777
5244701
7403421
5418233
1370133
2931101
6219027
5707987
6263169
5833533
6198023
3277519
5149463
428481
9849769
2668383
8310729
461247
1969337
9418301
1726723
3850627
897763
597781
3634971
5749117
6600023
981689
2345703
189264601
6682269
4562499
6596509
7721549
58557367
9936453
6539601
1585039
3508487
8129097
4148309
7525233
841861
125847399
6670151
2352063
4276737
9412711
1152461
9975757
176909
189574681
6337903
1384853
8353393
8764701
6564477
5333479
633167
6617877
8976249
4918619
7428481
7977719
6420247
9530213
3999113
6088069
8132449
8504447
5946503
9733141
5373919
7408181
4727471
2335787
7510569
8036523
4831759
2720393
9018691
9970371
175632829
1901613
6905857
3921957
132932803
3639863
7086671
1849937
1169957
26328763
4483523
7773827
6000561
2179841
9010161
2278133
4303159
9098087
253991
3456387
1790693
1030949
7747301
3643247
1259309
6401337
2883907
8405661
8587733
5295761
82429813
3217233
109091773
5950341
4789267
6606027
9594613
9614739
5386329
4933309
2199611
5291329
2418673
2870897
4462299
9608261
7567637
4040599
5816903
7648527
1763281
6977347
299449
5719879
5967999
19304747
8600383
401791
1754531
3396143
5555371
6949787
8580903
6290939
6767983
3121947
61247
9382611
1421247
1695737
5991877
881941
5389977
7030699
6931353
3345147
9778379
4181733
6706879
6902299
9289911
943161
512679
2415867
5297329
6102411
5334807
7784239
4152697
5688077
6083701
7377907
566597
5727099
5109017
6371677
6339731
4868863
5484033
1741981
2935221
8779809
2268849
5166159
6430603
8357387
9499399
7243533
1675087
6034349
5547
9750157
9868601
8058067
7625389
8576347
8240169
2479591
7723053
3052961
3952941
5248633
9626143
7589913
3431919
8645651
2054497
8736601
2135957
3708051
9747197
148947721
4534709
2508243
3692257
8020291
5896363
574529
2352477
8876453
4281991
4533301
8395217
8906353
3026293
6545601
1216739
5298887
9069561
2673209
1667081
5422841
705373
8592223
5066921
7070503
126980421
1325131
612297
230007
6810149
4405831
9210499
361949
1378527
5934173
1134583
1832193
8410653
8457731
9922457
3048751
1606413
1177109
1038909
5292439
5775999
5562281
7390011
156616699
4538709
842347
1493959
9648379
3689331
3333207
3506409
5319571
7268967
9609949
9492583
8636271
9380481
1728423
3354243
1825531
563447
5641143
3459917
1215367
3189519
9135847
6065353
9221267
6131111
2462921
3934733
9708297
651809
5199619
4661121
805939
4530167
1553599
126963041
506627
7503573
7544589
121985757
4935577
4684237
9052173
4340841
2855017
5481117
8576579
2599791
1311369
8735713
986111
9888613
7321179
6095733
5560633
5986601
514083
1695121
7085071
3454547
8815989
3111731
8678579
1698141
1994857
2594007
3609481
28139
4141363
1594611
4892001
148704323
2481861
2247643
9453103
6615903
6443869
1228971
860497
1156933
4875209
4824461
6048003
2535869
1908039
7121989
1002991
1565219
3964237
7082737
389711
595109
7279663
8640129
9555219
9010237
8067399
9183739
1256533
5372199
140187907
1583091
2696233
4884309
7365861
6600691
1608987
8836201
789603
1618697
4810627
6423359
4582633
2993499
2798559
6957773
9295771
6021281
2933009
1749129
1295377
4203383
7809957
3012791
7876459
3385107
764761
4942241
1891901
2936967
6917191
1256301
3456029
9643439
5274349
2587383
3532659
907201
6784409
8773091
5655743
4467207
5374843
4211291
5688553
8841009
9512739
5120601
2755607
3144799
5188683
5247723
9276593
6230829
4526953
6497621
4570267
9477007
6268749
9616823
9138741
4161073
6334501
6748617
5749121
6540719
8474131
5833167
1686657
6956653
199598687
6258011
5197899
2932329
173705269
5907403
6899959
5873071
9930199
8583111
6021399
547029
123782471
2450909
8421987
3814139
7761723
5900159
3298877
9229953
6461487
7007429
5243199
5992813
4083937
4650579
221239
7218667
1740517
8817913
4409937
4094421
7806963
553099
5380027
8237099
1514649
609123
1590937
995679
5463601
3324201
6840559
8416817
6998293
7574927
514589
950113
2314429
2884251
9098351
8641611
1630157
9880101
3130833
9705229
7606083
8767419
3481739
2704563
4422223
6886007
209147
9312909
3336483
9692343
3882301
3537023
9901491
7208671
6014477
9469803
6063493
8835673
8510001
75543
8323247
9282629
8841413
1662129
6664589
3616333
9913623
2100849
2586731
6974417
2659199
2792549
6072039
3137071
8331421
1876717
8173297
3299247
4610459
8038833
2686893
8495431
7040313
2232969
6652043
3834611
8332517
8800801
8689397
6145459
8303061
6762287
6335341
9031569
161087
5531309
8380137
212557
8114011
4614943
2617731
7981663
172309
2569543
1924987
3522703
268801
164462891
1325949
9268201
800919
2351827
3302157
2288709
3194481
105721
3455191
883829
6777129
9112383
196367847
5108987
8042101
4755129
1959069
6372587
8784329
2766223
3115257
1856747
3426073
535949
4744151
5901951
7021513
7319593
7023043
37594233
5232771
3398581
2080371
917231
6332239
8043499
8360089
9845157
1697417
5329037
57270787
6494201
6070333
6737447
2303533
8464479
48834763
8324513
2989159
875387
5822679
8948603
8076249
2523107
124432793
8870661
1169873
9486609
2840317
3629369
9917531
9329583
1361081
39328833
6992051
5391337
3788731
8458699
5261163
4127933
610189
1373263
941577
5201283
9446667
9056821
4500549
62874331
742583
8303923
647681
6703693
84013221
107771
6195011
8294429
2038987
9845789
4947147
9673139
148610581
1185797
8105577
8944867
5476589
9771757
7918883
9954201
8056153
5496957
177277
9975813
3868093
8277179
6262839
9837247
4970579
5164129
3769753
3601763
2730439
4078883
2042341
9876717
111526643
1385381
4819677
8336787
3252223
8773557
638701
405233
304519
4904361
1565457
7843769
2302251
9566847
5969493
9714367
8678449
3611693
3705271
6805489
7560487
5198741
6382791
4605289
5481451
4592563
9060803
8271631
826463
5889639
5787877
6118873
5094281
6982019
9934157
428213
1199323
6479831
9678889
3007669
678553
3732403
4357853
2598723
3036617
5880459
5419759
7305789
3824573
9155201
353379
2325713
3218179
9891619
7204207
2249917
6185681
8025627
8878661
145196687
8088147
229731
